0.0 45.74643979882327 757.8034461274605 712.0570063286372
1.0 43.02927081249594 739.0822437071915 696.0529728946955
2.0 43.08095303742138 747.9249614852802 704.8440084478588
3.0 40.28520952549018 719.4939410158477 679.2087314903576
4.0 42.46040296540452 747.3110556077352 704.8506526423307
5.0 41.05397124577133 733.9621952846463 692.908224038875
6.0 39.9331007222572 725.2271831676621 685.2940824454049
7.0 40.87151543171633 738.4018829011905 697.5303674694742
8.0 40.58283525910093 739.1922854468697 698.6094501877687
9.0 39.91871647951767 733.5146777750748 693.5959612955572
10.0 39.72121469136234 731.4110275002859 691.6898128089236
11.0 39.26796548283024 728.0582113138694 688.7902458310392
12.0 39.17651135789091 727.1169633900473 687.9404520321564
13.0 37.98584881365197 708.9328525943611 670.9470037807091
14.0 38.55745759169907 719.631845463493 681.0743878717939
15.0 38.38493377050594 718.8045583306637 680.4196245601577
16.0 38.84503699670087 729.2345380829876 690.3895010862867
17.0 38.64624570866717 723.8858135546252 685.239567845958
18.0 38.58446594917466 726.9508048967636 688.366338947589
19.0 38.73688412623176 730.3860970993797 691.649212973148
20.0 37.29167513888819 710.0420609750074 672.7503858361192
21.0 38.59637829101857 730.5398837761962 691.9435054851776
22.0 38.49222078348432 729.051222453747 690.5590016702627
23.0 37.58747943301942 716.7514274665096 679.1639480334902
24.0 37.91338562166568 722.0986505869197 684.1852649652541
25.0 37.85988204723807 723.4449628802745 685.5850808330364
26.0 37.94842676375695 721.3165099911551 683.3680832273982
27.0 37.73624441384749 722.6519769790043 684.9157325651568
28.0 37.940694783072 727.1443809378163 689.2036861547443
29.0 37.62187030549025 722.1496949251147 684.5278246196245
30.0 37.61301005695715 722.8915858612881 685.2785758043309
31.0 37.1319845283126 716.7904959180988 679.6585113897862
32.0 36.72919998242427 710.9973264725269 674.2681264901026
33.0 36.6642795090424 710.0323496412249 673.3680701321825
34.0 36.81679104464675 713.9409728915139 677.1241818468671
35.0 37.36847970953726 718.2043772222196 680.8358975126823
36.0 35.48347272626954 693.0506497786905 657.567177052421
37.0 36.79067179150847 714.5906258736272 677.7999540821187
38.0 34.39158391223321 681.6606599837879 647.2690760715546
39.0 36.06623236603251 703.9065407183589 667.8403083523264
40.0 35.2591476652732 689.6717545146847 654.4126068494115
41.0 36.98751013293202 718.1746871253842 681.1871769924522
42.0 36.26258033573356 708.7291967462877 672.4666164105541
43.0 36.02118531266805 707.6118690166338 671.5906837039658
44.0 36.71779936675544 719.5554746792215 682.8376753124661
45.0 36.07986421052399 706.75497194999 670.675107739466
46.0 36.01307959627526 706.9626969527175 670.9496173564422
47.0 36.39366615408092 713.5976278842945 677.2039617302136
48.0 35.48932282657967 700.9878460077005 665.4985231811208
49.0 36.00995329752776 705.9219543137295 669.9120010162018
50.0 35.92860324745006 707.9953733761215 672.0667701286715
51.0 36.38723688325234 715.1193036172816 678.7320667340293
52.0 35.47404173326232 701.174410065709 665.7003683324467
53.0 35.05653638355113 694.3789707123827 659.3224343288315
54.0 35.14584100573958 700.2117218941862 665.0658808884466
55.0 36.4263181120608 718.670913125689 682.2445950136282
56.0 34.88289927512192 692.2302895896946 657.3473903145726
57.0 35.89947198624833 710.6646628326963 674.765190846448
58.0 35.45000117762609 707.4802538518164 672.0302526741903
59.0 35.20550990588401 702.3516745988037 667.1461646929197
60.0 35.08658016323946 698.4786841902676 663.3921040270281
61.0 35.02661773928026 698.79589660649 663.7692788672098
62.0 35.05450469358071 700.7773632241989 665.7228585306182
63.0 34.94929955268833 695.2934970408838 660.3441974881955
64.0 33.86485128685463 684.1165742545576 650.251722967703
65.0 35.33206435365573 707.1611300340406 671.8290656803849
66.0 34.78797912085894 698.880615420021 664.092636299162
67.0 35.39373170367665 707.0798781037754 671.6861464000988
68.0 34.55419689609299 698.1534006369612 663.5992037408682
69.0 34.30596298588297 684.9854078110302 650.6794448251472
70.0 34.9761022435908 702.1196804670585 667.1435782234677
71.0 34.28744330011316 690.2912601993204 656.0038168992073
72.0 34.19388138638548 687.0959121443499 652.9020307579644
73.0 34.86143784353058 702.2288097879179 667.3673719443873
74.0 34.1129967004325 687.9343517513368 653.8213550509043
75.0 34.86153631878735 703.8457109976878 668.9841746789004
76.0 35.16559178463814 704.8150469407572 669.649455156119
77.0 34.41765191592649 694.23597909901 659.8183271830835
78.0 34.66294217038046 700.0072648765056 665.3443227061251
79.0 34.97661560948805 701.960830463109 666.984214853621
80.0 33.98787000784409 687.8006281819834 653.8127581741393
81.0 33.87357356284743 688.5969459580758 654.7233723952284
82.0 34.37772633122765 700.4575026913241 666.0797763600964
83.0 33.81622172077064 689.469382816345 655.6531610955743
84.0 34.56304556968483 697.1780366280424 662.6149910583575
85.0 34.38364554917191 696.6500415463581 662.2663959971862
86.0 34.07072806114723 694.3362289072568 660.2655008461095
87.0 34.21618576233164 693.7530093196008 659.5368235572691
88.0 34.46525129624885 696.2739196008934 661.8086683046445
89.0 33.31949767709386 681.4843972561215 648.1648995790277
90.0 33.61314411813781 685.7604584423169 652.147314324179
91.0 33.35310777434858 678.863421884204 645.5103141098554
92.0 32.23991811652374 672.8186769786834 640.5787588621596
93.0 32.48098696225339 671.5711886248368 639.0902016625834
94.0 32.75849695736481 674.0448101694377 641.2863132120728
95.0 33.598084323903 687.2621710835977 653.6640867596947
96.0 32.48696456842953 674.8037938949156 642.3168293264861
97.0 34.09546291215216 692.709824778536 658.6143618663839
98.0 31.89529075638298 666.2236490500787 634.3283582936957
99.0 33.732643526986 685.5147409090023 651.7820973820163
100.0 33.86770859944478 688.5765308827749 654.7088222833301
101.0 34.20632695408999 692.5165573646031 658.3102304105131
102.0 32.63046788437418 677.6667194998755 645.0362516155013
103.0 33.34028374763327 683.3172719490053 649.976988201372
104.0 34.18637756329535 693.0188792931046 658.8325017298093
105.0 34.45912253692298 694.6569290508139 660.197806513891
106.0 33.60026306471686 687.2980901054962 653.6978270407793
107.0 34.59722412595711 695.8075020589404 661.2102779329833
108.0 34.14242646603834 693.9531798433759 659.8107533773375
109.0 33.19930337969425 681.5764894439987 648.3771860643045
110.0 33.59067837944714 680.948293055072 647.3576146756248
111.0 33.92928609942473 687.1356916807036 653.2064055812789
112.0 35.32701585202763 701.6274356802888 666.3004198282612
113.0 33.29387765399417 676.9341070481743 643.6402293941801
114.0 33.85164773371298 685.3552150348067 651.5035673010937
115.0 33.90969836844813 688.3401411529549 654.4304427845068
116.0 34.43054750535699 691.9488914572575 657.5183439519005
117.0 33.70716390223066 683.2459358075992 649.5387719053686
118.0 34.44573987560411 687.2786102650653 652.8328703894611
119.0 32.56909040582437 668.8104289641873 636.2413385583629
120.0 33.82728009344975 682.264825154253 648.4375450608033
121.0 35.36869295446474 702.5802771616121 667.2115842071474
122.0 34.04320647573188 688.860828932247 654.8176224565151
123.0 34.17077098852748 689.0238008521466 654.8530298636192
124.0 34.67522563605091 692.7193099799893 658.0440843439384
125.0 32.78573415872208 672.4563041320237 639.6705699733016
126.0 35.33585404862541 694.635451271884 659.2995972232586
127.0 33.39316803496426 680.439338176963 647.0461701419987
128.0 35.44861855081977 697.5469677291198 662.0983491783001
129.0 32.69675059582204 673.2107677891249 640.5140171933028
130.0 34.64731402342508 691.903436669535 657.2561226461099
131.0 35.54534540488721 699.4502717189042 663.904926314017
132.0 34.78165043554181 694.1480703465143 659.3664199109725
133.0 35.06492958755254 692.9719687485501 657.9070391609976
134.0 35.03387529428408 694.7831207592211 659.749245464937
135.0 33.16566156458792 673.0934038309769 639.927742266389
136.0 35.45069083122793 697.0052317299408 661.5545408987129
137.0 32.33763636225867 669.764771808888 637.4271354466293
138.0 34.23440236216395 684.0155890955832 649.7811867334193
139.0 34.24981329003224 687.1681090496057 652.9182957595734
140.0 33.15945406629697 673.0340760947524 639.8746220284554
141.0 32.15411005568809 668.1530290853778 635.9989190296897
142.0 32.85164322603361 671.3264768121966 638.4748335861629
143.0 33.07440137839384 674.4586494377069 641.3842480593131
144.0 32.96306765223317 675.7963475457367 642.8332798935036
145.0 35.59191370567706 700.3478760589854 664.7559623533084
146.0 34.83743685340756 688.1065247901139 653.2690879367064
147.0 33.6873627420317 678.9770572448841 645.2896945028524
148.0 33.27204332109383 677.9839023347501 644.7118590136563
149.0 31.9743400545451 664.0905879731871 632.116247918642
150.0 32.53885622599817 669.2237053976171 636.684849171619
151.0 34.52373429746892 692.9823179529031 658.4585836554342
152.0 33.473837684806 681.4354578706883 647.9616201858823
153.0 33.60025760177588 686.5810230203259 652.98076541855
154.0 34.69300868526255 694.9192754645243 660.2262667792618
155.0 33.36137696957555 680.7811621461368 647.4197851765612
156.0 33.68515335098532 683.3854066827372 649.7002533317519
157.0 34.30710559045898 690.0307231259609 655.7236175355019
158.0 30.44253545124788 654.1360598640834 623.6935244128355
159.0 33.95750389007954 689.3157300308884 655.3582261408088
160.0 32.48226905930535 670.7086688612837 638.2263998019783
161.0 32.70304533796556 677.4618371989249 644.7587918609593
162.0 31.34211781067974 665.7384674181902 634.3963496075104
163.0 28.31693276195219 639.8083983872442 611.491465625292
164.0 32.22234567558289 667.7986086870693 635.5762630114864
165.0 34.12292978167501 690.2436782557698 656.1207484740948
166.0 32.64659743260698 678.5926465475768 645.9460491149698
167.0 33.36100642124744 684.6773282244972 651.3163218032497
168.0 30.11034271036089 652.8875164328224 622.7771737224615
169.0 28.87533198376112 645.2927148655299 616.4173828817688
170.0 33.29309271450179 683.3637127369062 650.0706200224044
171.0 31.45331899503886 665.4634679688376 634.0101489737988
172.0 33.21613429131246 683.7152531700769 650.4991188787644
173.0 33.05235956550218 683.7162829373461 650.6639233718439
174.0 32.70808257415593 678.4169237337717 645.7088411596158
175.0 27.7094684400332 635.7600908494344 608.0506224094012
176.0 30.69710708876884 657.6230060888541 626.9258990000853
177.0 32.31394144532101 672.4135674819445 640.0996260366235
178.0 31.94489221403078 671.6460172245217 639.7011250104909
179.0 31.20203551815361 665.8640729381658 634.6620374200122
180.0 32.13816788020606 673.0269859601959 640.8888180799899
181.0 31.97378826719979 670.5303412091906 638.5565529419908
182.0 31.28377448858181 669.2297649141578 637.945990425576
183.0 28.25818740258077 641.1023732075379 612.8441858049571
184.0 33.18723939866395 685.7576819829336 652.5704425842696
185.0 26.49404294151652 627.7670665049501 601.2730235634336
186.0 29.51747442321709 648.4279844688952 618.9105100456781
187.0 31.20921612866784 668.7468863542447 637.5376702255769
188.0 30.71822822582755 663.1214313400759 632.4032031142484
189.0 31.45020485146662 669.9383971492862 638.4881922978196
190.0 31.20310811552781 666.7286948334077 635.5255867178799
191.0 27.98019448082408 638.7687038803501 610.788509399526
192.0 32.87426472345797 680.8126251910869 647.9383604676289
193.0 29.98946326025279 654.7030213933116 624.7135581330588
194.0 30.7120390877053 666.304247750436 635.5922086627307
195.0 31.35261150054801 669.0411903708114 637.6885788702634
196.0 29.12963741343442 648.1804157978775 619.0507783844431
197.0 30.87031312803098 661.6221721709002 630.7518590428693
198.0 29.45151613810296 656.2619583670788 626.8104422289759
199.0 29.6734712181875 655.7937198262156 626.1202486080281
200.0 29.80390540754576 650.996350940194 621.1924455326483
201.0 25.56064069628006 622.4222543938524 596.8616136975723
202.0 31.04500519322047 667.8651259451225 636.820120751902
203.0 27.62648377690428 637.881066913124 610.2545831362197
204.0 29.05186844861071 651.6224724733989 622.5706040247882
205.0 30.53802493333982 662.7194146765178 632.181389743178
206.0 28.00082982333029 638.3049052006184 610.3040753772881
207.0 28.32077821224776 645.6706276548832 617.3498494426354
208.0 28.74152406556242 650.5354002449318 621.7938761793694
209.0 27.25894751114578 635.7912384196645 608.5322909085187
210.0 25.27637029336779 619.9689820540625 594.6926117606947
211.0 29.59813329282432 656.8561736302524 627.2580403374281
212.0 28.95865820772025 652.3428660975255 623.3842078898052
213.0 30.76623886533404 667.8706306337533 637.1043917684193
214.0 30.21523552946071 662.1666174657877 631.951381936327
215.0 27.69155857289931 636.3541592127947 608.6626006398954
216.0 30.95381441957142 671.7515091244324 640.797694704861
217.0 28.65276164907695 648.4914483923955 619.8386867433185
218.0 28.52951559078781 649.2645631660459 620.7350475752581
219.0 26.58971690357039 632.7964408160017 606.2067239124313
220.0 30.32919828439389 662.966143914374 632.6369456299801
221.0 29.12842511603618 653.5784079072666 624.4499827912304
222.0 29.43178868853513 658.0594618615739 628.6276731730387
223.0 28.5918394068305 649.9016416913007 621.3098022844702
224.0 24.36905876185203 613.8900437482137 589.5209849863616
225.0 29.72709522203309 657.4787668376053 627.7516716155722
226.0 27.8147092841972 643.7821833683163 615.9674740841191
227.0 29.03300507852766 653.694466024085 624.6614609455573
228.0 28.69573442223444 648.425777327569 619.7300429053345
229.0 27.02596898207496 633.5538651833118 606.5278962012368
230.0 23.76437853236616 609.8530972559532 586.088718723587
231.0 27.90132668818563 640.6397835183976 612.738456830212
232.0 26.87502441826079 635.4368573040586 608.5618328857979
233.0 24.95720562586549 618.4225161873709 593.4653105615054
234.0 28.25471294420558 647.9991537406477 619.7444407964421
235.0 28.36857572902922 648.3643808167945 619.9958050877653
236.0 27.93720241180564 645.3232432657492 617.3860408539435
237.0 28.51362157237277 651.8245873008905 623.3109657285177
238.0 28.3704800533666 649.6556741258064 621.2851940724398
239.0 27.99497273106221 649.4806928727018 621.4857201416396
240.0 28.48854037400823 650.1374685108655 621.6489281368572
241.0 26.58248694881193 634.0755375888461 607.4930506400342
242.0 26.62900704567902 633.4610228375655 606.8320157918864
243.0 28.23178317780002 647.7427700459668 619.5109868681668
244.0 27.75718182442876 642.3270658352821 614.5698840108533
245.0 28.69410479359647 653.9420918810417 625.2479870874452
246.0 28.00354108568353 648.9960911033735 620.9925500176899
247.0 26.16863647969512 626.5725261798995 600.4038897002044
248.0 26.70549922843287 635.8087443214321 609.1032450929992
249.0 27.0895727694527 638.8490833823594 611.7595106129067
250.0 26.25277673767766 630.8599528604084 604.6071761227307
251.0 26.19319326820861 634.9627379246165 608.7695446564079
252.0 27.13290703282047 643.6791715122554 616.5462644794349
253.0 27.83970755673345 649.298965045481 621.4592574887476
254.0 25.36815746480372 624.2004596036646 598.8323021388609
255.0 24.46276576326514 622.6443668192411 598.181601055976
256.0 26.81545606926124 642.1629761982397 615.3475201289784
257.0 24.78040568094973 622.0269922381369 597.2465865571872
258.0 24.92667792039604 624.561962535409 599.635284615013
259.0 26.07638155827056 632.075712772115 605.9993312138444
260.0 26.61704464909561 636.1679038041116 609.550859155016
261.0 24.78170352429865 623.7683219862384 598.9866184619397
262.0 25.70661508460679 630.8682651988638 605.161650114257
263.0 24.33609987560715 614.997285432127 590.6611855565198
264.0 26.33239184890663 639.9528912431838 613.6204993942771
265.0 24.50710488857928 623.1690056273819 598.6619007388026
266.0 25.13371155305447 626.6445028891656 601.5107913361112
267.0 23.97933982120003 614.0487327183384 590.0693928971383
268.0 23.38460951852633 609.747327518763 586.3627180002366
269.0 25.11254076333647 623.5174240409027 598.4048832775662
270.0 21.33670648623659 594.2441671249006 572.907460638664
271.0 26.33107585242735 640.6471788987516 614.3161030463243
272.0 24.63084242364341 622.0169439777705 597.3861015541271
273.0 23.94208057181553 620.4122460150484 596.4701654432328
274.0 24.7895212640174 622.1520066435362 597.3624853795188
275.0 24.76310021588983 628.8660597148218 604.102959498932
276.0 22.9334401706833 610.1730788350194 587.2396386643361
277.0 25.64944435184973 633.6660754778645 608.0166311260148
278.0 25.5573218922611 635.1588067275425 609.6014848352814
279.0 22.99809505483367 613.4637171398463 590.4656220850126
280.0 23.21943658523022 611.9774151236751 588.7579785384449
281.0 23.05058118506453 614.3927878172349 591.3422066321704
282.0 23.05883791716184 613.2644018457963 590.2055639286344
283.0 23.57412997197097 619.1478099203547 595.5736799483837
284.0 21.9767475898028 603.1419849761047 581.1652373863019
285.0 24.03486390595686 619.9971170556474 595.9622531496905
286.0 22.3412512295448 607.9944577731849 585.6532065436401
287.0 23.26959668425951 617.4696945895765 594.200097905317
288.0 23.88386608723335 624.3367926656058 600.4529265783725
289.0 20.66584210969201 592.0660677046593 571.4002255949672
290.0 22.96569233174953 615.0310129996494 592.0653206678999
291.0 23.89609564016576 626.9922942171937 603.0961985770279
292.0 20.11198624975224 586.8295003314617 566.7175140817094
293.0 19.18203898835204 581.0631934138797 561.8811544255276
294.0 21.73289424833685 604.7102283811676 582.9773341328308
295.0 22.22981777100257 615.0423415505035 592.8125237795009
296.0 21.64365055607578 607.8430278194583 586.1993772633826
297.0 22.11112168334987 611.0477238194456 588.9366021360958
298.0 21.44652457900548 604.8676758045803 583.4211512255748
299.0 22.29219260359175 613.0733634702957 590.781170866704
300.0 19.40987221287171 584.2164579856868 564.8065857728151
301.0 19.08312420390124 583.2010942627986 564.1179700588973
302.0 22.8019882368366 620.5611277115551 597.7591394747185
303.0 19.79513988180442 590.3552761977839 570.5601363159795
304.0 21.05484464026885 603.9056852073447 582.8508405670758
305.0 20.96926892164626 607.1370373975402 586.1677684758939
306.0 20.86005640355571 603.3746153353498 582.514558931794
307.0 19.43381355954539 584.7761568603041 565.3423433007587
308.0 21.09405293256056 608.5969074303036 587.5028544977431
309.0 19.64021742222945 593.3499680358616 573.7097506136321
310.0 16.22845502259556 560.0041537062763 543.7756986836808
311.0 18.99174126383143 583.4157327807263 564.4239915168949
312.0 20.32581546391952 601.872511049398 581.5466955854784
313.0 18.82384566479421 581.0616398470383 562.2377941822441
314.0 18.39273116000607 582.6426517105703 564.2499205505642
315.0 19.59854497437643 593.5639291742965 573.96538419992
316.0 17.47136611725898 574.3776056339991 556.9062395167402
317.0 19.27622972376191 587.3274629873513 568.0512332635894
318.0 19.59547508961576 597.9846572752158 578.3891821856
319.0 16.50983976685135 562.679247245627 546.1694074787757
320.0 18.40670577169245 580.8614045649207 562.4546987932282
321.0 18.16914983978012 577.2534743754102 559.0843245356301
322.0 19.07989476393276 592.6260574795819 573.5461627156491
323.0 17.41186771404997 576.4705125313278 559.0586448172778
324.0 18.75001564010458 591.9225661278179 573.1725504877133
325.0 18.22691597109771 584.5257064537674 566.2987904826697
326.0 17.84175384606161 580.4067853341858 562.5650314881242
327.0 18.05055290067628 586.4103073844088 568.3597544837325
328.0 16.66776358664562 567.9931770770869 551.3254134904413
329.0 17.59412199103973 581.5892401216894 563.9951181306496
330.0 16.88618300033834 570.6634252044535 553.7772422041152
331.0 18.06646846412045 588.0215726835704 569.95510421945
332.0 17.38560972050502 579.062450438114 561.676840717609
333.0 17.54704178350043 579.9466649874124 562.3996232039119
334.0 17.1377546710452 581.2453405394801 564.1075858684349
335.0 13.63252100638693 545.9368197586369 532.30429875225
336.0 17.04533818432487 579.4361296380915 562.3907914537666
337.0 14.60772575867202 553.0335106751104 538.4257849164384
338.0 16.42346377738342 573.5803587186201 557.1568949412366
339.0 14.34429472878494 550.2451040450085 535.9008093162235
340.0 15.95595532693768 567.4586539902534 551.5026986633158
341.0 15.58163764572536 566.2329375182491 550.6512998725237
342.0 16.0905901682694 575.0734245207286 558.9828343524592
343.0 15.43014339107295 564.8887262600331 549.4585828689602
344.0 16.77175115960064 581.9736126800427 565.201861520442
345.0 16.17261346082486 577.9741215978121 561.8015081369873
346.0 14.04927839835996 552.5557565205744 538.5064781222144
347.0 14.5037938603542 555.1978878158058 540.6940939554516
348.0 15.43216686411736 566.903185367412 551.4710185032946
349.0 15.14816075974872 565.2455088484023 550.0973480886536
350.0 15.64762749548822 573.217470743816 557.5698432483278
351.0 14.49318353342722 558.0300135232947 543.5368299898675
352.0 14.64350211242625 562.3990751146371 547.7555730022108
353.0 13.97919216568415 559.9241124571228 545.9449202914386
354.0 14.38324759090199 563.4496427163976 549.0663951254956
355.0 15.07566087991584 572.023536569314 556.9478756893982
356.0 13.45652918843057 550.2156751200109 536.7591459315803
357.0 12.77309010373459 542.4908196629114 529.7177295591768
358.0 14.45106695743408 568.2176731511382 553.7666061937041
359.0 14.25373516180355 561.3919155958899 547.1381804340864
360.0 12.74769349235831 547.6091101158457 534.8614166234874
361.0 12.25399434228454 544.1669418794714 531.9129475371869
362.0 12.49934282083587 540.2910935659994 527.7917507451635
363.0 13.78443774130388 559.6652255739076 545.8807878326037
364.0 10.80874327734332 525.6723665061462 514.8636232288028
365.0 12.96467546540873 551.6703097619692 538.7056342965605
366.0 13.20290527844703 555.4153268154735 542.2124215370265
367.0 9.694480634233513 516.8350688142569 507.1405881800234
368.0 13.36764746274956 558.8353682552863 545.4677207925367
369.0 12.32208196074182 548.5343667614275 536.2122848006857
370.0 11.65556818199187 533.6617444062737 522.0061762242818
371.0 12.08155259149469 544.2396069612302 532.1580543697355
372.0 11.98540001714664 542.3611582038881 530.3757581867414
373.0 12.07177462588875 546.8359035919155 534.7641289660267
374.0 12.40291297736152 549.7109970796985 537.3080841023369
375.0 12.01990968578468 546.5009924477208 534.4810827619361
376.0 11.80582870589993 547.962511584194 536.1566828782941
377.0 11.70447961281104 546.1803202220905 534.4758406092795
378.0 11.26603526598986 541.8257222534655 530.5596869874757
379.0 11.38463386099683 543.7869175607325 532.4022836997357
380.0 11.24535737315472 540.7576557673811 529.5122983942264
381.0 11.54901442861846 546.532920797552 534.9839063689336
382.0 11.36063720011301 543.6032199742915 532.2425827741785
383.0 11.00295884064079 538.7122712489311 527.7093124082903
384.0 10.96892820109069 540.542260876911 529.5733326758203
385.0 10.63185489071874 537.9605287563304 527.3286738656116
386.0 9.697246298264115 525.0081962344108 515.3109499361467
387.0 10.74978076976103 545.0141080463349 534.2643272765739
388.0 9.506824696802272 527.7139429210888 518.2071182242865
389.0 10.25811855953761 538.0846998356173 527.8265812760796
390.0 9.666846975136176 529.4337943724075 519.7669473972713
391.0 10.25476639137184 541.5152459445369 531.2604795531651
392.0 9.865635993535578 533.9633898541899 524.0977538606544
393.0 9.354849440312798 527.2826695559111 517.9278201155983
394.0 10.59847408495965 547.0641082572786 536.465634172319
395.0 9.704748060289169 535.6938389705596 525.9890909102705
396.0 9.288314719374725 530.2774894433137 520.989174723939
397.0 9.518467882550196 533.1271926992473 523.6087248166971
398.0 9.163355908328711 529.9692737827546 520.8059178744259
399.0 9.028243496240174 529.4182839488592 520.390040452619
400.0 8.570565286531248 516.3967235375962 507.8261582510649
401.0 8.872533362080333 528.753161367577 519.8806280054966
402.0 8.904424877414201 527.9265971599262 519.022172282512
403.0 8.814389928499233 527.761268875056 518.9468789465567
404.0 8.545133026155573 524.8495789977031 516.3044459715475
405.0 8.311176217835305 526.6220838379319 518.3109076200966
406.0 8.161949727817987 521.6756839330798 513.5137342052618
407.0 7.93813285442764 523.420207064588 515.4820742101604
408.0 8.254974277482622 525.6075083482079 517.3525340707253
409.0 7.996634639462406 522.8735042898419 514.8768696503795
410.0 7.914954097270929 526.5787217305325 518.6637676332615
411.0 7.937639100250532 524.4392238396566 516.501584739406
412.0 7.557296066217621 523.2411332070533 515.6838371408357
413.0 7.697308954492292 524.4558943039212 516.7585853494289
414.0 7.553990345518002 521.7309825191274 514.1769921736094
415.0 7.570156781025416 522.9091950652111 515.3390382841857
416.0 7.408882966593181 523.1088471299567 515.6999641633635
417.0 7.858055440872354 528.9427266761439 521.0846712352715
418.0 6.47561101663897 494.9978213743363 488.5222103576973
419.0 6.917251560110121 505.9133541642101 498.9961026041
420.0 6.900254574949099 517.3736513929508 510.4733968180017
421.0 7.091326714629674 523.3476408079406 516.2563140933109
422.0 6.747629856394677 510.8940450785015 504.1464152221068
423.0 6.393028375002912 508.5817334474477 502.1887050724448
424.0 6.542404240278457 514.0941461527677 507.5517419124893
425.0 5.217587267084125 462.887507073496 457.6699198064119
426.0 6.290493342419747 509.820302973752 503.5298096313323
427.0 6.565335782750281 519.0911225388146 512.5257867560643
428.0 6.377529313112102 512.8113724926044 506.4338431794923
429.0 6.302598664986271 510.7965103762141 504.4939117112278
430.0 6.445461211575674 521.1556093602253 514.7101481486496
431.0 5.694156172072122 500.2627540562995 494.5685978842274
432.0 5.768316190738676 499.8530795260215 494.0847633352828
433.0 5.866922617689287 506.7274856216672 500.8605630039779
434.0 5.738871742330701 506.0239008211736 500.2850290788429
435.0 5.15003805996527 482.5719891695616 477.4219511095964
436.0 5.256157715450328 492.1194819917713 486.863324276321
437.0 5.6519790218783 511.3324957277808 505.6805167059025
438.0 5.116329994739318 494.3416344094281 489.2253044146888
439.0 5.348997727655889 504.9400644104474 499.5910666827915
440.0 5.367511784636837 508.3061666321448 502.938654847508
441.0 5.250274718698965 507.6675689787854 502.4172942600864
442.0 4.872755207582983 492.5900818612 487.717326653617
443.0 4.596409935289928 484.161000519486 479.5645905841961
444.0 5.28379370118319 511.9585254800434 506.6747317788603
445.0 4.753560233291135 494.4034981798321 489.6499379465409
446.0 4.72873240671028 498.1337442268265 493.4050118201162
447.0 4.685722861714801 498.7090392447261 494.0233163830113
448.0 4.376948442062576 473.2923663477656 468.9154179057031
449.0 4.202557276340479 482.3932160681835 478.190658791843
450.0 4.677599273555954 505.1091825142563 500.4315832407004
451.0 4.102936359829789 490.1425922435201 486.0396558836903
452.0 3.997649997905742 485.163825432069 481.1661754341633
453.0 3.799302430155434 477.7600754608708 473.9607730307154
454.0 3.838451688242189 475.6631801775678 471.8247284893256
455.0 3.760907973317439 477.8019213378071 474.0410133644897
456.0 3.476803201655647 465.8944012648931 462.4175980632374
457.0 3.784540378710223 485.5159908887537 481.7314505100435
458.0 3.746200302151942 473.9507062908877 470.2045059887357
459.0 3.4817204600381 471.1779674543278 467.6962469942897
460.0 3.419607761919964 476.1913979779674 472.7717902160474
461.0 3.096577957736504 464.4713575048114 461.3747795470749
462.0 3.332242229304555 478.3312989868421 474.9990567575375
463.0 3.276629235648775 477.1697099520525 473.8930807164037
464.0 2.952898038868356 466.86178359318 463.9088855543116
465.0 2.902146626276207 466.9754852496221 464.0733386233459
466.0 2.839305765953684 467.9786593361159 465.1393535701622
467.0 2.791497059155225 465.2474624922361 462.4559654330809
468.0 2.592120243420877 460.3407767023269 457.748656458906
469.0 2.480098430960455 459.9209402385623 457.4408418076018
470.0 2.553485643726267 462.2123896501745 459.6589040064482
471.0 2.57149644273854 461.5770369909072 459.0055405481686
472.0 2.309167117335205 458.736425995341 456.4272588780058
473.0 2.328631033361592 459.7421546064673 457.4135235731057
474.0 2.345362770263885 461.2668517903014 458.9214890200375
475.0 2.273213279835613 459.390450090341 457.1172368105054
476.0 2.097080653926667 453.3054121454288 451.2083314915021
477.0 2.028335889360063 457.6988261851421 455.670490295782
478.0 2.186216994694138 456.8230361780066 454.6368191833124
479.0 1.965656785306033 453.7360418134727 451.7703850281666
480.0 1.65080432367052 450.1960256268039 448.5452213031333
481.0 1.7748659180129 455.8308417458513 454.0559758278384
482.0 1.615748685159112 452.387634446983 450.7718857618239
483.0 1.573778257346971 449.6723780812377 448.0985998238907
484.0 1.642113870610097 450.2349168381592 448.5928029675491
485.0 1.346479857961759 447.3325668233035 445.9860869653417
486.0 1.354563300613706 447.3272382442595 445.9726749436457
487.0 1.283516109707054 446.6548211972823 445.3713050875752
488.0 1.241995396378967 446.8439479160134 445.6019525196344
489.0 1.154822460578075 443.8561479903423 442.7013255297642
490.0 1.178068586021813 441.9774755191973 440.7994069331755
491.0 1.080564412841183 444.9052386355708 443.8246742227296
492.0 0.9944615045746239 444.3463397741605 443.3518782695859
493.0 0.8841633100406524 439.6911048685143 438.8069415584737
494.0 0.9404503826397696 441.6389698187723 440.6985194361326
495.0 0.8381252072923373 441.0228404744078 440.1847152671155
496.0 0.7554973174113608 436.9259887058627 436.1704913884513
497.0 0.6820559151261405 439.0685443148212 438.386488399695
498.0 0.7306465806803387 436.4537321557305 435.7230855750501
499.0 0.59541700727119 437.2006381679846 436.6052211607134
500.0 0.5157514739171715 437.1524239612016 436.6366724872844
501.0 0.5751604796880838 436.0821681259383 435.5070076462502
502.0 0.4905948528059065 433.4859169566324 432.9953221038264
503.0 0.4598809510845878 434.1278166207851 433.6679356697005
504.0 0.3137068084020238 433.3657408852415 433.0520340768395
505.0 0.3570776083847707 432.3881320535057 432.031054445121
506.0 0.3701515870804223 432.6076968901103 432.2375453030298
507.0 0.2901331688266856 431.1583141494963 430.8681809806696
508.0 0.2373785214411206 430.6606313625698 430.4232528411287
509.0 0.1783789757651859 428.2019652415574 428.0235862657922
510.0 0.2024622721140819 427.6124099392352 427.4099476671212
511.0 0.1912384278311314 429.6091305729479 429.4178921451168
512.0 0.09976372143044679 425.7699996623624 425.670235940932
513.0 0.1289134909107904 426.8243844525991 426.6954709616883
514.0 0.07209096552330921 425.6210921988284 425.5490012333051
515.0 0.09235965355645059 424.3098172106431 424.2174575570866
516.0 0.03231973681168712 423.3887733087855 423.3564535719738
517.0 0.008861231421595228 422.8125768298476 422.803715598426
518.0 0.04107784649821331 422.5029672906605 422.4618894441623
519.0 0.08104424143359532 422.0473927954915 421.9663485540579
520.0 0.01347457952239403 421.144590356022 421.1311157764996
521.0 0.02811457436969395 419.7276408569855 419.6995262826158
522.0 0.06761075233212219 418.956381117673 418.8887703653409
523.0 0.02954116280572297 416.6184887559738 416.588947593168
524.0 0.02158832061818844 417.2666221005519 417.2450337799338
525.0 0 417.2828983305713 417.2828983305713
526.0 0.09383088789602059 415.771235271863 415.677404383967
527.0 0.1860760320700614 413.1871893044591 413.001113272389
528.0 0.1013715822684128 413.9667172920944 413.865345709826
529.0 0.07852783709982761 413.643645143507 413.5651173064071
530.0 0.1818355746146435 412.6173759532404 412.4355403786258
531.0 0.1806188663426964 412.3851016064698 412.2044827401271
532.0 0.2354991747255433 409.9274633300363 409.6919641553107
533.0 0.2643879859793929 408.8247325349924 408.560344549013
534.0 0.3117287716094266 408.2694394622012 407.9577106905918
535.0 0.365741440492947 408.0130108043037 407.6472693638108
536.0 0.3918203528214663 407.8946008320309 407.5027804792094
537.0 0.4739246739199026 406.4891282216719 406.015203547752
538.0 0.4934435260243296 405.4378108078943 404.94436728187
539.0 0.6994369620464203 403.2139142916424 402.514477329596
540.0 0.7016424060192194 404.2396740476358 403.5380316416166
541.0 0.8991824095253898 401.415169078013 400.5159866684877
542.0 0.8046389002556243 400.5665385412863 399.7618996410307
543.0 0.8682843719550228 401.3975463042691 400.529261932314
544.0 1.007239986035922 402.1183153878062 401.1110754017703
545.0 1.1897844868485 401.1914141862598 400.0016296994113
546.0 1.256232558001258 400.1365008161804 398.8802682581792
547.0 1.445098629542623 395.7869209767753 394.3418223472327
548.0 1.447571215124793 395.1027958922763 393.6552246771515
549.0 1.671601214514749 394.699567219838 393.0279660053233
550.0 1.780103748657324 397.9182468120004 396.1381430633431
551.0 1.929647290925007 392.8803923102217 390.9507450192967
552.0 2.025754164682639 391.816402785958 389.7906486212754
553.0 2.30205924935281 394.4418059275188 392.139746678166
554.0 2.306672489501442 390.7149805414149 388.4083080519135
555.0 2.560633973989589 392.5796200064028 390.0189860324132
556.0 2.538820535992251 391.3736353894149 388.8348148534227
557.0 3.012589065376871 383.4553628446224 380.4427737792456
558.0 3.14541390284362 399.7077287629234 396.5623148600797
559.0 3.051000022888371 396.1368089933829 393.0858089704945
560.0 3.538954478827046 380.1406631205213 376.6017086416943
561.0 3.900600674022794 376.4915192652936 372.5909185912708
562.0 4.541916439746105 368.5700696068602 364.0281531671141
563.0 4.434996752597103 377.5436095926207 373.1086128400236
564.0 4.576709455446856 371.8079945836646 367.2312851282178
565.0 4.385299377419561 391.3435877956316 386.9582884182121
566.0 4.46974796508443 374.3418755636526 369.8721275985682
567.0 5.116502528723499 369.0279427828248 363.9114402541013
568.0 6.605241041003352 356.0466819462349 349.4414409052316
569.0 5.198854905330152 371.7137153284395 366.5148604231094
570.0 6.206671231501714 359.7566203696197 353.549949138118
571.0 6.338909342477745 357.1222224763964 350.7833131339187
572.0 8.974287843143686 329.1880819277266 320.2137940845829
573.0 6.601546846074798 362.7060979620344 356.1045511159596
574.0 8.705179647838494 336.9398200879806 328.2346404401421
575.0 6.160188935435836 363.0876978836251 356.9275089481892
576.0 12.74639543130152 303.5414462653653 290.7950508340638
577.0 12.96882011136243 303.129859629018 290.1610395176556
578.0 6.781937516008543 361.6905804430633 354.9086429270547
579.0 10.43286724388459 329.69479542984 319.2619281859554
580.0 20.48054545912538 260.9081229771777 240.4275775180523
581.0 14.80872477669405 295.7192604110678 280.9105356343737
582.0 17.91267245428545 277.6755719286847 259.7628994743992
583.0 21.22265305821095 262.3936159938354 241.1709629356244
584.0 23.97940693666147 253.5264544699358 229.5470475332743
585.0 30.76668097554572 226.3160543715459 195.5493733960001
586.0 29.74174993859671 230.2374594587753 200.4957095201785
587.0 29.28624620907796 233.1681683822148 203.8819221731368
588.0 29.79159965531808 230.9811007834742 201.1895011281561
591.0 36.82003183141007 205.722137 168.9021051685899
