0.0 15.24692277939408 794.5902053240481 779.3432825446541
1.0 13.90461946703009 789.7291658914602 775.8245464244302
2.0 13.17560237992087 790.1705182035408 776.9949158236199
3.0 12.60773666760706 788.1800732016373 775.5723365340303
4.0 12.27337422284151 792.2008116305517 779.9274374077102
5.0 11.87133527044752 789.4568710891324 777.5855358186849
6.0 11.54127391457082 786.5891636478092 775.0478897332384
7.0 11.31653929544422 788.5696401825655 777.2531008871213
8.0 11.1033551551165 787.5830096857159 776.4796545305994
9.0 10.91583745432354 786.3082392860493 775.3924018317258
10.0 10.73487282483083 785.6827236307612 774.9478508059304
11.0 10.65215107023437 785.7134960802469 775.0613450100125
12.0 10.49264505113403 784.6275639774595 774.1349189263255
13.0 10.39082827762914 784.1175780662617 773.7267497886326
14.0 10.290436737386 783.6771931480031 773.3867564106171
15.0 10.21355446235132 783.3942826566133 773.1807281942619
16.0 10.14213021125218 783.0394985391017 772.8973683278496
17.0 10.09599980588783 783.192571037775 773.0965712318872
18.0 10.02507127957279 782.0869464248373 772.0618751452645
19.0 9.96990368454954 781.9002161318271 771.9303124472776
20.0 9.904720950047909 780.3121968372678 770.4074758872199
21.0 9.869384499610001 780.550408996936 770.681024497326
22.0 9.83567918615344 780.4823391873336 770.6466600011802
23.0 9.77537275927806 779.0112851212583 769.2359123619803
24.0 9.749967946947048 779.1102045459174 769.3602365989704
25.0 9.692519473285073 778.4729878718504 768.7804683985653
26.0 9.692095387890272 778.6653072495399 768.9732118616496
27.0 9.649371890076116 777.673744379059 768.0243724889829
28.0 9.606731268517753 777.2223720583193 767.6156407898016
29.0 9.576135976220377 776.4027608452148 766.8266248689944
30.0 9.557184170366835 776.260461711418 766.7032775410511
31.0 9.515030052489174 775.3366818480966 765.8216517956074
32.0 9.500823630083327 774.7058861236129 765.2050624935295
33.0 9.485171687246015 774.7690013207966 765.2838296335506
34.0 9.445176439813169 774.1713487683421 764.7261723285289
35.0 9.451392227144513 774.71531007339 765.2639178462455
36.0 9.409251094924729 773.4131895896055 764.0039384946808
37.0 9.385082599311514 772.8743370647028 763.4892544653913
38.0 9.380908045758914 772.9488544459966 763.5679464002377
39.0 9.365274423006059 772.7242457506002 763.3589713275942
40.0 9.337183642147564 771.8882902514634 762.5511066093158
41.0 9.336789562393768 772.1552819859404 762.8184924235467
42.0 9.307800356924569 770.8496650343806 761.541864677456
43.0 9.284947259711006 769.9145823766904 760.6296351169794
44.0 9.266097552011339 769.5340313625888 760.2679338105774
45.0 9.258671331390277 769.4222978215482 760.163626490158
46.0 9.250827628094687 769.0742704929359 759.8234428648412
47.0 9.243309658904204 768.6597034301942 759.41639377129
48.0 9.226353150413142 768.1698822177456 758.9435290673325
49.0 9.230176518691305 768.3660817164577 759.1359051977664
50.0 9.19840624794637 767.0126357789574 757.814229531011
51.0 9.181292065908296 766.7513718985224 757.5700798326141
52.0 9.183080077967131 766.2110605637894 757.0279804858223
53.0 9.143072018363467 764.827621914762 755.6845498963985
54.0 9.149416866286102 764.2179680329557 755.0685511666696
55.0 9.183961574019976 765.7480591525198 756.5640975784998
56.0 9.160457082310363 764.5432259925758 755.3827689102655
57.0 9.164766359742814 764.1620545225366 754.9972881627938
58.0 9.138903753039767 762.5622963538427 753.4233926008029
59.0 9.137561869464617 762.2991958765626 753.161634007098
60.0 9.15166333213509 761.8527901347181 752.701126802583
61.0 9.131821403414626 761.0482243441348 751.9164029407202
62.0 9.155813852111905 761.234610089942 752.0787962378301
63.0 9.158431227050862 760.9751313686898 751.816700141639
64.0 9.152959252655255 759.2705772291754 750.1176179765202
65.0 9.180179087680581 759.66928044291 750.4891013552294
66.0 9.154833241055529 758.1081930223735 748.9533597813179
67.0 9.202036487158086 759.3484736962961 750.146437209138
68.0 9.175295957309409 757.2125369376616 748.0372409803522
69.0 9.216806316641329 758.0662070091229 748.8494006924815
70.0 9.222069455996606 757.4075801947584 748.1855107387618
71.0 9.212105431934578 756.2327199315066 747.020614499572
72.0 9.228920493009046 755.5311722366052 746.3022517435962
73.0 9.239275434539154 755.1560240808243 745.9167486462851
74.0 9.296985581034239 755.3012868616714 746.0043012806372
75.0 9.278002464728676 754.0920260955527 744.814023630824
76.0 9.30796920112613 754.7512597589752 745.4432905578491
77.0 9.322228374803831 753.9319699200837 744.6097415452799
78.0 9.332256925712679 752.4562453074737 743.123988381761
79.0 9.362630255373808 753.1063760918571 743.7437458364833
80.0 9.365029803162313 752.0838753786303 742.718845575468
81.0 9.382394009589766 750.5131640137463 741.1307700041565
82.0 9.347420048522611 749.1506585649991 739.8032385164765
83.0 9.407960547474756 749.7267595024218 740.318798954947
84.0 9.452488954933684 749.890398513352 740.4379095584183
85.0 9.456902774416473 748.8201705679016 739.3632677934851
86.0 9.463963768257684 747.2272735525967 737.763309784339
87.0 9.525539465260456 748.3649902759259 738.8394508106654
88.0 9.513375555045801 747.4498489499907 737.9364733949449
89.0 9.568064227241868 746.5038958230299 736.9358315957881
90.0 9.575508088663315 745.2781180603219 735.7026099716586
91.0 9.612713896599947 745.9847644760046 736.3720505794046
92.0 9.574950072459623 741.9774494847038 732.4024994122442
93.0 9.622335417285195 742.4057292011909 732.7833937839057
94.0 9.691958025565778 742.1470336474343 732.4550756218685
95.0 9.748382633083481 743.2687833641518 733.5204007310683
96.0 9.715629303343721 740.3170348642463 730.6014055609025
97.0 9.764854498907003 742.135697747348 732.370843248441
98.0 9.841239253200105 739.455803034452 729.6145637812519
99.0 9.881302061456822 740.9047666522242 731.0234645907674
100.0 10.00017607860027 742.2671345209566 732.2669584423563
101.0 10.03154699716534 740.6465027375666 730.6149557404013
102.0 9.987930399767165 736.0624561032018 726.0745257034346
103.0 10.10022753836489 737.8496362022109 727.749408663846
104.0 10.16816039131856 738.4084648730068 728.2403044816882
105.0 10.23889999252816 738.609297279993 728.3703972874648
106.0 10.22436889058612 735.0116133317329 724.7872444411468
107.0 10.35685168689446 738.3586639077458 728.0018122208513
108.0 10.30114448289967 734.5167116033589 724.2155671204592
109.0 10.3846330339692 733.3090674422929 722.9244344083237
110.0 10.54236327262587 736.4207995422625 725.8784362696366
111.0 10.51289661708317 734.0092157182562 723.496319101173
112.0 10.65868403211625 737.6083261074129 726.9496420752967
113.0 10.72774070017463 734.0850470929071 723.3573063927324
114.0 10.77213190580485 733.6993671678464 722.9272352620415
115.0 10.75881103844258 730.5256024875222 719.7667914490797
116.0 10.86166838814156 732.5888311199462 721.7271627318046
117.0 10.82880987285655 730.2944554884308 719.4656456155743
118.0 11.00384087903584 734.55157943429 723.5477385552542
119.0 10.95003024279946 730.2564110641531 719.3063808213536
120.0 11.12976109389048 729.9979153530848 718.8681542591943
121.0 11.03763065188057 731.3322239330787 720.2945932811981
122.0 11.05310260336491 727.0434481439518 715.9903455405869
123.0 11.12676765180476 725.6796943815728 714.5529267297681
124.0 11.13753096334119 729.3680841434352 718.230553180094
125.0 11.24654400021395 725.5832712888197 714.3367272886058
126.0 11.48308912492643 731.1166732701495 719.6335841452231
127.0 11.29724708573422 725.7010752420007 714.4038281562665
128.0 11.4294963390035 731.3926423407994 719.9631460017959
129.0 11.28837288372922 719.4302440798667 708.1418711961374
130.0 11.44916803225202 727.3269348231995 715.8777667909475
131.0 11.56806497469328 730.4887564326322 718.9206914579389
132.0 11.51069046774359 725.5667862605035 714.05609579276
133.0 11.6857207735362 729.2855214304327 717.5998006568965
134.0 11.58411548265994 726.3837767382517 714.7996612555917
135.0 11.58569532114073 725.4434459038744 713.8577505827337
136.0 11.62709165452635 728.6384549935946 717.0113633390682
137.0 11.55316726501715 717.7927901337047 706.2396228686875
138.0 11.4833159867531 725.8826351375019 714.3993191507487
139.0 11.59138689071455 723.2195428762726 711.6281559855581
140.0 11.83656652986736 723.9219982730513 712.0854317431839
141.0 11.51705720539387 715.0137921158056 703.4967349104117
142.0 11.55774599034672 719.8798107040996 708.3220647137529
143.0 11.47819063510054 719.3689498794288 707.8907592443282
144.0 11.44654670327975 717.0601151235031 705.6135684202234
145.0 11.74191226292234 727.2160323809985 715.4741201180762
146.0 11.74377698548187 727.1021424911261 715.3583655056443
147.0 11.65704287994673 721.3792216971883 709.7221788172416
148.0 11.40192725243667 717.6980238366179 706.2960965841812
149.0 11.58029960413412 718.3472375576745 706.7669379535404
150.0 11.61759749149181 717.8580696504717 706.2404721589799
151.0 11.51570034441247 719.8260929689585 708.3103926245461
152.0 11.37156058662198 714.6038232771233 703.2322626905014
153.0 11.36702380444995 714.474853116174 703.1078293117241
154.0 11.45493930965552 719.3557230976666 707.9007837880111
155.0 11.41667656655271 715.6506472083455 704.2339706417928
156.0 11.44134811699793 717.5902171479 706.148869030902
157.0 11.49097032654258 719.0216565800552 707.5306862535127
158.0 11.38158404775728 708.4054455764949 697.0238615287376
159.0 11.36054054869569 715.1131102917759 703.7525697430802
160.0 11.28192985421546 713.3459309019446 702.0640010477291
161.0 11.23939858444797 708.4669291616036 697.2275305771557
162.0 11.29997406053157 703.8355390252602 692.5355649647287
163.0 11.16349281547137 696.8741848578302 685.7106920423588
164.0 11.36568369529387 711.6114694155884 700.2457857202945
165.0 11.3996759399712 716.0141015113815 704.6144255714103
166.0 11.1596806161275 710.5236946750289 699.3640140589014
167.0 11.18238777997792 712.2372807810407 701.0548930010628
168.0 11.13214765391365 700.6363884308231 689.5042407769094
169.0 10.73769450786885 692.0303240273279 681.292629519459
170.0 11.18997620438456 711.820520615124 700.6305444107394
171.0 11.03072132503502 705.5155257449304 694.4848044198954
172.0 11.30924795878736 709.2037349515151 697.8944869927278
173.0 11.18245317542282 708.9302244475747 697.7477712721518
174.0 11.13205459632986 708.5318739843817 697.3998193880519
175.0 11.12702146524765 692.0521452003464 680.9251237350987
176.0 11.02348762401025 701.0584071175862 690.0349194935759
177.0 11.16131240163014 708.2506805199182 697.089368118288
178.0 11.24081260170147 704.5629652093705 693.3221526076691
179.0 10.95921989460735 703.3901808418544 692.430960947247
180.0 11.04432091616212 706.3311348348995 695.2868139187374
181.0 11.14661515672742 705.2148474804026 694.0682323236752
182.0 10.94550082530472 698.5887343887828 687.6432335634781
183.0 10.6710117871432 690.1538961815036 679.4828843943604
184.0 11.0519894530514 707.669729807795 696.6177403547436
185.0 10.84638579453809 683.0699788314958 672.2235930369577
186.0 10.95223132289369 699.3233479128501 688.3711165899564
187.0 11.00155151274631 698.0126740886547 687.0111225759083
188.0 10.73293249142192 696.4370740749655 685.7041415835436
189.0 10.89475357074844 701.8212773832912 690.9265238125427
190.0 10.92606525327793 699.0135121941905 688.0874469409126
191.0 10.54067020861949 688.8876245024158 678.3469542937963
192.0 11.08325902973532 706.6537915608184 695.5705325310831
193.0 10.82212911653324 694.8747692896992 684.0526401731659
194.0 10.70313672723956 691.8449359334814 681.1417992062418
195.0 10.90392935472041 699.6430243039384 688.739094949218
196.0 10.64927739255857 689.776965817688 679.1276884251294
197.0 10.91287514684157 698.1069579681085 687.1940828212669
198.0 10.5005420228425 688.2693159440882 677.7687739212457
199.0 10.78411454167977 689.3157147000144 678.5316001583346
200.0 10.91141979785248 697.0255955366077 686.1141757387552
201.0 10.36157039375391 671.3643429477831 661.0027725540292
202.0 10.67927253315258 696.2529361359122 685.5736636027596
203.0 10.38865809784744 680.6168057086918 670.2281476108443
204.0 10.47769150915992 686.2966353711564 675.8189438619965
205.0 10.79796287632462 693.2143140764258 682.4163512001012
206.0 10.58057998844349 687.0821179339448 676.5015379455013
207.0 10.54248393915179 679.8996558737239 669.3571719345721
208.0 10.41400716751811 682.4884510153233 672.0744438478052
209.0 10.43455835917631 678.9239839493896 668.4894255902133
210.0 10.14240321984611 671.3571083331925 661.2147051133463
211.0 10.57896628063559 687.6790158985071 677.1000496178715
212.0 10.44793793058278 683.1692184046969 672.7212804741141
213.0 10.70375784173168 691.4009829554394 680.6972251137077
214.0 10.5992001003545 689.2026587120018 678.6034586116473
215.0 10.63959640582768 685.8511231550863 675.2115267492586
216.0 10.43615524171217 691.3847506575127 680.9485954158006
217.0 10.42853914725839 680.848769336045 670.4202301887866
218.0 10.46146133253776 679.2097585245847 668.7482971920469
219.0 10.15616051371812 673.3219650632343 663.1658045495162
220.0 10.60240189335951 689.2633119194005 678.660910026041
221.0 10.30333434024473 682.8342949739874 672.5309606337427
222.0 10.3924404488963 684.8237980664666 674.4313576175703
223.0 10.21130197649244 681.1308563194832 670.9195543429908
224.0 10.09013934902224 665.5840319213905 655.4938925723683
225.0 10.55111175370919 685.7245996535068 675.1734878997976
226.0 10.29569931402178 675.163889862705 664.8681905486833
227.0 10.31982270257233 684.4595774640182 674.1397547614459
228.0 10.51043122166628 682.053549131859 671.5431179101927
229.0 10.24363332438036 676.1064877668803 665.8628544424999
230.0 10.06766230944225 661.9189285834745 651.8512662740323
231.0 10.21172917451803 678.5880787233266 668.3763495488086
232.0 9.974112641958225 671.6338864873231 661.6597738453649
233.0 9.925333830261797 668.2116207285273 658.2862868982655
234.0 10.17763733004472 677.2030459970356 667.0254086669909
235.0 10.26152022427731 676.7347726156805 666.4732523914032
236.0 10.02358290375352 675.9205762647444 665.8969933609909
237.0 10.18568617800214 677.7773593878683 667.5916732098661
238.0 10.17307257869077 676.5809758715133 666.4079032928225
239.0 9.910529166512751 674.1588585356187 664.2483293691059
240.0 10.06474831290999 680.726850304318 670.662101991408
241.0 9.85262309187485 667.8866809680014 658.0340578761265
242.0 9.973310501674147 673.0889054910397 663.1155949893655
243.0 10.10350385190673 675.7080626979867 665.60455884608
244.0 10.08286005093025 675.3309188288291 665.2480587778988
245.0 10.18271923293151 676.3536930782113 666.1709738452798
246.0 10.07447186310341 672.3067212936996 662.2322494305962
247.0 9.871264833580197 676.2121560462981 666.3408912127179
248.0 9.789568633718763 671.0850789115916 661.2955102778729
249.0 9.845952515617026 669.9455396798489 660.0995871642318
250.0 9.868325173039564 668.0512474567057 658.1829222836661
251.0 9.557449352871617 667.1468065366731 657.5893571838015
252.0 9.724734162025947 667.6876144551365 657.9628802931105
253.0 9.733247859617403 673.1546535514556 663.4214056918382
254.0 9.720886235956512 665.8816915580104 656.1608053220539
255.0 9.374797608312964 656.8275784150153 647.4527808067024
256.0 9.46615693027061 666.4281019789058 656.9619450486352
257.0 9.344308971198213 662.0316045344956 652.6872955632974
258.0 9.414166607116701 659.0331282335176 649.6189616264009
259.0 9.554388356246624 667.293093062156 657.7387047059094
260.0 9.607263959841412 671.2603944137824 661.653130453941
261.0 9.211511876398695 659.8634743030661 650.6519624266674
262.0 9.256173177304154 665.2197452557559 655.9635720784517
263.0 9.403732895962332 661.7144798670373 652.310746971075
264.0 9.185913248815686 665.9912492852287 656.805336036413
265.0 9.113616748485549 657.4970093598381 648.3833926113526
266.0 9.177981413539447 661.6195558079748 652.4415743944353
267.0 9.047201157138271 659.2816128415143 650.234411684376
268.0 9.077275621533569 658.2558120618139 649.1785364402804
269.0 9.12834150065968 664.6769565295785 655.5486150289188
270.0 8.816451526357212 649.400084463007 640.5836329366498
271.0 9.051872716437896 666.7164345313798 657.6645618149419
272.0 8.932908541413744 662.0557521406711 653.1228435992573
273.0 8.732419414171734 653.8029869281664 645.0705675139947
274.0 8.87818115393389 662.0726637484021 653.1944825944682
275.0 8.703182954778794 657.696523565118 648.9933406103392
276.0 8.565079667213503 651.7479017536135 643.1828220864
277.0 8.810710716769648 663.5645323873466 654.753821670577
278.0 8.695440738458744 663.2544208484418 654.5589801099831
279.0 8.311266894042846 650.8078372876817 642.4965703936389
280.0 8.581108622935554 654.6492698084937 646.0681611855581
281.0 8.391344136221026 651.399425679747 643.008081543526
282.0 8.394256891604604 651.6170244177983 643.2227675261937
283.0 8.311271238259655 654.252553127549 645.9412818892893
284.0 8.420027392431814 650.3786662471648 641.958638854733
285.0 8.422926167301982 658.0635205628105 649.6405943955085
286.0 8.211039515738535 650.4731236363541 642.2620841206155
287.0 8.207000473324344 651.2211574974039 643.0141570240796
288.0 8.162742590980596 654.1546739741945 645.9919313832139
289.0 7.917313015297056 644.2543284657758 636.3370154504788
290.0 7.990342482870099 650.7882981508513 642.7979556679812
291.0 7.971429801775357 652.8148275800845 644.8433977783091
292.0 7.880244090464706 646.0374686308176 638.1572245403529
293.0 7.737886781282458 641.5511116472924 633.81322486601
294.0 7.931616121239757 647.0563613291228 639.124745207883
295.0 7.696912938052736 645.1970657210951 637.5001527830424
296.0 7.659899145493817 644.9538233570129 637.2939242115191
297.0 7.656032578058379 647.1933160881325 639.5372835100741
298.0 7.562309548017117 644.132463183422 636.5701536354049
299.0 7.71589752330601 647.2685446708394 639.5526471475334
300.0 7.53511338546317 640.3652854957928 632.8301721103297
301.0 7.348553213033761 635.696828302832 628.3482750897983
302.0 7.494971604049952 648.76761874656 641.2726471425101
303.0 7.297594341546219 639.9882397480904 632.6906454065442
304.0 7.373182746341968 642.122669603824 634.749486857482
305.0 7.135637774406541 639.5760186624049 632.4403808879983
306.0 7.177429050580333 642.1211094217517 634.9436803711713
307.0 7.132600269769071 639.2593840793129 632.1267838095438
308.0 7.122946293803964 640.9975490812102 633.8746027874063
309.0 6.932803227886463 636.979628909769 630.0468256818825
310.0 6.818065710477133 632.394262289031 625.5761965785539
311.0 6.869341617111198 637.9539856389072 631.084644021796
312.0 6.9085573990203 638.898298702782 631.9897413037617
313.0 6.852815847303712 636.0779369718364 629.2251211245327
314.0 6.688918441158146 633.1809014016666 626.4919829605084
315.0 6.60826853337783 635.4651518206402 628.8568832872624
316.0 6.721429571615547 632.111982912579 625.3905533409635
317.0 6.626729832435676 637.6348487723127 631.0081189398771
318.0 6.494531836625426 634.4575312097851 627.9629993731596
319.0 6.544783400989423 631.6368180847175 625.0920346837281
320.0 6.456218752695804 632.2017759590721 625.7455572063763
321.0 6.494756815149472 635.0978033012303 628.6030464860809
322.0 6.393538866012637 633.6010325697711 627.2074937037584
323.0 6.175372702812288 628.5546986087651 622.3793259059528
324.0 6.258394236516598 632.0030421021818 625.7446478656652
325.0 6.164986212185003 631.6065360640058 625.4415498518208
326.0 6.115290819641315 629.6249615507943 623.509670731153
327.0 6.068487913537627 628.4003759584751 622.3318880449374
328.0 5.985988798662911 626.8138474421185 620.8278586434555
329.0 5.873566677646087 627.1778251642848 621.3042584866387
330.0 5.928265564455433 627.7668757516532 621.8386101871978
331.0 5.90164317865079 628.426324519585 622.5246813409342
332.0 5.806859760723946 625.9140666113361 620.1072068506122
333.0 5.762457553544103 627.5520088642522 621.7895513107081
334.0 5.625417688367167 622.9732677207806 617.3478500324134
335.0 5.552206678320964 620.5978964310529 615.0456897527319
336.0 5.593125315097661 625.1955180111874 619.6023926960898
337.0 5.502167888822244 620.3656608372597 614.8634929484375
338.0 5.437781849114313 622.5950633284474 617.1572814793331
339.0 5.290118305450027 618.9394018443123 613.6492835388623
340.0 5.39940534060601 622.6264514612204 617.2270461206143
341.0 5.268965291902727 619.0728205901768 613.8038552982741
342.0 5.142257957565513 618.2873185463459 613.1450605887804
343.0 5.152748856445613 619.4409060394333 614.2881571829877
344.0 5.165387240403358 620.9983930209393 615.833005780536
345.0 5.051817741650069 618.5127044040367 613.4608866623866
346.0 4.938657297329066 615.2101361777281 610.271478880399
347.0 4.968971795662704 617.5692515822744 612.6002797866117
348.0 4.922175751275426 617.2687182787348 612.3465425274594
349.0 4.793462584564017 615.7172607911817 610.9237982066177
350.0 4.774932598065032 616.7113321167479 611.9363995186829
351.0 4.72577306188119 615.1064815473063 610.3807084854251
352.0 4.678925673289148 614.6663739159451 609.987448242656
353.0 4.605316514653442 611.4086635721655 606.803347057512
354.0 4.55884644820054 613.1777620223311 608.6189155741306
355.0 4.485624521546755 612.7847580168768 608.2991334953301
356.0 4.451101880518202 611.2717295923963 606.8206277118781
357.0 4.329827526213131 608.6583025653143 604.3284750391012
358.0 4.323470005099874 609.9983482069683 605.6748782018685
359.0 4.297924596482914 611.3035597550788 607.0056351585959
360.0 4.288940084323054 607.8195399885301 603.530599904207
361.0 4.127509884877766 605.9511674491274 601.8236575642496
362.0 4.142483749242064 608.5410312383113 604.3985474890693
363.0 4.119361490500344 609.8151470191117 605.6957855286114
364.0 4.090047032153741 608.0726881967136 603.9826411645599
365.0 4.006380976579204 606.6265090055549 602.6201280289757
366.0 3.939646264273309 606.8668306369515 602.9271843726782
367.0 3.87010686183838 604.1226142570693 600.2525073952309
368.0 3.857329209223105 606.2078197390552 602.3504905298321
369.0 3.795652050779398 604.7611921818217 600.9655401310423
370.0 3.747098114857034 604.5181190724351 600.771020957578
371.0 3.686058956483637 603.0108536783243 599.3247947218406
372.0 3.616453277675736 602.6303088081078 599.0138555304321
373.0 3.546610582704271 602.7104502065147 599.1638396238105
374.0 3.549979084732317 603.4054207444466 599.8554416597143
375.0 3.475147934394871 601.7959079676521 598.3207600332572
376.0 3.393305681147622 599.3848891545744 595.9915834734268
377.0 3.351203996545589 599.3492478422471 595.9980438457015
378.0 3.321273472875745 599.1641544058656 595.8428809329899
379.0 3.234369455765761 598.2432544176387 595.008884961873
380.0 3.228757580589311 598.8441894791868 595.6154318985974
381.0 3.177800969067603 598.671606485745 595.4938055166774
382.0 3.102722531649101 597.4869003905287 594.3841778588796
383.0 3.090418501315018 597.5798935598846 594.4894750585696
384.0 3.014917793468794 596.1094953557345 593.0945775622657
385.0 2.951108498121839 595.4666169819837 592.5155084838618
386.0 2.915781135390789 594.0453381109068 591.129556975516
387.0 2.822272751271066 592.9764528306565 590.1541800793854
388.0 2.818522283861744 592.3713704151471 589.5528481312853
389.0 2.740182400475339 592.0081147250805 589.2679323246051
390.0 2.713878631733533 591.7586138570309 589.0447352252973
391.0 2.613841906313326 590.8357772454382 588.2219353391248
392.0 2.583866431566947 590.8104229599086 588.2265565283417
393.0 2.573134348848446 590.5978221172155 588.0246877683671
394.0 2.529462500145497 590.6986161716439 588.1691536714984
395.0 2.466508724802175 589.5452916919242 587.0787829671221
396.0 2.393902223596569 588.1743121643376 585.7804099407411
397.0 2.365471739820307 588.6643001856711 586.2988284458508
398.0 2.296370515130329 587.4213866215199 585.1250161063895
399.0 2.249679296157407 586.3602792948234 584.110599998666
400.0 2.226476279741525 585.9117402310285 583.685263951287
401.0 2.176540395165913 585.7814127249473 583.6048723297814
402.0 2.150869915106046 585.604480805114 583.453610890008
403.0 2.094750274998689 585.1778657993251 583.0831155243264
404.0 2.040288749271538 584.2294820526854 582.1891933034138
405.0 1.98042155733706 582.6701060894844 580.6896845321474
406.0 1.963763061867478 582.6755116245195 580.7117485626521
407.0 1.875904843416633 581.7082906472495 579.8323858038329
408.0 1.88547412959353 582.3130995385082 580.4276254089147
409.0 1.814367642446172 581.4345484923099 579.6201808498637
410.0 1.739813503553995 579.7328230020399 577.9930094984859
411.0 1.721713492519845 579.9633769713966 578.2416634788767
412.0 1.65150971589514 578.4604876309856 576.8089779150905
413.0 1.633902963108254 578.7532055588543 577.119302595746
414.0 1.598753026104665 578.4086115849716 576.8098585588669
415.0 1.543175253658644 577.9133583776829 576.3701831240243
416.0 1.496834854231977 576.7832505729079 575.286415718676
417.0 1.439765612983639 576.7977299789969 575.3579643660133
418.0 1.429586332616492 576.2026411208906 574.7730547882741
419.0 1.382017253802311 575.9626333164505 574.5806160626482
420.0 1.335419239943531 574.6807765279705 573.345357288027
421.0 1.282256356849036 573.9068380083312 572.6245816514821
422.0 1.240949040430448 573.6517366956157 572.4107876551852
423.0 1.200122815045355 572.6137455805563 571.413622765511
424.0 1.14593298099771 571.9073573371786 570.7614243561809
425.0 1.129108001373702 571.677650703048 570.5485427016743
426.0 1.074328896402793 570.9350067447701 569.8606778483673
427.0 1.03421060757492 570.7030154208723 569.6688048132973
428.0 1.003243678737226 570.289429617196 569.2861859384588
429.0 0.9565538093609581 569.8550206810026 568.8984668716416
430.0 0.9220106491170422 568.6856943316601 567.7636836825431
431.0 0.8869506878617799 567.9230715308335 567.0361208429717
432.0 0.8541946007588148 567.7027866578266 566.8485920570678
433.0 0.789425219940208 566.5094869406717 565.7200617207315
434.0 0.7854240747251837 566.8321078962978 566.0466838215726
435.0 0.72291921199638 565.7428849027734 565.019965690777
436.0 0.7095623217422672 565.222836869346 564.5132745476037
437.0 0.6732343164008705 565.0522844445003 564.3790501280994
438.0 0.6132478318295813 563.3568352781821 562.7435874463525
439.0 0.6240049482029147 563.8616480968767 563.2376431486738
440.0 0.5740421287966614 563.0036941087527 562.429651979956
441.0 0.5344689568450162 562.1675469990594 561.6330780422144
442.0 0.4998458223593924 561.8424559434727 561.3426101211133
443.0 0.4707050772393708 561.0349053429241 560.5642002656848
444.0 0.4410360367729551 560.773255147515 560.3322191107421
445.0 0.4146247686228442 559.6959944851723 559.2813697165495
446.0 0.373485857450964 558.8083642588309 558.4348784013799
447.0 0.3650478979221945 558.7156368364859 558.3505889385638
448.0 0.329778715126429 558.4564957512231 558.1267170360967
449.0 0.3137768839980773 558.0433729734903 557.7295960894922
450.0 0.2760252582442385 556.9773554201982 556.7013301619539
451.0 0.2531170077188168 556.3555819431836 556.1024649354648
452.0 0.2395411574415499 555.7878939657228 555.5483528082812
453.0 0.2049824089360763 555.024127103185 554.819144694249
454.0 0.2000515133643595 555.1888229429646 554.9887714296003
455.0 0.1818722616816958 554.3621753343697 554.180303072688
456.0 0.1565588355801516 553.894203028893 553.7376441933128
457.0 0.1352149421469122 553.3015637795225 553.1663488373756
458.0 0.1192597738670218 552.7869682926806 552.6677085188136
459.0 0.1014195403688064 552.1402195257244 552.0387999853556
460.0 0.08030840476319899 551.5516539189093 551.4713455141461
461.0 0.06878705770977979 550.8946476652657 550.8258606075559
462.0 0.06406522473410167 550.5826213865293 550.5185561617952
463.0 0.04703880013502751 550.0738498221938 550.0268110220587
464.0 0.05511957112160985 549.919189022819 549.8640694516974
465.0 0.01762173279151653 548.713972491053 548.6963507582615
466.0 0.02312006064258394 548.346540309529 548.3234202488864
467.0 0.00735780068927 547.8492851812823 547.8419273805931
468.0 0.01166758968396993 547.4016072848933 547.3899396952094
469.0 0.02975291026762517 547.1514564402048 547.1217035299372
470.0 0 546.2967571190426 546.2967571190426
471.0 0.01682946562128158 545.893767226947 545.8769377613257
472.0 0.005938852724162835 545.3524889360626 545.3465500833385
473.0 0.02569327332068679 545.1244019098062 545.0987086364855
474.0 0.0008066179367923892 544.172220537552 544.1714139196152
475.0 0.01902334849833598 543.570972382691 543.5519490341927
476.0 0.02480063573785095 543.3561077722158 543.3313071364779
477.0 0.06874909401438981 543.5003323084954 543.431583214481
478.0 0.0513319948440847 542.6734510685268 542.6221190736827
479.0 0.04346639362909702 541.3532936606577 541.3098272670286
480.0 0.04718368036887831 541.0741066491533 541.0269229687845
481.0 0.08827485445509048 541.1850223115172 541.0967474570621
482.0 0.1096553319732631 540.8909312709815 540.7812759390082
483.0 0.1277698934452307 540.0828462701363 539.9550763766911
484.0 0.1301992613486465 539.6806378145733 539.5504385532247
485.0 0.1717362820750318 539.3299601793448 539.1582238972698
486.0 0.2185646031275943 538.5514272362613 538.3328626331337
487.0 0.2357574508497662 538.1410046222236 537.9052471713738
488.0 0.2420171048267256 538.3149714508959 538.0729543460692
489.0 0.2730375904795696 537.3608799645897 537.0878423741101
490.0 0.3176397450073662 537.3455469133701 537.0279071683627
491.0 0.3593951580401218 536.625221003923 536.2658258458828
492.0 0.4203431949181468 535.9112259805413 535.4908827856232
493.0 0.419173629250468 535.6102467580955 535.191073128845
494.0 0.4785768882415732 534.8662196267167 534.3876427384752
495.0 0.5481340051665859 534.8702148115934 534.3220808064268
496.0 0.5488062499874072 533.8574848945274 533.3086786445399
497.0 0.6110487319689452 533.4409987561325 532.8299500241636
498.0 0.6625894180113622 533.3146459211695 532.6520565031582
499.0 0.7358189253937799 532.6514860006651 531.9156670752713
500.0 0.7629911074632586 531.9907500110898 531.2277589036266
501.0 0.8716156693053684 532.2420252387415 531.3704095694361
502.0 0.9308249067132603 531.5928672030859 530.6620422963727
503.0 0.9796272504601726 530.5003821142509 529.5207548637907
504.0 1.004580892318778 529.9180994923716 528.9135186000528
505.0 1.117460280625169 530.0639110728009 528.9464507921757
506.0 1.192282560067091 529.6832484303629 528.4909658702958
507.0 1.252610887063506 529.0726751152931 527.8200642282295
508.0 1.352372812844956 528.4809616617213 527.1285888488764
509.0 1.474150274574129 528.6870783065444 527.2129280319702
510.0 1.553849456084692 528.6460600784099 527.0922106223252
511.0 1.624358603355144 527.0942968609687 525.4699382576135
512.0 1.672784755256281 526.641175695434 524.9683909401777
513.0 1.8267823674892 525.8873074429854 524.0605250754962
514.0 1.870470092782777 525.3652028658569 523.4947327730741
515.0 1.977682828543246 524.5892682125899 522.6115853840466
516.0 2.120607351393175 524.499251819768 522.3786444683749
517.0 2.299367057687486 523.9372049010163 521.6378378433288
518.0 2.274496588000998 522.7956117590923 520.5211151710913
519.0 2.457949375724573 523.4278844709695 520.969935095245
520.0 2.489526096903763 522.4189907603524 519.9294646634487
521.0 2.706124222072983 522.6818817796676 519.9757575575946
522.0 2.821440230170566 522.3047981963101 519.4833579661396
523.0 3.061302615520441 520.4195670068318 517.3582643913113
524.0 3.16175275298628 520.2483128853673 517.086560132381
525.0 3.41601099354162 520.7539489772343 517.3379379836927
526.0 3.414792482999901 518.2539187731939 514.839126290194
527.0 3.59943082906617 518.5534886810903 514.9540578520241
528.0 3.759291337717812 517.1166260026118 513.357334664894
529.0 3.967132395649299 517.2274490975937 513.2603167019444
530.0 4.030151555036774 517.2546132008812 513.2244616458444
531.0 4.114494578124589 513.8100492574853 509.6955546793607
532.0 4.276633516210798 515.0187609852365 510.7421274690257
533.0 4.255265308112679 515.8408365943147 511.5855712862021
534.0 4.661191734693326 516.1360785251938 511.4748867905005
535.0 4.693994183173851 515.7717461908537 511.0777520076798
536.0 5.103156306394016 513.0096612793953 507.9065049730013
537.0 5.344480755906669 511.7273234197918 506.3828426638851
538.0 5.817255041449524 505.2305477003755 499.413292658926
539.0 5.4975303172797 513.4451073097919 507.9475769925122
540.0 5.63698280303682 515.4827488688161 509.8457660657793
541.0 6.127081201740331 509.5300899327098 503.4030087309695
542.0 6.428291404175481 507.0086394026494 500.5803479984739
543.0 6.810660817389788 510.4445361776665 503.6338753602767
544.0 6.666283403378975 523.2680115719176 516.6017281685387
545.0 7.515145143971429 498.9541728126103 491.4390276686389
546.0 7.265715740029668 496.0036519959386 488.7379362559089
547.0 8.923348442048377 463.619115685846 454.6957672437977
548.0 8.308341842608952 526.7523947909186 518.4440529483097
549.0 9.389948025464508 542.2840677449242 532.8941197194597
550.0 6.948750936698865 518.4915105692286 511.5427596325297
551.0 11.37575366551014 431.901189072265 420.5254354067548
552.0 11.44347091818977 437.5444355683952 426.1009646502055
553.0 10.51856980833764 446.8120951863554 436.2935253780178
554.0 9.991360327841767 457.8398573820929 447.8484970542511
555.0 9.252715718307904 500.2734565123251 491.0207407940172
556.0 12.06062069245783 435.5009136539007 423.4402929614429
557.0 14.53687493767225 417.5447998589475 403.0079249212753
558.0 10.76890728089859 446.2797971605659 435.5108898796673
559.0 11.3684435853049 442.3874578730273 431.0190142877224
560.0 14.70015298009345 420.660708286486 405.9605553063925
561.0 17.2278691354407 400.9965353278611 383.7686661924204
562.0 19.67061412819845 383.1006519998804 363.430037871682
563.0 17.98327982630909 394.5571118817566 376.5738320554475
564.0 18.75214254586867 392.3865156343425 373.6343730884738
565.0 15.56784749176464 414.8959543851674 399.3281068934027
566.0 19.51375349529547 381.3062611565991 361.7925076613036
567.0 20.78533780024471 377.7307442160633 356.9454064158186
568.0 24.36771178905477 361.5748709826615 337.2071591936067
569.0 20.78698161085028 377.7837824673711 356.9968008565208
570.0 23.72840981473775 362.5341897712001 338.8057799564623
571.0 23.90999359569156 363.2778591132428 339.3678655175512
572.0 30.69492993213997 333.8775785822845 303.1826486501445
573.0 23.9328009877932 363.7172577459927 339.7844567581995
574.0 29.39383647861023 341.2815636168947 311.8877271382845
575.0 23.37409757677321 364.6633666582701 341.2892690814969
576.0 38.47558845849191 306.256517156182 267.7809286976901
577.0 38.90747771687476 304.2863689638395 265.3788912469648
578.0 24.37331552219546 361.7221244122515 337.348808890056
579.0 32.66523648547069 329.7220863591672 297.0568498736965
580.0 52.91033246834555 261.8558267902975 208.9454943219519
581.0 42.03626823115948 295.7221276119076 253.6858593807481
582.0 47.889170437741 277.7203451250547 229.8311746873137
583.0 53.54969693747909 263.3390319768677 209.7893350393886
584.0 57.87712594733162 253.7078794632207 195.8307535158891
585.0 69.039372771415 227.1988367719854 158.1594640005704
586.0 67.34943910285833 231.3505096219349 164.0010705190766
587.0 66.50741852152275 233.5925729735796 167.0851544520568
588.0 67.35755749439434 231.491996818667 164.1344393242727
591.0 78.62886443822462 205.722137 127.0932725617754
