0.0 9.600852054171605 809.6719719713529 800.0711199171813
1.0 8.323808971009731 806.4171889328865 798.0933799618768
2.0 7.568777916327764 806.7167419527734 799.1479640364457
3.0 7.012497756550191 806.2620493320568 799.2495515755066
4.0 6.612093421745261 807.3765908457601 800.7644974240148
5.0 6.250051802733023 805.9230887422219 799.6730369394888
6.0 5.959028094987997 804.7492321271876 798.7902040321996
7.0 5.707590487125014 804.7807631070327 799.0731726199077
8.0 5.508980380148732 804.0915327518968 798.5825523717481
9.0 5.340349629428873 803.3439353335218 798.0035857040929
10.0 5.172194588191449 802.5979513056629 797.4257567174714
11.0 5.082476304267194 802.8567706391903 797.7742943349231
12.0 4.948345159763132 801.6552055847905 796.7068604250273
13.0 4.853811415740485 801.2995970285549 796.4457856128144
14.0 4.766061775136524 800.5706081198683 795.8045463447318
15.0 4.693647544865005 800.3153487205892 795.6217011757242
16.0 4.62957433053971 799.9158620776562 795.2862877471165
17.0 4.58185639974379 799.8127205838236 795.2308641840798
18.0 4.532829649931915 798.9958451621854 794.4630155122535
19.0 4.48557170417993 798.4528291712851 793.9672574671052
20.0 4.445182171533486 797.7181425879471 793.2729604164137
21.0 4.412600284348202 797.371104924417 792.9585046400688
22.0 4.382424387025058 797.068738553274 792.686314166249
23.0 4.348105696606349 796.208513610494 791.8604079138876
24.0 4.324932444671702 795.9319467785894 791.6070143339177
25.0 4.28017518136442 795.4057811345314 791.1256059531669
26.0 4.281087381064134 795.1946151204606 790.9135277393964
27.0 4.254362601238015 794.6888617858361 790.4344991845981
28.0 4.22387078392208 794.1039913627711 789.880120578849
29.0 4.208504906398598 793.6066056159703 789.3981007095717
30.0 4.194402052172501 793.3118443669896 789.1174423148171
31.0 4.169332205532671 792.6915032314751 788.5221710259424
32.0 4.166959349532722 792.2917147269237 788.124755377391
33.0 4.151573934970324 792.1569566272921 788.0053826923218
34.0 4.127487974266176 791.4180085028436 787.2905205285774
35.0 4.130287766858051 791.3105012855716 787.1802135187136
36.0 4.108470791443752 790.6726943337697 786.5642235423259
37.0 4.096871410916296 790.2121095322509 786.1152381213346
38.0 4.091291553735754 790.1117015106071 786.0204099568714
39.0 4.082879832721671 789.7633775863812 785.6804977536595
40.0 4.075387912405246 788.9374132271617 784.8620253147565
41.0 4.074130501023434 788.8082708104394 784.7341403094159
42.0 4.068805780544436 788.0207738441596 783.9519680636152
43.0 4.062010359251389 787.541080656329 783.4790702970776
44.0 4.056663705752119 786.9195217073726 782.8628580016204
45.0 4.054295355196838 786.5647172927844 782.5104219375875
46.0 4.055337938435205 786.1504403699362 782.095102431501
47.0 4.057708284168844 785.7779842218076 781.7202759376388
48.0 4.050663661232747 785.3294478062751 781.2787841450424
49.0 4.057396860789657 785.0152847681357 780.9578879073461
50.0 4.050726434637814 784.2214007454875 780.1706743108497
51.0 4.046543535152935 783.4945003299471 779.4479567947942
52.0 4.057693924761535 783.1548117591975 779.097117834436
53.0 4.043176923536996 782.3311314611532 778.2879545376162
54.0 4.059572222036787 782.0511333305389 777.9915611085021
55.0 4.076483377724936 782.2284210505373 778.1519376728124
56.0 4.075883868363646 781.4157897424161 777.3399058740525
57.0 4.091497646084854 780.9550377017801 776.8635400556952
58.0 4.093520347808474 780.1194079678106 776.0258876200021
59.0 4.101780645017891 779.5964100044362 775.4946293594184
60.0 4.126546261164021 779.2235106356047 775.0969643744407
61.0 4.126293348268638 778.4062563471207 774.2799629988521
62.0 4.148842979369237 778.343373634124 774.1945306547547
63.0 4.162566996927358 777.7721230372656 773.6095560403383
64.0 4.182931545740564 777.1176073412642 772.9346757955236
65.0 4.212250307927114 776.7992472304875 772.5869969225604
66.0 4.219862150895197 775.6078806734134 771.3880185225182
67.0 4.249462960824467 775.9479312390188 771.6984682781944
68.0 4.25926738202691 774.8812210730897 770.6219536910628
69.0 4.295073845316618 774.7736332263219 770.4785593810052
70.0 4.31315202480348 774.2990510919573 769.9858990671538
71.0 4.3288706308028 773.3400783338544 769.0112077030516
72.0 4.36137927959594 772.8522242047988 768.4908449252029
73.0 4.382105215989232 772.3682993793295 767.9861941633403
74.0 4.439129241857033 772.3442405401375 767.9051112982804
75.0 4.443776097169936 771.554816872827 767.1110407756571
76.0 4.474739141535926 771.067734935779 766.592995794243
77.0 4.501678812524487 770.7223094297746 766.2206306172501
78.0 4.539488469342003 769.9423109702924 765.4028225009503
79.0 4.5669019990128 769.726684034538 765.1597820355252
80.0 4.587281724570254 769.1218705316341 764.5345888070639
81.0 4.63756873941221 768.0316105230208 763.3940417836086
82.0 4.628315621556169 767.2189965151744 762.5906808936183
83.0 4.686796545567146 766.9289355008744 762.2421389553073
84.0 4.733773438248839 766.7906590642136 762.0568856259647
85.0 4.762090316049052 765.9146719110073 761.1525815949582
86.0 4.794789814558986 765.2862229910773 760.4914331765183
87.0 4.840385158285953 765.5860053864894 760.7456202282035
88.0 4.859564463186563 764.1085214138234 759.2489569506368
89.0 4.926391549320075 763.9251488083014 758.9987572589813
90.0 4.961517212774716 762.9531950676728 757.9916778548981
91.0 4.993560993976105 762.7653275331485 757.7717665391724
92.0 5.019147760073343 761.1869180537938 756.1677702937205
93.0 5.071773451365586 760.5935554847409 755.5217820333753
94.0 5.148117367757648 760.5478699544142 755.3997525866565
95.0 5.186861120043649 760.9118651281534 755.7250040081097
96.0 5.214604093635704 758.73280276703 753.5181986733943
97.0 5.247320807566257 758.7543255627281 753.5070047551618
98.0 5.358327774304997 758.3011884979336 752.9428607236286
99.0 5.395735996967911 757.5602557288073 752.1645197318394
100.0 5.484008738357266 758.7929204105943 753.308911672237
101.0 5.55209222122816 757.5779549000917 752.0258626788636
102.0 5.582329215299704 755.7419075481774 750.1595783328777
103.0 5.675323152899034 755.9225014322241 750.2471782793251
104.0 5.741638593919272 755.7648608936446 750.0232222997254
105.0 5.816617515038013 755.4940442563626 749.6774267413246
106.0 5.87100844921321 753.2535445692544 747.3825361200412
107.0 5.949074431613796 754.771210270732 748.8221358391182
108.0 5.972855441447639 751.9943848832901 746.0215294418425
109.0 6.073120487697586 751.7006034491128 745.6274829614152
110.0 6.17372437075064 753.60690990206 747.4331855313093
111.0 6.20213014658773 751.4692443203892 745.2671141738015
112.0 6.299092684386116 752.3963241940273 746.0972315096412
113.0 6.424707121129059 751.0455774114121 744.6208702902831
114.0 6.471539310670107 751.1880725115902 744.7165332009201
115.0 6.526077685035564 748.996601780366 742.4705240953304
116.0 6.602388965400816 749.4491545637372 742.8467655983364
117.0 6.611411602748883 748.116860664689 741.5054490619402
118.0 6.717821505188456 749.7813916108823 743.0635701056939
119.0 6.736351335424124 747.889159902569 741.1528085671449
120.0 6.928478448560907 747.6657786851073 740.7373002365464
121.0 6.848779019592786 745.6298370229149 738.7810580033221
122.0 6.919864718021791 745.127776452052 738.2079117340303
123.0 7.029725681254678 743.9269575559137 736.897231874659
124.0 6.98169722946019 744.8782791999656 737.8965819705054
125.0 7.12519564852809 745.2838128653967 738.1586172168686
126.0 7.297125746296766 746.4451534143184 739.1480276680217
127.0 7.181008613910418 744.8113927028384 737.630384088928
128.0 7.24353255452195 745.970551271346 738.7270187168241
129.0 7.305911689889843 740.8005840219917 733.4946723321019
130.0 7.334954053044601 744.0275534341338 736.6925993810892
131.0 7.402623171743068 745.5243172405221 738.121694068779
132.0 7.43316952137486 743.0169982576633 735.5838287362885
133.0 7.539718588376655 745.0627021819236 737.5229835935469
134.0 7.510900909020205 742.055209701634 734.5443087926138
135.0 7.500154763928438 743.3601869498688 735.8600321859404
136.0 7.522761662056005 742.5330820190105 735.0103203569545
137.0 7.593633877533353 740.4202316041415 732.8265977266082
138.0 7.422683706624926 741.0977915681502 733.6751078615253
139.0 7.57404874432485 740.3924804546883 732.8184317103635
140.0 7.770789178690282 743.3571142653719 735.5863250866816
141.0 7.627169727446763 737.3742632825455 729.7470935550987
142.0 7.613489384794429 737.4724769584128 729.8589875736184
143.0 7.548478412960831 736.7684910590461 729.2200126460853
144.0 7.544313105336171 736.6348397884246 729.0905266830884
145.0 7.670846630519695 741.3136034170467 733.642756786527
146.0 7.683115535882742 740.3913666686339 732.7082511327512
147.0 7.686844698780145 738.4494233429195 730.7625786441394
148.0 7.522094276338711 734.4176273944446 726.8955331181058
149.0 7.663226995708908 736.4839439019038 728.8207169061949
150.0 7.701652906729531 737.1132356084172 729.4115827016876
151.0 7.615942414026349 734.3587980917983 726.7428556777719
152.0 7.580312095412957 730.6697364661543 723.0894243707413
153.0 7.558719705215972 731.9173150883561 724.3585953831401
154.0 7.591173142512858 731.8062286163948 724.2150554738819
155.0 7.596415881534292 731.6707533066456 724.0743374251113
156.0 7.580443797455177 732.9130249471863 725.3325811497311
157.0 7.620603363401587 732.5449452512667 724.9243418878651
158.0 7.646564560479749 730.2091555444883 722.5625909840085
159.0 7.574486712400388 729.5240794662318 721.9495927538314
160.0 7.51943666246657 728.7018139735467 721.1823773110802
161.0 7.583309739219794 725.410864819157 717.8275550799372
162.0 7.663336397811219 727.5725886597672 719.909252261956
163.0 7.590841151527997 727.0177627987283 719.4269216472003
164.0 7.634259843798916 728.3247028509123 720.6904430071134
165.0 7.605613003585097 729.2987039546186 721.6930909510335
166.0 7.454988464028374 726.5090783032477 719.0540898392193
167.0 7.460441131942032 726.7085647046012 719.2481235726591
168.0 7.598991666834918 722.0336573307293 714.4346656638943
169.0 7.357038473774171 717.8808503129785 710.5238118392044
170.0 7.495358328147926 724.8483649489799 717.353006620832
171.0 7.440944574799753 721.8865416850043 714.4455971102045
172.0 7.658485492469691 724.1574399515762 716.4989544591065
173.0 7.526612777133847 724.62632833538 717.0997155582462
174.0 7.482115422081733 724.4084028367425 716.9262874146608
175.0 7.670939197833576 721.5886342396246 713.917695041791
176.0 7.542521000646486 717.5519083854393 710.0093873847929
177.0 7.535869128375811 722.4213740276728 714.885504899297
178.0 7.676133875663333 721.3610208602908 713.6848869846275
179.0 7.413178790462002 720.1275994674736 712.7144206770116
180.0 7.463521831338281 720.4984296041747 713.0349077728364
181.0 7.577377596155131 720.9528507569456 713.3754731607905
182.0 7.513608479481924 716.0526635816336 708.5390551021517
183.0 7.344930281239764 714.1677907142373 706.8228604329975
184.0 7.470796131174385 719.5528882943842 712.0820921632099
185.0 7.550177798216807 716.9996861910171 709.4495083928003
186.0 7.478377626342 717.6466939118602 710.1683162855182
187.0 7.562192316143661 717.201898274154 709.6397059580103
188.0 7.371495523366926 712.1373067792326 704.7658112558656
189.0 7.410214651353372 716.6628780575755 709.2526634062221
190.0 7.510846637651242 713.9709907226138 706.4601440849626
191.0 7.262575988758357 711.6313550912731 704.3687791025147
192.0 7.526105836062493 718.66254412781 711.1364382917475
193.0 7.492220895578731 710.8337936066413 703.3415727110626
194.0 7.455738698615351 707.6374291040012 700.1816904053858
195.0 7.472190549082425 714.6751320395492 707.2029414904668
196.0 7.418117022809195 707.5356377443029 700.1175207214937
197.0 7.528440994816345 712.2739239025773 704.745482907761
198.0 7.296279277648192 706.7543967074459 699.4581174297977
199.0 7.551027422971103 708.4429512586281 700.891923835657
200.0 7.525268181174891 713.2490695694298 705.7238013882549
201.0 7.388582330293153 702.6430580714009 695.2544757411078
202.0 7.356180171769388 708.8568779827836 701.5006978110142
203.0 7.295275720329348 705.0920983309152 697.7968226105858
204.0 7.318055983237206 705.1188386933422 697.800782710105
205.0 7.517187614934798 708.6812859821336 701.1640983671988
206.0 7.414977187267794 704.0822134796835 696.6672362924157
207.0 7.50886743173796 701.278689677365 693.769822245627
208.0 7.338711159467882 701.9721268529745 694.6334156935066
209.0 7.367060389835408 704.2294565353912 696.8623961455558
210.0 7.249895198725644 696.4417927498612 689.1918975511355
211.0 7.390976972906787 706.252611696772 698.8616347238652
212.0 7.381551131465371 700.3988437232567 693.0172925917914
213.0 7.482241003006731 705.6758418034303 698.1936008004235
214.0 7.435923277628694 702.7348534714845 695.2989301938558
215.0 7.474703244060536 704.9583278781294 697.4836246340688
216.0 7.242954993033477 703.0322004435022 695.7892454504688
217.0 7.395276749491163 700.3121927624946 692.9169160130034
218.0 7.45940991468207 699.5545213760772 692.0951114613951
219.0 7.232364610360096 697.4561798512208 690.2238152408607
220.0 7.448268533122305 702.0056223619638 694.5573538288415
221.0 7.28171774775517 697.0816255977962 689.799907850041
222.0 7.31591548378987 699.4282433127435 692.1123278289537
223.0 7.207318480470695 697.1030428191664 689.8957243386957
224.0 7.294476833205782 693.5015536899246 686.2070768567188
225.0 7.468330288689862 699.6889508060987 692.2206205174088
226.0 7.382027029345745 695.880446617931 688.4984195885852
227.0 7.246872300483284 699.2740108976108 692.0271385971275
228.0 7.486402607483563 698.2349544205115 690.748551813028
229.0 7.334873906005549 693.7477676268242 686.4128937208186
230.0 7.301302355516139 693.9936866086119 686.6923842530957
231.0 7.275275110335721 694.1190611938208 686.843786083485
232.0 7.179194129474616 688.7513717356069 681.5721776061323
233.0 7.134791681153411 690.6402100363039 683.5054183551505
234.0 7.276940170547859 692.584601183719 685.3076610131712
235.0 7.380966349627517 691.6027035881594 684.2217372385319
236.0 7.153444225760949 690.9683262821437 683.8148820563828
237.0 7.27097553849964 693.0773469498347 685.806371411335
238.0 7.289325129709311 691.934201292007 684.6448761622977
239.0 7.080637738481009 689.3119922370821 682.2313544986011
240.0 7.095420682158589 694.091781986699 686.9963613045404
241.0 7.136178661279096 686.2278938448381 679.091715183559
242.0 7.131837089800745 690.8861760409046 683.7543389511039
243.0 7.244071770462261 690.7381370402622 683.4940652697999
244.0 7.220334624215377 691.0471263611879 683.8267917369725
245.0 7.30816710152572 691.7306611335726 684.4224940320469
246.0 7.288328852088555 688.20157377335 680.9132449212614
247.0 6.975587263738518 691.5490155083941 684.5734282446556
248.0 7.013525849122848 687.2983468415632 680.2848209924404
249.0 7.121691435637686 684.715787978335 677.5940965426973
250.0 7.142134309295938 686.6935468370414 679.5514125277454
251.0 6.854872309742887 684.9250660316236 678.0701937218807
252.0 7.046866178067537 683.0895411527093 676.0426749746418
253.0 6.945759198343281 686.4934610589599 679.5477018606166
254.0 7.047148719586582 683.4121675646754 676.3650188450888
255.0 6.85692462385475 679.5244014917246 672.6674768678699
256.0 6.81871995651705 681.5114721783631 674.6927522218461
257.0 6.753136248073332 680.0980314157463 673.3448951676729
258.0 6.855511647816781 681.1081827557557 674.2526711079389
259.0 6.85224695737106 684.7412903140975 677.8890433567264
260.0 6.827407394992401 687.0299315520795 680.2025241570871
261.0 6.652278115674209 679.7774434541135 673.1251653384392
262.0 6.620165134227787 680.8403575446545 674.2201924104267
263.0 6.818430157648544 680.045673819623 673.2272436619745
264.0 6.548626658732215 680.1831078787026 673.6344812199704
265.0 6.620836620449629 676.5187903503886 669.897953729939
266.0 6.61081113524439 678.609310520865 671.9984993856206
267.0 6.530959511432338 676.2904298471694 669.7594703357371
268.0 6.532957129836002 678.9634163351401 672.4304592053041
269.0 6.510750806886503 679.3239754105491 672.8132246036626
270.0 6.439097149027304 673.3590038651617 666.9199067161344
271.0 6.402306201297061 680.0549817545656 673.6526755532685
272.0 6.36313754839057 677.7393616206136 671.3762240722231
273.0 6.338262684369193 671.5200602729934 665.1817975886242
274.0 6.329787581987817 676.0005361857692 669.6707486037814
275.0 6.245254539289513 672.8581077725341 666.6128532332446
276.0 6.200620250907954 670.5356732488366 664.3350529979287
277.0 6.246718691427937 675.8084233181235 669.5617046266956
278.0 6.13495859961542 675.5624139276948 669.4274553280793
279.0 5.969193092770759 669.3632537302045 663.3940606374338
280.0 6.148089357526944 673.1050694735771 666.9569801160501
281.0 6.038188893292296 669.7072266467103 663.669037753418
282.0 6.039693547169979 669.6672976247828 663.6276040776128
283.0 5.920001110547826 669.9575975660858 664.0375964555379
284.0 6.057705832682152 670.8668418963382 664.809136063656
285.0 5.951796300214701 672.7849178168026 666.8331215165879
286.0 5.867582664194835 669.3349187222132 663.4673360580184
287.0 5.870327704219425 668.3821219063032 662.5117942020838
288.0 5.796925422647733 667.6740763141954 661.8771508915476
289.0 5.699453159796862 664.4330083190966 658.7335551592997
290.0 5.682641965539027 665.8843126307674 660.2016706652284
291.0 5.646079321534308 665.4450054867139 659.7989261651796
292.0 5.621555595768519 665.4670647444622 659.8455091486937
293.0 5.566126287238368 662.2745078109513 656.7083815237129
294.0 5.665306921623186 665.6332265436967 659.9679196220735
295.0 5.493670428510029 662.4294741121891 656.9358036836791
296.0 5.457288617241535 662.1941558669501 656.7368672497086
297.0 5.412724886593772 663.47604008245 658.0633151958563
298.0 5.37221018331814 662.0449450819586 656.6727348986405
299.0 5.472227866590028 663.6222785745128 658.1500507079228
300.0 5.387187548490133 661.5038089173787 656.1166213688886
301.0 5.306953769457431 657.2021719476102 651.8952181781527
302.0 5.245688662470689 662.278535827899 657.0328471654283
303.0 5.177071298568297 659.5082273742789 654.3311560757106
304.0 5.232696801876123 659.5514157788309 654.3187189769548
305.0 5.058373909749509 656.5654737435313 651.5070998337818
306.0 5.049867134863959 658.0135911273381 652.9637239924742
307.0 5.048100257657453 657.0451488993966 651.9970486417391
308.0 5.018741295955963 657.2054005691311 652.1866592731751
309.0 4.909248138218057 654.0413906627208 649.1321425245027
310.0 4.846631211796413 653.2296872449115 648.3830560331151
311.0 4.81856139165191 655.0862705597823 650.2677091681304
312.0 4.851966609483429 654.7479818715239 649.8960152620405
313.0 4.846622534047406 653.3792411999915 648.5326186659441
314.0 4.728951110186475 651.9035871848717 647.1746360746852
315.0 4.630515803926022 651.438766196394 646.808250392468
316.0 4.755644844994323 653.0261512230515 648.2705063780572
317.0 4.600003025455106 653.1201803729046 648.5201773474495
318.0 4.541489995723978 650.1309090982184 645.5894191024945
319.0 4.59986396943752 651.4511634298114 646.8512994603739
320.0 4.543315032400733 648.9514973295872 644.4081822971865
321.0 4.516784198590659 651.2635793205513 646.7467951219606
322.0 4.452823112221862 649.636515197988 645.1836920857662
323.0 4.319217196358229 647.0644977973097 642.7452806009515
324.0 4.346475046123164 648.5271450440513 644.1806699979281
325.0 4.253046262387673 648.8148418074969 644.5617955451093
326.0 4.251829490301341 646.7534142239305 642.5015847336292
327.0 4.226171319717785 646.1127721062445 641.8866007865267
328.0 4.170364377785482 645.1437900674261 640.9734256896406
329.0 4.064453828235662 644.1589091799269 640.0944553516912
330.0 4.107766011231004 644.4572985563359 640.3495325451049
331.0 4.070799595213858 644.8259388687868 640.755139273573
332.0 4.035966399033657 642.2955691893646 638.259602790331
333.0 3.955832297395635 643.5186083350023 639.5627760376067
334.0 3.905092374611583 640.7906316706891 636.8855392960776
335.0 3.838020697159152 641.2503920044964 637.4123713073372
336.0 3.829062982809096 641.873871942284 638.0448089594749
337.0 3.802672481650864 640.5516124388706 636.7489399572197
338.0 3.723982362366005 640.0352593117733 636.3112769494073
339.0 3.646928293485836 637.4283429035325 633.7814146100467
340.0 3.686009940052809 639.8687263871218 636.182716447069
341.0 3.623418986121573 637.5874980344773 633.9640790483557
342.0 3.528757148253516 635.7400818660756 632.2113247178221
343.0 3.508056591426813 636.9344082234714 633.4263516320445
344.0 3.504413568487844 637.0370002914126 633.5325867229247
345.0 3.436394375464916 635.457570293965 632.0211759185001
346.0 3.373489409393541 634.0505480726205 630.677058663227
347.0 3.360627327563527 635.281170258728 631.9205429311644
348.0 3.329192892570761 634.5734105677637 631.244217675193
349.0 3.238382967221638 632.773796717197 629.5354137499754
350.0 3.203589648008366 633.1059092420909 629.9023195940825
351.0 3.183555043220335 632.0679484065467 628.8843933633264
352.0 3.140309100990992 632.0559335116596 628.9156244106686
353.0 3.113246858928719 631.1297532475627 628.016506388634
354.0 3.043419307410696 631.3357998330238 628.2923805256131
355.0 3.008060238788193 628.8515831389486 625.8435229001604
356.0 2.980667776609531 629.359591754435 626.3789239778255
357.0 2.916189299003679 627.1054092690169 624.1892199700132
358.0 2.893580961863685 627.293799261311 624.4002182994473
359.0 2.839550518703924 628.3524201292253 625.5128696105213
360.0 2.879033823157294 627.2534654860844 624.3744316629271
361.0 2.754107141564986 625.8336024498636 623.0794953082986
362.0 2.737295936682829 626.1090076576686 623.3717117209858
363.0 2.70176648648475 625.9759503365274 623.2741838500426
364.0 2.684216932093796 626.1617808149397 623.4775638828459
365.0 2.645068288039193 624.2860114614198 621.6409431733806
366.0 2.577135662480952 624.0347310400431 621.4575953775621
367.0 2.545005918194261 623.0274157042755 620.4824097860812
368.0 2.517506568459986 622.7968128722493 620.2793063037894
369.0 2.471517468755077 622.5335731018902 620.0620556331351
370.0 2.435289736541215 621.8531001667529 619.4178104302116
371.0 2.405634439803278 620.5978843061054 618.1922498663022
372.0 2.345564092996106 620.1029272259834 617.7573631329872
373.0 2.276575246273559 619.8241156465076 617.547540400234
374.0 2.272660139807996 619.7895778026787 617.5169176628707
375.0 2.224489888565733 619.0424125361858 616.8179226476201
376.0 2.185971007111649 617.6346391794144 615.4486681723028
377.0 2.151032199645774 617.1410518464127 614.9900196467669
378.0 2.120607646805172 617.1321401810945 615.0115325342893
379.0 2.059024452432239 615.9267077049075 613.8676832524753
380.0 2.041384899350238 616.2320828561336 614.1906979567834
381.0 1.999483103867063 615.6620587138898 613.6625756100227
382.0 1.95155655407234 614.4971062072626 612.5455496531903
383.0 1.937372981834161 614.4871402135723 612.5497672317381
384.0 1.889559541257749 613.6068463003525 611.7172867590947
385.0 1.842536316319149 612.6926335708133 610.8500972544941
386.0 1.823282041179041 612.4880492544445 610.6647672132655
387.0 1.761787803795642 610.9875241304058 609.2257363266102
388.0 1.760418829479924 611.1425479625915 609.3821291331115
389.0 1.699133461354446 610.1562162701649 608.4570828088105
390.0 1.678220967035897 609.8321272680302 608.1539063009943
391.0 1.603185695370744 608.641739839827 607.0385541444563
392.0 1.571295040186441 608.6907754567441 607.1194804165576
393.0 1.568027553311475 608.2937550698294 606.7257275165179
394.0 1.533988688710226 607.4958729776747 605.9618842889645
395.0 1.487647645254207 606.967829045696 605.4801814004418
396.0 1.442685297286577 605.9258404542949 604.4831551570083
397.0 1.408610299353915 605.9356485723913 604.5270382730374
398.0 1.36446159567159 604.9101315541866 603.545669958515
399.0 1.339845400014375 604.0552380666808 602.7153926666665
400.0 1.326680024083747 603.6457777615408 602.319097737457
401.0 1.282438932309263 603.295948075875 602.0135091435658
402.0 1.263166564770447 602.8577439687196 601.5945774039491
403.0 1.219089502874351 602.2459997886992 601.0269102858248
404.0 1.180057225259385 601.7829062875891 600.6028490623297
405.0 1.150824219688854 600.572860829043 599.4220366093542
406.0 1.133573624854227 600.6148539093989 599.4812802845447
407.0 1.069003685725964 599.5185721119325 598.4495684262065
408.0 1.07064646936396 599.6371346649516 598.5664881955876
409.0 1.020584658761187 598.633861685979 597.6132770272179
410.0 0.9761393144417615 597.6705105104045 596.6943711959628
411.0 0.9585501329542548 597.4181664731894 596.4596163402352
412.0 0.9149030492581329 596.537710341622 595.6228072923639
413.0 0.8947283320704883 596.4619422147054 595.5672138826349
414.0 0.8719313799871382 595.7466164220527 594.8746850420656
415.0 0.827862442592506 595.2200483426268 594.3921859000343
416.0 0.8032214574753824 594.4747491786264 593.671527721151
417.0 0.7559632582407709 593.6947039039006 592.9387406456599
418.0 0.7516380985569382 593.6580491088995 592.9064110103425
419.0 0.714897884447395 592.9666166575839 592.2517187731365
420.0 0.6904682397910008 592.2014013933881 591.5109331535971
421.0 0.6600874339363517 591.1247006602282 590.4646132262918
422.0 0.6240374414256231 590.8512190395398 590.2271815981141
423.0 0.6042018279347546 590.0432364828926 589.4390346549579
424.0 0.5649232071027685 589.450970674262 588.8860474671592
425.0 0.5559278643793811 589.0905444015965 588.5346165372171
426.0 0.5190567433564771 588.1774733533693 587.6584166100129
427.0 0.4888323377306846 587.5758274928026 587.086995155072
428.0 0.4670670993608089 587.1768802864321 586.7098131870712
429.0 0.432802716597172 586.5543265674685 586.1215238508713
430.0 0.423549079491757 585.5333185037373 585.1097694242455
431.0 0.401204436644249 585.1637771242185 584.7625726875743
432.0 0.3782644691171824 584.59830638572 584.2200419166028
433.0 0.3396955111000371 583.5444034205598 583.2047079094597
434.0 0.3303411570737457 583.6047858980049 583.2744447409311
435.0 0.2944784382278543 582.4596839933037 582.1652055550758
436.0 0.2893811097091395 582.1983125471524 581.9089314374432
437.0 0.2605633587213093 581.6525836716884 581.3920203129671
438.0 0.2372256686307382 580.3013082521208 580.0640825834901
439.0 0.237810290217342 580.6036412104896 580.3658309202723
440.0 0.2101504648088281 579.5668139180065 579.3566634531977
441.0 0.1894844387045171 578.7849965999946 578.5955121612901
442.0 0.1613791953776605 578.4735171726811 578.3121379773034
443.0 0.1532711785082559 577.5658494320999 577.4125782535916
444.0 0.1319817015916667 577.0827695307204 576.9507878291287
445.0 0.1294020329060691 576.1652532316656 576.0358511987595
446.0 0.1061986440007048 575.5001347543723 575.3939361103716
447.0 0.09983115454847175 575.396027222637 575.2961960680885
448.0 0.07720184406354509 574.5567687996876 574.479566955624
449.0 0.0735468318048218 573.9309548734277 573.8574080416229
450.0 0.05788523353307218 573.1618457848213 573.1039605512882
451.0 0.04707096736345583 572.6847942337928 572.6377232664294
452.0 0.04980182736512277 571.9594069394653 571.9096051121001
453.0 0.03368310836573356 571.1438268784322 571.1101437700664
454.0 0.02802769477296398 571.0178407621148 570.9898130673419
455.0 0.03102852434672881 570.0787430137292 570.0477144893825
456.0 0.01566346713383036 569.664808846645 569.6491453795112
457.0 0.0100595222507079 568.9592098698459 568.9491503475952
458.0 0.007485499540892976 568.3347754255624 568.3272899260215
459.0 0.006169187502774343 567.6497668362202 567.6435976487174
460.0 0 566.9513866369052 566.9513866369052
461.0 0.006035684076089176 566.1940442660746 566.1880085819985
462.0 0.01062258561694059 565.7167020838089 565.7060794981919
463.0 0.007718885772296111 565.044411306815 565.0366924210427
464.0 0.02046845368373013 564.8154305459981 564.7949620923143
465.0 0.01265912918920216 563.5247222873486 563.5120631581594
466.0 0.02641736266259873 563.2323992541389 563.2059818914763
467.0 0.02428166553153255 562.561262750854 562.5369810853224
468.0 0.0403045766035689 562.0566616964614 562.0163571198578
469.0 0.06700729726584856 561.6584319994255 561.5914247021597
470.0 0.05860172535162886 560.7245928638831 560.6659911385315
471.0 0.08784618439000728 560.1609840227508 560.0731378383608
472.0 0.0900709876301992 559.5762108273231 559.4861398396929
473.0 0.1183556210971449 559.1341338004251 559.015778179328
474.0 0.1161007356444971 558.2327164622253 558.1166157265808
475.0 0.1502926856887774 557.576187926778 557.4258952410892
476.0 0.1663206508422606 556.9231532779528 556.7568326271105
477.0 0.2104330374482651 556.8450361079827 556.6346030705344
478.0 0.213245703099933 555.9821550569581 555.7689093538582
479.0 0.2348279883948067 554.9289364343904 554.6941084459956
480.0 0.2486442727755675 554.3878256103251 554.1391813375495
481.0 0.2902548604522531 554.2694470915738 553.9791922311215
482.0 0.3208171995396778 553.8460840318152 553.5252668322756
483.0 0.360111280263283 552.9585004990721 552.5983892188088
484.0 0.3748417686003102 552.3980649077001 552.0232231390998
485.0 0.4248036467640825 552.0932751031675 551.6684714564034
486.0 0.4913580837440015 551.3624297671892 550.8710716834452
487.0 0.5209949608515267 550.7959207837639 550.2749258229124
488.0 0.5273477562266909 550.557212779059 550.0298650228323
489.0 0.5846334101675961 549.5008777774825 548.9162443673149
490.0 0.6276820864403936 549.686317352633 549.0586352661926
491.0 0.6900611476961627 548.7925424497676 548.1024813020715
492.0 0.7730233651240789 547.8231979615126 547.0501745963885
493.0 0.7804701911804142 547.4114189353298 546.6309487441494
494.0 0.8612197723412982 546.4992962061021 545.6380764337608
495.0 0.9295918933156776 546.7154507253781 545.7858588320624
496.0 0.9572855859264058 545.6141639945164 544.65687840859
497.0 1.031235879585368 545.0730684017039 544.0418325221185
498.0 1.091163577359248 544.6114855633932 543.520321986034
499.0 1.18125370489731 544.0874452962784 542.9061915913811
500.0 1.229531908513511 543.039995073066 541.8104631645525
501.0 1.33342898267829 543.2952265588876 541.9617975762093
502.0 1.409274040172902 542.6975774382858 541.2883033981129
503.0 1.489969079272847 541.3749974667235 539.8850283874506
504.0 1.531070021784652 540.6135358734644 539.0824658516798
505.0 1.640774692171545 540.8913249867335 539.250550294562
506.0 1.719187554529141 541.1809069743531 539.461719419824
507.0 1.797521036826928 540.3573183092236 538.5597972723967
508.0 1.920667061210143 539.223058606274 537.3023915450638
509.0 2.037731072714202 539.6075170790864 537.5697860063722
510.0 2.121713348024528 539.3823403009172 537.2606269528926
511.0 2.233291656493814 537.7567628929738 535.52347123648
512.0 2.294249279115727 537.3074153994051 535.0131661202893
513.0 2.462790534508667 537.1157980363292 534.6530075018205
514.0 2.527521606129296 535.9309730753361 533.4034514692068
515.0 2.654670564361172 535.3158816287726 532.6612110644114
516.0 2.803701134846197 535.0895977168538 532.2858965820077
517.0 2.997982473610004 534.8257441643498 531.8277616907398
518.0 3.003896021587528 533.3805798387263 530.3766838171388
519.0 3.172222987420704 534.2271761598945 531.0549531724738
520.0 3.228005565486953 533.46674215303 530.2387365875431
521.0 3.439586602723208 533.813195744768 530.3736091420448
522.0 3.574604570698758 532.6026577536577 529.0280531829589
523.0 3.843914486533444 532.6709543594998 528.8270398729663
524.0 3.969652490945257 530.9960193317957 527.0263668408505
525.0 4.197701280361993 532.8755561754451 528.6778548950831
526.0 4.250728894645669 530.8626619347139 526.6119330400682
527.0 4.472214106599607 528.25981622456 523.7876021179604
528.0 4.655738951565217 527.7431298544689 523.0873909029037
529.0 4.848793518012872 529.3637983096923 524.5150047916794
530.0 4.907037135820501 529.6088449375888 524.7018078017683
531.0 5.09513958870382 524.891547011891 519.7964074231872
532.0 5.236916393529051 525.7348702579095 520.4979538643805
533.0 5.206466848974377 525.3025478653811 520.0960810164067
534.0 5.589412831396551 528.1320071629595 522.5425943315629
535.0 5.632741439744098 527.1793973888249 521.5466559490808
536.0 6.123159714663241 524.1784999201825 518.0553402055193
537.0 6.352904922366051 526.7506262232455 520.3977213008794
538.0 6.992018073658331 520.303828267719 513.3118101940607
539.0 6.505209947907019 524.9901965778139 518.4849866299069
540.0 6.580962713516924 528.5946331823955 522.0136704688786
541.0 7.246154672827511 521.8994010568427 514.6532463840152
542.0 7.504661509211006 528.0548077948873 520.5501462856763
543.0 7.729096008993816 535.6390014607909 527.909905451797
544.0 7.41201476163154 539.389512340801 531.9774975791695
545.0 8.777991368395785 521.0681325409672 512.2901411725714
546.0 8.6957044890181 510.6904924372499 501.9947879482318
547.0 11.34744456341161 466.7379606079822 455.3905160445706
548.0 9.057754252601164 536.5383398423661 527.4805855897649
549.0 9.526912733872961 566.5065018201994 556.9795890863265
550.0 7.912024960255849 527.8447659617864 519.9327410015305
551.0 14.65870262867585 433.3381138705542 418.6794112418784
552.0 14.57888987352096 439.7980297017193 425.2191398281983
553.0 13.41470139002011 448.3236898364153 434.9089884463952
554.0 12.60124990108766 459.60757195064 447.0063220495523
555.0 10.81147030148251 501.5328083455404 490.7213380440579
556.0 15.26917732291378 437.1288895238777 421.8597122009639
557.0 18.24432307495858 419.206556667182 400.9622335922235
558.0 13.69393929209045 447.0687858236565 433.3748465315661
559.0 14.39876491499584 443.5116158398989 429.1128509249031
560.0 18.34983106671873 421.2122200890801 402.8623890223614
561.0 21.41176057404296 402.1701080257949 380.7583474517519
562.0 24.35975796376518 383.6617752595368 359.3020172957716
563.0 22.35605443601056 394.743174655409 372.3871202193985
564.0 23.19189325114983 392.9371320734067 369.7452388222568
565.0 19.38177146947266 415.2956998538386 395.9139283843659
566.0 24.24577847544865 381.6487813941526 357.4030029187039
567.0 25.63422686028115 378.1983075764121 352.5640807161309
568.0 29.70389763305546 361.6441631828736 331.9402655498181
569.0 25.63500402715152 378.2230160817708 352.5880120546193
570.0 29.02457826546828 362.6852493802514 333.6606711147831
571.0 29.19209617911704 363.4463795714001 334.2542833922831
572.0 36.85964589309626 334.1698810213521 297.3102351282559
573.0 29.20691160772121 363.7202590777467 334.5133474700255
574.0 35.34746518286945 341.4428536038145 306.095388420945
575.0 28.60934257294019 364.8343026493122 336.224960076372
576.0 45.50597905537745 306.4952959863277 260.9893169309502
577.0 45.9978067948098 304.4281938339201 258.4303870391103
578.0 29.70697816240837 361.7221339757391 332.0151558133307
579.0 38.98334453690502 329.7221209907257 290.7387764538207
580.0 61.37971146743464 261.9799885044639 200.6002770370292
581.0 49.41405185915542 295.7221336561071 246.3080817969517
582.0 55.84978060393046 277.7211303347279 221.8713497307974
583.0 61.99901135063141 263.4166685970456 201.4176572464142
584.0 66.66840165294052 253.7132502432261 187.0448485902856
585.0 78.75007555180259 227.2829342385023 148.5328586866997
586.0 76.91740524515923 231.434444249911 154.5170390047518
587.0 76.00071548876854 233.6227653008345 157.622049812066
588.0 76.92278205435421 231.5356145601124 154.6128325057582
591.0 89.09966074501943 205.722137 116.6224762549805
