0.0 9.203762373097175 810.7852887954954 801.5815264223983
1.0 7.930003310003404 807.630547987389 799.7005446773855
2.0 7.173181670952144 807.9226855036931 800.7495038327409
3.0 6.61668847155719 807.5142626709296 800.8975741993724
4.0 6.213811432397427 808.5031267534191 802.2893153210217
5.0 5.853574093736052 807.1137817628507 801.2602076691147
6.0 5.563990170347816 806.0143207917166 800.4503306213688
7.0 5.312136740124878 805.9692244512518 800.6570877111269
8.0 5.114355630446304 805.2877284619791 800.1733728315327
9.0 4.946696236273273 804.5573951181864 799.6106988819131
10.0 4.779526778650045 803.8100856354132 799.0305588567632
11.0 4.689218583817424 804.0641480439912 799.3749294601737
12.0 4.556895499155251 802.8750897204239 798.3181942212687
13.0 4.462807133583606 802.5185870112832 798.0557798776996
14.0 4.376156336933953 801.7822415882274 797.4060852512934
15.0 4.304055517691683 801.5246306665835 797.2205751488918
16.0 4.240558497165193 801.119488601731 796.8789301045658
17.0 4.19294847824569 801.0005126106085 796.8075641323629
18.0 4.145211094861441 800.2056211904338 796.0604100955724
19.0 4.098813224477896 799.6445663367395 795.5457531122616
20.0 4.059580411214373 798.9400989308412 794.8805185196268
21.0 4.027542327630427 798.5838695577216 794.5563272300911
22.0 3.997845066521828 798.2640178246836 794.2661727581618
23.0 3.964910121144624 797.4308502266159 793.4659401054712
24.0 3.942180976517949 797.1399220132665 793.1977410367485
25.0 3.898239814744788 796.6183680737435 792.7201282589987
26.0 3.899521757890294 796.3975930640239 792.4980713061336
27.0 3.873601505897701 795.9050482867881 792.0314467808904
28.0 3.84405617993922 795.3177969754815 791.4737407955423
29.0 3.829494351254496 794.8404322154561 791.0109378642016
30.0 3.815878598701085 794.5351524558928 790.7192738571917
31.0 3.791814042911424 793.9250035340901 790.1331894911786
32.0 3.790109304137365 793.5356151618209 789.7455058576835
33.0 3.774941887146112 793.3836221711109 789.6086802839647
34.0 3.752074136853489 792.6443962354398 788.8923220985863
35.0 3.755078140893953 792.5181224335158 788.7630442926218
36.0 3.734298352415972 791.8942926354827 788.1599942830668
37.0 3.723451983257511 791.4475527161341 787.7241007328766
38.0 3.718056228874924 791.3208128245448 787.6027565956699
39.0 3.710227510124735 790.9677805534769 787.2575530433522
40.0 3.704116515979959 790.1577500845347 786.4536335685547
41.0 3.703092429285404 790.0105004267867 786.3074079975013
42.0 3.699083856184732 789.2419972266194 785.5429133704347
43.0 3.693077394175925 788.781590234714 785.0885128405381
44.0 3.688774063309768 788.1678763096305 784.4791022463207
45.0 3.687024138286339 787.7919594236603 784.1049352853739
46.0 3.688780266897073 787.3706394539296 783.6818591870326
47.0 3.691783321391444 787.0049634649898 783.3131801435984
48.0 3.685499605098806 786.5460660155494 782.8605664104506
49.0 3.692791906766615 786.2176380452719 782.5248461385053
50.0 3.687436654668969 785.4539030344133 781.7664663797444
51.0 3.6844951817991 784.71535255319 781.0308573713909
52.0 3.696248246694204 784.3695840564878 780.6733358097936
53.0 3.683085435527321 783.5741355360522 779.8910501005249
54.0 3.699978890948738 783.3018676161297 779.601888725181
55.0 3.71666487723741 783.4233877302714 779.706722853034
56.0 3.717438679798523 782.6223958108334 778.9049571310349
57.0 3.733858733126319 782.1679004419087 778.4340417087823
58.0 3.737280892134514 781.3642214435271 777.6269405513926
59.0 3.746459596081702 780.8256408548186 777.0791812587369
60.0 3.771896294022482 780.4601393402385 776.688243046216
61.0 3.773031082938362 779.6478954726497 775.8748643897113
62.0 3.795746925420272 779.5606773558645 775.7649304304442
63.0 3.810473970792568 778.9820467332756 775.171572762483
64.0 3.831962473734501 778.357164089195 774.5252016154605
65.0 3.861886259074739 778.0243251396712 774.1624388805965
66.0 3.871519802913503 776.8573809691507 772.9858611662372
67.0 3.900635890753338 777.1458762622992 773.2452403715459
68.0 3.912236538369135 776.1229474958132 772.2107109574441
69.0 3.948312515987103 775.9862897211125 772.0379772051253
70.0 3.967235136611227 775.5053559340443 771.538120797433
71.0 3.984602382571448 774.5602650069633 770.5756626243918
72.0 4.017976989394632 774.0965226273384 770.0785456379438
73.0 4.039574651465563 773.5984027847409 769.5588281332753
74.0 4.096751153890484 773.557594715256 769.4608435613655
75.0 4.10273661973706 772.7843036235429 768.6815670038059
76.0 4.134613228848493 772.2617110686411 768.1270978397926
77.0 4.162184376600907 771.9191927200043 767.7570083434034
78.0 4.201351147642081 771.1812515464584 766.9799003988163
79.0 4.229206223006372 770.9338677893054 766.7046615662991
80.0 4.250650515125286 770.3292710334208 766.0786205182955
81.0 4.302850498336387 769.2743987211415 764.9715482228051
82.0 4.294940432804717 768.4913125471612 764.1963721143565
83.0 4.354058466208036 768.1508914464137 763.7968329802056
84.0 4.401352089822246 768.0113374537327 763.6099853639105
85.0 4.431195539613848 767.1519071960348 762.7207116564209
86.0 4.464991801223289 766.557402774348 762.0924109731247
87.0 4.510200274578177 766.8031926163531 762.2929923417749
88.0 4.531929326621073 765.3262578473864 760.7943285207653
89.0 4.599173000057084 765.1537845284847 760.5546115284276
90.0 4.635994519352113 764.2049775779912 759.5689830586391
91.0 4.668458121847386 763.9643956043439 759.2959374824965
92.0 4.696690319088297 762.4869390965937 757.7902487775054
93.0 4.750446288026114 761.859377213622 757.1089309255959
94.0 4.82697195442146 761.8444092173778 757.0174372629563
95.0 4.865219493488346 762.1402253711099 757.2750058776215
96.0 4.896690251079874 759.9982839749434 755.1015937238635
97.0 4.929468400678554 759.9713210821225 755.0418526814439
98.0 5.04137700026583 759.5865670088385 754.5451900085727
99.0 5.080175684887964 758.7711162437701 753.6909405588821
100.0 5.166529632590449 759.9672770049582 754.8007473723678
101.0 5.23676425766694 758.7928581403893 753.5560938827224
102.0 5.270064529602037 757.0921906361618 751.8221261065598
103.0 5.362976445277261 757.1944546676096 751.8314782223323
104.0 5.42969701404768 757.0093742645278 751.5796772504801
105.0 5.505270703722774 756.732258927617 751.2269882238942
106.0 5.563518163497113 754.553491051173 748.9899728876759
107.0 5.639213854591584 755.9752845692822 750.3360707146906
108.0 5.667706923079962 753.2674418792094 747.5997349561294
109.0 5.768633612530039 752.9843520105295 747.2157183979995
110.0 5.866223092121867 754.8186292186995 748.9524061265776
111.0 5.898267978882694 752.7411042789592 746.8428363000766
112.0 5.993926985732425 753.5396503526179 747.5457233668855
113.0 6.12198777000042 752.2686003195886 746.1466125495882
114.0 6.168658756173425 752.4078992574303 746.2392405012569
115.0 6.226937478993217 750.3173717729019 744.0904342939087
116.0 6.302670676045927 750.6972190137259 744.39454833768
117.0 6.313949071655807 749.3984428595718 743.084493787916
118.0 6.417855420137077 750.886568856683 744.468713436546
119.0 6.439516393920972 749.1397744217725 742.7002580278515
120.0 6.632330553264193 748.9408130716441 742.3084825183799
121.0 6.55606881831134 746.7839729537728 740.2279041354615
122.0 6.627967569046466 746.4715746891578 739.8436071201113
123.0 6.740009588187532 745.3323155765368 738.5923059883493
124.0 6.690467863445351 746.061342706268 739.3708748428226
125.0 6.833406119926785 746.5975943122772 739.7641881923504
126.0 7.003749798881195 747.6457982351566 740.6420484362754
127.0 6.890169683968637 746.0649795925351 739.1748099085664
128.0 6.950932976501901 747.1015546357796 740.1506216592777
129.0 7.021862080724504 742.3574888514477 735.3356267707232
130.0 7.045730886856782 745.2624093349175 738.2166784480608
131.0 7.111014313988724 746.7034225625245 739.5924082485358
132.0 7.145780831961985 744.3154691797482 737.1696883477862
133.0 7.249144841552863 746.2224815265875 738.9733366850347
134.0 7.225366811800535 743.2564489283262 736.0310821165256
135.0 7.212345181260704 744.5999589373777 737.387613756117
136.0 7.23650882435188 743.6474267459329 736.410917921581
137.0 7.310780073672174 741.9058901836611 734.5951101099889
138.0 7.138693902474453 742.2237458850759 735.0850519826015
139.0 7.291419124043887 741.634207665146 734.3427885411021
140.0 7.483436904296851 744.6053253875674 737.1218884832706
141.0 7.34958647018869 738.8314057554135 731.4818192852248
142.0 7.335895411132301 738.7216761716051 731.3857807604728
143.0 7.27197047385428 738.0204330179645 730.7484625441102
144.0 7.267942543267484 737.9823604195028 730.7144178762353
145.0 7.386951708790806 742.3932607571303 735.0063090483395
146.0 7.400876827397521 741.3961974650131 733.9953206376156
147.0 7.407727592740707 739.6793009902364 732.2715733974957
148.0 7.249544407553577 735.6729793495268 728.4234349419732
149.0 7.387410940475807 737.7222983429602 730.3348874024844
150.0 7.424765583827196 738.4261012728091 731.0013356889819
151.0 7.343742623476093 735.5095572817998 728.1658146583237
152.0 7.314198975974672 731.9824536166736 724.6682546406989
153.0 7.290432702150344 733.2412519735727 725.9508192714224
154.0 7.323390547716672 732.8272660470325 725.5038754993158
155.0 7.328702589971696 732.8906949377159 725.5619923477442
156.0 7.310674820262698 734.0281861919024 726.7175113716397
157.0 7.351588999059303 733.5925111072181 726.2409221081588
158.0 7.381377814407856 731.4799740546985 724.0985962402907
159.0 7.310451092500042 730.6765554205898 723.3661043280897
160.0 7.256741097141148 729.8135362067748 722.5567951096336
161.0 7.326132101447081 726.7559271866695 719.4297950852224
162.0 7.402434932060799 729.1191889351963 721.7167540031355
163.0 7.330675415225173 728.6619943633357 721.3313189481106
164.0 7.372266919903741 729.5969461312062 722.2246792113025
165.0 7.342086723567659 730.3663366885252 723.0242499649575
166.0 7.195900863666128 727.6406224339539 720.4447215702878
167.0 7.201024121292232 727.8410356938849 720.6400115725927
168.0 7.347495682637713 723.490738247037 716.1432425643993
169.0 7.111886964619354 719.7103515572485 712.5984645926292
170.0 7.239255013297375 725.8813357245948 718.6420807112974
171.0 7.189668197038562 723.0655902167184 715.8759220196799
172.0 7.403732346062817 725.3123139847752 717.9085816387124
173.0 7.27078943733541 725.8359771450013 718.5651877076659
174.0 7.226580396560597 725.6264658352552 718.3998854386946
175.0 7.420278935498205 723.0917342336498 715.6714552981515
176.0 7.298760613667603 718.7809646719921 711.4822040583245
177.0 7.283958657572613 723.4652726969613 716.1813140393887
178.0 7.426104165950432 722.5982203175581 715.1721161516077
179.0 7.164859436961958 721.2968408641009 714.131981427139
180.0 7.214754821469192 721.5533992559506 714.3386444344814
181.0 7.327927028382827 722.1292166746001 714.8012896462173
182.0 7.27228662862828 717.3582739958609 710.0859873672326
183.0 7.106352578161374 715.6791046539875 708.5727520758261
184.0 7.223718144908799 720.532621917811 713.3089037729022
185.0 7.306892205503354 718.7794951162269 711.4726029107236
186.0 7.234409049040574 718.7979230646183 711.5635140155778
187.0 7.31894249859667 718.5674053736468 711.2484628750501
188.0 7.136658738283103 713.3783250008157 706.2416662625326
189.0 7.167883795445614 717.7254662759804 710.5575824805348
190.0 7.273251986219006 715.0582410069903 707.7849890207713
191.0 7.028165360238361 713.1614924946848 706.1333271344464
192.0 7.28062839369444 719.654744649914 712.3741162562196
193.0 7.259872399939427 712.0006416815455 704.740769281606
194.0 7.228659059320623 708.940371875529 701.7117128162083
195.0 7.233321612425169 715.7729350692514 708.5396134568262
196.0 7.191164306759854 708.8148210919966 701.6236567852367
197.0 7.293820995431479 713.2982321909351 706.0044111955036
198.0 7.070381529918345 708.1138196085656 701.0434380786473
199.0 7.322693510418536 709.7932944793395 702.4706009689209
200.0 7.288880674850016 714.392585383998 707.103704709148
201.0 7.169459273542492 704.4464930224623 697.2770337489198
202.0 7.127131567164741 709.8316806089665 702.7045490418018
203.0 7.071896460567482 706.814192066115 699.7422956055475
204.0 7.09494482798279 706.5217579783907 699.4268131504079
205.0 7.288553578717305 709.841582331741 702.5530287530237
206.0 7.194050940197045 705.1850406820556 697.9909897418585
207.0 7.292499024579537 702.8261408036619 695.5336417790824
208.0 7.120950820714424 703.4277012306107 696.3067504098963
209.0 7.145307414443929 705.9102881978978 698.7649807834538
210.0 7.041260436199928 698.0637304698037 691.0224700336038
211.0 7.166089693859648 707.6178259387837 700.451736244924
212.0 7.166716422084011 701.6512206239092 694.4845042018252
213.0 7.258697425395083 706.8018778773277 699.5431804519326
214.0 7.217382354606365 703.7765825727905 696.5592002181841
215.0 7.25232871690313 706.1277522182025 698.8754235012993
216.0 7.023613073472995 704.03612563878 697.012512565307
217.0 7.180439005535364 701.7685941657534 694.588155160218
218.0 7.245886607387705 701.1133249054225 693.8674382980348
219.0 7.021993401602862 699.052333980377 692.0303405787742
220.0 7.231012971801322 703.0227887368814 695.7917757650801
221.0 7.072465225584406 698.218163050941 691.1456978253566
222.0 7.102778073427682 700.4982361289483 693.3954580555206
223.0 6.997814132128214 698.3430412965768 691.3452271644486
224.0 7.090873461081522 695.18467811904 688.0938046579585
225.0 7.254964766985286 700.8132980263755 693.5583332593902
226.0 7.174650902422059 697.4140193511512 690.2393684487291
227.0 7.033868827953581 700.357968315437 693.3240994874834
228.0 7.27545831036519 699.4596823473251 692.1842240369599
229.0 7.131316084177548 694.9699857469505 687.8386696627729
230.0 7.096784344992812 695.7754343752246 688.6786500302318
231.0 7.07097995035954 695.3486469898347 688.2776670394751
232.0 6.983853510505938 690.0088421533765 683.0249886428706
233.0 6.936030358296269 692.0432720518032 685.1072416935069
234.0 7.075260439820636 693.8160726347488 686.7408121949282
235.0 7.181167488631715 692.7973877460514 685.6162202574197
236.0 6.954353070434815 692.1451388763644 685.1907858059296
237.0 7.068484620930921 694.261983929399 687.1934993084681
238.0 7.088760250552171 693.1823014536154 686.0935412030633
239.0 6.884233546576768 690.5005810559576 683.6163475093809
240.0 6.891058207367169 695.0930052319321 688.2019470245649
241.0 6.944927342144767 687.6464251019898 680.7014977598451
242.0 6.932768433203317 692.1559258147732 685.2231573815699
243.0 7.045478448460452 691.9732476731252 684.9277692246647
244.0 7.021191778558862 692.2601528687764 685.2389610902175
245.0 7.107932164860944 693.0365745369639 685.928642372103
246.0 7.094057241910386 689.5253019747362 682.4312447328259
247.0 6.775337749933902 692.5657570408286 685.7904192908947
248.0 6.820447224211374 688.474611309253 681.6541640850416
249.0 6.933191954333677 685.9007708730325 678.9675789186988
250.0 6.950114778850085 688.0939230469296 681.1438082680796
251.0 6.665446063103368 686.2433228684445 679.5778768053412
252.0 6.860960137821551 684.3318964313034 677.4709362934819
253.0 6.754015663823088 687.5793188883675 680.8253032245444
254.0 6.860770156076159 684.5600842684742 677.6993141123981
255.0 6.676475260763073 681.1068402484271 674.430364987664
256.0 6.635095830098036 682.7757382811139 676.1406424510158
257.0 6.57180576026554 681.3614834552704 674.7896776950049
258.0 6.672339034079106 682.7179926180927 676.0456535840136
259.0 6.663150904596189 686.0338681256425 679.3707172210464
260.0 6.634503081000586 688.1660022607054 681.5314991797048
261.0 6.471177531397366 681.2091431586031 674.7379656272057
262.0 6.437405981899844 682.0324796383718 675.595073656472
263.0 6.637289437294051 681.3210807401274 674.6837913028333
264.0 6.366925879355908 681.3044495345424 674.9375236551865
265.0 6.445264230956306 677.9165497559795 671.4712855250232
266.0 6.431772163316263 679.8764986407278 673.4447264774115
267.0 6.355764599686007 677.5224057589864 671.1666411593004
268.0 6.353142173766392 680.2730203289929 673.9198781552266
269.0 6.330505334573798 680.3771671409021 674.0466618063283
270.0 6.26850134034181 674.86721605029 668.5987147099482
271.0 6.220656774551888 681.0785211237164 674.8578643491646
272.0 6.18525859195598 678.888824525235 672.703565933279
273.0 6.17077779025968 672.8557383273367 666.684960537077
274.0 6.154882865171232 677.0707052127644 670.9158223475932
275.0 6.075457243971279 674.0478246179067 667.9723673739354
276.0 6.034550412284624 671.9036413109926 665.869090898708
277.0 6.072072250887541 676.7939889705532 670.7219167196656
278.0 5.960544558045577 676.5434401058052 670.5828955477596
279.0 5.804718512719768 670.7396936654287 664.9349751527089
280.0 5.977618548403216 674.3940052842092 668.416386735806
281.0 5.873266620859849 671.060292563571 665.1870259427112
282.0 5.874852781283766 671.0071590574825 665.1323062761988
283.0 5.754570553760702 671.1713679134148 665.4167973596541
284.0 5.890829061471639 672.2317493308476 666.340920269376
285.0 5.781687067685604 673.8996052328081 668.1179181651225
286.0 5.703000962664596 670.6904192815371 664.9874183188725
287.0 5.707415290824071 669.6900998467896 663.9826845559655
288.0 5.635305748433528 668.7346861832601 663.0993804348266
289.0 5.542905931982349 665.822434132398 660.2795282004156
290.0 5.52379993167633 667.0341773096459 661.5103773779696
291.0 5.488027518449922 666.4741077201134 660.9860802016635
292.0 5.463220485753626 666.7310245180567 661.2678040323031
293.0 5.413092243510953 663.5892890979429 658.1761968544319
294.0 5.50675562243058 666.9064029764124 661.3996473539818
295.0 5.340256800990207 663.7379245075234 658.3976677065331
296.0 5.304269774307578 663.4362059778997 658.1319362035921
297.0 5.25746661813567 664.695107763032 659.4376411448964
298.0 5.219221726115888 663.380033173857 658.1608114477411
299.0 5.316805736037159 664.8604537416769 659.5436480056398
300.0 5.235091951561731 662.9001833393057 657.6650913877439
301.0 5.162022968672811 658.6294267584393 653.4674037897665
302.0 5.092305354110171 663.358667427948 658.2663620738378
303.0 5.028055488878501 660.860866427816 655.8328109389375
304.0 5.083753251571273 660.8459730616093 655.762219810038
305.0 4.914231052353337 657.8472937096805 652.9330626573271
306.0 4.903328701848758 659.1949892282584 654.2916605264097
307.0 4.903143150751801 658.3018833472022 653.3987401964504
308.0 4.873498053038075 658.420411377946 653.5469133249079
309.0 4.769186303389003 655.2820997176637 650.5129134142747
310.0 4.707748172560648 654.5829742684801 649.8752260959194
311.0 4.676573005769146 656.3173717537846 651.6407987480155
312.0 4.710688096148396 655.8886364338197 651.1779483376713
313.0 4.707564392562299 654.6406577272287 649.9330933346664
314.0 4.592171693456541 653.2045062975953 648.6123346041387
315.0 4.494435132690879 652.6538136146108 648.1593784819199
316.0 4.616946333653927 654.3870277470706 649.7700814134167
317.0 4.461060896604695 654.2706077104705 649.8095468138658
318.0 4.407512093769811 651.3150090606772 646.9074969669074
319.0 4.463645865573971 652.7383575553947 648.2747116898207
320.0 4.4112997138459 650.1935366336491 645.7822369198032
321.0 4.380840124309022 652.4409733027522 648.0601331784431
322.0 4.319539726061069 650.8161360033113 646.4965962772502
323.0 4.189988641284777 648.3594556969467 644.169467055662
324.0 4.214889257119024 649.7192690190536 645.5043797619346
325.0 4.120753630557706 650.0750770538992 645.9543234233415
326.0 4.123041908544277 648.0195991549293 643.896557246385
327.0 4.09841457712569 647.3978203957164 643.2994058185907
328.0 4.044156147259378 646.4368214969879 642.3926653497285
329.0 3.939803799549707 645.3808566610516 641.4410528615019
330.0 3.982715413536515 645.6394169693955 641.656701555859
331.0 3.945042487503178 646.0266762145443 642.0816337270411
332.0 3.914451788095544 643.5068061846401 639.5923543965445
333.0 3.832112779659714 644.7126002466033 640.8804874669436
334.0 3.785832532089839 642.1025018406857 638.3166693085958
335.0 3.717874307641564 642.5472775908382 638.8294032831967
336.0 3.70792379828629 643.0733845936451 639.3654607953588
337.0 3.68364601185414 641.8604166818635 638.1767706700094
338.0 3.605756439766367 641.2814416245246 637.6756851847583
339.0 3.532970954567766 638.7229547041072 635.1899837495394
340.0 3.568014308392659 641.1018186521422 637.5338043437495
341.0 3.509140533862111 638.8932176365632 635.3840771027011
342.0 3.417480498722747 637.0284578117289 633.6109773130061
343.0 3.394741271016426 638.18566334461 634.7909220735936
344.0 3.390956030946595 638.2435190019689 634.8525629710223
345.0 3.325480004642617 636.7006050874972 633.3751250828546
346.0 3.264805481541783 635.3627126182195 632.0979071366777
347.0 3.249892461063627 636.5141411843639 633.2642487233003
348.0 3.219583357788287 635.8386200145954 632.6190366568071
349.0 3.131696631991639 634.0248635262921 630.8931668943005
350.0 3.096311595503181 634.317989866921 631.2216782714178
351.0 3.078001779222324 633.2906135872578 630.2126118080355
352.0 3.034690411889063 633.2926098111103 630.2579193992212
353.0 3.009067145304591 632.4740637799293 629.4649966346247
354.0 2.938836588719904 632.6018660495606 629.6630294608407
355.0 2.907699394960837 630.0610166924592 627.1533172974984
356.0 2.879337902073739 630.6343699341547 627.7550320320809
357.0 2.818565425016295 628.4087693449943 625.590203919978
358.0 2.795632048046776 628.5574205826186 625.7617885345718
359.0 2.73970286259807 629.6203906179861 626.8806877553881
360.0 2.781086898415668 628.5647240166957 625.7836371182801
361.0 2.658339161255217 627.1764528718375 624.5181137105823
362.0 2.641121367281555 627.3459874137257 624.7048660464441
363.0 2.605812078822842 627.1501799061161 624.5443678272933
364.0 2.587877287962455 627.3804689354407 624.7925916474783
365.0 2.55181995279433 625.5492510995702 622.9974311467759
366.0 2.484227406769509 625.2652690260026 622.7810416192331
367.0 2.453723571849431 624.2992345261546 621.8455109543052
368.0 2.426614477019789 624.0177360879035 621.5911216108837
369.0 2.380976172407769 623.7761163109565 621.3951401385487
370.0 2.345837501407351 623.1064550966995 620.7606175952921
371.0 2.318272696378063 621.8475118631474 619.5292391667693
372.0 2.258941216482633 621.3551299229292 619.0961887064465
373.0 2.190326524224579 621.0569284881277 618.8666019639031
374.0 2.186495973981451 620.9846560970692 618.7981601230877
375.0 2.139472571596877 620.2888046093277 618.1493320377308
376.0 2.103251670761229 618.9208999863751 616.8176483156138
377.0 2.069093027451484 618.4294497380104 616.3603567105589
378.0 2.03865068927959 618.3977927368106 616.359142047531
379.0 1.979013983509212 617.1952094625274 615.2161954790182
380.0 1.960851943498035 617.4678080685033 615.5069561250052
381.0 1.919852269166115 616.8956058322637 614.9757535630976
382.0 1.873827782898025 615.7314421053748 613.8576143224768
383.0 1.859645828881391 615.7113534681828 613.8517076393015
384.0 1.813207181451785 614.8820319737001 613.0688247922483
385.0 1.767684028558585 613.9410945363499 612.1734105077914
386.0 1.748716761311439 613.769237632498 612.0205208711865
387.0 1.689663954146457 612.2810323223429 610.5913683681964
388.0 1.688017851709644 612.4482720990343 610.7602542473247
389.0 1.628315805424325 611.4536178878289 609.8253020824046
390.0 1.607936095194232 611.1101934534538 609.5022573582596
391.0 1.534796059962773 609.9258333643509 608.3910373043881
392.0 1.502776271831763 609.9643188039945 608.4615425321627
393.0 1.500180745972876 609.5663663063767 608.0661855604038
394.0 1.467470638632332 608.7365569761129 607.2690863374805
395.0 1.421942986753191 608.2165545885437 606.7946116017905
396.0 1.378663072721207 607.1932460589643 605.8145829862431
397.0 1.344525211453175 607.1894174607672 605.844892249314
398.0 1.302048878215317 606.1630951519162 604.8610462737008
399.0 1.278840561536189 605.315636679294 604.0367961177579
400.0 1.266345704759746 604.9116840135081 603.6453383087483
401.0 1.22262071200562 604.567584308939 603.3449635969334
402.0 1.204086571249997 604.100297884953 602.896211313703
403.0 1.160974752556728 603.4910750158285 602.3301002632717
404.0 1.122644521188893 603.0516437756584 601.9289992544695
405.0 1.095427693863809 601.8356887660592 600.7402610721954
406.0 1.078070535450978 601.8842454756499 600.8061749401989
407.0 1.015257298489673 600.7894550307275 599.7741977322378
408.0 1.016723424120695 600.8815338643654 599.8648104402447
409.0 0.9682932597942498 599.8692728928534 598.9009796330592
410.0 0.9253813897712359 598.943042839736 598.0176614499648
411.0 0.9082123464072177 598.6670799084025 597.7588675619953
412.0 0.8659640200653343 597.8179786730852 596.9520146530199
413.0 0.8458988202587259 597.7249774292272 596.8790786089685
414.0 0.8242996312329206 596.9886144097323 596.1643147784994
415.0 0.7810492639130828 596.4661402120387 595.6850909481256
416.0 0.7576157420945746 595.7444670066929 594.9868512645983
417.0 0.7116263256188524 594.9410471606561 594.2294208350373
418.0 0.7073442944558222 594.9180391080593 594.2106948136035
419.0 0.6717385369620632 594.2042546081127 593.5325160711507
420.0 0.6485634313346724 593.4473535725031 592.7987901411684
421.0 0.6199612126173558 592.3757392967877 591.7557780841704
422.0 0.5843220854027574 592.0945174586598 591.510195373257
423.0 0.565822627607974 591.2940629824813 590.7282403548733
424.0 0.5274760917236239 590.713485426395 590.1860093346713
425.0 0.5190729537201389 590.3609665426435 589.8418935889234
426.0 0.483716957580231 589.4213403765504 588.9376234189702
427.0 0.4544776441319496 588.8062901368647 588.3518124927328
428.0 0.4333534202024053 588.4091903005637 587.9758368803613
429.0 0.400093452605215 587.7841736634313 587.3840802108261
430.0 0.3925645565539745 586.7615822864984 586.3690177299444
431.0 0.3707921980754499 586.4144378149771 586.0436456169017
432.0 0.3487797138391869 585.8456976208712 585.496917907032
433.0 0.3119301804433108 584.8037658974697 584.4918357170264
434.0 0.3024785387879773 584.8388535096835 584.5363749708955
435.0 0.268497382564941 583.7034873245623 583.4349899419974
436.0 0.2638359728405099 583.442524008738 583.1786880358975
437.0 0.2359245896682289 582.8665464890084 582.6306218993401
438.0 0.2148159464150233 581.5545313717379 581.3397154253229
439.0 0.2149086381466579 581.8305683803532 581.6156597422065
440.0 0.1889714002872649 580.7900048102697 580.6010334099824
441.0 0.1695980372743499 580.0128891064992 579.8432910692249
442.0 0.1419817105735386 579.6939604137202 579.5519787031467
443.0 0.1353992437682562 578.7947821562113 578.6593829124431
444.0 0.1149106666016319 578.2949403834596 578.1800297168579
445.0 0.113877515603469 577.3918023723143 577.2779248567108
446.0 0.09175838255676524 576.737322989617 576.6455646070602
447.0 0.08555781564073593 576.6328586120833 576.5473007964425
448.0 0.06435194654257877 575.7558249201638 575.6914729736213
449.0 0.06176587660146045 575.1196207458162 575.0578548692148
450.0 0.04736364828021886 574.3789606064298 574.3315969581496
451.0 0.0373475944334879 573.8969195126596 573.8595719182261
452.0 0.04131395963794474 573.1777247087674 573.1364107491294
453.0 0.02656154094468939 572.3569137997343 572.3303522587897
454.0 0.02113027147672902 572.2084115818991 572.1872813104223
455.0 0.02574094174882316 571.2636509339185 571.2379099921696
456.0 0.01105656526194158 570.8475188641163 570.8364622988544
457.0 0.006644141389054115 570.143338963965 570.1366948225759
458.0 0.005139198408340331 569.5074051370203 569.5022659386119
459.0 0.004978432528454965 568.833487428978 568.8285089964496
460.0 0 568.1214009043838 568.1214009043838
461.0 0.007332696155073953 567.3684036073436 567.3610709111885
462.0 0.01275325748331074 566.8761501341527 566.8633968766694
463.0 0.01099721192691633 566.1953768506109 566.184379638684
464.0 0.02416645805913492 565.9570717637262 565.9329053056671
465.0 0.01854582717680761 564.662689134528 564.6441433073512
466.0 0.03281963353762142 564.377301793792 564.3444821602543
467.0 0.03183793338810695 563.6892946970317 563.6574567636436
468.0 0.04875163447850998 563.180121484366 563.1313698498875
469.0 0.07618245729610472 562.777102177821 562.7009197205249
470.0 0.06935529045099549 561.8411197862902 561.7717644958392
471.0 0.09961513280300817 561.2713170733122 561.1717019405091
472.0 0.1028481500019564 560.6767613537976 560.5739132037957
473.0 0.1319485624857004 560.2176600037428 560.0857114412571
474.0 0.1312127899300179 559.3313901369666 559.2001773470366
475.0 0.1665835608058566 558.6723205981694 558.5057370373636
476.0 0.1837824701249055 557.9827353841218 557.7989529139969
477.0 0.2281159993654653 557.8895388645869 557.6614228652215
478.0 0.2324064694513981 557.0230320708223 556.790625601371
479.0 0.2557954180937955 555.998509147401 555.7427137293072
480.0 0.2705707741190369 555.4414520477907 555.1708812736717
481.0 0.3124747729400402 555.2985085384209 554.9860337654809
482.0 0.3438200660037344 554.863706618468 554.5198865524643
483.0 0.3846971062638171 553.9715489036084 553.5868517973446
484.0 0.4004079638118749 553.4107798030242 553.0103718392123
485.0 0.4509815920310205 553.0969832813144 552.6460016892834
486.0 0.5188890874951539 552.3725374262134 551.8536483387182
487.0 0.5495490097185734 551.7973298861592 551.2477808764406
488.0 0.5563555682164167 551.5158081689447 550.9594526007283
489.0 0.6155286953303792 550.4712704000716 549.8557417047412
490.0 0.6583340470338009 550.6571602165061 549.9988261694723
491.0 0.7223509943917514 549.7530136844689 549.0306626900772
492.0 0.8071199692741699 548.7672610958302 547.960141126556
493.0 0.8152916440498843 548.3426771125887 547.5273854685388
494.0 0.8977451192611337 547.4160147752517 546.5182696559906
495.0 0.9658558226327856 547.6434313298817 546.6775755072489
496.0 0.9954600604568901 546.557572352933 545.5621122924761
497.0 1.070487567193571 545.9814250098785 544.9109374426849
498.0 1.131324252127307 545.4957051295218 544.3643808773945
499.0 1.222442339665806 544.9934142070272 543.7709718673614
500.0 1.272616769848644 543.9110617026721 542.6384449328234
501.0 1.376274093052779 544.1446236057767 542.7683495127239
502.0 1.453265706742077 543.547762250172 542.0944965434299
503.0 1.536342436244046 542.2364338951772 540.7000914589331
504.0 1.578834792031418 541.4462127350016 539.8673779429702
505.0 1.688258659035364 541.7170322483448 540.0287735893094
506.0 1.76625897346514 542.069091798014 540.3028328245489
507.0 1.846156710958869 541.2125411077062 539.3663843967473
508.0 1.971477750530657 540.0396903700835 538.0682126195528
509.0 2.088080914665125 540.4303304564575 538.3422495417924
510.0 2.172616989681769 540.172792577594 538.0001755879122
511.0 2.287147551711474 538.5560715718484 536.2689240201369
512.0 2.348967320643771 538.1154250433921 535.7664577227483
513.0 2.518104165601777 537.9442890345284 535.4261848689266
514.0 2.585015003928007 536.6993209848948 534.1143059809668
515.0 2.713409651067132 536.1067667605063 533.3933571094392
516.0 2.863108635120232 535.8457279606357 532.9826193255155
517.0 3.058136187907262 535.6224912566271 532.5643550687199
518.0 3.066540618139254 534.1553025839089 531.0887619657697
519.0 3.233725180790142 534.9857428412553 531.7520176604651
520.0 3.290851636790584 534.2810700598982 530.9902184231076
521.0 3.502246254152678 534.5750915966465 531.0728453424938
522.0 3.639642134565163 533.263223304468 529.6235811699028
523.0 3.909154384700344 533.4968368515476 529.5876824668472
524.0 4.038040917544616 531.7272128776326 527.689171960088
525.0 4.263240648215339 533.6475555967728 529.3843149485574
526.0 4.319782483687553 531.639766015902 527.3199835322145
527.0 4.546177352383437 528.9240867013288 524.3779093489453
528.0 4.730908260111207 528.3897880994028 523.6588798392916
529.0 4.921411803859287 530.1514770175395 525.2300652136802
530.0 4.979373772458774 530.3520589241709 525.3726851517121
531.0 5.175879818173892 525.5803850248623 520.4045052066884
532.0 5.316474307697302 526.4086659663607 521.0921916586634
533.0 5.286845050391275 525.8153749973463 520.528529946955
534.0 5.665374611091166 528.9401431776336 523.2747685665424
535.0 5.71055153851852 527.8054687216751 522.0949171831565
536.0 6.206912625088535 524.8110847667229 518.6041721416343
537.0 6.432458008310078 527.6288566355528 521.1963986272427
538.0 7.083715476837456 521.0935402147959 514.0098247379585
539.0 6.588310358885292 525.5270704263114 518.9387600674261
540.0 6.657932959957018 529.2714972731029 522.6135643131459
541.0 7.335552255615466 522.7126350629558 515.3770828073404
542.0 7.583643134724227 529.2965719679298 521.7129288332056
543.0 7.795711683638918 536.6727673377625 528.8770556541236
544.0 7.471737247814322 540.391305523439 532.9195682756247
545.0 8.871334248742768 521.9621514138531 513.0908171651103
546.0 8.806851701902492 511.2773353662319 502.4704836643294
547.0 11.53836569332459 466.8853502925442 455.3469845992196
548.0 9.125840842589424 536.7099897783685 527.5841489357791
549.0 9.544682077743723 566.7482037670417 557.2035216892979
550.0 7.992531462200941 528.5378383513887 520.5453068891878
551.0 14.91221826911495 433.4226280662123 418.5104097970974
552.0 14.82123454477432 439.9174151475789 425.0961806028046
553.0 13.6405727433052 448.4032846256972 434.762711882392
554.0 12.80650757871082 459.6927677926906 446.8862602139798
555.0 10.94230740017226 501.5577758564981 490.6154684563258
556.0 15.5172750415538 437.2132187648195 421.6959437232657
557.0 18.52801855222033 419.2940703530514 400.766051800831
558.0 13.92245402640021 447.1136044079832 433.191150381583
559.0 14.63452571488771 443.5734204394045 428.9388947245168
560.0 18.63034319622498 421.2369717993123 402.6066286030873
561.0 21.72989808118496 402.2305806107191 380.5006825295341
562.0 24.71447251959562 383.6937099316996 358.979237412104
563.0 22.68849695370501 394.7523439543858 372.0638470006808
564.0 23.52882023631523 392.9651815853234 369.4363613490082
565.0 19.67412557229301 415.3149672558345 395.6408416835415
566.0 24.6037383598537 381.6687863995698 357.0650480397161
567.0 26.00042337970515 378.2263320380922 352.2259086583871
568.0 30.10524949261805 361.6475117929288 331.5422623003108
569.0 26.00116088349218 378.2497536398863 352.2485927563941
570.0 29.42299392823654 362.6948901081719 333.2718961799354
571.0 29.58950117580685 363.4552836868949 333.8657825110881
572.0 37.31998040428086 334.1876325726461 296.8676521683653
573.0 29.60388279270697 363.7203795359106 334.1164967432036
574.0 35.79284120409282 341.4515694507595 305.6587282466667
575.0 29.00338865529702 364.8452498340481 335.8418611787511
576.0 46.02819144789803 306.5102680764072 260.4820766285092
577.0 46.5243833204663 304.4375558507976 257.9131725303313
578.0 30.10820531401961 361.7221342613264 331.6139289473068
579.0 39.45488919938491 329.7221222238784 290.2672330244935
580.0 62.0048069976975 261.9882622009605 199.983455203263
581.0 49.96128765479468 295.7221338875628 245.7608462327681
582.0 56.43864623317391 277.7211697837963 221.2825235506224
583.0 62.62271739143296 263.42143740915 200.798720017717
584.0 67.31659671433156 253.7135373146304 186.3969406002988
585.0 79.46387450062664 227.2882275048554 147.8243530042288
586.0 77.62100985516473 231.439526927813 153.8185170726483
587.0 76.69903326307269 233.6245809115191 156.9255476484464
588.0 77.62622550853572 231.5383155242187 153.912090015683
591.0 89.86782602219032 205.722137 115.8543109778097
