0.0 8.410141537366918 813.0235288415602 804.6133873041933
1.0 7.142441447124764 810.068197739553 802.9257562924282
2.0 6.382087172983844 810.3377258639386 803.9556386909548
3.0 5.824948248640058 810.0106611996172 804.1857129509771
4.0 5.417733737787576 810.7711649780539 805.3534312402663
5.0 5.06079243733577 809.4998060933856 804.4390136560499
6.0 4.773733933433977 808.5314468745367 803.7577129411028
7.0 4.521410423155048 808.3534740985847 803.8320636754296
8.0 4.325254416623485 807.6828994692338 803.3576450526103
9.0 4.159457141412418 806.9819363799172 802.8224792385048
10.0 3.99426342449138 806.2334743224696 802.2392108979783
11.0 3.902805056182949 806.4743677663005 802.5715627101176
12.0 3.774027269615132 805.3151837436029 801.5411564739877
13.0 3.680838401489471 804.9539701158554 801.2731317143659
14.0 3.596417599557396 804.2065370436113 800.6101194440539
15.0 3.524958032536231 803.9425014517122 800.4175434191759
16.0 3.462642695918821 803.5257930909869 800.0631503950681
17.0 3.415328966792957 803.3753088980218 799.9599799312288
18.0 3.370058609141629 802.6240670165554 799.2540084074138
19.0 3.325468101067732 802.030330889128 798.7048627880602
20.0 3.288404310231931 801.3796245415547 798.0912202313227
21.0 3.257493252596025 801.0100414447861 797.7525481921901
22.0 3.228840611467755 800.6565593626148 797.4277187511471
23.0 3.198541473601619 799.8731096503749 796.6745681767733
24.0 3.176767707043701 799.5577217176281 796.3809540105844
25.0 3.134437958126729 799.0434486497672 795.9090106916404
26.0 3.136500601175286 798.8088646934201 795.6723640922448
27.0 3.112130224666003 798.3370996355342 795.2249694108681
28.0 3.084489200843227 797.7455854070467 794.6610962062035
29.0 3.071435345769419 797.3068716941292 794.2354363483598
30.0 3.058846678968534 796.9810972505603 793.9222505715918
31.0 3.036744179436405 796.3889606021556 793.3522164227192
32.0 3.036324214846393 796.01930072982 792.9829765149736
33.0 3.0216816681675 795.8321532600441 792.8104715918766
34.0 3.001247397252328 795.0954085058423 792.09416110859
35.0 3.004746576312251 794.9377620488233 791.933015472511
36.0 2.985978094842631 794.3362979208539 791.3503198260113
37.0 2.976570060788083 793.9150920245674 790.9385219637793
38.0 2.971671992402754 793.739228465607 790.7675564732043
39.0 2.965035507950471 793.3752053976927 790.4101698897422
40.0 2.961600854508384 792.599916224708 789.6383153701996
41.0 2.961134502372317 792.4172880548059 789.4561535524336
42.0 2.95966612910634 791.6835299860593 788.7238638569529
43.0 2.95514634777361 791.2566986217418 788.3015522739681
44.0 2.952883300460106 790.6629827371656 787.7100994367055
45.0 2.952476117543478 790.2461560310283 787.2936799134849
46.0 2.955694431969169 789.8113823056284 786.8556878736592
47.0 2.959930623467881 789.4575569263162 786.4976263028484
48.0 2.955221939489484 788.9777913755409 786.0225694360514
49.0 2.96369695580781 788.6265558225401 785.6628588667323
50.0 2.960825558387608 787.9179823414363 784.9571567830487
51.0 2.960417609978951 787.1622097136057 784.2017921036268
52.0 2.973411909743367 786.8009812607234 783.82756935098
53.0 2.962820915499469 786.0567838862177 783.0939629707182
54.0 2.980676630959927 785.7962839222926 782.8156072913327
55.0 2.997180256978123 785.8176778265104 782.8204975695323
56.0 3.000645088293448 785.0374120657104 782.0367669774169
57.0 3.018643878304773 784.5966861216128 781.578042243308
58.0 3.024712123661451 783.8498692238155 780.825157100154
59.0 3.035804013000396 783.2823153090468 780.2465112960464
60.0 3.062547685815862 782.9297301032952 779.8671824174793
61.0 3.066428006735431 782.1305804070739 779.0641524003385
62.0 3.089601570880941 781.9938814084621 778.9042798375812
63.0 3.106366757460332 781.4043273861009 778.2979606286405
64.0 3.129966873577595 780.8285268878676 777.69856001429
65.0 3.161163381740464 780.47440172698 777.3132383452395
66.0 3.17471773198782 779.3549006537108 776.180182921723
67.0 3.203119327170265 779.5459041962058 776.3427848690356
68.0 3.218101362643174 778.602098504998 775.3839971423548
69.0 3.254851106857592 778.4165733740651 775.1617222672075
70.0 3.275501957783843 777.9181701781216 774.6426682203377
71.0 3.296095906216674 777.0006735385954 773.7045776323787
72.0 3.331079799065417 776.5847945611387 773.2537147620732
73.0 3.35449503758828 776.0571545300408 772.7026594924525
74.0 3.412058977057547 775.9849944298244 772.5729354527669
75.0 3.420651924151572 775.2351118625374 771.8144599383859
76.0 3.454513300792557 774.657878453455 771.2033651526625
77.0 3.483343966231583 774.3132939799621 770.8299500137305
78.0 3.525019024363746 773.6534354085096 770.1284163841459
79.0 3.553905532511586 773.3519893603155 769.7980838278039
80.0 3.577486527013034 772.7418887016914 769.1644021746784
81.0 3.633329383776428 771.7596640587578 768.1263346749814
82.0 3.627966982541193 771.0270179858401 767.399051003299
83.0 3.688601790818548 770.5959748267385 766.90737303592
84.0 3.73653465342128 770.4541923240356 766.7176576706143
85.0 3.769343364999373 769.6303159248126 765.8609725598132
86.0 3.805179308206605 769.0902272010795 765.2850478928729
87.0 3.849883367518952 769.2323243471101 765.3824409795911
88.0 3.876694290873214 767.766652266524 763.8899579756508
89.0 3.944725141755219 767.6095973986328 763.6648722568776
90.0 3.984822900019978 766.7052170926167 762.7203941925968
91.0 4.018385681652677 766.3657469757099 762.3473612940572
92.0 4.051427915459658 765.0664032080191 761.0149752925595
93.0 4.107598922931103 764.3844481622992 760.2768492393681
94.0 4.184331931584545 764.4303448367915 760.2460129052069
95.0 4.221938987257639 764.5869404262337 760.365001438976
96.0 4.260677797512125 762.5181399096348 758.2574621121227
97.0 4.293794810145674 762.4159169074623 758.1221220973166
98.0 4.407193032373304 762.1435061568543 757.7363131244809
99.0 4.449122238134389 761.2001338811571 756.7510116430227
100.0 4.531833349565714 762.3173735665434 757.7855402169777
101.0 4.606167516375839 761.2210623614729 756.614894845097
102.0 4.644928060490548 759.7743939586594 755.1294658981689
103.0 4.738060152500069 759.730570082511 754.9925099300109
104.0 4.805723975849036 759.495425976588 754.689702000739
105.0 4.882510773271248 759.2114963594361 754.3289855861649
106.0 4.948168986948961 757.1476022915396 752.1994333045906
107.0 5.019596651402078 758.3890392547335 753.3694426033314
108.0 5.057170250353194 755.8133419831506 750.7561717327974
109.0 5.159380487463733 755.5415852699825 750.3822047825188
110.0 5.251295115617607 757.2413340456188 751.9900389300012
111.0 5.290306230227266 755.2873659128289 749.9970596826017
112.0 5.383977458898678 755.8542897271838 750.4703122682851
113.0 5.516549784428684 754.7252808395274 749.2087310550988
114.0 5.562943030316986 754.8382140517296 749.2752710214127
115.0 5.628188428058492 752.9486408227879 747.3204523947294
116.0 5.703106911353026 753.2037559711705 747.5006490598174
117.0 5.718748302803212 751.9561653145435 746.2374170117403
118.0 5.818525867919697 753.1069209001518 747.2883950322321
119.0 5.845712810855489 751.6472178594868 745.8015050486313
120.0 6.039777455855435 751.4963545163476 745.4565770604921
121.0 5.970943667479381 749.1426697414323 743.1717260739529
122.0 6.043558764201333 749.16881984827 743.1252610840686
123.0 6.159632078117392 748.1642030732536 742.0045709951362
124.0 6.108196846200258 748.449458459817 742.3412616136168
125.0 6.249419556571085 749.1975561747476 742.9481366181765
126.0 6.417087568149014 750.0746860347321 743.6575984665831
127.0 6.308406672426061 748.5338245766463 742.2254179042202
128.0 6.366181876037485 749.3890814701513 743.0228995941138
129.0 6.452074238713934 745.4719891336604 739.0199148949465
130.0 6.467231901143844 747.7372988603547 741.2700669592108
131.0 6.527985214694474 749.0973297421453 742.5693445274508
132.0 6.570634882786472 746.9113055840833 740.3406707012968
133.0 6.66832241515475 748.5511555825434 741.8828331673887
134.0 6.654397854371685 745.6777449704209 739.0233471160492
135.0 6.636662499764473 747.0754289912372 740.4387664914727
136.0 6.664509452565244 745.9206242875084 739.2561148349432
137.0 6.743833798226436 744.8172576977916 738.0734238995652
138.0 6.571213217872057 744.4834639719262 737.9122507540541
139.0 6.726088135722739 744.1117269822841 737.3856388465614
140.0 6.908677589275598 747.0615880651211 740.1529104758455
141.0 6.793321660424424 741.6899025345887 734.8965808741643
142.0 6.780584915407068 741.2235594695504 734.4429745541434
143.0 6.718824663105979 740.5227732311508 733.8039485680448
144.0 6.714640686218611 740.6355455644196 733.920904878201
145.0 6.819886729728066 744.5674170412259 737.7475303114978
146.0 6.837487888408006 743.4340863987049 736.5965985102968
147.0 6.849478247986985 742.1358396369763 735.2863613889893
148.0 6.704266037372471 738.2042953104656 731.5000292730931
149.0 6.835712292857734 740.2024875629033 733.3667752700455
150.0 6.870584557082722 741.026276979832 734.1556924227492
151.0 6.799669773995538 737.8514125404837 731.0517427664881
152.0 6.781457129950409 734.6590805976393 727.8776234676888
153.0 6.753351689225467 735.8938942237175 729.140542534492
154.0 6.788799952398767 734.9192445399471 728.1304445875483
155.0 6.793268756267766 735.3576744380242 728.5644056817564
156.0 6.771705423578798 736.2561486656477 729.4844432420689
157.0 6.814424334787508 735.7203619658475 728.90593763106
158.0 6.850896590133058 733.9380933463099 727.0871967561769
159.0 6.782700960706464 733.0192863116968 726.2365853509903
160.0 6.731926226441787 732.0418758699881 725.3099496435463
161.0 6.811126686891661 729.4755318728584 722.6644051859668
162.0 6.879127618936478 732.1205005154909 725.2413728965544
163.0 6.808414998570751 731.8098730425371 725.0014580439664
164.0 6.848002568802391 732.1716176381792 725.3236150693768
165.0 6.815783057088349 732.542957134393 725.7271740773047
166.0 6.678227250260869 729.8898098546967 723.2115826044359
167.0 6.682630885251899 730.1312213756121 723.4485904903602
168.0 6.843368255750557 726.3750617748075 719.531693519057
169.0 6.618583661092322 723.3136024339421 716.6950187728498
170.0 6.727979979192439 727.9845384424866 721.2565584632942
171.0 6.687352001520716 725.4260662068729 718.7387142053521
172.0 6.894567718669305 727.636486566435 720.7419188477657
173.0 6.75920920881542 728.2666767782818 721.5074675694664
174.0 6.715532630735958 728.0749905034348 721.3594578726988
175.0 6.917744990028445 725.9618976118849 719.0441526218565
176.0 6.811186496566594 721.26636567013 714.4551791735634
177.0 6.781056227992235 725.5602857059492 718.779229477957
178.0 6.925978723446044 725.0789403427585 718.1529616193125
179.0 6.668521607095963 723.6279256248619 716.9594040177659
180.0 6.71807520347201 723.6760139590829 716.9579387556109
181.0 6.82926285911519 724.4933528192755 717.6640899601603
182.0 6.789236568847571 719.9693583781253 713.1801218092777
183.0 6.627869872232645 718.6122343592621 711.9843644870294
184.0 6.730746678043038 722.5426797200801 715.8119330420371
185.0 6.817746920421701 722.1674594380237 715.349712517602
186.0 6.746924808330325 721.0506940748872 714.3037692665568
187.0 6.831790170607727 721.2562297158854 714.4244395452777
188.0 6.666844165707759 715.9060296880355 709.2391855223277
189.0 6.684057937049647 719.8492208929781 713.1651629559284
190.0 6.798776769274528 717.2280055121133 710.4292287428388
191.0 6.557850553644765 716.1816075998464 709.6237570462016
192.0 6.790789607935478 721.6931332374767 714.9023436295412
193.0 6.795444388307771 714.3582950612843 707.5628506729765
194.0 6.774032131391675 711.5988392122718 704.8248070808802
195.0 6.756240351806775 717.9664961923199 711.2102558405131
196.0 6.736987570773492 711.373556007939 704.6365684371656
197.0 6.825615533616447 715.3425052002578 708.5168896666414
198.0 6.617909540995479 710.8297085844639 704.2117990434684
199.0 6.865434476717251 712.4634217811753 705.597987304458
200.0 6.816509852592539 716.6922544263664 709.8757445737738
201.0 6.728520106888182 707.8778212851604 701.1493011782723
202.0 6.670274946409083 711.8100760826467 705.1398011362376
203.0 6.622703985201653 710.1893006297585 703.5665966445568
204.0 6.647818869962334 709.3280496585981 702.6802307886357
205.0 6.831610643085636 712.1688736468777 705.337263003792
206.0 6.752868413602444 707.362071810239 700.6092033966365
207.0 6.858159722963795 705.8945053761574 699.0363456531936
208.0 6.684264941285319 706.3342643933682 699.6499994520828
209.0 6.699592905128717 709.1939935423846 702.4944006372559
210.0 6.622057055759033 701.2481844801942 694.6261274244352
211.0 6.715634614714811 710.3264929088228 703.610858294108
212.0 6.736933277938045 704.1408051164685 697.4038718385304
213.0 6.812086560689622 709.0770097447197 702.2649231840301
214.0 6.7812182922045 705.8751057592591 699.0938874670546
215.0 6.80792993826722 708.4250840071899 701.6171540689227
216.0 6.585976679790952 706.1035840391417 699.5176073593508
217.0 6.749624495807173 704.6543259625564 697.9047014667492
218.0 6.817126631461873 704.2418957478644 697.4247691164025
219.0 6.599462714337755 702.1751316827306 695.5756689683928
220.0 6.797509235329884 705.0979809547551 698.3004717194252
221.0 6.654360161740399 700.5309964136628 693.8766362519224
222.0 6.677308017021867 702.6314219235191 695.9541139064972
223.0 6.578694171156914 700.8510213699951 694.2723271988382
224.0 6.681455240040771 698.4692561972133 691.7878009571725
225.0 6.828679648769397 703.1135932942066 696.2849136454372
226.0 6.758362283655227 700.4573578282309 693.6989955445757
227.0 6.608571347016898 702.5369795637997 695.9284082167828
228.0 6.853537255473226 701.9369343266121 695.0833970711389
229.0 6.724232489114692 697.406222439435 690.6819899503204
230.0 6.685149326529101 699.1762682113215 692.4911188847924
231.0 6.662295632418551 697.861829046192 691.1995334137735
232.0 6.593007322695365 692.5269212287611 685.9339139060657
233.0 6.537695193330716 694.7868817320999 688.2491865387692
234.0 6.671793575816065 696.3357148921309 689.6639213163149
235.0 6.781664261545168 695.2327031514839 688.4510388899388
236.0 6.556374587283894 694.5319350807584 687.9755604934745
237.0 6.663680646530788 696.6544266067855 689.9907459602547
238.0 6.687443551219265 695.7308368761207 689.0433933249015
239.0 6.491592273461909 692.8935694999516 686.4019772264897
240.0 6.483458914163506 697.1100658784552 690.6266069642916
241.0 6.561418962213635 690.4995970162746 683.9381780540609
242.0 6.534404163952009 694.6988248785124 688.1644207145604
243.0 6.648171710631117 694.4951852057856 687.8470134951545
244.0 6.622943814088208 694.7058731312385 688.0829293171503
245.0 6.706975974494481 695.7025961151608 688.9956201406663
246.0 6.704926702277394 692.2351993736573 685.5302726713799
247.0 6.375926350769515 694.5856984843686 688.2097721335991
248.0 6.434546232298975 690.8253357961265 684.3907895638276
249.0 6.556321268087969 688.3286566639096 681.7723353958217
250.0 6.56517791882817 690.9001162466103 684.3349383277822
251.0 6.286111608777823 688.8881155775015 682.6020039687237
252.0 6.489008478953134 686.8559060929277 680.3668976139746
253.0 6.371174089414624 689.8000278825057 683.4288537930911
254.0 6.488463976294651 686.8193485503364 680.3308845740417
255.0 6.313812048906501 684.234450396541 677.9206383476345
256.0 6.267571492404288 685.3607025821199 679.0931310897156
257.0 6.208964163059782 683.8818298727677 677.6728657097079
258.0 6.304077769019818 685.9075506715235 679.6034729025036
259.0 6.284617409606567 688.6200591667408 682.3354417571342
260.0 6.249158165871803 690.4347649476718 684.1856067818
261.0 6.107980661834404 684.0337779821884 677.925797320354
262.0 6.072020110171108 684.4455044933266 678.3734843831555
263.0 6.274783352191041 683.8526685795757 677.5778852273846
264.0 6.00400988119836 683.5809773707644 677.576967489566
265.0 6.093248769573806 680.7081372784718 674.614888508898
266.0 6.073466538165072 682.4235433969845 676.3500768588195
267.0 6.005334432814293 679.9936118311617 673.9882773983474
268.0 5.993185918237778 682.8223309190145 676.8291450007767
269.0 5.970900025773547 682.4804823969533 676.5095823711798
270.0 5.925949476628253 677.8298089475545 671.9038594709262
271.0 5.858370130901105 683.1395251210781 677.281154990177
272.0 5.829882885015816 681.1934242092405 675.3635413242247
273.0 5.835246562780528 675.5278023227808 669.6925557600003
274.0 5.80581802771594 679.2469938020577 673.4411757743417
275.0 5.736005710430603 676.456696491337 670.7206907809064
276.0 5.701679051524426 674.6453762801271 668.9436972286027
277.0 5.723942001204879 678.8101606298721 673.0862186286672
278.0 5.61290730932304 678.5469620881343 672.9340547788113
279.0 5.475015894569248 673.4821640228814 668.0071481283121
280.0 5.636397653867129 676.942317255211 671.3059196013439
281.0 5.542758278825012 673.7779595799657 668.2352013011407
282.0 5.544586766880989 673.689268223712 668.144681456831
283.0 5.42372693865361 673.6306316123332 668.2069046736796
284.0 5.556414296222053 674.9291497456927 669.3727354494707
285.0 5.442010472011101 676.1471278377902 670.7051173657791
286.0 5.373192627230248 673.3902041893918 668.0170115621615
287.0 5.38115941794414 672.3146156591044 666.9334562411602
288.0 5.312864859054315 670.8875748617506 665.5747100026963
289.0 5.229022259011382 668.5702157798534 663.341193520842
290.0 5.206480258447781 669.3505735712116 664.1440933127639
291.0 5.172864189133175 668.5772801218608 663.4044159327276
292.0 5.146409615588584 669.2224433158449 664.0760337002564
293.0 5.106622797051547 666.1839142447124 661.0772914476608
294.0 5.189462795335986 669.4172338178378 664.2277710225018
295.0 5.032993869161796 666.365095465841 661.3321015966792
296.0 4.998151206533206 665.9199943077153 660.9218431011821
297.0 4.946965905122117 667.1471440869508 662.2001781818287
298.0 4.912682245974208 666.0542618125489 661.1415795665747
299.0 5.005875372044907 667.3537632650774 662.3478878930325
300.0 4.930092291936178 665.6509185606619 660.7208262687258
301.0 4.871207917146938 661.433030703284 656.5618227861371
302.0 4.786227619873994 665.5576776918063 660.7714500719323
303.0 4.729414694603247 663.5401953407617 658.8107806461584
304.0 4.785504863385838 663.4431522838708 658.657647420485
305.0 4.625648817691663 660.4188739904935 655.7932251728019
306.0 4.610452342195948 661.577125979972 656.966673637776
307.0 4.613085905384514 660.8059208177636 656.1928349123791
308.0 4.583040014325819 660.8703355120095 656.2872954976837
309.0 4.488969039533829 657.7772017221857 653.2882326826519
310.0 4.429356663900418 657.2740070226465 652.8446503587461
311.0 4.392557932869633 658.7887460411299 654.3961881082603
312.0 4.428564776084363 658.1712704101997 653.7427056341153
313.0 4.429250126696148 657.1760967992718 652.7468466725756
314.0 4.318244931340675 655.7968887244016 651.4786437930609
315.0 4.22230219116396 655.1030943838128 650.8807921926489
316.0 4.338907739726611 657.0773004476068 652.7383927078802
317.0 4.183534753433341 656.5910105616218 652.4074758081884
318.0 4.139739796329176 653.7046409449364 649.5649011486072
319.0 4.190946319896166 655.2791885489051 651.088242229009
320.0 4.147170227419707 652.6896631972466 648.5424929698269
321.0 4.10917438244602 654.8142051823778 650.7050307999318
322.0 4.053193499701058 653.1868555738383 649.1336620741372
323.0 3.93119302110491 650.9405957748342 647.0094027537293
324.0 3.951888796815863 652.1049317695604 648.1530429727446
325.0 3.855979790626661 652.6056765476249 648.7496967569983
326.0 3.865236045981982 650.5704714978255 646.7052354518435
327.0 3.842597944739573 649.969520267985 646.1269223232454
328.0 3.791406001968688 649.0174128206848 645.2260068187161
329.0 3.690523585961298 647.8256646373849 644.1351410514236
330.0 3.732834376727775 648.0067107478157 644.2738763710879
331.0 3.693644662374677 648.4372404322423 644.7435957698676
332.0 3.671483765011655 645.9391875026919 642.2677037376802
333.0 3.584807758545818 647.1214808113401 643.5366730527943
334.0 3.546873066305929 644.7274066273808 641.1805335610749
335.0 3.477266328500983 645.1096933425889 641.632427014088
336.0 3.465779696903045 645.4731692133905 642.0073895164875
337.0 3.445222569400928 644.442502509342 640.9972799399411
338.0 3.369207178693698 643.7701629685151 640.4009557898214
339.0 3.304711090169153 641.3093573520069 638.0046462618377
340.0 3.331988703025707 643.5668386116179 640.2348499085922
341.0 3.280197356665665 641.490497184833 638.2102998281674
342.0 3.194597373826637 639.6135132289656 636.418915855139
343.0 3.167980322893666 640.6895438156219 637.5215634927282
344.0 3.164120015780517 640.6707603757612 637.5066403599807
345.0 3.103560522151959 639.1893279649865 636.0857674428346
346.0 3.0470072764026 637.9812568937378 634.9342496173352
347.0 3.028396056898064 638.9743032171599 635.9459071602619
348.0 3.000156559078832 638.3746780734221 635.3745215143433
349.0 2.918186104432575 636.5341753983048 633.6159892938722
350.0 2.881812166180915 636.7523087274483 633.8704965612673
351.0 2.866906635914877 635.7401865616009 632.873279925686
352.0 2.823401336549956 635.7644090628589 632.9410077263089
353.0 2.800139945329095 635.1381230803747 632.3379831350456
354.0 2.729493085087825 635.1155906760922 632.3860975910044
355.0 2.70703332854309 632.5003700445104 629.7933367159673
356.0 2.676438918187419 633.1775087518347 630.5010698336473
357.0 2.622932679920604 631.0090801734871 628.3861474935665
358.0 2.599534985654831 631.0900286862043 628.4904937005495
359.0 2.539772890821485 632.1710121258253 629.6312392350038
360.0 2.584790171138721 631.1654630613181 628.5806728901793
361.0 2.466245424024734 629.8358275541803 627.3695821301556
362.0 2.448722102058692 629.8162039024636 627.3674818004049
363.0 2.414155486504485 629.50730335278 627.0931478662755
364.0 2.395249482713752 629.808512761208 627.4132632784942
365.0 2.365137304913145 628.0731624193958 625.7080251144826
366.0 2.298395505187036 627.7208872383436 625.4224917331566
367.0 2.270937417536766 626.8351033129983 624.5641658954615
368.0 2.244843535868738 626.4686137597827 624.2237702239139
369.0 2.19982268385819 626.2520287529036 624.0522060690454
370.0 2.166785048488063 625.6194266012979 623.4526415528098
371.0 2.143435767803053 624.3420577676222 622.1986219998191
372.0 2.085563240667696 623.8587545444182 621.7731913037505
373.0 2.017789671783399 623.5260821446968 621.5082924729134
374.0 2.014312817399915 623.3838496852124 621.3695368678125
375.0 1.969329131867559 622.7852379951917 620.8159088633241
376.0 1.937522196869499 621.4820075661292 619.5444853692597
377.0 1.904894310849864 621.0078893006039 619.1029949897541
378.0 1.874546793777693 620.9207026883647 619.046155894587
379.0 1.818780691553426 619.7292350800339 617.9104543884805
380.0 1.799743649404696 619.9343922832744 618.1346486338697
381.0 1.760542139147383 619.370011444046 617.6094693048986
382.0 1.718324478717339 618.2025231401005 616.4841986613831
383.0 1.704191177465026 618.1667385584171 616.4625473809521
384.0 1.6602430261252 617.4386263059081 615.7783832797829
385.0 1.617856111565005 616.4444375947152 614.8265814831502
386.0 1.599320523232437 616.3209847996156 614.7216642763832
387.0 1.545076534785662 614.8650075264009 613.3199309916152
388.0 1.542821556553558 615.0516117636918 613.5087902071383
389.0 1.486318950599819 614.0469205460837 612.5606015954839
390.0 1.467108048473003 613.6615852610925 612.1944772126195
391.0 1.397720119325655 612.4944792420265 611.0967591227009
392.0 1.365503021161849 612.506900921821 611.1413979006592
393.0 1.364244842859411 612.1150711620685 610.7508263192091
394.0 1.334346420338927 611.227332402777 609.8929859824381
395.0 1.290414977149991 610.7162970768268 609.4258820996768
396.0 1.250410003887779 609.7265700931175 608.4761600892297
397.0 1.216208011327233 609.7009061398953 608.484698128568
398.0 1.177084461041938 608.6703596718165 607.4932752107746
399.0 1.156661178222492 607.8326384854756 606.6759773072531
400.0 1.145476339091383 607.4418570801105 606.2963807410192
401.0 1.102743372955689 607.1168080975821 606.0140647246264
402.0 1.085840160863866 606.5870566391848 605.501216478321
403.0 1.04463638716119 605.9896079187803 604.9449715316192
404.0 1.007596501387051 605.5926213920696 604.5850248906825
405.0 0.9844551722947239 604.3558504178249 603.3713952455302
406.0 0.9668533736161981 604.4160251812152 603.449171807599
407.0 0.9075345523304117 603.3323341904227 602.4247996380923
408.0 0.9087836253627653 603.3704339831356 602.4616503577728
409.0 0.8636583734334292 602.3432944845378 601.4796361111043
410.0 0.8236347351456848 601.4838266025018 600.6601918673561
411.0 0.8074234325784258 601.1626590921774 600.355235659599
412.0 0.7678159534935791 600.3740834559697 599.6062675024761
413.0 0.7480535197943536 600.2495433302002 599.5014898104059
414.0 0.7289550021028415 599.4725561509258 598.7436011488229
415.0 0.6873187127239112 598.9597507186174 598.2724320058935
416.0 0.6661833438204582 598.2826967681466 597.6165134243262
417.0 0.6228354474473229 597.4431694568972 596.8203340094498
418.0 0.6185794031618988 597.4410222766517 596.8224428734898
419.0 0.585353524474385 596.6845913201727 596.0992377956983
420.0 0.5646553921598245 595.9372511204354 595.3725957282756
421.0 0.5395719573873221 594.8844931999521 594.3449212425647
422.0 0.5048004145294339 594.5832322489615 594.078431834432
423.0 0.4889378623143434 593.795769117791 593.3068312554766
424.0 0.4523966935259549 593.2379656011281 592.7855689076021
425.0 0.445130526370431 592.9062226409633 592.4610921145928
426.0 0.4129445203760494 591.9105158450667 591.4975713246907
427.0 0.3857372657008028 591.2732026548625 590.8874653891617
428.0 0.3658847440735244 590.8804527522077 590.5145680081342
429.0 0.3346429982997644 590.2526130179033 589.9179700196036
430.0 0.3305776735894674 589.2226713470644 588.8920936734749
431.0 0.3098395981654403 588.9175038297595 588.607664231594
432.0 0.2896849199136231 588.3520444255856 588.062359505672
433.0 0.2562160506348907 587.3319484163777 587.0757323657428
434.0 0.2466991964487004 587.3162247745254 587.0695255780767
435.0 0.2164264769580853 586.2038391430906 585.9874126661325
436.0 0.2126441514343727 585.9371406985062 585.7244965470718
437.0 0.1866989136337991 585.3013259977555 585.1146270841217
438.0 0.1698416362970653 584.0723996600589 583.9025580237618
439.0 0.1690925045784836 584.2902184515109 584.1211259469324
440.0 0.1466131539238161 583.2466573498702 583.1000441959464
441.0 0.1298016230151041 582.4785960410648 582.3487944180497
442.0 0.1032063484866178 582.1410714597911 582.0378651113045
443.0 0.09962251504879323 581.2653498097749 581.1657272947262
444.0 0.08082331471181044 580.730457060835 580.6496337461232
445.0 0.08280703540022229 579.8581065712237 579.7752995358234
446.0 0.0628097262767508 579.2194539979399 579.1566442716631
447.0 0.05694112334854021 579.1169940728459 579.0600529494973
448.0 0.03877200493219451 578.1663532559606 578.1275812510284
449.0 0.03837048434083715 577.5139109174804 577.4755404331395
450.0 0.02634124781797095 576.8305545380698 576.8042132902518
451.0 0.01795626132497091 576.332027291521 576.314071030196
452.0 0.02435083970837779 575.6331776213361 575.6088267816277
453.0 0.01236098655444079 574.7994684427939 574.7871074562394
454.0 0.007493162250098884 574.6057369983143 574.5982438360642
455.0 0.01534983972969355 573.6514782892093 573.6361284494796
456.0 0.002043752017401881 573.2268488334614 573.224805081444
457.0 0 572.5305896570369 572.5305896570369
458.0 0.000694783961353071 571.8695821332192 571.8688873492579
459.0 0.002780774213086187 571.2233001138969 571.2205193396838
460.0 0.0002582972100750591 570.4805522618635 570.4802939646534
461.0 0.01015574807694929 569.7412730602666 569.7311173121896
462.0 0.01732075286042754 569.2184378441099 569.2011170912495
463.0 0.01790084372178564 568.5224193485128 568.504518504791
464.0 0.03195883164063697 568.2642054860171 568.2322466543765
465.0 0.03073290948876251 566.9634687503829 566.9327358408941
466.0 0.04600116295965929 566.6928953946581 566.6468942316984
467.0 0.04741502763786797 565.9701272003447 565.9227121727068
468.0 0.06613451919008376 565.451138470272 565.385003951082
469.0 0.0950424659758341 565.0409936854746 564.9459512194988
470.0 0.09138221795359081 564.101259895748 564.0098776777944
471.0 0.1237001595986057 563.5220979834258 563.3983978238272
472.0 0.1290026854875258 562.9057489128885 562.776746227401
473.0 0.1598216883330691 562.4124758409485 562.2526541526154
474.0 0.162040620009745 561.5608936442092 561.3988530241995
475.0 0.1997833839095372 560.8956880842439 560.6959047003344
476.0 0.219509118074849 560.1341843935528 559.9146752754779
477.0 0.2643593853336185 560.0125780511978 559.7482186658642
478.0 0.2716258056319815 559.1374827865552 558.8658569809232
479.0 0.2984797422658362 558.1716212328193 557.8731414905535
480.0 0.3152502158982986 557.585818391115 557.2705681752167
481.0 0.3578674005897945 557.3931194286131 557.0352520280233
482.0 0.3908396776599562 556.9334047686117 556.5425650909517
483.0 0.4349039618057056 556.0335916098759 555.5986876480702
484.0 0.4525699420384703 555.4773136628615 555.024743720823
485.0 0.5044210005222835 555.1398232396541 554.6354022391318
486.0 0.5749996659474174 554.4298409075826 553.8548412416352
487.0 0.6077482271278016 553.8385216050978 553.23077337797
488.0 0.6156850450967491 553.468392727709 552.8527076826122
489.0 0.6785618100519765 552.4552884964959 551.7767266864439
490.0 0.7208896254301024 552.6339010411237 551.9130114156936
491.0 0.7882294907464341 551.7132129789805 550.924983488234
492.0 0.8766923508085833 550.697030451479 549.8203381006704
493.0 0.8863866338289165 550.2413022056418 549.3549155718129
494.0 0.9723190570462335 549.2878175261468 548.3154984691005
495.0 1.039851651197204 549.5362306988689 548.4963790476717
496.0 1.073187470127957 548.4887910639591 547.4156035938312
497.0 1.150559717858514 547.8345120305594 546.6839523127009
498.0 1.213337237338637 547.3006877832193 546.0873505458807
499.0 1.306392673858488 546.847306098118 545.5409134242596
500.0 1.360541858356239 545.6920894706827 544.3315476123265
501.0 1.463841644037254 545.874251307204 544.4104096631667
502.0 1.54312624787188 545.2761538361102 543.7330275882383
503.0 1.630888127076269 544.0021931168926 542.3713049898163
504.0 1.676318825325892 543.1481972321541 541.4718784068282
505.0 1.785228752328976 543.3963929429298 541.6111641906009
506.0 1.862073712300947 543.8817159919708 542.0196422796698
507.0 1.945276696819006 542.9532149977531 541.0079383009341
508.0 2.075141981984464 541.7050923409325 539.629950358948
509.0 2.190793613319067 542.1069117714984 539.9161181581793
510.0 2.276615095701557 541.7756041156015 539.4989890199
511.0 2.396992004769705 540.1859572476327 537.788965242863
512.0 2.460485568837792 539.766996405258 537.3065108364202
513.0 2.630725756273809 539.6249094437202 536.9941836874464
514.0 2.702306842189059 538.256922256671 535.5546154144819
515.0 2.833064785694077 537.7189829961808 534.8859182104867
516.0 2.984294669876622 537.3764209018158 534.3921262319392
517.0 3.180598329213325 537.2407908954168 534.0601925662035
518.0 3.194093068025244 535.73234918575 532.5382561177247
519.0 3.359095575232753 536.5160190834533 533.1569235082205
520.0 3.418599277776008 535.9414884827341 532.522889204958
521.0 3.629927881387307 536.1025107684387 532.4725828870514
522.0 3.772613459279451 534.576149994991 530.8035365357116
523.0 4.041667980275179 535.1542982047908 531.1126302245157
524.0 4.177324540255211 533.2022251947876 529.0249006545324
525.0 4.396643975709548 535.1860120372365 530.7893680615269
526.0 4.46021551283585 533.1689883054525 528.7087727926166
527.0 4.696939695144457 530.2742535540921 525.5773138589477
528.0 4.884227599274794 529.6654238317794 524.7811962325046
529.0 5.068875645208594 531.734019558129 526.6651439129204
530.0 5.126539749854529 531.818108590149 526.6915688402945
531.0 5.340113674210321 526.9492413574638 521.6091276832535
532.0 5.478420726021103 527.7468066683892 522.2683859423681
533.0 5.451293406597013 526.8030277465252 521.3517343399282
534.0 5.819398462819963 530.5796114831276 524.7602130203076
535.0 5.869302192769645 529.0083141745202 523.1390119817506
536.0 6.377496485688423 526.0406220349052 519.6631255492168
537.0 6.59339761337733 529.3441048694727 522.7507072560953
538.0 7.269468506199601 522.5797877876338 515.3103192814342
539.0 6.758136942065213 526.5234092931442 519.765272351079
540.0 6.814774053491607 530.5556790274869 523.7409049739953
541.0 7.516419642806325 524.3640910367108 516.8476713939045
542.0 7.741655011722429 531.6903694275194 523.9487144157969
543.0 7.930190315126472 538.5568598321466 530.6266695170201
544.0 7.592336688894593 542.3881671260172 534.7958304371226
545.0 9.060022872686921 523.5348982555318 514.4748753828449
546.0 9.032603250677741 512.3136511895133 503.2810479388356
547.0 11.92573896135197 467.1587940291241 455.2330550677722
548.0 9.267497431404729 536.9806318751828 527.7131344437781
549.0 9.585442492023382 567.0957194765598 557.5102769845364
550.0 8.156215097004514 529.9576394141011 521.8014243170966
551.0 15.42507899607586 433.5857453106814 418.1606663146056
552.0 15.3115856378153 440.1432084121942 424.8316227743789
553.0 14.09817375708414 448.5539434135413 434.4557696564571
554.0 13.22285731289579 459.8514121286419 446.6285548157461
555.0 11.21012037742441 501.5980608746306 490.3879404972061
556.0 16.01930633409638 437.3721627737578 421.3528564396615
557.0 19.10122931610258 419.4592371123404 400.3580077962378
558.0 14.38551198569361 447.1997012589151 432.8141892732215
559.0 15.11199253898699 443.6911406328983 428.5791480939114
560.0 19.19749890916089 421.2825066991411 402.0850077899802
561.0 22.37212717436475 402.3441999312301 379.9720727568654
562.0 25.42999445046389 383.7549946099192 358.3250001594554
563.0 23.35958886666276 394.7695215794567 371.409932712794
564.0 24.20878800364455 393.0178856589778 368.8090976553332
565.0 20.26499140155668 415.3507772085395 395.0857858069829
566.0 25.32581019077823 381.7073220161881 356.3815118254099
567.0 26.73892809643945 378.2805477384016 351.5416196419622
568.0 30.91418877105564 361.6537441182133 330.7395553471576
569.0 26.73959253982654 378.3016021191989 351.5620095793724
570.0 30.22602862320017 362.7137777001101 332.4877490769099
571.0 30.39051912405276 363.4721193706788 333.081600246626
572.0 38.24681238107611 334.2220799897754 295.9752676086993
573.0 30.40407655111944 363.7205966356836 333.3165200845642
574.0 36.68980204764582 341.4681074069766 304.7783053593308
575.0 29.79767762593472 364.8666802335631 335.0690026076284
576.0 47.07879290370424 306.5394758080745 259.4606829043703
577.0 47.58374100640019 304.4559948538143 256.8722538474141
578.0 30.91691158429696 361.7221347518161 330.8052231675192
579.0 40.40423048686631 329.7221244022671 289.3178939154008
580.0 63.26120814855114 262.004590714245 198.7433825656939
581.0 51.06201121335763 295.7221343014305 244.6601230880729
582.0 57.6226292660414 277.7212436899504 220.098614423909
583.0 63.8763575117972 263.4307028243407 199.5543453125435
584.0 68.61923738513117 253.7140810432036 185.0948436580724
585.0 80.89769773680225 227.2985599175659 146.4008621807637
586.0 79.03444557715623 231.4493754403474 152.4149298631911
587.0 78.10191168939448 233.6280945449652 155.5261828555707
588.0 79.03935082027336 231.5435714981735 152.5042206779001
591.0 91.41040854492622 205.722137 114.3117284550738
