0.0 6.073391339527686 819.8313434747094 813.7579521351817
1.0 4.819833617047525 817.4705714177642 812.6507378007167
2.0 4.049631705501942 817.5966640988028 813.5470323933009
3.0 3.489174696899285 817.4487604385748 813.9595857416755
4.0 3.072929614480883 817.6858758994947 814.6129462850138
5.0 2.723807607217756 816.6857165592887 813.9619089520709
6.0 2.442177684670669 815.9837805156833 813.5416028310127
7.0 2.190573729374027 815.5461229734068 813.3555492440328
8.0 1.99918597925468 814.8813534058133 812.8821674265586
9.0 1.838514808676873 814.2354109824289 812.396896173752
10.0 1.679237807890692 813.4913176548081 811.8120798469174
11.0 1.584666645744633 813.677364998875 812.0926983531304
12.0 1.465800003720513 812.6358899435082 811.1700899397877
13.0 1.375488856574221 812.2397804496133 810.8642915930391
14.0 1.297884918597584 811.4829848558 810.1850999372024
15.0 1.228532619279503 811.1862992113758 809.9577665920963
16.0 1.169982571566467 810.7400418075704 809.5700592360039
17.0 1.124202068866949 810.4932131860362 809.3690111171693
18.0 1.08547041478348 809.8660819047885 808.780611490005
19.0 1.046849837230603 809.2041677612191 808.1573179239885
20.0 1.015368134367476 808.675000802622 807.6596326682545
21.0 0.9880163225092297 808.2853483437845 807.2973320212753
22.0 0.9631201659232381 807.8472164325646 806.8840962666414
23.0 0.9398471515864667 807.1809670789489 806.2411199273624
24.0 0.9213095654755697 806.8237133628822 805.9024037974067
25.0 0.8837319448469128 806.3143909089229 805.430658964076
26.0 0.8882738100307613 806.0730978969399 805.1848240869092
27.0 0.8682662434288055 805.6321074367075 804.7638411932786
28.0 0.8464328967990187 805.0242909987573 804.1778581019582
29.0 0.837161829961362 804.6906914412668 803.8535296113054
30.0 0.828050451377939 804.3086290560946 803.4805786047166
31.0 0.8115263237930014 803.7567547966119 802.9452284728189
32.0 0.8145833279550088 803.4410216920033 802.6264383640483
33.0 0.8022460466678504 803.1442493829158 802.3420033362479
34.0 0.7889802582462402 802.434712886705 801.6457326284588
35.0 0.7944515176412453 802.218680893552 801.4242293759108
36.0 0.781382271548358 801.6570448967645 800.8756626252161
37.0 0.7758611825035418 801.2888095948752 800.5129484123717
38.0 0.7733069497527302 801.0038754330731 800.2305684833204
39.0 0.7705150563739169 800.5961918935271 799.8256768371532
40.0 0.774355097272541 799.935222478239 799.1608673809664
41.0 0.7762624438313254 799.6506656667398 798.8744032229085
42.0 0.7817794660390694 799.0050522475561 798.223272781517
43.0 0.7811865557807949 798.6420657906845 797.8608792349037
44.0 0.7845564322526797 798.1260884506281 797.3415320183755
45.0 0.7889482565861172 797.6025264293221 796.8135781727359
46.0 0.796790747556145 797.1372444957098 796.3404537481536
47.0 0.8045644456728931 796.7976968031794 795.9931323575065
48.0 0.8049750904588572 796.2644951094201 795.4595200189613
49.0 0.8173071793510229 795.8824020625697 795.0650948832187
50.0 0.8209334263425483 795.2972580338036 794.4763246074611
51.0 0.8283125477443222 794.5294429842114 793.7011304364671
52.0 0.8454053470681773 794.1087842656551 793.2633789185869
53.0 0.8416475697248959 793.4788414476732 792.6371938779483
54.0 0.8622394256629165 793.2328551162737 792.3706156906108
55.0 0.8799189929103434 793.0293095894021 792.1493905964918
56.0 0.8910892969928317 792.2992047250758 791.408115428083
57.0 0.9135310573862736 791.9019268339266 790.9883957765403
58.0 0.9265764361587556 791.2785742672555 790.3519978310968
59.0 0.9439252905248204 790.6419761108321 789.6980508203073
60.0 0.9744115555209935 790.3055665161723 789.3311549606513
61.0 0.9861614611335165 789.5715759753766 788.5854145142431
62.0 1.011726129136675 789.2835369165525 788.2718107874158
63.0 1.034731731325288 788.6839360961573 787.649204364832
64.0 1.063909909945111 788.1993449190336 787.1354350090885
65.0 1.099173313210132 787.8247120819282 786.7255387687181
66.0 1.123581226393249 786.8332607658587 785.7096795394655
67.0 1.151639038056066 786.7771489358836 785.6255098978275
68.0 1.175375892922677 786.0186665453396 784.8432906524169
69.0 1.214924235936288 785.7364029361036 784.5214787001673
70.0 1.241216258321008 785.1628112517581 783.9215949934371
71.0 1.270945858624224 784.3232630023387 783.0523171437145
72.0 1.309835656089366 784.0363646917308 782.7265290356414
73.0 1.339304868678304 783.4218406937722 782.0825358250939
74.0 1.398581689136986 783.2779622383978 781.8793805492608
75.0 1.41479428869177 782.5302892881676 781.1154949994759
76.0 1.455264825479634 781.9000432386245 780.4447784131448
77.0 1.488114476525677 781.501830425002 780.0137159484763
78.0 1.535915898988158 781.0298781645265 779.4939622655384
79.0 1.568745643667733 780.625996472699 779.0572508290312
80.0 1.598980281842452 779.969052879332 778.3700725974896
81.0 1.664217310379181 779.2195804685063 777.5553631581272
82.0 1.665747184553255 778.5698971400419 776.9041499554887
83.0 1.732456802916968 777.9454822022353 776.2130253993183
84.0 1.782390781730661 777.7851800927096 776.0027893109789
85.0 1.823304382886375 777.0845570635286 775.2612526806423
86.0 1.864531537742591 776.6158947290173 774.7513631912748
87.0 1.909672877787804 776.48713188333 774.5774590055422
88.0 1.951280835992609 775.1045209920427 773.1532401560501
89.0 2.021446821671667 774.9784710820619 772.9570242603902
90.0 2.070541401096973 774.189586772392 772.119045371295
91.0 2.109210928551512 773.6025340740767 771.4933231455251
92.0 2.153758267435605 772.6662629107678 770.5125046433322
93.0 2.217856823156476 771.9267035790773 769.7088467559209
94.0 2.294062107967684 772.1296947258454 769.8356326178777
95.0 2.332608787924545 771.8630960976342 769.5304873097097
96.0 2.391664867699332 770.0160136035796 767.6243487358803
97.0 2.426751599137817 769.8271197562402 767.4003681571023
98.0 2.543010878052201 769.726555263017 767.1835443849648
99.0 2.596362153011023 768.537446074393 765.941083921382
100.0 2.669881727500991 769.3865910129756 766.7167092854746
101.0 2.755055365327607 768.4917834804204 765.7367281150928
102.0 2.805511276496888 767.690860494259 764.8853492177621
103.0 2.901981202238094 767.2794245998404 764.3774433976023
104.0 2.973353804519035 766.9284730230854 763.9551192185663
105.0 3.053816424761716 766.6448898787181 763.5910734539564
106.0 3.139578473240477 764.8780455209506 761.7384670477102
107.0 3.201547754583 765.6553086348671 762.4537608802841
108.0 3.263872866669384 763.4274346556716 760.1635617890022
109.0 3.369912421160989 763.1422985412175 759.7723861200565
110.0 3.447201118182687 764.5244223331563 761.0772212149736
111.0 3.504647308084339 762.9211220408833 759.4164747327989
112.0 3.59629210501615 762.983613642429 759.3873215374129
113.0 3.739913508751803 762.1897130612163 758.4497995524645
114.0 3.786600929117457 762.0764475297523 758.2898466006348
115.0 3.868819008730911 760.7449531610872 756.8761341523563
116.0 3.943192143283709 760.7841338573107 756.840941714027
117.0 3.971387911972306 759.5620973715582 755.5907094595859
118.0 4.064992512837839 759.8710148745277 755.8060223616899
119.0 4.103098889111854 759.2241895733167 755.1210906842049
120.0 4.299968231121642 759.2115609874403 754.9115927563186
121.0 4.256070751846087 756.6028938324025 752.3468230805564
122.0 4.325315926741502 757.2982370161866 752.9729210894451
123.0 4.450523946101724 756.7464047539199 752.2958808078182
124.0 4.402240616091171 755.7534062470948 751.3511656310037
125.0 4.535334365061428 756.8174361243647 752.2821017593032
126.0 4.697057495435128 757.5127111934484 752.8156536980133
127.0 4.603909128769563 755.7028995005963 751.0989903718268
128.0 4.654739668797321 756.4120908019336 751.7573511331363
129.0 4.769556144648089 754.7649191066312 749.9953629619831
130.0 4.771364371429101 755.1665967424501 750.395232371021
131.0 4.81917908421732 756.5366062592346 751.7174271750173
132.0 4.882645933683629 754.6305731797023 749.7479272460187
133.0 4.968230310477405 755.6035404732123 750.6353101627349
134.0 4.981832121300894 753.0379502156518 748.0561180943509
135.0 4.949308628106783 754.498012566162 749.5487039380553
136.0 4.990999092706115 753.0555229299823 748.0645238372762
137.0 5.075638924987894 753.0940249328269 748.018386007839
138.0 4.912704953301844 751.2800476035287 746.3673426502269
139.0 5.069955326727017 751.4824057041884 746.4124503774614
140.0 5.225429511977914 754.2013178535651 748.9758883415872
141.0 5.157914342853098 749.9047639153517 744.7468495724986
142.0 5.15362677324189 748.7693275538171 743.6157007805752
143.0 5.098600358688601 748.0029929575714 742.9043925988828
144.0 5.092233277481616 748.2238662213204 743.1316329438388
145.0 5.164157881888503 751.1600396578024 745.9958817759139
146.0 5.194936894420866 749.7838655005452 744.5889286061243
147.0 5.21494137089161 749.460261113896 744.2453197430044
148.0 5.106357328814906 745.9480100401075 740.8416527112926
149.0 5.219899889983324 747.7228187975238 742.5029189075405
150.0 5.245987557080129 748.6189281238924 743.3729405668123
151.0 5.208612453365565 745.1808843735325 739.972271920167
152.0 5.217547384628351 742.9843930548344 737.7668456702061
153.0 5.178273940464188 743.8138052207078 738.6355312802436
154.0 5.230986527569372 741.5659571378026 736.3349706102332
155.0 5.226001771711374 742.9575385745389 737.7315368028275
156.0 5.199618517452396 742.9032788154352 737.7036602979828
157.0 5.248590870307089 742.373879580056 737.1252887097489
158.0 5.301612985716048 740.7984570717266 735.4968440860105
159.0 5.240782791106689 740.2968516606582 735.0560688695515
160.0 5.201977759586542 738.7759727466578 733.5739949870713
161.0 5.300278958727088 737.7459659619673 732.4456870032402
162.0 5.340992549423524 740.4287760102381 735.0877834608146
163.0 5.27116166387905 740.4177817775949 735.1466201137158
164.0 5.312022874919931 740.0982688956588 734.7862460207388
165.0 5.281429371304817 739.3599180808842 734.0784887095794
166.0 5.169899729877452 736.5281700712647 731.3582703413873
167.0 5.17024800973669 737.1509405186145 731.9806925088779
168.0 5.363234881560473 734.8076599757732 729.4444250942128
169.0 5.157637070111703 733.5461019144041 728.3884648442924
170.0 5.240293086887839 734.560771865662 729.3204787787742
171.0 5.222288079259855 732.5391582206496 727.3168701413898
172.0 5.409547293495278 734.6650259438444 729.2554786503491
173.0 5.264913224747448 735.5788773679573 730.3139641432098
174.0 5.222409046376685 735.4586764265925 730.2362673802159
175.0 5.444701259582625 733.9159527160351 728.4712514564525
176.0 5.386966565297454 728.9719131499873 723.5849465846898
177.0 5.319554532419871 731.8876143651033 726.5680598326834
178.0 5.465036001689252 732.547876015764 727.0828400140747
179.0 5.222184473183177 730.610949518536 725.3887650453528
180.0 5.274494564686043 730.1346256363437 724.8601310716577
181.0 5.374901305678967 731.6569929539254 726.2820916482464
182.0 5.377187519284578 727.7454979203748 722.3683104010902
183.0 5.225466266420757 726.7462013942954 721.5207351278747
184.0 5.299347574702753 728.9778838216971 723.6785362469944
185.0 5.375492191320652 731.3870882038139 726.0115960124933
186.0 5.330012278441672 727.4776232841407 722.1476110056991
187.0 5.407220808517165 728.9215204131226 723.5142996046054
188.0 5.2946140052022 723.8381571585136 718.5435431533114
189.0 5.279363783522399 726.230643781015 720.9512799974926
190.0 5.421470090160018 723.6676106377548 718.2461405475948
191.0 5.176771295472955 724.9235846614322 719.7468133659593
192.0 5.368129329815556 728.231847516118 722.8637181863025
193.0 5.443280047043086 721.6785338970883 716.2352538500452
194.0 5.444747033186887 719.897321417881 714.4525743846941
195.0 5.370501325641844 724.515149923539 719.1446485978972
196.0 5.412397019794308 719.0615555057851 713.6491584859907
197.0 5.469647303376793 721.4098968824709 715.9402495790941
198.0 5.295512681177743 718.9100278258108 713.614515144633
199.0 5.530469005423523 720.1894235013847 714.6589544959612
200.0 5.442010160882066 723.7602303598235 718.3182201989414
201.0 5.430869603706757 716.9704190949234 711.5395494912166
202.0 5.348529565716368 717.9824094508342 712.6338798851178
203.0 5.299150006900085 719.6305017309657 714.3313517240656
204.0 5.339650997870247 717.6637070121885 712.3240560143182
205.0 5.503414036762279 719.1498574896023 713.64644345284
206.0 5.475730725980584 713.7306598250469 708.2549290990663
207.0 5.583840016638112 714.81868947294 709.2348494563019
208.0 5.405560821801613 714.9259439696295 709.5203831478279
209.0 5.38807858146593 718.4562899828193 713.0682114013534
210.0 5.39148422093887 710.3592439750576 704.9677597541187
211.0 5.400257911673985 718.1630738837598 712.7628159720858
212.0 5.487659053483577 711.4196415937099 705.9319825402263
213.0 5.515521494302727 716.0027517724965 710.4872302781938
214.0 5.519764722629203 712.2278797666994 706.7081150440702
215.0 5.518720634700274 715.1764936034491 709.6577729687489
216.0 5.319390555275493 712.697627621639 707.3782370663635
217.0 5.489957236562198 712.9134423149742 707.423485078412
218.0 5.557107642611735 713.6593444296397 708.102236787028
219.0 5.360411459406175 711.0489707372803 705.6885592778741
220.0 5.543498089382422 711.6514643993638 706.1079663099814
221.0 5.441794352515369 707.7791645300159 702.3373701775006
222.0 5.447861223157883 708.93471749715 703.4868562739921
223.0 5.35960457471445 708.5517741778162 703.1921696031018
224.0 5.478233279899471 707.9196125548277 702.4413792749283
225.0 5.591346345753599 710.4518213879668 704.8604750422132
226.0 5.538787662349857 709.2742810170489 703.735493354699
227.0 5.37787565475651 709.2070533486388 703.8291776938823
228.0 5.626545416442847 709.5827047934731 703.9561593770303
229.0 5.543508837350763 704.7116397147845 699.1681308774337
230.0 5.475308349352126 708.3772136916035 702.9019053422513
231.0 5.473370113447707 705.8549077101615 700.3815375967138
232.0 5.459256708183565 700.0785295827233 694.6192728745397
233.0 5.378556406999536 702.6199910071535 697.241434600154
234.0 5.498294269224997 704.3732975912849 698.8750033220599
235.0 5.622322237852337 702.8614938355234 697.2391715976711
236.0 5.402958933660101 701.9245678903864 696.5216089567263
237.0 5.490024317028826 703.9740683015904 698.4840439845616
238.0 5.520159807048123 703.751806113536 698.2316463064879
239.0 5.354878422429154 700.0812676902949 694.7263892678657
240.0 5.309222991705191 703.259554775215 697.9503317835098
241.0 5.442732695401964 699.0777410184357 693.6350083230337
242.0 5.377351245357462 702.4042386410915 697.0268873957341
243.0 5.493520595475331 702.4191621534724 696.9256415579971
244.0 5.468058988324719 702.1339552573282 696.6658962690035
245.0 5.538815620349594 703.9328986403618 698.3940830200123
246.0 5.570724436522743 700.7824649358737 695.211740499351
247.0 5.226804068372723 700.6073391575408 695.3805350891681
248.0 5.319144830099404 697.8485199332281 692.5293751031287
249.0 5.464325608684413 696.1378728182775 690.6735472095931
250.0 5.443429463590178 699.2740621876863 693.8306327240961
251.0 5.184089240909233 696.8863774855925 691.7022882446833
252.0 5.410780129425564 694.6857284119546 689.2749482825291
253.0 5.265962724285887 696.8478711758981 691.5819084516123
254.0 5.416601950239625 693.3511334884971 687.9345315382574
255.0 5.25337396099926 693.3405925125588 688.0872185515595
256.0 5.201020038304162 693.4511430090813 688.2501229707771
257.0 5.159233024725459 691.4438307225836 686.2845976978582
258.0 5.225772345869204 695.125816581526 689.9000442356568
259.0 5.186570292821432 696.3339980380546 691.1474277452332
260.0 5.137059570159798 697.2260716912604 692.0890121211006
261.0 5.052596825848508 692.0720396200083 687.0194427941598
262.0 5.015878490147693 691.9172902184928 686.9014117283451
263.0 5.226471667758455 691.2686656447344 686.042193976976
264.0 4.958041824550877 690.6338289009319 685.675787076381
265.0 5.070730835742529 689.0035348263355 683.932803990593
266.0 5.036352102514963 690.1720265262719 685.135674423757
267.0 4.99357247485913 687.4622877225772 682.4687152477181
268.0 4.953507912860513 689.9691639466916 685.0156560338311
269.0 4.939446233234476 688.7512627544148 683.8118165211803
270.0 4.929260487205483 686.449068636436 681.5198081492305
271.0 4.819336718927819 689.3730457141914 684.5537089952636
272.0 4.806813066462578 688.1184218298269 683.3116087633644
273.0 4.864642100633286 683.4431523942234 678.5785102935901
274.0 4.803104136934967 686.1035392324511 681.3004350955162
275.0 4.757864440718516 683.8817902513127 679.1239258105942
276.0 4.737117632806145 682.9256488405793 678.1885312077731
277.0 4.727132220828626 685.213071676055 680.4859394552264
278.0 4.617950786175171 684.8811357824447 680.2631849962696
279.0 4.520753746634397 681.5446240872895 677.0238703406551
280.0 4.651942732307157 684.324870265187 679.6729275328799
281.0 4.585572603857499 682.0400954604534 677.4545228565959
282.0 4.589372091664699 681.6956255044397 677.106253412775
283.0 4.470278544132627 681.2327843669396 676.762505822807
284.0 4.58915923636935 682.8234647287343 678.234305492365
285.0 4.46679791689905 683.0030193559957 678.5362214390966
286.0 4.419427800748705 681.3371258215357 676.917698020787
287.0 4.439026717465189 680.1746480341171 675.7356213166519
288.0 4.390869535815773 677.5617321666489 673.1708626308331
289.0 4.322514660000774 676.5586149870978 672.2361003270971
290.0 4.297018504242773 676.3924831987593 672.0954646945165
291.0 4.273299627914508 675.2058707607575 670.932571132843
292.0 4.236267772838236 676.4686753846061 672.2324076117679
293.0 4.225264793676992 673.7790362388184 669.5537714451414
294.0 4.277690730328404 676.6548805459112 672.3771898155828
295.0 4.147704808345658 674.2534488496827 670.105744041337
296.0 4.119245888672507 673.3880542219146 669.2688083332421
297.0 4.055193593982221 674.6075170593296 670.5523234653474
298.0 4.028770085177322 674.0453836697551 670.0166135845778
299.0 4.11191125891457 674.9534094288923 670.8414981699778
300.0 4.050390682120035 673.6000280444704 669.5496373623503
301.0 4.033243351321157 669.4811850507908 665.4479416994697
302.0 3.912149909949284 672.4327440537013 668.520594143752
303.0 3.869962959859542 671.3296891072966 667.459726147437
304.0 3.927858098162461 671.2478539918473 667.3199958936848
305.0 3.797588386873491 668.1266534644213 664.3290650775478
306.0 3.772768754602833 668.8781474315597 665.1053786769569
307.0 3.782289942757917 668.2455811639818 664.4632912212239
308.0 3.751151426339635 668.4036325077899 664.6524810814502
309.0 3.68706661988226 665.3986387027087 661.7115720828265
310.0 3.629742381633252 665.2883232130975 661.6585808314642
311.0 3.579912765708468 666.2937215604364 662.7138087947279
312.0 3.625733957945761 665.0277875829076 661.4020536249618
313.0 3.632354850526552 664.8827402576018 661.2503854070753
314.0 3.533995992429763 663.5152531597988 659.981257167369
315.0 3.445654939744949 662.5524158718148 659.1067609320699
316.0 3.540828020449304 664.977677386477 661.4368493660277
317.0 3.393151025437483 663.7079583386718 660.3148073132343
318.0 3.377201153456737 661.0294084756446 657.6522073221879
319.0 3.412075006370692 662.6852333807322 659.2731583743615
320.0 3.393738179014701 660.2450737248938 656.8513355458791
321.0 3.335301660503586 662.0895340954277 658.7542324349241
322.0 3.295609066277873 660.3817700675978 657.08616100132
323.0 3.192524316398033 658.6391660975706 655.4466417811726
324.0 3.204321422823874 659.2762833806304 656.0719619578065
325.0 3.099894651344684 660.2752468794608 657.1753522281161
326.0 3.129384563730275 658.3644935778251 655.2351090140948
327.0 3.11283300770145 657.6906973214847 654.5778643137832
328.0 3.070873573217031 656.7094253186545 653.6385517454374
329.0 2.982909551888201 655.1778927692646 652.1949832173764
330.0 3.024891433521519 655.1517428586663 652.1268514251448
331.0 2.980123209734545 655.7496551929801 652.7695319832455
332.0 2.982915096145473 653.279824403757 650.2969093076115
333.0 2.88325504482997 654.5131594363514 651.6299043915214
334.0 2.866716054239516 652.5727505862004 649.7060345319609
335.0 2.794048612850231 652.6317355731049 649.8376869602546
336.0 2.780551790284262 652.6689269507964 649.8883751605122
337.0 2.768345271472948 651.9754554245686 649.2071101530956
338.0 2.699069663669671 651.2076432531694 648.5085735894998
339.0 2.657377879146311 649.0625949298153 646.405217050669
340.0 2.663884258081854 650.9324300920668 648.268545833985
341.0 2.631032082824702 649.1620473835944 646.5310153007697
342.0 2.56321134630501 647.4083022415705 644.8450908952655
343.0 2.52674293524181 648.211008691309 645.6842657560672
344.0 2.52393227571543 648.0261538920088 645.5022216162933
345.0 2.477223217036507 646.6418986991932 644.1646754821566
346.0 2.430464471501642 645.818666890907 643.3882024194054
347.0 2.40401333788367 646.3227486813454 643.9187353434617
348.0 2.380168561926641 646.0171506086577 643.6369820467311
349.0 2.316461735188511 644.1017200380424 641.7852583028539
350.0 2.27856498014748 644.1131311814033 641.8345662012558
351.0 2.273679609554662 643.1216965138873 640.8480169043326
352.0 2.229285671382747 643.1785220076081 640.9492363362253
353.0 2.209879558701445 642.9626220535017 640.7527424948003
354.0 2.140968616567977 642.4975519320262 640.3565833154583
355.0 2.1448476311433 639.9621704330972 637.8173228019539
356.0 2.106234073438053 640.7553261468587 638.6490920734207
357.0 2.073361537635733 638.7604075349083 636.6870459972726
358.0 2.049618142833368 638.7183651476494 636.668747004816
359.0 1.977715957108641 639.9220983093962 637.9443823522876
360.0 2.033561392979173 638.8397975273181 636.8062361343389
361.0 1.92662948327191 637.6339402568898 635.7073107736178
362.0 1.911380808562904 637.2062451281754 635.2948643196125
363.0 1.880948800004885 636.6576554968368 634.7767066968319
364.0 1.858185257392867 637.0475974012112 635.1894121438184
365.0 1.843869483508781 635.6189091128275 633.7750396293187
366.0 1.781216353799998 635.0194148204384 633.2381984666384
367.0 1.761121190053335 634.4224450450051 632.6613238549518
368.0 1.73946219384288 633.8767340211646 632.1372718273217
369.0 1.696291743175707 633.6103201105924 631.9140283674167
370.0 1.668342435029457 633.2049952869638 631.5366528519343
371.0 1.65834744406519 631.7891716751558 630.1308242310906
372.0 1.604571031434744 631.3552457828756 629.7506747514409
373.0 1.539879780193939 630.9548576152058 629.4149778350118
374.0 1.538721635414827 630.642804033569 629.1040823981542
375.0 1.498029396701537 630.3015916093702 628.8035622126687
376.0 1.478626288752366 629.0721437305952 627.5935174418429
377.0 1.44987578845017 628.7388545134966 627.2889787250465
378.0 1.421216218495744 628.4168978296715 626.9956816111757
379.0 1.376699995192713 627.291657702295 625.9149577071023
380.0 1.356428091346837 627.2915597287136 625.9351316373668
381.0 1.322073657143558 626.8491620711148 625.5270884139712
382.0 1.291540266463162 625.6196684416969 624.3281281752337
383.0 1.27768501432046 625.5860651727252 624.3083801584048
384.0 1.239222819289122 625.1415245525382 623.9023017332491
385.0 1.207301201328186 623.9945316318338 622.7872304305056
386.0 1.189514844301702 623.9125534901464 622.7230386458447
387.0 1.148903851112905 622.5828994742638 621.4339956231509
388.0 1.144493143586174 622.8162941168019 621.6718009732158
389.0 1.097636861777743 621.8185453413026 620.7209084795248
390.0 1.082874359503754 621.2847990768596 620.2019247173559
391.0 1.024291220389251 620.19101058558 619.1667193651908
392.0 0.9921303511205758 620.0980289936729 619.1058986425524
393.0 0.9945295767654751 619.78037300354 618.7858434267745
394.0 0.9740972226891681 618.7538722560527 617.7797750333636
395.0 0.9349271824789195 618.2339778316214 617.2990506491425
396.0 0.9041803605846031 617.3168960165093 616.4127156559247
397.0 0.8701161451511528 617.2503612634512 616.3802451183
398.0 0.8411676317859386 616.2024466482679 615.361279016482
399.0 0.829076188522263 615.3492085071294 614.5201323186072
400.0 0.8214573625678081 615.0245818899019 614.2031245273341
401.0 0.7811306770159843 614.7989560224443 614.0178253454283
402.0 0.7704960561898814 614.0565667679748 613.2860707117849
403.0 0.7345848764470575 613.5415637272917 612.8069788508446
404.0 0.7007045185381472 613.2343677505007 612.5336632319626
405.0 0.6904311036958682 611.8839007323305 611.1934696286347
406.0 0.6719458421948044 611.9546628290491 611.2827169868543
407.0 0.6226148589281591 610.9731435188549 610.3505286599268
408.0 0.6243816981743505 610.8285133049259 610.2041316067515
409.0 0.5893409255074747 609.7921288492515 609.202787923744
410.0 0.5568643011311699 609.0727790176698 608.5159147165386
411.0 0.5443942298545844 608.6281415199883 608.0837472901337
412.0 0.5115304949660631 608.0090543561775 607.4975238612114
413.0 0.4932191447658847 607.8153504001524 607.3221312553866
414.0 0.4824180596669412 606.9228361852493 606.4404181255824
415.0 0.4454055325019432 606.4427231886456 605.9973176561436
416.0 0.4303437132158741 605.8783466395633 605.4480029263475
417.0 0.3953589963141623 605.0023259438987 604.6069669475846
418.0 0.3909137189353579 605.0260665022607 604.6351527833254
419.0 0.3656501948824892 604.1510852215879 603.7854350267054
420.0 0.3523464502677943 603.3967085906481 603.0443621403803
421.0 0.3372024721722789 602.457263443289 602.1200609711167
422.0 0.3055937541394568 602.0567168973645 601.7511231432251
423.0 0.2974326531250667 601.2949198912903 600.9974872381652
424.0 0.265871882199451 600.7986141993563 600.5327423171569
425.0 0.2614578633525956 600.5629949588051 600.3015370954525
426.0 0.2399873114179848 599.3834390248404 599.1434517134224
427.0 0.2191946646068335 598.712540051934 598.4933453873271
428.0 0.2030453325165947 598.3388660676122 598.1358207350956
429.0 0.1778947621146179 597.7047107587838 597.5268159966691
430.0 0.1844774322237987 596.6269694413459 596.4424920091221
431.0 0.1660965077621965 596.4194556664004 596.2533591586382
432.0 0.1511250222774304 595.9469243895169 595.7957993672394
433.0 0.127443969366435 594.9687284115169 594.8412844421505
434.0 0.1187609478918507 594.8010386084227 594.6822776605308
435.0 0.09905092327101842 593.7813750367337 593.6823241134627
436.0 0.09821584404647807 593.4491451390184 593.3509292949719
437.0 0.07934305684890801 592.6450011447595 592.5656580879106
438.0 0.07342288597099243 591.6979336321064 591.6245107461354
439.0 0.0715048513952446 591.69723180099 591.6257269495947
440.0 0.0593267266452035 590.6774729752382 590.618146248593
441.0 0.05002870753899866 589.9337158198409 589.8836871123019
442.0 0.02698804128234315 589.5117770534772 589.4847890121949
443.0 0.03172381075661414 588.7569275235447 588.7252037127881
444.0 0.0187635411160573 588.1011132265716 588.0823496854555
445.0 0.02910511302856314 587.3384604499535 587.309355336925
446.0 0.01535247406218027 586.6950307735474 586.6796782994852
447.0 0.0103219205143653 586.6302981855517 586.6199762650373
448.0 0.002699071186838917 585.4730109839212 585.4703119127343
449.0 0.009016573946265441 584.8145819368558 584.8055653629095
450.0 0.002951878237861513 584.2998216352244 584.2968697569865
451.0 0 583.6998289973135 583.6998289973135
452.0 0.01300612254396703 583.1286593298265 583.1156532072825
453.0 0.009682071811504656 582.2237431587222 582.2140610869107
454.0 0.007409449502123258 581.8993126137946 581.8919031642925
455.0 0.02513359737960885 580.9327613948336 580.907627797454
456.0 0.01628121730972924 580.4445133049997 580.42823208769
457.0 0.02101052018728983 579.8164497876758 579.7954392674885
458.0 0.02887830908747099 579.0638551936648 579.0349768845773
459.0 0.03699051203585051 578.5378330076349 578.500842495599
460.0 0.04256802265594796 577.6749044129771 577.6323363903211
461.0 0.05972420645995266 577.0164479620819 576.9567237556219
462.0 0.07276552567530575 576.3961337817268 576.3233682560515
463.0 0.08060750649243045 575.6687261602505 575.588118653758
464.0 0.09776069592563467 575.3455554396215 575.2477947436959
465.0 0.1098186694591211 574.0329827610523 573.9231640915932
466.0 0.1277429007629632 573.8131215290085 573.6853786282455
467.0 0.1370521975969852 572.9876566924409 572.8506044948439
468.0 0.1614233719189068 572.4292150846794 572.2677917127605
469.0 0.1948395146784772 572.0140864695696 571.8192469548911
470.0 0.2007544673506783 571.0624480484515 570.8616935811008
471.0 0.2393350673825781 570.4812457954961 570.2419107281135
472.0 0.2513467037190748 569.7856442964317 569.5342975927126
473.0 0.2880059706526302 569.1931686580351 568.9051626873825
474.0 0.298266709765365 568.4739283384931 568.1756616287278
475.0 0.343304749053742 567.7750226270744 567.4317178780207
476.0 0.371977930902603 566.8250779251051 566.4530999942025
477.0 0.4188960491918692 566.6330919716976 566.2141959225058
478.0 0.4353152019557263 565.7188367355762 565.2835215336205
479.0 0.4713872653682533 564.9216323455578 564.4502450801895
480.0 0.4946008592281438 564.283270915568 563.7886700563399
481.0 0.5403332958399041 563.9538237011593 563.4134904053194
482.0 0.5787912532910002 563.3914947077171 562.8127034544261
483.0 0.6324953121493775 562.4907406635617 561.8582453514123
484.0 0.6557831860605975 561.9853868474127 561.3296036613521
485.0 0.7121339196954645 561.5289458831778 560.8168119634823
486.0 0.7903690617337678 560.8793979025238 560.08902884079
487.0 0.829667372117431 560.2508403182275 559.42117294611
488.0 0.8428355455189175 559.6079817837163 558.7651462381973
489.0 0.9159582501648171 558.7449690119391 557.8290107617743
490.0 0.9572968058403039 558.8241083774103 557.86681157157
491.0 1.03476221306789 557.9022765244565 556.8675143113887
492.0 1.134833810291339 556.8184961177542 555.6836623074629
493.0 1.149949291314855 556.210245142377 555.0602958510621
494.0 1.246740497167264 555.2110682774854 553.9643277803182
495.0 1.312165675982195 555.5083295402836 554.1961638643014
496.0 1.355716734668791 554.6237058375512 553.2679891028824
497.0 1.441903606066605 553.6901334726949 552.2482298666283
498.0 1.511468044469296 553.0155704875625 551.5041024430932
499.0 1.609181429429532 552.7487423277449 551.1395608983153
500.0 1.676824695949573 551.3527518304411 549.6759271344915
501.0 1.780336478430616 551.3200059024315 549.5396694240009
502.0 1.86663013839355 550.6907235698884 548.8240934314948
503.0 1.967187362401342 549.6578166541487 547.6906292917473
504.0 2.02291966491021 548.56412111043 546.5412014455198
505.0 2.131060100086886 548.6620903248145 546.5310302247276
506.0 2.201460839422851 549.6169481352542 547.4154872958314
507.0 2.296193717001665 548.4363822656168 546.1401885486151
508.0 2.441126021394946 546.9884582719291 544.5473322505342
509.0 2.553739580696168 547.4117232039994 544.8579836233033
510.0 2.645193067529973 546.7895288536436 544.1443357861136
511.0 2.782204552140655 545.3755677072905 542.5933631551499
512.0 2.850175034139461 545.0447616925818 542.1945866584424
513.0 3.023568535188453 544.8763381913005 541.852769656112
514.0 3.111702494873461 543.130584795964 540.0188823010905
515.0 3.248062668444171 542.8580765396292 539.6100138711851
516.0 3.405953693889815 542.1633327529852 538.7573790590954
517.0 3.604161100370967 542.3232839669437 538.7191228665727
518.0 3.633630461257984 540.7280547485401 537.0944242872821
519.0 3.793507741372975 541.2510002299351 537.4574924885622
520.0 3.856878050513474 541.2276036051192 537.3707255546057
521.0 4.071676066721024 540.7382093332512 536.6665332665301
522.0 4.234845965546129 538.5101380369453 534.2752920713991
523.0 4.495040005649203 540.2515177772557 535.7564777716065
524.0 4.654518241558877 537.7975048515091 533.1429866099503
525.0 4.855445601796251 539.8374028533928 534.9819572515965
526.0 4.940946009583395 537.6253170140687 532.6843710044853
527.0 5.210667978267825 534.6174537119917 529.4067857337239
528.0 5.408527098138198 533.421011449747 528.0124843516088
529.0 5.568396905104097 536.6744178752449 531.1060209701408
530.0 5.628481726391162 536.1613076252138 530.5328258988226
531.0 5.894924761515868 531.0742825737547 525.1793578122388
532.0 6.027105664636564 531.7448934109897 525.7177877463532
533.0 6.01544923975994 529.5373104066504 523.5218611668905
534.0 6.336968145469545 535.8073418745671 529.4703737290976
535.0 6.412360801966178 532.2955930373554 525.8832322353892
536.0 6.955057428553811 529.524913995566 522.5698565670122
537.0 7.132357994446939 534.2341940866429 527.1018360921959
538.0 7.889129889208724 526.378572366571 518.4894424773623
539.0 7.339354231099528 529.0119238421991 521.6725696110996
540.0 7.350988128699637 533.9573785348346 526.606390406135
541.0 8.114142786887132 529.6643909174343 521.5502481305472
542.0 8.259464673641672 538.2728971504773 530.0134324768357
543.0 8.389646640605688 543.182585468769 534.7929388281633
544.0 8.003540580884783 548.3749015954747 540.3713610145899
545.0 9.689770678417285 526.8727190805062 517.1829484020889
546.0 9.782376330911961 514.5369818709944 504.7546055400825
547.0 13.17279520653697 467.8350149956159 454.6622197890789
548.0 9.778456579790547 537.4252366091125 527.646780029322
549.0 9.793171015032468 567.5522289146158 557.7590578995833
550.0 8.707277441064482 534.485059077507 525.7777816364426
551.0 17.05042211541068 434.0319840295258 416.9815619141151
552.0 16.86832548635153 440.7288516522449 423.8605261658934
553.0 15.55805870621503 448.946359625742 433.3883009195269
554.0 14.55891131629289 460.2471649033273 445.6882535870344
555.0 12.10285751163034 501.668047890449 489.5651903788187
556.0 17.61234808261341 437.7809781544911 420.1686300718777
557.0 20.90769051347958 419.8847301052407 398.9770395917611
558.0 15.8629382137143 447.4328600157576 431.5699218020433
559.0 16.63207233881369 444.0020548803966 427.369982541583
560.0 20.98804836531525 421.392621889637 400.4045735243218
561.0 24.38661597064345 402.6333099820157 378.2466940113723
562.0 27.66528924097206 383.9203566089728 356.2550673680007
563.0 25.4624462537628 394.8131803704633 369.3507341167005
564.0 26.33761581222706 393.1523218128867 366.8147060006596
565.0 22.12683648501299 415.4394617005485 393.3126252155355
566.0 27.58118492202855 381.8121998985569 354.2310149765283
567.0 29.04329449551633 378.4296256189548 349.3863311234385
568.0 33.43079127467194 361.6692497433517 328.2384584686797
569.0 29.04378211572659 378.4449718213956 349.4011897056691
570.0 32.72465932809575 362.7675025774858 330.04284324939
571.0 32.88315726823567 363.5157485575236 330.6325912892879
572.0 41.11653857304866 334.3176478166334 293.2011092435847
573.0 32.8945522336093 363.7210938640757 330.8265416304664
574.0 39.47027289249733 341.5113318592911 302.0410589667938
575.0 32.2700219350602 364.9274205184521 332.6573985833919
576.0 50.31992481639442 306.6215603921165 256.3016355757221
577.0 50.85134676876098 304.5091162137666 253.6577694450057
578.0 33.43292856680374 361.7221357461504 328.2892071793467
579.0 43.34215249216788 329.7221291425861 286.3799766504182
580.0 67.11998509244431 262.0518964042703 194.931911311826
581.0 54.45408006156918 295.7221352303929 241.2680551688237
582.0 61.26447518525424 277.7214306534584 216.4569554682042
583.0 67.72699615935834 263.4564617543182 195.7294655949598
584.0 72.61704741597362 253.7154957899759 181.0984483740023
585.0 85.28886358619353 227.3276401784612 142.0387765922677
586.0 83.36446049468176 231.4765607651586 148.1121002704768
587.0 82.40037733599223 233.6377622573203 151.2373849213281
588.0 83.36852264281579 231.5582444726772 148.1897218298614
591.0 96.12805429276628 205.722137 109.5940827072337
