0.0 4.982402917337316 838.7401300695995 833.7577271522622
1.0 3.739387586339115 837.7204795543502 833.9810919680111
2.0 2.955215442622949 837.0199025734124 834.0646871307894
3.0 2.38108261996658 836.9651871890503 834.5841045690837
4.0 1.956339549925985 836.7089239124756 834.7525843625496
5.0 1.621024896330486 835.8574795908804 834.2364546945499
6.0 1.347849639227074 835.26415205505 833.916302415823
7.0 1.103700510604063 834.7410834326557 833.6373829220517
8.0 0.9250387152889637 834.1076928833205 833.1826541680316
9.0 0.7773182941929169 833.4237602003718 832.6464419061789
10.0 0.633491216646506 832.6932456014382 832.0597543847917
11.0 0.5330671466637534 832.7747919100587 832.241724763395
12.0 0.4338856442546838 832.120059292555 831.6861736483003
13.0 0.3541165828179386 831.5366782648019 831.182561681984
14.0 0.2940586262384953 830.8406584106264 830.5465997843879
15.0 0.2327696164902803 830.3846155540201 830.1518459375298
16.0 0.1844560111405799 829.9877422945033 829.8032862833628
17.0 0.1478690239098541 829.4465749700817 829.2987059461718
18.0 0.1216229240867578 829.0333187561813 828.9116958320945
19.0 0.09956132450919999 828.4536574440585 828.3540961195493
20.0 0.07885206495323946 828.0881629686357 828.0093109036824
21.0 0.0622168914911143 827.6030983578181 827.5408814663269
22.0 0.04964615769098953 827.1213199541972 827.0716737965062
23.0 0.04165839070728823 826.553070363587 826.5114119728798
24.0 0.0319096622708917 826.2473380042211 826.2154283419502
25.0 0.008140939966053973 825.6205293364091 825.612388396443
26.0 0.0179158810953748 825.5067983054977 825.4888824244024
27.0 0.008762550941363745 825.1088692378094 825.1001066868681
28.0 0.004312671112054633 824.3404652689141 824.3361525978021
29.0 0.0005782947674201205 824.239752689059 824.2391743942915
30.0 0.003020522796334454 823.7534003005466 823.7503797777503
31.0 0 823.2604346762297 823.2604346762297
32.0 0.009833380800731317 823.0753890615505 823.0655556807498
33.0 0.009216335164597314 822.4692917517769 822.4600754166123
34.0 0.01294171015928486 821.8907810231939 821.8778393130346
35.0 0.02494096636997263 821.6572084604755 821.6322674941055
36.0 0.02582389698080513 821.1467382823304 821.1209143853496
37.0 0.0297435459034347 820.7807369343861 820.7509933884827
38.0 0.03588171639587316 820.4609144961571 820.4250327797612
39.0 0.04563193974926055 819.9363072284158 819.8906752886665
40.0 0.06374517703588614 819.5251291397763 819.4613839627404
41.0 0.07661764111266514 819.0035944833282 818.9269768422156
42.0 0.09705630215556117 818.5337245563033 818.4366682541477
43.0 0.1058418539763098 818.1750949785948 818.0692531246185
44.0 0.1209016117529449 817.7892598186051 817.6683582068521
45.0 0.1416666635259041 817.1425137746156 817.0008471110897
46.0 0.1622088308142098 816.7018466100651 816.5396377792508
47.0 0.1809287751072143 816.1892678071439 816.0083390320367
48.0 0.196078681983219 815.6668077662233 815.47072908424
49.0 0.2182633629119037 815.3686078725493 815.1503445096374
50.0 0.2361877236625484 814.8376411971077 814.6014534734451
51.0 0.2630826062636383 814.1862665277017 813.9231839214381
52.0 0.2936242951673169 813.6651320260238 813.3715077308564
53.0 0.304972569795262 813.1208121086666 812.8158395388714
54.0 0.3328893747377756 812.8554975847791 812.5226082100414
55.0 0.3607565539761107 812.3938804598362 812.03312390586
56.0 0.3902709441234377 811.7796170122748 811.3893460681513
57.0 0.4229061876306222 811.4481583666753 811.0252521790446
58.0 0.4509352752849637 810.9462273516739 810.4952920763889
59.0 0.4870729437018377 810.2452504784723 809.7581775347705
60.0 0.5289854020788305 809.7412923325538 809.212306930475
61.0 0.556645389108444 809.3512616108296 808.7946162217211
62.0 0.5958537411336737 808.6810298467163 808.0851761055826
63.0 0.6353572685722953 808.0887946040117 807.4534373354394
64.0 0.6766347836025251 807.7248534600525 807.04821867645
65.0 0.7219779402115508 807.4468689107741 806.7248909705625
66.0 0.7705086183435152 806.6529156309458 805.8824070126023
67.0 0.806449284812447 806.2427905470605 805.436341262248
68.0 0.8468733991406374 805.7704888710712 804.9236154719305
69.0 0.8973925753026353 805.306771933284 804.4093793579813
70.0 0.941979807644044 804.6209182419273 803.6789384342832
71.0 0.9934929328298638 803.8475408063878 802.854047873558
72.0 1.038488470697576 803.7141259809126 802.675637510215
73.0 1.086745554412662 803.0462045779226 801.95945902351
74.0 1.152630604049735 802.8285371083813 801.6759065043316
75.0 1.192832585649707 801.775849424979 800.5830168393293
76.0 1.248337864596755 801.4189008027445 800.1705629381478
77.0 1.296474645133508 800.7155111382547 799.4190364931212
78.0 1.353680782722531 800.5741639598688 799.2204831771463
79.0 1.399653050331595 800.0812100899712 798.6815570396396
80.0 1.450486419141741 799.2738257815234 797.8233393623816
81.0 1.529412106418582 799.0920255573196 797.562613450901
82.0 1.548681367524081 798.4087583500702 796.8600769825461
83.0 1.637056373957686 797.5829224871917 795.945866113234
84.0 1.69465496292046 797.2470793422271 795.5524243793066
85.0 1.751198728948586 796.8288138211176 795.077615092169
86.0 1.80698031701173 796.2937118495704 794.4867315325586
87.0 1.862687573332767 795.8196171293981 793.9569295560653
88.0 1.94029947737992 794.5234514927342 792.5831520153543
89.0 2.01203510350177 794.7804986000595 792.7684634965578
90.0 2.080335958553231 794.2407376570606 792.1604016985074
91.0 2.142300584594673 793.1813037105912 791.0390031259966
92.0 2.210030696946629 792.3116158651206 790.101585168174
93.0 2.291309229996347 792.0228593782116 789.7315501482153
94.0 2.362346166937902 792.2492176515528 789.8868714846149
95.0 2.422257075127501 791.0662643039312 788.6440072288037
96.0 2.524277846514619 789.8208453201352 787.2965674736206
97.0 2.562564478089977 789.9077806605452 787.3452161824552
98.0 2.687562648184684 789.418906762913 786.7313441147283
99.0 2.775778925636733 788.2553536461415 785.4795747205048
100.0 2.838215741581742 788.4131683268046 785.5749525852228
101.0 2.944387276334776 787.9052926760268 784.960905399692
102.0 3.002385860270482 788.0673996951145 785.065013834844
103.0 3.120577236755813 787.2109316238066 784.0903543870508
104.0 3.204973937393917 786.7845885311332 783.5796145937392
105.0 3.296717196195845 786.3102958763315 783.0135786801356
106.0 3.423298854449585 785.1837689515682 781.7604700971186
107.0 3.478982568010032 785.0317554805483 781.5527729125383
108.0 3.593364859360976 783.4691971776715 779.8758323183105
109.0 3.711945057977019 782.9716966917604 779.2597516337834
110.0 3.757837934868656 784.301341855411 780.5435039205423
111.0 3.85434367603351 782.8606242938127 779.0062806177791
112.0 3.954572421739513 782.4589182089295 778.50434578719
113.0 4.110367613982632 782.8630507462202 778.7526831322376
114.0 4.177688863064209 781.3461797164057 777.1684908533415
115.0 4.28412083331493 780.902337730248 776.6182168969331
116.0 4.358165817455113 781.1748924425095 776.8167266250544
117.0 4.428053156236629 779.1411017643691 774.7130486081325
118.0 4.525746825293928 779.3814593667689 774.855712541475
119.0 4.564752412567537 779.5145308018519 774.9497783892843
120.0 4.76036996510729 780.1350365177641 775.3746665526568
121.0 4.774002849673605 778.7680745964237 773.9940717467501
122.0 4.82820504091738 778.8139768382991 773.9857717973817
123.0 4.95800914094245 779.0870511114669 774.1290419705245
124.0 4.970558726078285 775.7970656665799 770.8265069405016
125.0 5.08283985641628 776.2556797079334 771.1728398515172
126.0 5.225560368854539 777.347509854391 772.1219494855364
127.0 5.195705265315969 774.4748620575891 769.2791567922731
128.0 5.221430812147868 775.7342971964502 770.5128663843024
129.0 5.323386642944613 777.9658270266604 772.6424403837158
130.0 5.369913579855086 774.6579456010931 769.2880320212381
131.0 5.363800126557493 777.802247253471 772.4384471269135
132.0 5.494055701020785 774.3542911234161 768.8602354223953
133.0 5.567781861172222 774.6000781953977 769.0322963342255
134.0 5.641304393392649 772.7680237767811 767.1267193833884
135.0 5.568608948732913 774.0955295846166 768.5269206358837
136.0 5.645892131969156 773.1658708680233 767.5199787360541
137.0 5.730607851524964 772.8486968763723 767.1180890248473
138.0 5.645471334831854 768.5570495740201 762.9115782391882
139.0 5.777189913611725 770.964555322801 765.1873654091893
140.0 5.871921378104987 773.3079601913816 767.4360388132766
141.0 5.888555465272782 770.9729458845875 765.0843904193147
142.0 5.92607493645056 768.8538254466592 762.9277505102086
143.0 5.896442471451821 767.6352445144139 761.738802042962
144.0 5.904948805294362 765.7444829016905 759.8395340963962
145.0 5.906303051015209 768.8474186783857 762.9411156273705
146.0 5.970241955478343 767.9642827348572 761.9940407793789
147.0 5.984429338862154 768.4528757860367 762.4684464471745
148.0 5.939561529527007 767.2522269417128 761.3126654121857
149.0 6.015194791574758 768.7283161293585 762.7131213377837
150.0 6.041026416799577 767.1501118578602 761.1090854410606
151.0 6.069919183500637 766.2843681595148 760.2144489760142
152.0 6.120189315648413 764.7038355508076 758.5836462351592
153.0 6.080378324726322 764.0821306656642 758.0017523409379
154.0 6.21109865359997 761.1493554172242 754.9382567636243
155.0 6.146065424480883 763.9670351042145 757.8209696797336
156.0 6.165762690864508 760.4732859128648 754.3075232220003
157.0 6.20826156919795 761.9757673173348 755.7675057481369
158.0 6.333726246509128 757.9154170571705 751.5816908106614
159.0 6.242198880811044 760.7060568284749 754.4638579476638
160.0 6.265935239019538 757.6583390839488 751.3924038449292
161.0 6.356458935304694 758.6672478106671 752.3107888753624
162.0 6.35131419029313 759.5182620969619 753.1669479066688
163.0 6.256237946496337 762.2012945565188 755.9450566100224
164.0 6.303285960122566 761.5746390106574 755.2713530505348
165.0 6.325045141209372 758.4338379515938 752.1087928103845
166.0 6.309047046561054 753.8759167118538 747.5668696652927
167.0 6.268109451069125 756.5125100377842 750.2444005867151
168.0 6.499765698746346 755.8848664071392 749.3851007083929
169.0 6.29430513443276 755.9377030379542 749.6433979035215
170.0 6.419424822410777 753.1273336116322 746.7079087892215
171.0 6.442760064674612 752.1821546607292 745.7393945960546
172.0 6.585216847589973 753.6360360941632 747.0508192465732
173.0 6.406100219087555 754.8756755264222 748.4695753073347
174.0 6.360388227516468 755.2579604055551 748.8975721780387
175.0 6.60888488744139 756.1056629612722 749.4967780738309
176.0 6.672609623297246 751.3815008024459 744.7088911791487
177.0 6.592679705426286 748.8222716911919 742.2295919857657
178.0 6.682851412697175 752.9348431946537 746.2519917819566
179.0 6.497266413700934 750.1310137757127 743.6337473620117
180.0 6.584892984624097 747.8013408800173 741.2164478953932
181.0 6.619640385208751 751.7493696103496 745.1297292251409
182.0 6.718543563451763 748.0014189126143 741.2828753491625
183.0 6.609575724708577 744.8398029440467 738.2302272193382
184.0 6.616355044507855 749.2309707557628 742.6146157112549
185.0 6.587080222164088 754.0232663201773 747.4361860980132
186.0 6.733835169851955 743.3947059479498 736.6608707780979
187.0 6.735078284222816 748.3045826629146 741.5695043786918
188.0 6.705324948362577 747.0654395407155 740.3601145923529
189.0 6.691922299679437 744.8479834389264 738.1560611392469
190.0 6.923139282757175 740.0049834678915 733.0818441851343
191.0 6.572031936274047 745.8917964305186 739.3197644942446
192.0 6.706043721792853 748.3634634033412 741.6574196815484
193.0 6.9388817953397 743.1332017475258 736.1943199521861
194.0 6.96579546223344 742.5620215992288 735.5962261369954
195.0 6.835525713032742 742.2323985625326 735.3968728494999
196.0 6.976831414804399 740.8006103057606 733.8237788909562
197.0 7.046360677375871 736.767088021488 729.7207273441121
198.0 6.864819166859883 739.4139173667942 732.5490981999344
199.0 7.095477664659751 738.8312464587757 731.735768794116
200.0 6.895259396794636 744.1125955634114 737.2173361666168
201.0 7.070512491921269 735.6860873735198 728.6155748815985
202.0 6.981946651539975 736.5687647168684 729.5868180653285
203.0 6.843983116940107 739.8178979446846 732.9739148277445
204.0 6.941705958003605 738.077090959794 731.1353850017904
205.0 7.10780992377233 737.0194147224303 729.911604798658
206.0 7.244461489361109 730.3774868142888 723.1330253249277
207.0 7.252907295325287 736.5892394370881 729.3363321417629
208.0 7.075173932572867 735.9393240853548 728.8641501527819
209.0 6.949427340439238 740.6632133668796 733.7137860264404
210.0 7.177452540325886 731.6387657975959 724.46131325727
211.0 7.022888429333715 735.8662603806812 728.8433719513475
212.0 7.302981007497441 728.6594972037656 721.3565161962681
213.0 7.203232497224797 734.0136610378165 726.8104285405917
214.0 7.328148011884185 728.9767518515132 721.6486038396291
215.0 7.213802234810476 735.5260096034702 728.3122073686597
216.0 7.085434317763653 731.5583520507308 724.4729177329671
217.0 7.253564168320074 730.509309319052 723.2557451507319
218.0 7.207694289688587 740.2702059828547 733.0625116931661
219.0 7.124597698188973 733.1558767100933 726.0312790119043
220.0 7.323416923828974 733.7606603663017 726.4372434424728
221.0 7.297960332878189 731.4879193531828 724.1899590203046
222.0 7.347682160927366 725.5479812786272 718.2002991176998
223.0 7.205587884186958 729.6860397607884 722.4804518766014
224.0 7.276786938451138 735.716810655789 728.4400237173379
225.0 7.370925419762241 734.490505897319 727.1195804775568
226.0 7.367820729273285 729.8256516240297 722.4578308947564
227.0 7.232313031475066 728.9092420608682 721.6769290293931
228.0 7.451767695783638 730.6182606708863 723.1664929751027
229.0 7.506052352913723 725.7951127193487 718.2890603664349
230.0 7.316408187903539 730.3651141030306 723.0487059151271
231.0 7.35685135027472 730.5508679334412 723.1940165831665
232.0 7.552050433074568 719.6673200228872 712.1152695898126
233.0 7.404274538760912 721.8980818955939 714.493807356833
234.0 7.41897391327327 729.2971127622497 721.8781388489764
235.0 7.622244124290131 724.5388661591663 716.9166220348761
236.0 7.435595722721417 722.4697474797812 715.0341517570597
237.0 7.477594212591138 723.9270569440464 716.4494627314552
238.0 7.473498179908632 727.1878733358227 719.7143751559141
239.0 7.467353900301846 717.645873051282 710.1785191509801
240.0 7.354758462726918 719.8699405101344 712.5151820474074
241.0 7.534214190689909 720.3996064654035 712.8653922747136
242.0 7.374504734075232 725.7156456695769 718.3411409355017
243.0 7.484454034941691 725.7999396289975 718.3154855940558
244.0 7.504406562255716 722.1648942442419 714.6604876819862
245.0 7.517323728923574 723.7577974787807 716.2404737498571
246.0 7.593213054792398 724.6391617779853 717.0459487231929
247.0 7.342857151786348 717.440191187828 710.0973340360416
248.0 7.48346082213418 716.5791804849295 709.0957196627953
249.0 7.600214804736713 721.9530414892288 714.3528266844921
250.0 7.533439757118388 720.7605658153574 713.227126058239
251.0 7.327497182740286 719.0156961215895 711.6881989388493
252.0 7.612477874798513 717.9515126133589 710.3390347385604
253.0 7.423123075067913 718.8010268279473 711.3779037528794
254.0 7.733110895885335 709.6058388804765 701.8727279845911
255.0 7.473390864137145 716.6644181338828 709.1910272697457
256.0 7.434477974991581 715.4053010168848 707.9708230418932
257.0 7.464058704643919 712.354391731767 704.890333027123
258.0 7.415621954575486 716.2962432627387 708.8806213081632
259.0 7.371621302741683 715.8869658694159 708.5153445666742
260.0 7.306340696052381 717.9935348733373 710.687194177285
261.0 7.368745875230694 709.4373207124248 702.0685748371942
262.0 7.298041755837161 713.377732212792 706.0796904569548
263.0 7.567756801889394 709.1710035310423 701.6032467291529
264.0 7.297154112485432 709.9024465158316 702.6052924033462
265.0 7.429040080551499 710.1708537403285 702.741813659777
266.0 7.357087883252804 712.640625817221 705.2835379339682
267.0 7.408173364218773 707.6657207173273 700.2575473531086
268.0 7.340336810307493 706.6413151767173 699.3009783664098
269.0 7.362686771286113 705.8786849441001 698.5159981728139
270.0 7.328400253011008 710.132619776948 702.804219523937
271.0 7.229401616912464 705.385737511289 698.1563358943766
272.0 7.225238108755282 706.1136511921467 698.8884130833914
273.0 7.390458335614305 702.4325304998701 695.0420721642558
274.0 7.240618384730412 707.923263662142 700.6826452774116
275.0 7.240794043115933 707.4785148563996 700.2377208132836
276.0 7.234947953726306 705.593295936593 698.3583479828667
277.0 7.212409097994183 704.5008358520498 697.2884267540556
278.0 7.116169407670776 703.4335293977708 696.3173599901
279.0 7.070105313955386 703.2021260674277 696.1320207534723
280.0 7.163758582582659 702.6262978129492 695.4625392303665
281.0 7.096024245145079 705.526159657586 698.4301354124409
282.0 7.140726822739813 702.1072273571405 694.9665005344007
283.0 7.025605172743199 702.422294190831 695.3966890180878
284.0 7.110321948073606 703.5955150444428 696.4851930963692
285.0 7.006641817942545 701.8044708581196 694.797829040177
286.0 6.98936911821124 700.3470369907776 693.3576678725663
287.0 7.023407431253859 701.8605956215338 694.8371881902799
288.0 7.077905488170002 695.9946212768323 688.9167157886623
289.0 7.010601855583599 696.6709995933349 689.6603977377513
290.0 7.003671473854172 695.6931081290983 688.6894366552441
291.0 7.015070111749217 694.1989634090401 687.1838932972909
292.0 6.941859940435849 695.5583754600513 688.6165155196155
293.0 6.991616791196 693.4475136487943 686.4558968575983
294.0 6.992431288279695 694.3415701932087 687.3491389049291
295.0 6.891251482313445 694.2319489197493 687.3406974374359
296.0 6.883394446978121 694.2799062559589 687.3965118089808
297.0 6.780599418698189 695.9732291585133 689.1926297398151
298.0 6.770640329044975 694.4667312418214 687.6960909127764
299.0 6.817793478351092 697.9537138432448 691.1359203648937
300.0 6.815888017681127 693.0424422596195 686.2265542419383
301.0 6.900324621496385 690.0254289146242 683.1251042931278
302.0 6.704133161141654 693.1541986971248 686.4500655359831
303.0 6.703301524953388 689.6057064226618 682.9024048977085
304.0 6.747932867286917 691.0933263919633 684.3453935246764
305.0 6.702406131226136 687.6947796915715 680.9923735603454
306.0 6.653003837234401 689.2043019290406 682.5512980918062
307.0 6.685744119723514 688.0943267407305 681.408582621007
308.0 6.622587145077232 690.9997839206629 684.3771967755857
309.0 6.643504353705169 687.0316495285383 680.3881451748331
310.0 6.582454157336094 687.583908443621 681.0014542862849
311.0 6.518979339681917 687.033060866887 680.5140815272051
312.0 6.632140353192842 683.0549760094986 676.4228356563058
313.0 6.606022459603439 685.8401595687745 679.2341371091711
314.0 6.55134129509986 683.5294324296795 676.9780911345796
315.0 6.49181541482332 682.1843893591465 675.6925739443232
316.0 6.510860243853265 685.8824644860083 679.371604242155
317.0 6.406141306494761 683.9385715524748 677.53243024598
318.0 6.457418244303448 681.3531414585918 674.8957232142884
319.0 6.464435656472759 681.5603343360669 675.0958986795942
320.0 6.494951752709865 680.4257299427329 673.930778190023
321.0 6.38792081827517 682.195393398569 675.8074725802938
322.0 6.400288760488357 679.9283927059906 673.5281039455023
323.0 6.324818921731377 679.6116940956424 673.286875173911
324.0 6.337923440013804 678.7931310138518 672.455207573838
325.0 6.183470949637571 681.3295556503603 675.1460847007227
326.0 6.260569982196345 679.569142045873 673.3085720636767
327.0 6.266972678582665 678.7923405915275 672.5253679129448
328.0 6.260758195354174 676.5177809200136 670.2570227246594
329.0 6.213130800349668 675.2704337232182 669.0573029228685
330.0 6.264730030829365 674.5463883255332 668.2816582947038
331.0 6.191207970869309 676.3026245291883 670.111416558319
332.0 6.271855771206919 672.4003670176438 666.1285112464369
333.0 6.119973721034689 675.3386292260249 669.2186555049902
334.0 6.150371377826663 674.0009500895644 667.8505787117377
335.0 6.090400986632389 672.3442620940743 666.2538611074419
336.0 6.084742239982252 671.5810503767948 665.4963081368126
337.0 6.084142035156353 671.4303082129331 665.3461661777768
338.0 6.029764397524898 671.0754833650384 665.0457189675135
339.0 6.032248673919206 669.816976229436 663.7847275555168
340.0 6.009517314525773 669.8644599401706 663.8549426256448
341.0 6.012442251630064 669.1408062058935 663.1283639542635
342.0 5.975756660430504 668.9271877262521 662.9514310658216
343.0 5.93022116034191 668.2088287486845 662.2786075883425
344.0 5.937506110029943 667.6112021783706 661.6736960683406
345.0 5.928759999332019 665.9508974456425 660.0221374463105
346.0 5.883034703974956 666.8253112832265 660.9422765792516
347.0 5.864231633114555 665.4852004796579 659.6209688465433
348.0 5.831583587376331 666.663042362265 660.8314587748886
349.0 5.821386107720336 664.4124616319474 658.591075524227
350.0 5.790354575214364 663.7027520293012 657.9123974540868
351.0 5.809416058027515 663.0303246961465 657.220908638119
352.0 5.762526142920757 663.023731027036 657.2612048841153
353.0 5.742230575110632 663.181697800103 657.4394672249924
354.0 5.704378405444723 660.9834409068094 655.2790625013647
355.0 5.754597335231253 660.4382238829754 654.6836265477442
356.0 5.700172790614963 660.5941216769901 654.8939488863751
357.0 5.712764162532837 659.1824800727056 653.4697159101727
358.0 5.690464265207586 659.0804106671104 653.3899464019028
359.0 5.575882374850229 660.9990280856563 655.4231457108061
360.0 5.672706862363158 659.1208931586343 653.4481862962711
361.0 5.596252715480236 657.696906230221 652.1006535147407
362.0 5.599667490363505 656.7295732253465 651.129905734983
363.0 5.581333477976781 656.7115252376567 651.1301917596799
364.0 5.555461805619294 656.1163063815005 650.5608445758812
365.0 5.566472410221129 655.791923664466 650.2254512542448
366.0 5.533566694765592 653.7906596952736 648.257093000508
367.0 5.511695387676357 654.5938577453473 649.0821623576709
368.0 5.507385316163718 653.954646874392 648.4472615582283
369.0 5.480196205677203 652.6975014745168 647.2173052688396
370.0 5.446649824697446 653.6416221510303 648.1949723263329
371.0 5.483066074717215 651.5693793271939 646.0863132524767
372.0 5.438615815705769 651.1112072196716 645.6725914039659
373.0 5.38305361955814 650.7414714065846 645.3584177870264
374.0 5.394777887397081 650.0749297865237 644.6801518991266
375.0 5.351977748640148 650.6426057688706 645.2906280202305
376.0 5.371209794938744 648.7325519160027 643.3613421210639
377.0 5.341252027276767 649.1891345071455 643.8478824798687
378.0 5.333441139068486 647.7437650860016 642.4103239469331
379.0 5.313653655646512 647.0013561836641 641.6877025280176
380.0 5.298341846020235 646.6767650013509 641.3784231553307
381.0 5.264039991149334 647.1968202924885 641.9327803013391
382.0 5.272822792524864 645.2867972901205 640.0139744975956
383.0 5.255686953798921 645.6016230789645 640.3459361251656
384.0 5.221284930566613 645.5574151993619 640.3361302687953
385.0 5.223567694548704 644.1446295300047 638.921061835456
386.0 5.208343615748572 644.0425728222893 638.8342292065407
387.0 5.19852070090086 642.9768580160089 637.778337315108
388.0 5.185244672459755 643.391440585382 638.2061959129222
389.0 5.161726045684433 642.6126373355765 637.450911289892
390.0 5.167059815964843 641.639260301615 636.4722004856501
391.0 5.135623946262663 640.444326462901 635.3087025166383
392.0 5.107092174729583 640.3906381415826 635.283545966853
393.0 5.115518882507269 640.0946762732441 634.9791573907369
394.0 5.124349889835227 638.9932081848097 633.8688582949745
395.0 5.100065923122849 638.2578875888653 633.1578216657425
396.0 5.0906584048418 637.5979478215077 632.5072894166659
397.0 5.060203832445631 637.2249903638009 632.1647865313552
398.0 5.057654714243139 636.3143229575631 631.25666824332
399.0 5.071671184713191 635.1547923835925 630.0831211988793
400.0 5.066903623142151 635.3456627043249 630.2787590811827
401.0 5.028191848949344 635.31400534182 630.2858134928706
402.0 5.044754854510554 634.0363347551511 628.9915799006406
403.0 5.017251910097884 633.8382785217029 628.821026611605
404.0 4.989509522810874 633.6006874311737 628.6111779083628
405.0 5.019766946618306 631.9668657227003 626.947098776082
406.0 5.001895684786766 631.6924344666049 626.6905387818181
407.0 4.969440340504664 631.4072015809005 626.4377612403959
408.0 4.983253806176696 630.6705572152119 625.6873034090352
409.0 4.972801331476248 629.8119011912218 624.8390998597455
410.0 4.958122017849248 629.0360043084626 624.0778822906134
411.0 4.960054456879072 628.4631865426149 623.5031320857358
412.0 4.938879913614287 628.0335905808423 623.094710667228
413.0 4.924688672667591 627.9974980691948 623.0728093965272
414.0 4.941048164312233 626.9226145383395 621.9815663740273
415.0 4.916951060833217 626.2064717104657 621.2895206496324
416.0 4.913296356753898 625.9162519803636 621.0029556236097
417.0 4.89941242749752 625.1489183418279 620.2495059143303
418.0 4.893866253394882 625.2284852624847 620.3346190090898
419.0 4.89608755456727 623.9643866165162 619.0682990619489
420.0 4.902415408919132 623.3097561148118 618.4073407058927
421.0 4.905966925798238 622.8408599059461 617.9348929801478
422.0 4.89026249026897 621.9495721736537 617.0593096833848
423.0 4.902227373065087 621.1777336092064 616.2755062361413
424.0 4.881157101351738 620.8379693123351 615.9568122109833
425.0 4.877432023784487 621.072811745033 616.1953797212486
426.0 4.89387353499143 619.3818709406604 614.4879974056689
427.0 4.889819216897798 618.7975092649341 613.9076900480363
428.0 4.882535179115868 618.4582789961886 613.5757438170727
429.0 4.876069252877534 617.554860670219 612.6787914173415
430.0 4.914019710573754 616.3218111119021 611.4077914013284
431.0 4.900514171852852 616.0200348181265 611.1195206462736
432.0 4.887869918319498 616.4630899895853 611.5752200712658
433.0 4.889997456314099 615.4593433681416 610.5693459118275
434.0 4.891616217220639 614.7890696324706 609.89745341525
435.0 4.893769616443001 614.1990999770005 609.3053303605575
436.0 4.907137584729538 613.406470906982 608.4993333222525
437.0 4.914576972456971 612.1928638889094 607.2782869164524
438.0 4.92151180455305 612.254498289498 607.3329864849449
439.0 4.92924979229736 611.5329506945364 606.6037009022391
440.0 4.942484320230094 610.5969241847194 605.6544398644893
441.0 4.951965721969027 609.9358220331012 604.9838563111322
442.0 4.944195230211651 609.1511654343071 604.2069702040954
443.0 4.961580060772954 609.0636691659104 604.1020891051374
444.0 4.971713339853333 607.9262196580884 602.9545063182351
445.0 4.997912890526516 607.5375519963346 602.5396391058081
446.0 5.005239161681181 606.5062057254622 601.5009665637811
447.0 4.996149931051893 607.0861463972411 602.0899964661892
448.0 5.027202220010705 605.2048364938059 600.1776342737952
449.0 5.048014530456132 604.8912582046674 599.8432436742113
450.0 5.050741480402718 604.6835884785932 599.6328469981905
451.0 5.070715257563665 603.5146455998955 598.4439303423318
452.0 5.089727465411528 603.7914761688398 598.7017487034282
453.0 5.118277081825238 602.1100041929737 596.9917271111484
454.0 5.126634617084641 601.7928076004696 596.666172983385
455.0 5.170555082442566 600.8226029362264 595.6520478537839
456.0 5.179993015858116 599.8538936259002 594.6739006100421
457.0 5.195638423348037 599.7743928523918 594.5787544290437
458.0 5.228332265898098 598.6542413435073 593.4259090776092
459.0 5.245357778018243 598.518764790863 593.2734070128448
460.0 5.280291382616636 597.1853995181004 591.9051081354838
461.0 5.310266608027113 596.9645640945673 591.6542974865402
462.0 5.344438548195127 596.0087705856249 590.6643320374298
463.0 5.371579320018424 595.3824999973277 590.0109206773092
464.0 5.399816478850993 594.9264650291968 589.5266485503458
465.0 5.447441513714427 593.6248759068214 588.177434393107
466.0 5.47065568675772 593.4147081838259 587.9440524970682
467.0 5.502550807653143 592.8221130531609 587.3195622455078
468.0 5.546314812108564 591.826976727305 586.2806619151964
469.0 5.591489876439783 591.4276949197198 585.83620504328
470.0 5.624463347042802 590.3319862404582 584.7075228934154
471.0 5.677986311791031 589.9052261386091 584.227239826818
472.0 5.711837693794338 589.0267737854935 583.3149360916992
473.0 5.767148881979775 588.4227009151537 582.655552033174
474.0 5.792652821182104 587.9140260405918 582.1213732194097
475.0 5.861006851400457 586.8863870185857 581.0253801671852
476.0 5.917585097091079 586.0055897558914 580.0880046588003
477.0 5.972827725560655 585.6663621205853 579.6935343950246
478.0 6.017040390098804 584.4974514040306 578.4804110139318
479.0 6.073389175952055 583.6747868301281 577.601397654176
480.0 6.112282594409158 583.3251289442017 577.2128463497926
481.0 6.168847390551858 583.1067569456344 576.9379095550825
482.0 6.231334320671688 581.8070279649607 575.5756936442891
483.0 6.306441993740526 581.4259258437875 575.1194838500469
484.0 6.341345580632474 581.0461448524066 574.7047992717741
485.0 6.419944016932677 579.8067743840981 573.3868303671654
486.0 6.513115740703406 579.6138441818178 573.1007284411144
487.0 6.571035527336615 578.9230561433992 572.3520206160626
488.0 6.608310881509017 577.9748106081809 571.3664997266719
489.0 6.699366429990755 577.6277998057533 570.9284333757626
490.0 6.750826895575831 576.6482739911035 569.8974470955277
491.0 6.849384787581157 576.3436624037781 569.494277616197
492.0 6.982113916331039 575.1937806707449 568.2116667544139
493.0 7.025212394215453 573.5923415615223 566.5671291673068
494.0 7.146026463177116 573.3794982481342 566.2334717849571
495.0 7.20708124283299 573.2640358996317 566.0569546567987
496.0 7.269572857554409 572.7421231131879 565.4725502556335
497.0 7.391772205327146 571.3180883280395 563.9263161227124
498.0 7.485109530019202 570.42980768396 562.9446981539408
499.0 7.585333469499226 570.6261235555924 563.0407900860932
500.0 7.699367609544393 568.9188066191707 561.2194390096264
501.0 7.819478792025833 567.6841744525698 559.864695660544
502.0 7.927987048928252 566.8170501386528 558.8890630897245
503.0 8.041349193005195 567.261492383319 559.2201431903138
504.0 8.139308967416299 565.2693355547399 557.1300265873236
505.0 8.261420152411262 564.0807300543198 555.8193099019086
506.0 8.287097396035921 566.6712847847395 558.3841873887036
507.0 8.424856529919457 564.9048582207811 556.4800016908616
508.0 8.615841520120344 563.3435990505728 554.7277575304525
509.0 8.72208168299568 563.4871912389118 554.7651095559161
510.0 8.845818630040935 561.9008787884578 553.0550601584169
511.0 9.007579836682006 562.1040772132343 553.0964973765523
512.0 9.086586704096181 561.472479510596 552.3858928064998
513.0 9.280202207875082 560.2323153582169 550.9521131503418
514.0 9.429123418478091 557.7246341563726 548.2955107378945
515.0 9.556050002066735 559.3014094845404 549.7453594824737
516.0 9.759094220155576 556.6609774322941 546.9018832121385
517.0 9.95015943618694 557.2450719033491 547.2949124671621
518.0 10.02136392059565 555.9514382805911 545.9300743599955
519.0 10.18899832314627 555.0076528861771 544.8186545630308
520.0 10.22236340201013 557.715227751967 547.4928643499569
521.0 10.50089108523102 553.3102626818043 542.8093715965733
522.0 10.74933587780103 549.8169781589539 539.0676422811528
523.0 10.91662532483289 555.8589126248159 544.942287299983
524.0 11.16523288855844 551.7880730840144 540.622840195456
525.0 11.32335300825298 553.1625199874091 541.8391669791561
526.0 11.4896967583577 549.2548385577051 537.7651417993474
527.0 11.80992040447902 550.2998371682697 538.4899167637906
528.0 12.10337098006654 543.5867621270627 531.4833911469962
529.0 12.10722291198764 553.304041724068 541.1968188120804
530.0 12.22763000763938 548.7341773263523 536.5065473187129
531.0 12.64509973069905 542.9483608163073 530.3032610856083
532.0 12.77387627509848 542.5763703352076 529.8024940601091
533.0 12.87678812764619 536.0842115233548 523.2074233957086
534.0 12.90958388764559 552.8354217228872 539.9258378352416
535.0 13.19785315497368 539.5958265900574 526.3979734350837
536.0 13.81355560700678 538.2305566918384 524.4170010848316
537.0 13.82841788971916 545.6169976451941 531.7885797554749
538.0 14.87654643676476 532.9879182562371 518.1113718194724
539.0 14.27411466205874 533.4818775409588 519.2077628789
540.0 14.11883621119172 541.0386755044948 526.9198392933031
541.0 14.89680265104569 546.6983495585996 531.8015469075539
542.0 14.83105365013287 553.0236251483405 538.1925714982076
543.0 14.90661037841819 552.5980352898196 537.6914249114014
544.0 14.29428804223521 563.4720824579899 549.1777944157547
545.0 16.75156016245819 530.4074999629337 513.6559398004755
546.0 17.19661557658342 516.9258933805278 499.7292778039443
547.0 21.95448898553333 468.9480000488995 446.9935110633662
548.0 16.61247275379016 537.6927293960524 521.0802566422622
549.0 15.82043792686928 567.7160518981901 551.8956139713209
550.0 15.42666737061469 547.0701001673585 531.6434327967438
551.0 26.84700857074737 434.9686574722236 408.1216489014762
552.0 26.4778671575304 441.7998662828512 415.3219991253208
553.0 24.91678058044339 449.6813761685448 424.7645955881014
554.0 23.58826358768514 460.9057715968889 437.3175080092038
555.0 19.96322578311058 501.7156501825545 481.7524243994439
556.0 27.32586189488539 438.5143630773117 411.1885011824263
557.0 31.18971325438546 420.6427100490014 389.4529967946159
558.0 25.27426864161874 447.91586965998 422.6416010183612
559.0 26.15441638239274 444.5955774304687 418.4411610480759
560.0 31.24028393347038 421.5618924629063 390.321608529436
561.0 35.22891609262504 403.1300841970045 367.9011681043795
562.0 39.10052007963253 384.2586638502659 345.1581437706333
563.0 36.54976355197564 394.8912573062203 358.3414937542446
564.0 37.49069373616097 393.3878062502971 355.8971125141362
565.0 32.56987823139554 415.582243645752 383.0123654143564
566.0 39.07246329897411 382.0301159572632 342.9576526582891
567.0 40.66326616088657 378.7454217042562 338.0821555433697
568.0 45.62255025545152 361.6946527287228 316.0721024732713
569.0 40.66348538424607 378.7521904695796 338.0887050853335
570.0 44.8666399347841 362.8925030271346 318.0258630923505
571.0 45.00986741651445 363.5951509587537 318.5852835422392
572.0 54.24636868630875 334.5261820053136 280.2798133190048
573.0 45.01720084771702 363.7217529128522 318.7045520651352
574.0 52.36453490813838 341.5914436541035 289.2269087459651
575.0 44.34161319632625 365.0662452996177 320.7246321032915
576.0 64.44069882718069 306.8057722336439 242.3650734064632
577.0 65.04391539133207 304.6361648638909 239.5922494725588
578.0 45.6237038271551 361.7221367201634 316.0984328930083
579.0 56.65800769417934 329.7221346652401 273.0641269710607
580.0 82.88925729836385 262.1669529540635 179.2776956556997
581.0 68.98099362866084 295.7221364006257 226.7411427719649
582.0 76.45745384787511 277.7217497193273 201.2642958714522
583.0 83.47563880832858 263.5125705774151 180.0369317690865
584.0 88.75921476130732 253.7180895402657 164.9588747789584
585.0 102.4787435427713 227.3931049846838 124.9143614419125
586.0 100.3913902480598 231.5346553604857 131.1432651124259
587.0 99.34393368867162 233.6582561475354 134.3143224588638
588.0 100.3937333480283 231.5905672279668 131.1968338799386
591.0 114.1898396222886 205.722137 91.53229737771139
