0.0 4.839224384650041 850.9915245525203 846.1523001678702
1.0 3.588415327571169 850.4344294314985 846.8460141039273
2.0 2.807259829410044 849.2272248579446 846.4199650285345
3.0 2.226628718949487 848.8811803731335 846.654551654184
4.0 1.798514148166367 848.7298903014371 846.9313761532708
5.0 1.472806297386351 847.7298867793944 846.2570804820081
6.0 1.20594979916711 846.9817528426734 845.7758030435063
7.0 0.9653600693618767 846.5938970286682 845.6285369593063
8.0 0.7928733563114576 846.1396288435947 845.3467554872833
9.0 0.6550426525912508 845.3025811990588 844.6475385464675
10.0 0.520860060632833 844.5649702455179 844.044110184885
11.0 0.4176126084685705 844.6269229900015 844.209310381533
12.0 0.3256237635622835 844.1985550369677 843.8729312734054
13.0 0.2549285876630623 843.5240689448056 843.2691403571426
14.0 0.2049716223244473 842.8588920478304 842.6539204255059
15.0 0.1509882774583534 842.3042898963294 842.1533016188711
16.0 0.1075380114654559 842.0102262630024 841.902688251537
17.0 0.08076047122956201 841.2807021313139 841.1999416600844
18.0 0.06047480033154186 840.9025279164138 840.8420531160822
19.0 0.0456427706135637 840.5777085778854 840.5320658072718
20.0 0.03046376184072841 840.2067583667578 840.176294604917
21.0 0.02225863496759571 839.6296184676606 839.607359832693
22.0 0.01658754610992197 839.2563129729444 839.2397254268345
23.0 0.01821899652423409 838.6187005657445 838.6004815692202
24.0 0.01269914018620842 838.3869016307502 838.374202490564
25.0 0 837.6015867444083 837.6015867444083
26.0 0.01076239655587861 837.6179330146369 837.607170618081
27.0 0.007412460354222161 837.2928021297255 837.2853896693713
28.0 0.01701295094115625 836.322467165609 836.3054542146678
29.0 0.01367644771976087 836.3694851858073 836.3558087380875
30.0 0.02440491280823409 835.8496022273078 835.8251973144995
31.0 0.02905481860367543 835.4050841073702 835.3760292887666
32.0 0.04161145648644719 835.2670720132112 835.2254605567247
33.0 0.05239772134363734 834.4816766038038 834.4292788824601
34.0 0.06506722872675574 833.9688301839536 833.9037629552268
35.0 0.08064793802618492 833.7954983174145 833.7148503793883
36.0 0.08993406765116529 833.2669849330599 833.1770508654087
37.0 0.09990481755569863 832.910688366997 832.8107835494414
38.0 0.1108513992527856 832.6591607544799 832.5483093552271
39.0 0.1297481857944994 832.0829215923887 831.9531734065942
40.0 0.1537146133649508 831.8260444555082 831.6723298421432
41.0 0.1764309917223721 831.164414272573 830.9879832808506
42.0 0.2046178121176908 830.7058475883053 830.5012297761876
43.0 0.2193620747260652 830.3670620404855 830.1476999657595
44.0 0.2413488331577042 829.9146705877549 829.6733217545972
45.0 0.2727365517692774 829.3191729260756 829.0464363743064
46.0 0.3004347621127672 828.918004379388 828.6175696172753
47.0 0.329474721621882 828.205779768125 827.8763050465031
48.0 0.3526007389262957 827.7875867931845 827.4349860542582
49.0 0.379142819776241 827.6034365045722 827.2242936847959
50.0 0.4067993542200006 826.9660664941628 826.5592671399428
51.0 0.4440585458910115 826.3994030986076 825.9553445527166
52.0 0.4835482349456927 825.8918961689366 825.4083479339909
53.0 0.5041695846300407 825.3215482698607 824.8173786852307
54.0 0.5370551449965609 825.0343137909476 824.4972586459511
55.0 0.5732464306377732 824.5425249269192 823.9692784962814
56.0 0.6127777993008831 823.9862916903858 823.3735138910849
57.0 0.6512627355344396 823.6660909017154 823.014828166181
58.0 0.6880293959607485 823.1396311075838 822.4516017116231
59.0 0.73584831334535 822.5005290280989 821.7646807147536
60.0 0.7882596381065531 821.8021297500563 821.0138701119497
61.0 0.8204696159019513 821.6954226357786 820.8749530198767
62.0 0.8728890781908944 820.8329584422926 819.9600693641017
63.0 0.9232098740266556 820.1616544319857 819.238444557959
64.0 0.9705106093823416 819.871871070663 818.9013604612807
65.0 1.020038170293938 819.741088147111 818.7210499768171
66.0 1.082219773821399 818.9451799084593 817.8629601346379
67.0 1.125906217359808 818.5001479700034 817.3742417526435
68.0 1.174100121095028 818.0826460987476 816.9085459776525
69.0 1.234251973317084 817.4606811970383 816.2264292237212
70.0 1.289770871129976 816.934215348151 815.644444477021
71.0 1.355757575740873 816.0105638890789 814.654806313338
72.0 1.403395198512071 815.9211450764359 814.5177498779238
73.0 1.462415280896616 815.3806881920635 813.9182729111668
74.0 1.533464161254645 815.0842240049569 813.5507598437022
75.0 1.593212276469003 813.8441169979571 812.2509047214881
76.0 1.653923408432304 813.6537412813617 811.9998178729294
77.0 1.716600398365799 812.6476811916316 810.9310807932658
78.0 1.774900237622157 812.7990776551606 811.0241774175384
79.0 1.830037247439263 812.2603988455484 810.4303615981092
80.0 1.895236305104154 811.4224427425111 809.5272064374069
81.0 1.977395026171427 811.3143032568232 809.3369082306518
82.0 2.007552421904043 810.7408484716793 808.7332960497752
83.0 2.111911514767166 809.7754931647124 807.6635816499452
84.0 2.177259900859186 809.2632045020961 807.0859446012369
85.0 2.241346317573901 808.8475392503339 806.60619293276
86.0 2.305953271249411 808.4652203650991 806.1592670938497
87.0 2.37032921968691 807.9983494940594 805.6280202743725
88.0 2.471639827947322 806.5385787105924 804.0669388826451
89.0 2.536292371970966 807.3168117905729 804.780519418602
90.0 2.612767841937093 807.0191102001709 804.4063423582338
91.0 2.695864839999458 805.583624484262 802.8877596442626
92.0 2.781057390142655 804.4370904452181 801.6560330550755
93.0 2.864108568648044 804.696303459869 801.832194891221
94.0 2.934665334457689 804.6390708596889 801.7044055252312
95.0 3.018126204685488 803.0670085631126 800.0488823584271
96.0 3.140223626999835 802.0134040575016 798.8731804305018
97.0 3.175866857594658 802.317064217051 799.1411973594563
98.0 3.315763153839446 801.1998638750714 797.8841007212319
99.0 3.421693042894628 800.4052508726349 796.9835578297403
100.0 3.484187829058358 800.4360299237955 796.9518420947372
101.0 3.598272673672905 800.1983270894038 796.6000544157309
102.0 3.653903282789836 800.3595267129738 796.7056234301839
103.0 3.785384040290012 799.9564250265399 796.1710409862498
104.0 3.877678057312462 799.5968213113665 795.7191432540541
105.0 3.981375683633544 798.7628293704825 794.781453686849
106.0 4.126106559129645 797.8978530008726 793.771746441743
107.0 4.18980336115855 797.1539327787531 792.9641294175946
108.0 4.328650589927192 795.9529935748133 791.6243429848861
109.0 4.460876425530575 794.9316487151852 790.4707722896546
110.0 4.480498945190304 797.039751572825 792.5592526276347
111.0 4.607392238172501 794.829740991441 790.2223487532685
112.0 4.718035492826802 794.0886698073518 789.370634314525
113.0 4.855446735647588 796.5005157642936 791.645069028646
114.0 4.960595534444659 793.3657351931078 788.4051396586631
115.0 5.072919574285263 793.3667678238783 788.293848249593
116.0 5.141472071981201 793.8571737356821 788.7157016637009
117.0 5.253581579068844 790.8117593077333 785.5581777286644
118.0 5.330983913282948 793.723957029766 788.392973116483
119.0 5.381279045329598 791.813199050408 786.4319200050784
120.0 5.563237472818377 793.3680052519778 787.8047677791594
121.0 5.586970319188396 793.5522727526623 787.9653024334739
122.0 5.650518331006181 792.5770084110397 786.9264900800335
123.0 5.7815012661447 792.1280402895637 786.346539023419
124.0 5.847746802628372 789.2897792085845 783.4420324059562
125.0 5.964402048629328 788.3385210824365 782.3741190338072
126.0 6.092993751479376 789.0040600559107 782.9110663044313
127.0 6.104088270901296 787.1753944455901 781.0713061746888
128.0 6.110968139621058 788.097273258965 781.986305119344
129.0 6.174346146554778 790.4626393327163 784.2882931861615
130.0 6.281333718683159 786.7855319286052 780.504198209922
131.0 6.207804497505145 791.9744168961577 785.7666123986525
132.0 6.413195710229612 786.3466882914184 779.9334925811888
133.0 6.488530483519194 785.8945853232619 779.4060548397428
134.0 6.580789410419305 786.1831901501485 779.6024007397292
135.0 6.496080595640507 785.6586812084163 779.1626006127758
136.0 6.585773180927386 785.1161566729604 778.530383492033
137.0 6.679090196430541 784.7879914150411 778.1089012186106
138.0 6.681346401692602 777.9200467856187 771.2387003839261
139.0 6.752349037812609 783.5343905652148 776.7820415274022
140.0 6.800714098649753 787.6460437181159 780.8453296194662
141.0 6.856917841583284 784.585311997418 777.7283941558348
142.0 6.94306825420158 780.5484863840902 773.6054181298886
143.0 6.932173591887458 779.5192804740301 772.5871068821427
144.0 6.991783731488807 775.0690443429111 768.0772606114223
145.0 6.928084940415423 780.1882947149643 773.2602097745488
146.0 7.00726056169321 779.1827814062463 772.175520844553
147.0 7.012636661608389 779.796955543212 772.7843188816036
148.0 6.971239911264107 780.5462219259152 773.5749820146511
149.0 7.013173548814337 783.9824205839182 776.9692470351038
150.0 7.10029701273519 777.2991432625282 770.198846249793
151.0 7.120582262581949 779.3171604514251 772.1965781888432
152.0 7.210755193174627 775.8625008139392 768.6517456207645
153.0 7.176249821781353 776.0638902571607 768.8876404353794
154.0 7.352779905911654 773.699405843832 766.3466259379204
155.0 7.239743448486466 776.4937235547712 769.2539801062847
156.0 7.32948804598697 771.6857102974632 764.3562222514762
157.0 7.335123099706703 774.6525717347577 767.317448635051
158.0 7.532460774236931 771.116829139837 763.5843683656
159.0 7.387913199999873 773.8017040785404 766.4137908785406
160.0 7.461602317325489 771.0223345250618 763.5607322077363
161.0 7.549478078102367 769.9913254497322 762.4418473716299
162.0 7.530170439253233 771.2349379257048 763.7047674864515
163.0 7.330142802372272 783.3655135425389 776.0353707401666
164.0 7.436735601431292 774.4376806536496 767.0009450522183
165.0 7.522775597655352 769.6275984486428 762.1048228509875
166.0 7.585204435778282 764.7428741140766 757.1576696782983
167.0 7.485935805742616 769.3107528867294 761.8248170809868
168.0 7.735937748513247 767.8316194997031 760.0956817511898
169.0 7.532410816924796 767.0343088734039 759.5018980564791
170.0 7.705248383745594 764.4184261808083 756.7131777970627
171.0 7.730696571984621 765.4391457088799 757.7084491368953
172.0 7.857169861750172 766.1977750516917 758.3406051899416
173.0 7.657002116501712 767.0677201630635 759.4107180465618
174.0 7.598595801503639 768.2379809990826 760.6393851975789
175.0 7.800046215593536 774.2628804561424 766.4628342405488
176.0 7.967859879694727 765.4746633717664 757.5068034920716
177.0 7.960168057658309 759.1176487882885 751.1574807306301
178.0 7.932097544965162 772.1809367072562 764.248839162291
179.0 7.81971889432458 763.3012795835057 755.4815606891812
180.0 7.96397561508063 758.702182855646 750.7382072405653
181.0 7.901227706093377 767.7645823683665 759.8633546622731
182.0 8.081065520504183 760.9951118668812 752.914046346377
183.0 8.04719396196881 754.4495710885729 746.4023771266041
184.0 7.944766109158385 763.7636060296081 755.8188399204497
185.0 7.839070617953551 768.0691693672301 760.2300987492765
186.0 8.195528173565226 753.4457257141553 745.2501975405901
187.0 8.049160757269607 769.5963853287739 761.5472245715043
188.0 8.064104416280617 762.2282561267141 754.1641517104335
189.0 8.066491998354693 765.1891308929604 757.1226388946057
190.0 8.447070759879462 749.38965475989 740.9425840000105
191.0 7.976462409620039 757.3887938271896 749.4123314175695
192.0 8.056477299555459 761.9936883792288 753.9372110796733
193.0 8.378996868610937 756.492348770414 748.1133519018031
194.0 8.417219973873474 755.7232213366848 747.3060013628113
195.0 8.299023687263923 754.8953719041045 746.5963482168405
196.0 8.425744507934556 759.308585749934 750.8828412419995
197.0 8.629278853590485 745.7013909269123 737.0721120733218
198.0 8.379872667796685 750.8522329541683 742.4723602863716
199.0 8.630554825947634 749.6153428565847 740.984788030637
200.0 8.324902292779461 756.7383586964524 748.4134564036729
201.0 8.667932072644016 744.8651162189836 736.1971841463396
202.0 8.531851749285474 750.1756180400018 741.6437662907163
203.0 8.360210137020325 750.3894508683758 742.0292407313555
204.0 8.483926811437307 749.0193371636577 740.5354103522204
205.0 8.676989208507883 747.1775869238599 738.5005977153521
206.0 8.924431838059319 740.6316282610207 731.7071964229613
207.0 8.810192107508206 749.5120091999398 740.7018170924316
208.0 8.651014212701489 747.2979908439008 738.6469766311993
209.0 8.429887143434956 754.3030141513118 745.8731270078769
210.0 8.82525660093613 743.0588437498148 734.2335871488787
211.0 8.620916057107827 744.4935463478128 735.872630290705
212.0 9.022123456825533 737.4542183994965 728.432094942671
213.0 8.82189039431411 744.3295533534157 735.5076629591016
214.0 9.028546562714961 739.9775754645905 730.9490289018756
215.0 8.764572367742625 751.7357595196066 742.971187151864
216.0 8.690405284998366 752.6061753248536 743.9157700398552
217.0 8.947513025740848 738.5580088029561 729.6104957772153
218.0 8.642717604603324 761.7819493840774 753.1392317794741
219.0 8.72504957636408 747.5855190051399 738.8604694287758
220.0 8.784440662321995 772.5138958680865 763.7294552057645
221.0 8.86202788181854 755.8116625274087 746.9496346455901
222.0 9.090000974876717 738.9977711587792 729.9077701839025
223.0 8.872910098540093 742.8114404081963 733.9385303096562
224.0 8.730603269017388 766.5045546831535 757.7739514141361
225.0 8.913169424299763 754.4032320877587 745.4900626634589
226.0 9.050670108791009 740.9843164076838 731.9336462988927
227.0 8.910518441805916 742.364226402358 733.4537079605521
228.0 9.115685892272686 742.525635057521 733.4099491652483
229.0 9.221698006866462 741.9575008276121 732.7358028207456
230.0 8.959232014978013 745.8933161862201 736.9340841712421
231.0 8.982801043769299 747.3583002502207 738.3754992064514
232.0 9.404249813379034 730.7030623571812 721.2988125438021
233.0 9.217640189756386 733.0164219616569 723.7987817719005
234.0 9.067513970795306 745.8858647164977 736.8183507457024
235.0 9.378000668734622 737.887989968865 728.5099893001304
236.0 9.231112494892372 734.6375091596644 725.406396664772
237.0 9.250822294361884 736.1058632920004 726.8550409976386
238.0 9.165322035197373 743.0777174804322 733.9123954452348
239.0 9.366729256397847 726.7649935357893 717.3982642793915
240.0 9.210693067284542 729.7633160107295 720.552622943445
241.0 9.373063034574018 731.4548877814191 722.0818247468451
242.0 9.052410997058533 747.4779924516956 738.4255814546371
243.0 9.196183252832685 742.0352880881478 732.8391048353151
244.0 9.296676342641633 736.0952876830141 726.7986113403725
245.0 9.317647597154804 732.6577259297049 723.3400783325501
246.0 9.34293331375223 738.3083353628383 728.9654020490861
247.0 9.227168993418132 728.9151965152766 719.6880275218585
248.0 9.377202146000614 728.9687740823641 719.5915719363635
249.0 9.357569535422484 740.2933073608616 730.9357378254391
250.0 9.345241961555406 735.1391724792186 725.7939305176632
251.0 9.162927761775787 733.1394930232354 723.9765652614596
252.0 9.435064629968514 737.4867640689373 728.0516994389688
253.0 9.249374375128802 734.9881703217007 725.7387959465719
254.0 9.76702266193957 718.9936602076476 709.226637545708
255.0 9.350248407977893 730.5924035487383 721.2421551407604
256.0 9.339233319364667 728.4658693412259 719.1266360218613
257.0 9.418347896775129 725.4632259164398 716.0448780196647
258.0 9.323125056275953 726.9517023772255 717.6285773209495
259.0 9.284417390282422 726.6926617904677 717.4082444001853
260.0 9.00689400303279 762.4717429589439 753.4648489559111
261.0 9.40756865037674 717.6782687757875 708.2707001254107
262.0 9.228986775322089 726.9888826738202 717.7598958984982
263.0 9.605684701313001 718.4490915318366 708.8434068305236
264.0 9.304883311659179 720.9185781831965 711.6136948715373
265.0 9.424466025742913 722.5303748826648 713.1059088569219
266.0 9.280132533231674 729.3197773920798 720.0396448588481
267.0 9.441366469798523 720.5707378127534 711.1293713429549
268.0 9.415664070904868 716.13877709671 706.7231130258052
269.0 9.420164642285699 720.2273835077716 710.8072188654859
270.0 9.292616259656233 726.4905183945642 717.1979021349079
271.0 9.327495690350873 714.2917893898074 704.9642936994565
272.0 9.295850873647998 717.1635497783073 707.8676989046593
273.0 9.531603308704435 712.2027747625732 702.6711714538687
274.0 9.236514118743221 724.8765659041052 715.640051785362
275.0 9.141110600885855 742.6850090898856 733.5438984889997
276.0 9.287578977653112 719.772289072546 710.4847100948929
277.0 9.294278210960512 717.311338528252 708.0170603172914
278.0 9.224394596894867 714.7812314553487 705.5568368584539
279.0 9.105138635042184 727.4181112942 718.3129726591578
280.0 9.28496847630152 714.4813383430333 705.1963698667318
281.0 9.137097022627719 721.0492402016472 711.9121431790195
282.0 9.26654935188377 714.1228427864501 704.8562934345663
283.0 9.135618069515248 715.4866742339795 706.3510561644642
284.0 9.19797042996318 717.5678583101379 708.3698878801747
285.0 9.131303211844628 714.6839035221266 705.552600310282
286.0 9.15882323889385 709.9902699546722 700.8314467157784
287.0 9.071441449641856 727.8094360705465 718.7379946209046
288.0 9.310776575949441 706.9019358060971 697.5911592301477
289.0 9.216120255754411 709.8487905636538 700.6326703078994
290.0 9.224787013725035 708.9462473583054 699.7214603445804
291.0 9.269979253511171 705.9480439655518 696.6780647120406
292.0 9.164663217290235 708.7176227992734 699.5529595819832
293.0 9.256796622283997 705.4624911934561 696.2056945711721
294.0 9.252448693016077 705.3351530912435 696.0827043982274
295.0 9.148997745317221 705.1650210997454 696.0160233544282
296.0 9.113778448000939 708.9811923461834 699.8674138981825
297.0 8.973560887374395 711.8427412692352 702.8691803818609
298.0 9.013955063471628 706.6915406490065 697.6775855855349
299.0 8.915582085078052 724.6285968837619 715.7130147986838
300.0 9.093116942787442 703.865593257339 694.7724763145516
301.0 9.20656486592187 703.9415943197522 694.7350294538303
302.0 8.928620230793348 711.588636247142 702.6600160163486
303.0 9.046233480582563 698.9926616701268 689.9464281895442
304.0 9.056037592682941 701.8298499567161 692.7738123640331
305.0 9.063321835655902 698.7953258914159 689.73200405576
306.0 8.975620328220706 701.9928137889172 693.0171934606964
307.0 9.025110224714939 701.3236918550698 692.2985816303548
308.0 8.879857026751592 708.874498041779 699.9946410150274
309.0 8.990377464300614 701.2456848855253 692.2553074212247
310.0 8.870270217864377 711.0025876824403 702.1323174645759
311.0 8.87252446952784 700.0947517929527 691.2222273234249
312.0 9.073503824351104 693.405367354113 684.3318635297619
313.0 8.98311146985153 698.5010016684852 689.5178901986336
314.0 8.974215740001611 695.0457479699996 686.071532229998
315.0 8.936777953083959 693.6201311985672 684.6833532454833
316.0 8.881025159594872 699.3039080966375 690.4228829370426
317.0 8.799963272917269 698.5406461965385 689.7406829236212
318.0 8.905050966373289 694.1595487149112 685.2544977485379
319.0 8.919486557021472 693.0454140833474 684.1259275263259
320.0 8.962423359137177 692.683389408027 683.7209660488899
321.0 8.824633414768208 694.4256873617143 685.6010539469461
322.0 8.873979044248591 692.3805184121522 683.5065393679036
323.0 8.7869026475081 694.2310841074443 685.4441814599362
324.0 8.82619554515753 691.6449622793076 682.81876673415
325.0 8.621265022634443 694.9178377205055 686.2965726978711
326.0 8.735505300803505 692.0402304506664 683.3047251498629
327.0 8.737681651721038 694.0883487520111 685.35066710029
328.0 8.794717820536873 687.891567498325 679.0968496777881
329.0 8.754814406321866 688.3208904745722 679.5660760682503
330.0 8.826866937482093 686.5223141273313 677.6954471898492
331.0 8.706582541430797 690.7235627151296 682.0169801736988
332.0 8.876893692019999 683.3243015644953 674.4474078724753
333.0 8.655175818766232 688.8187923218512 680.163616503085
334.0 8.652335651904254 698.4118771230331 689.7595414711288
335.0 8.681520508154686 685.006209847992 676.3246893398373
336.0 8.69751039954911 682.9193862922075 674.2218758926584
337.0 8.694288253827546 683.4545316211403 674.7602433673127
338.0 8.639913751204203 683.7578690316493 675.1179552804451
339.0 8.660736837634813 682.7060229945381 674.0452861569033
340.0 8.651751362887552 680.8499344337814 672.1981830708939
341.0 8.651684090216069 682.2578982708993 673.6062141806832
342.0 8.558778990353661 693.3810938008246 684.8223148104709
343.0 8.588697802753362 680.406464605624 671.8177668028707
344.0 8.607850691790104 679.6015291947043 670.9936785029142
345.0 8.630313246397413 677.3551431934931 668.7248299470957
346.0 8.557586612650277 679.6978104941639 671.1402238815136
347.0 8.574780510350206 676.4957977107805 667.9210172004303
348.0 8.507110155972814 679.7358768590725 671.2287667030997
349.0 8.53554515598319 677.2817245497078 668.7461793937246
350.0 8.523678561594659 675.4286216819585 666.9049431203638
351.0 8.548579365156954 675.5153068985212 666.9667275333643
352.0 8.503563554683272 675.1125199518475 666.6089563971643
353.0 8.477748722877137 675.6874435547039 667.2096948318267
354.0 8.488714881379849 671.7409772420914 663.2522623607115
355.0 8.533501099833032 673.0791539242109 664.5456528243778
356.0 8.479210698237972 672.8924912945101 664.4132805962721
357.0 8.511707350962434 671.8653404828891 663.3536331319266
358.0 8.492206891145386 671.5176945440635 663.0254876529182
359.0 8.339226198179539 674.0999787919143 665.7607525937347
360.0 8.470603592830458 672.0052969024176 663.5346933095872
361.0 8.420182486096048 670.0477857803184 661.6276032942223
362.0 8.444031878183151 668.4192897833172 659.975257905134
363.0 8.410839161754289 670.5588823798184 662.1480432180641
364.0 8.409644941861904 667.8465054577597 659.4368605158978
365.0 8.413592146996339 669.3210270240329 660.9074348770366
366.0 8.427028960582138 665.3985847635622 656.97155580298
367.0 8.386577595335854 666.6216658656514 658.2350882703156
368.0 8.385970941232099 667.079196966315 658.6932260250829
369.0 8.391304479424793 664.0663145196732 655.6750100402484
370.0 8.331962418927746 666.2443757703932 657.9124133514655
371.0 8.40418148884073 664.1114103685912 655.7072288797505
372.0 8.369436371123741 663.2296163867379 654.8601800156141
373.0 8.318521962075626 662.9024401920539 654.5839182299783
374.0 8.344347350473207 661.8206028268466 653.4762554763734
375.0 8.281755611677668 663.7379541970019 655.4561985853242
376.0 8.340771199368072 660.7253787113714 652.3846075120034
377.0 8.296531105675421 662.0328792145598 653.7363481088844
378.0 8.32279271391376 659.1295109965048 650.806718282591
379.0 8.310899377308505 658.9283411691728 650.6174417918643
380.0 8.299808378799409 658.7585169937596 650.4587086149602
381.0 8.247949878673752 660.4355329592697 652.1875830805959
382.0 8.29589378688433 657.4228589750025 649.1269651881181
383.0 8.270585627805392 658.1056688142928 649.8350831864874
384.0 8.237611302047213 657.8079185281021 649.5703072260549
385.0 8.262146609022778 656.5815905312285 648.3194439222057
386.0 8.246964206061245 656.6671314886196 648.4201672825583
387.0 8.251717260309973 656.0592079044183 647.8074906441083
388.0 8.232646515238167 656.19210765327 647.9594611380319
389.0 8.218684149167714 655.8109608780509 647.5922767288832
390.0 8.239433061775013 655.0743402169427 646.8349071551676
391.0 8.233740922606476 652.8035481366511 644.5698072140446
392.0 8.1959013787623 654.3858425548133 646.189941176051
393.0 8.218526732306741 652.5255633373894 644.3070366050827
394.0 8.243678027522957 651.6661008586716 643.4224228311486
395.0 8.234540540181502 650.4246746728933 642.1901341327118
396.0 8.231078653088459 650.4637455994305 642.232666946342
397.0 8.21127050233781 649.356600742675 641.1453302403372
398.0 8.221316408306501 648.7509718471272 640.5296554388207
399.0 8.255683605931241 647.5064297394345 639.2507461335033
400.0 8.244045621269704 648.1180378868294 639.8739922655597
401.0 8.20515117786496 648.1203877443635 639.9152365664986
402.0 8.245090582796071 646.5506502152582 638.3055596324622
403.0 8.219982313636286 646.3614167912137 638.1414344775774
404.0 8.195269287395504 646.1825710466711 637.9873017592756
405.0 8.251490989148582 644.8006421107762 636.5491511216276
406.0 8.243191700708408 643.7490564202401 635.5058647195317
407.0 8.209916825657594 644.0943159805756 635.884399154918
408.0 8.23584470005014 643.5485423137498 635.3126976136997
409.0 8.241105742086439 642.2904764424828 634.0493707003964
410.0 8.241551871325322 641.1313968148247 632.8898449434994
411.0 8.250599878674605 640.9275082736992 632.6769083950246
412.0 8.239324318967473 639.9746005297294 631.735276210762
413.0 8.221633586333664 640.4806088619125 632.2589752755789
414.0 8.249670304331166 640.6227565672479 632.3730862629168
415.0 8.246688660187172 638.2426699522655 629.9959812920783
416.0 8.245031429800938 638.3235720476199 630.078540617819
417.0 8.244454506493124 637.3573114559079 629.1128569494147
418.0 8.236077024343196 637.6425517664263 629.4064747420831
419.0 8.262024622762226 635.9878457750022 627.7258211522399
420.0 8.27589500903606 635.8118740205792 627.5359790115431
421.0 8.284766251919594 635.6451500269413 627.3603837750217
422.0 8.286479258166616 634.3574102696548 626.0709310114882
423.0 8.311556490794593 633.5506619275606 625.2391054367661
424.0 8.294721804450834 633.3268355909908 625.0321137865399
425.0 8.283140022647044 634.093156131462 625.810016108815
426.0 8.330265850664523 632.0405882029245 623.71032235226
427.0 8.33480062893602 631.566951187402 623.232150558466
428.0 8.333758011686956 631.0948478979537 622.7610898862668
429.0 8.345702750276961 629.6801901488185 621.3344873985415
430.0 8.404519545042573 628.4579533377731 620.0534337927305
431.0 8.399046017168518 627.6825866380266 619.2835406208581
432.0 8.370939041160606 629.1593671589904 620.7884281178298
433.0 8.388832343729371 628.2893747724811 619.9005424287517
434.0 8.405793604600936 627.0284719701955 618.6226783655945
435.0 8.413522850496361 627.0112683642636 618.5977455137673
436.0 8.443533960866262 625.7771586934675 617.3336247326012
437.0 8.474946910194921 623.9655374473862 615.4905905371913
438.0 8.473607803304576 624.998127483984 616.5245196806794
439.0 8.495447339004888 624.0747392760754 615.5792919370705
440.0 8.525801648301342 622.8715454075228 614.3457437592214
441.0 8.545292609464937 622.3489045012788 613.8036118918138
442.0 8.552302394770898 621.2987137127118 612.7464113179409
443.0 8.565569621436112 622.0111417760329 613.4455721545968
444.0 8.597759742487467 620.4600683182929 611.8623085758055
445.0 8.629530683068546 620.1644603152481 611.5349296321796
446.0 8.656436643024163 618.8385289360689 610.1820922930448
447.0 8.618834689104254 622.8632307501777 614.2443960610735
448.0 8.699411875329141 617.5968393055498 608.8974274302207
449.0 8.721350635059806 617.9035175881855 609.1821669531257
450.0 8.728609732495588 617.4448449177788 608.7162351852832
451.0 8.770912875219489 615.9614679314231 607.1905550562036
452.0 8.779349185100727 617.0318428121724 608.2524936270716
453.0 8.845446603686117 614.0262406761641 605.180794072478
454.0 8.852994985417423 614.6781896753568 605.8251946899393
455.0 8.915275291409584 613.4050723778713 604.4897970864617
456.0 8.944410432960723 611.9655023406847 603.021091907724
457.0 8.957010364274845 612.4732084236835 603.5161980594087
458.0 9.011741068627737 610.9095011445832 601.8977600759554
459.0 9.030501776833915 610.820442553995 601.7899407771611
460.0 9.089533724805895 609.3232334975656 600.2336997727597
461.0 9.121296577705308 609.360001410762 600.2387048330567
462.0 9.173884088971869 608.1265156355937 598.9526315466218
463.0 9.208654101894272 607.9597560848802 598.7511019829859
464.0 9.245678136911703 607.3664009915202 598.1207228546085
465.0 9.314718537511528 606.1724679761888 596.8577494386773
466.0 9.344923515589292 605.4516951178514 596.1067716022621
467.0 9.371513582174979 607.5855516879664 598.2140381057914
468.0 9.445257577328958 604.288966507277 594.843708929948
469.0 9.497879018509617 603.8606874650071 594.3628084464974
470.0 9.551168154637998 602.5098263158268 592.9586581611888
471.0 9.611809118243109 602.1472398688038 592.5354307505607
472.0 9.660100801567163 601.3750044528377 591.7149036512705
473.0 9.719490870267691 601.9508651361002 592.2313742658325
474.0 9.75980932548958 600.3175103184875 590.5577009929979
475.0 9.850020059973706 598.7386827945022 588.8886627345285
476.0 9.916453620812537 598.6462798854836 588.7298262646711
477.0 9.978988310866746 598.2136184194238 588.2346301085571
478.0 10.04516732003903 596.7786857339246 586.7335184138855
479.0 10.1218617419138 595.0423593718662 584.9204976299524
480.0 10.16217967449276 595.3782986631067 585.2161189886139
481.0 10.21842023048489 595.8333698532818 585.6149496227969
482.0 10.30977027553754 593.6992112019604 583.3894409264229
483.0 10.3812061193626 595.0639305658707 584.6827244465081
484.0 10.42722352986487 593.8770229813863 583.4497994515215
485.0 10.53643150299742 591.3348856948266 580.7984541918292
486.0 10.62771272294067 592.1107531600139 581.4830404370732
487.0 10.70006811374103 591.0277867961868 580.3277186824458
488.0 10.74895375869837 590.8054509139003 580.0564971552019
489.0 10.84642160895493 590.4801379685571 579.6337163596022
490.0 10.92504653208316 588.1486472103185 577.2236006782353
491.0 11.02236521137014 588.9123790614296 577.8900138500595
492.0 11.17796369465776 587.4374418057113 576.2594781110535
493.0 11.25555559110671 584.8766260397141 573.6210704486074
494.0 11.35901929235777 588.3848987999478 577.0258795075901
495.0 11.44187108063524 585.0410300099567 573.5991589293215
496.0 11.51521382896994 584.2792880676339 572.764074238664
497.0 11.65979589203133 583.3469291298183 571.687133237787
498.0 11.76738099100835 582.7798156554207 571.0124346644124
499.0 11.86813320304039 582.5532094614676 570.6850762584272
500.0 12.00058292261846 582.8489163912113 570.8483334685928
501.0 12.15974498931873 579.0371804632355 566.8774354739168
502.0 12.28406185873835 578.278818698334 565.9947568395956
503.0 12.38387788281572 579.6349646255551 567.2510867427394
504.0 12.52090763189003 577.0484892159176 564.5275815840275
505.0 12.67725830586315 574.1487498808397 561.4714915749766
506.0 12.65259336363832 577.7472223331981 565.0946289695598
507.0 12.82209515096956 575.9504608285321 563.1283656775625
508.0 13.03889810575169 574.8070061702829 561.7681080645313
509.0 13.14975592597895 574.2267574323563 561.0770015063773
510.0 13.30415979740884 572.3777511346418 559.0735913372329
511.0 13.44865952166249 574.7744749800469 561.3258154583844
512.0 13.55054863912118 572.490701692886 558.9401530537648
513.0 13.77682002132715 570.106580056148 556.3297600348208
514.0 13.96984720991585 567.587940188287 553.6180929783711
515.0 14.05748825962562 571.1519469670133 557.0944587073877
516.0 14.32282393346909 566.4647293642133 552.1419054307442
517.0 14.51127158585735 566.4414710347403 551.9301994488829
518.0 14.5997200250233 565.8241850233111 551.2244649982878
519.0 14.79473621751238 563.7585118613179 548.9637756438056
520.0 14.76527023680646 568.8650508893974 554.099780652591
521.0 15.15010986045435 560.7055689530192 545.5554590925649
522.0 15.45524363125939 558.06180426271 542.6065606314506
523.0 15.49959202851742 567.425160432419 551.9255684039016
524.0 15.83415412267889 561.2680536057856 545.4338994831067
525.0 15.97846960818108 561.882127929485 545.9036583213039
526.0 16.22398983640628 556.3999677577694 540.1759779213631
527.0 16.48489922117959 563.6717030910896 547.18680386991
528.0 16.94608769855985 550.0423927068033 533.0963050082434
529.0 16.73738167948344 566.6544641157639 549.9170824362805
530.0 16.96838425944566 557.7840923050304 540.8157080455848
531.0 17.49704969095983 550.5991269318855 533.1020772409256
532.0 17.64347874784376 549.0180602304533 531.3745814826096
533.0 17.87487930591144 540.0867006110606 522.2118213051491
534.0 17.57358330409064 564.1514164208686 546.5778331167779
535.0 18.14401946111279 543.4968744271839 525.3528549660711
536.0 18.7811386146243 543.5239061550657 524.7427675404414
537.0 18.67246369267459 551.064397424869 532.3919337321944
538.0 19.96922769482476 535.4298276332375 515.4605999384127
539.0 19.35352657241378 535.4391127798315 516.0855862074177
540.0 19.05893705557 544.621487434845 525.562550379275
541.0 19.70104119477589 556.904961806677 537.2039206119011
542.0 19.55462669506045 560.3882515291081 540.8336248340477
543.0 19.65881449973537 557.6116377788412 537.9528232791058
544.0 18.83770072979973 570.8517941164617 552.0140933866619
545.0 21.93188020942745 531.0915207363523 509.1596405269248
546.0 22.6066435267851 517.37367387453 494.7670303477449
547.0 28.22685732612277 469.356079503978 441.1292221778553
548.0 21.67757233836958 537.7146065898117 516.0370342514421
549.0 20.38218085178444 567.7212948847087 547.3391140329243
550.0 20.26561022105306 553.3612921539706 533.0956819329175
551.0 33.75432816640017 435.4120352619074 401.6577070955072
552.0 33.26756722983833 442.2315477699281 408.9639805400897
553.0 31.55323790447375 449.9928542334143 418.4396163289405
554.0 30.0201985946781 461.1429926216896 431.1227940270115
555.0 25.67110960438773 501.7202998199184 476.0491902155306
556.0 34.18431587219775 438.803587405994 404.6192715337962
557.0 38.40329261948231 420.9342712548879 382.5309786354055
558.0 31.94613590163919 448.1453424412839 416.1992065396447
559.0 32.89471487957153 444.8453743795989 411.9506595000274
560.0 38.4416992248073 421.6168751653903 383.175175940583
561.0 42.79558888816343 403.3113962335181 360.5158073453547
562.0 47.03905067994789 384.4171728815752 337.3781222016273
563.0 44.2739370685777 394.9235918134679 350.6496547448902
564.0 45.25430995680497 393.4775017485788 348.2231917917738
565.0 39.89078648913759 415.6304056857553 375.7396191966177
566.0 47.04741549416449 382.1332455583225 335.085830064158
567.0 48.71748356768999 378.8961084636118 330.1786248959218
568.0 54.03759772527653 361.7034910645971 307.6658933393206
569.0 48.71761906456345 378.9002402507303 330.1826211861668
570.0 53.24928513941563 362.9595401964155 309.7102550569999
571.0 53.38365583756167 363.6267484538544 310.2430926162927
572.0 63.24546504454414 334.63034434104 271.3848792964958
573.0 53.38930983905234 363.7219254650345 310.3326156259821
574.0 61.21802869166079 341.6238643021881 280.4058356105273
575.0 52.68011556342257 365.1384400992853 312.4583245358628
576.0 74.05940117386795 306.9000732488893 232.8406720750213
577.0 74.70813341925178 304.7060717918712 229.9979383726194
578.0 54.03839801312195 361.7221368859185 307.6837388727965
579.0 65.77587680402995 329.7221358711979 263.946259067168
580.0 93.5390514704469 262.2316959762743 168.6926445058274
581.0 78.85577425348512 295.7221366861658 216.8663624326807
582.0 86.74852181342952 277.7218663215474 190.9733445081179
583.0 94.11332866202515 263.5402385706009 169.4269099085758
584.0 99.64350068592843 253.7191258021479 154.0756251162195
585.0 114.0170806864048 227.426711191389 113.4096305049842
586.0 111.8279929368802 231.5626361003165 119.7346431634363
587.0 110.7288743280822 233.6680371863423 122.9391628582601
588.0 111.8295605079501 231.6067292435182 119.7771687355682
591.0 126.2739151090793 205.722137 79.44822189092068
