0.0 4.783853109484856 855.8812392219897 851.0973861125048
1.0 3.528174193474605 855.4484722998176 851.9202981063429
2.0 2.750207949902544 854.1097259546511 851.3595180047486
3.0 2.168645954280912 853.5786950457433 851.4100490914624
4.0 1.738525609881162 853.4979380993007 851.7594124894195
5.0 1.417305787878912 852.4551518228622 851.0378460349833
6.0 1.153847624914397 851.6087626182745 850.4549149933601
7.0 0.9139795641129681 851.2925193713163 850.3785398072033
8.0 0.742967202276416 850.946084712572 850.2031175102956
9.0 0.6098838596182946 850.0301542135634 849.4202703539451
10.0 0.4795793632958195 849.2944381517391 848.8148587884433
11.0 0.3753238215105214 849.3371036213148 848.9617797998043
12.0 0.2852392461458026 848.9881900272134 848.7029507810675
13.0 0.2184685370231184 848.3037555294259 848.0852869924028
14.0 0.172454125991153 847.6420427645857 847.4695886385945
15.0 0.1217694980119328 847.0651212111987 846.9433517131868
16.0 0.07981908126439833 846.8040236696731 846.7242045884087
17.0 0.0577694354221554 846.0113382547533 845.9535688193311
18.0 0.03977647199389211 845.6353286674728 845.5955521954789
19.0 0.02651152386665936 845.4457481864006 845.4192366625339
20.0 0.01372769486404985 845.0373996709204 845.0236719760563
21.0 0.009264614180821029 844.4364199532043 844.4271553390235
22.0 0.005760426504811268 844.1259275372898 844.120167110785
23.0 0.01163794686778461 843.4454638544623 843.4338259075945
24.0 0.007491067538746524 843.2384074272516 843.2309163597128
25.0 0 842.3777412713675 842.3777412713675
26.0 0.01054872520607802 842.4495857669989 842.4390370417929
27.0 0.009160068067729149 842.1579037974991 842.1487437294314
28.0 0.02534814632282655 841.0987535825411 841.0734054362183
29.0 0.02149415435465845 841.2059093797288 841.1844152253742
30.0 0.03566356476385412 840.6774918528033 840.6418282880394
31.0 0.04309289442246585 840.2691406188683 840.2260477244458
32.0 0.05661769954122661 840.1284318539114 840.0718141543702
33.0 0.07270850761674282 839.2879382146223 839.2152297070056
34.0 0.08869272538449793 838.7948837633015 838.706191037917
35.0 0.1053873206192233 838.6529790671927 838.5475917465735
36.0 0.1182227945158963 838.0936185707295 837.9753957762136
37.0 0.130475720793565 837.7624919261771 837.6320162053835
38.0 0.1430075775719906 837.5431034889101 837.4000959113381
39.0 0.1658115798379465 836.9408817412906 836.7750701614527
40.0 0.191306427026245 836.7743739743396 836.5830675473134
41.0 0.218628211546238 836.0478125208302 835.829184309284
42.0 0.2500476682239084 835.5527972002342 835.3027495320103
43.0 0.2669541021108668 835.2522622325125 834.9853081304017
44.0 0.2921639721083685 834.7441680696915 834.4520040975831
45.0 0.3274413069064457 834.1951311801057 833.8676898731993
46.0 0.3579101323915872 833.7862314945501 833.4283213621585
47.0 0.3919236674105607 833.0137048422228 832.6217811748123
48.0 0.4177576711984816 832.634207826965 832.2164501557665
49.0 0.4454756943548738 832.5071977761763 832.0617220818214
50.0 0.477596690113346 831.8101461689151 831.3325494788017
51.0 0.5186522343432731 831.2699388261784 830.7512865918352
52.0 0.5616345013588062 830.7693119942751 830.2076774929163
53.0 0.5860822913166387 830.192198230318 829.6061159390013
54.0 0.6210531231717618 829.8968217030817 829.27576857991
55.0 0.6606422636348323 829.4046946538358 828.744052390201
56.0 0.703948456473231 828.8656636835978 828.1617152271246
57.0 0.7447266909993638 828.5497073659346 827.8049806749353
58.0 0.7852338713491425 827.9825168034243 827.1972829320752
59.0 0.8372974406483588 827.4008592448354 826.563561804187
60.0 0.8947576052466065 826.6365036801011 825.7417460748545
61.0 0.9274878995437646 826.6460684155816 825.7185805160379
62.0 0.9860095985893076 825.7158126509487 824.7298030523594
63.0 1.041167718940467 824.9798708587679 823.9387031398274
64.0 1.090538482987687 824.7206510472197 823.630112564232
65.0 1.140983393101607 824.6666203145121 823.5256369214105
66.0 1.208754665542913 823.8470581568838 822.6383034913409
67.0 1.255530553028158 823.4214971202792 822.1659665672511
68.0 1.306758035268993 822.9876813464992 821.6809233112303
69.0 1.371527116611838 822.2934097574905 820.9218826408787
70.0 1.430419544330616 821.8863743834614 820.4559548391307
71.0 1.503093139010619 820.8583469908799 819.3552538518693
72.0 1.551459425598597 820.8225638468078 819.2711044212092
73.0 1.614151258840164 820.3374400751953 818.7232888163551
74.0 1.687738939935841 819.9834977247448 818.2957587848089
75.0 1.755952074674423 818.716867234281 816.9609151596066
76.0 1.818210607229878 818.540353834201 816.7221432269711
77.0 1.888298053648586 817.3601094914969 815.4718114378483
78.0 1.945461580025965 817.6857536075429 815.7402920275169
79.0 2.004479687183028 817.127803920444 815.123324233261
80.0 2.075464114826598 816.299332011149 814.2238678963224
81.0 2.159012303005522 816.131346151501 813.9723338484955
82.0 2.192726466707576 815.6647313021181 813.4720048354105
83.0 2.304182814116813 814.6313433863428 812.327160572226
84.0 2.373575194021365 814.0106112215337 811.6370360275123
85.0 2.440835000516492 813.566272249938 811.1254372494215
86.0 2.50784033212706 813.3432466008462 810.8354062687191
87.0 2.575652776561345 812.8645385782939 810.2888858017326
88.0 2.687189472956477 811.351301802247 808.6641123292905
89.0 2.746526721877703 812.3547132554215 809.6081865335438
90.0 2.824934613637718 812.2127571504668 809.3878225368291
91.0 2.918465951385955 810.5606024190427 807.6421364676568
92.0 3.011953104411336 809.2994001496379 806.2874470452266
93.0 3.09307129444304 809.8108910704767 806.7178197760336
94.0 3.164941895491343 809.5970522234005 806.4321103279092
95.0 3.259546549122107 807.8673715299736 804.6078249808515
96.0 3.389231882289996 806.7937731427373 803.4045412604473
97.0 3.422929372327782 807.1651934274858 803.742264055158
98.0 3.571806172899124 805.7691533284377 802.1973471555386
99.0 3.682959886737738 805.1499767500313 801.4670168632936
100.0 3.745394703978925 805.2817149409529 801.536320236974
101.0 3.861342567009064 805.1712176517583 801.3098750847492
102.0 3.916716359607923 805.1853175177027 801.2686011580948
103.0 4.050407308698227 805.1856237505559 801.1352164418577
104.0 4.145441042661138 804.8828025697875 800.7373615271264
105.0 4.255743456166331 803.8668666143351 799.6111231581687
106.0 4.406741368446285 803.0703108032124 798.6635694347661
107.0 4.476546961011608 802.0339488535706 797.557401892559
108.0 4.623561920396208 800.9702243759581 796.3466624555618
109.0 4.764313287721045 799.5891455121359 794.8248322244148
110.0 4.768869440080656 802.2280589202469 797.4591894801663
111.0 4.912355763519306 799.5122907339488 794.5999349704295
112.0 5.029319452752429 798.4912754985256 793.4619560457732
113.0 5.148250894247076 802.1490692350884 797.0008183408413
114.0 5.277173379854515 798.0625427411133 792.7853693612588
115.0 5.389068182446385 798.4569183839048 793.0678502014584
116.0 5.455133779481116 798.8454351893977 793.3903014099166
117.0 5.589021364204579 795.338192033645 789.7491706694404
118.0 5.64230899748113 800.1768029060406 794.5344939085595
119.0 5.710321943551193 796.5813183254937 790.8709963819425
120.0 5.881507729371258 798.7866283181858 792.9051205888145
121.0 5.902467521686988 799.4781196344375 793.5756521127505
122.0 5.972968071366935 798.4807888267934 792.5078207554265
123.0 6.110362139552464 797.1175100100612 791.0071478705087
124.0 6.192057727435923 795.4132887050656 789.2212309776297
125.0 6.318322930088116 793.5747031076751 787.256380177587
126.0 6.44586211688326 793.3884614272707 786.9425993103874
127.0 6.465412698881387 792.6922391304429 786.2268264315615
128.0 6.467835059874751 793.129359804591 786.6615247447162
129.0 6.517843754342849 794.9961117424753 788.4782679881325
130.0 6.647970746186763 791.7504104719041 785.1024397257173
131.0 6.537642391332139 797.8677014749544 791.3300590836222
132.0 6.783991539092345 791.1419985619697 784.3580070228773
133.0 6.864528831547424 790.0887246560289 783.2241958244815
134.0 6.948487641775857 792.8113712780252 785.8628836362493
135.0 6.872264165761982 790.3730273419604 783.5007631761984
136.0 6.966698774460196 789.5263294233867 782.5596306489265
137.0 7.061324124031151 789.6929408708087 782.6316167467776
138.0 7.112569038241309 781.2721544626862 774.1595854244449
139.0 7.14230442536172 788.6836147844822 781.5413103591205
140.0 7.157956284989786 795.0995089477394 787.9415526627496
141.0 7.239505429060229 790.1295680557599 782.8900626266997
142.0 7.355962339465955 784.8688322539618 777.5128699144959
143.0 7.350892868952613 784.0772522895349 776.7263594205823
144.0 7.443046981847911 778.5253663823658 771.0823194005179
145.0 7.3422522565362 784.8539692675876 777.5117170110514
146.0 7.428983469591277 783.6944696448935 776.2654861753023
147.0 7.430699543081754 784.1715177781506 776.7408182350689
148.0 7.381383217968362 785.8214730203572 778.4400898023888
149.0 7.394737038320324 791.5767358096213 784.181998771301
150.0 7.536967714912474 781.0460449216979 773.5090772067854
151.0 7.540825592664501 784.1639074993642 776.6230819066997
152.0 7.657157966480823 779.6421008602576 771.9849428937768
153.0 7.618661002817885 780.6547685367114 773.0361075338935
154.0 7.810673719532055 778.5576963426311 770.747022623099
155.0 7.679621324005285 781.1195696897965 773.4399483657912
156.0 7.801224109558979 776.2487222374686 768.4474981279097
157.0 7.786876236634387 779.4642042356726 771.6773279990382
158.0 7.999990642034866 778.9737560639164 770.9737654218816
159.0 7.844097985630207 779.0844009871929 771.2403030015626
160.0 7.934585192142167 776.8272682657434 768.8926830736012
161.0 8.034810082512568 774.1093637431765 766.0745536606639
162.0 8.004821770631207 776.2321695846798 768.2273478140486
163.0 7.70007066573168 796.8678157363155 789.1677450705838
164.0 7.889924364295315 779.4680633955349 771.5781390312396
165.0 8.01037591774428 773.7097091154398 765.6993331976955
166.0 8.104088310308477 769.0202403743801 760.9161520640716
167.0 7.971546871309212 774.6346832666613 766.6631363953521
168.0 8.235402747891703 772.2477695461765 764.0123667982848
169.0 8.037049199827065 771.0284905127342 762.9914413129071
170.0 8.226991718310636 768.6800117946738 760.4530200763632
171.0 8.242090343516285 770.979176649328 762.7370863058117
172.0 8.365543228344695 771.4047230821656 763.0391798538209
173.0 8.159557176804917 771.9205301107432 763.7609729339383
174.0 8.091786953005012 773.562440040164 765.470653087159
175.0 8.246509152980513 782.539354357085 774.2928452041045
176.0 8.481451962903765 770.6541006599054 762.1726486970016
177.0 8.51864404706816 763.0767234190436 754.5580793719754
178.0 8.375503788619818 786.8954631140735 778.5199593254537
179.0 8.346089509112626 768.608907631243 760.2628181221304
180.0 8.52446172319759 762.8677852007274 754.3433234775298
181.0 8.390348629784759 776.1554149334596 767.7650663036748
182.0 8.623784708742073 766.3799483435598 757.7561636348177
183.0 8.63750480184623 758.0090755170669 749.3715707152207
184.0 8.467156258085533 769.6288208303561 761.1616645722706
185.0 8.334555367266912 773.4582369165995 765.1236815493326
186.0 8.791470482755126 757.598357691695 748.8068872089399
187.0 8.506281583250831 785.2484342919719 776.7421527087211
188.0 8.597079273821985 768.0898460712129 759.492766797391
189.0 8.555480554231648 779.7076446630689 771.1521641088372
190.0 9.072641578261842 752.9039058015136 743.8312642232518
191.0 8.544973074111712 761.7141076877037 753.169134613592
192.0 8.592599046935319 767.3420929798966 758.7494939329612
193.0 8.954051465931806 761.3412177876482 752.3871663217164
194.0 8.99752697107829 760.5709421158746 751.5734151447964
195.0 8.881295744433965 760.6774827542353 751.7961870098013
196.0 8.967557019297856 769.3335745212184 760.3660175019206
197.0 9.280007032476129 749.1463732281486 739.8663661956725
198.0 8.99354759134518 754.9874944959646 745.9939469046194
199.0 9.253654365272321 753.8325462249266 744.5788918596543
200.0 8.898703050957675 761.3904283906447 752.491725339687
201.0 9.324882825608299 748.0959669267789 738.7710841011706
202.0 9.145688574326425 755.992133654122 746.8464450797955
203.0 8.976904104969727 754.5170759260596 745.5401718210899
204.0 9.110540151660478 753.015993977348 743.9054538256875
205.0 9.317432593978461 750.9457931493922 741.6283605554137
206.0 9.608045873306454 744.5683046239649 734.9602587506585
207.0 9.432123683961383 754.6684740225892 745.2363503386279
208.0 9.289371499593218 751.4111799290709 742.1218084294777
209.0 9.017356920166544 759.8430832311107 750.8257263109441
210.0 9.491439974838448 747.3696173583346 737.8781773834961
211.0 9.280741088011852 747.477297801133 738.1965567131212
212.0 9.729559267545984 740.5101794440382 730.7806201764923
213.0 9.481326225391053 748.1784970887486 738.6971708633575
214.0 9.71425542266198 744.8672145071422 735.1529590844802
215.0 9.366258996082087 758.6588939050584 749.2926349089763
216.0 9.242397654070294 775.7126845769839 766.4702869229136
217.0 9.64831709665465 741.3261782544561 731.6778611578014
218.0 9.168441409582752 772.1534314477518 762.9849900381691
219.0 9.356201711821551 753.5694481040599 744.2132463922383
220.0 9.174724324238268 805.368075758201 796.1933514339628
221.0 9.420327740759427 768.4861459450444 759.0658182042849
222.0 9.775236988318939 746.2893903190122 736.5141533306933
223.0 9.538455693600821 747.9093185956733 738.3708629020725
224.0 9.202162566729844 784.830418125517 775.6282555587872
225.0 9.492662636444399 763.2274199834243 753.7347573469799
226.0 9.73195586512637 745.1930882805304 735.461132415404
227.0 9.578850187409288 747.5431034917782 737.9642533043689
228.0 9.787510003490794 746.6824379197029 736.8949279162121
229.0 9.888388709208116 749.1877747797491 739.299386070541
230.0 9.599599768643486 752.9325098022809 743.3329100336375
231.0 9.615411804736463 753.7920615862442 744.1766497815078
232.0 10.1546526147187 734.6590938516994 724.5044412369807
233.0 9.951420101854024 737.1569071119017 727.2054870100477
234.0 9.71080165865642 752.1043654426881 742.3935637840317
235.0 10.07867415367943 742.89587949796 732.8172053442806
236.0 9.953586600582222 739.0639546882081 729.1103680876259
237.0 9.963331895149588 740.75862892516 730.7952970300104
238.0 9.826371355519651 749.6668238859135 739.8404525303938
239.0 10.14452900863701 730.0138805191843 719.8693515105473
240.0 9.966716482439526 733.4868591709031 723.5201426884636
241.0 10.11887273991752 735.2629692252233 725.1440964853058
242.0 9.669422191347279 758.9935410651028 749.3241188737556
243.0 9.864139637546143 748.5859246847266 738.7217850471804
244.0 10.00434563329687 742.4918132175109 732.487467584214
245.0 10.05846570261258 735.4996418484648 725.4411761458522
246.0 10.04097444952898 743.2073858614895 733.1664114119605
247.0 9.985805745218242 733.578354025908 723.5925482806898
248.0 10.13475480262483 734.1928028145965 724.0580480119717
249.0 10.03682272282073 747.0587587802321 737.0219360574114
250.0 10.05896347536121 741.6546200936643 731.5956566183031
251.0 9.89155128972444 738.5227219207054 728.631170630981
252.0 10.12444504464023 747.146159355942 737.0217143113018
253.0 9.962647184627168 741.6562379289222 731.693590744295
254.0 10.59652807775688 722.5165802889822 711.9200522112253
255.0 10.09727874961896 735.701888299112 725.6046095494931
256.0 10.10002032152368 733.5819549313581 723.4819346098344
257.0 10.1995451819787 730.3518309272626 720.1522857452839
258.0 10.09782492853802 730.6937397995259 720.5959148709879
259.0 10.06018641502482 730.5388855338998 720.478699118875
260.0 9.43005479394506 806.3989363066054 796.9688815126604
261.0 10.24524300521362 720.5621229909901 710.3168799857765
262.0 9.998366569982616 732.1302069751984 722.1318404052157
263.0 10.43851660811654 721.6827190019835 711.2442023938669
264.0 10.11760423467535 724.8644323565636 714.7468281218882
265.0 10.22532436008429 727.2002006295485 716.9748762694642
266.0 10.02849513306351 736.5135514940796 726.4850563610161
267.0 10.2531511996468 725.8384218316776 715.5852706320307
268.0 10.26089606951407 719.7884980164959 709.5276019469818
269.0 10.2265286593165 728.0700321409802 717.8435034816637
270.0 10.06093776226945 733.1165614133018 723.0556236510323
271.0 10.18527874861283 717.537972402777 707.3526936541641
272.0 10.13078105076471 721.7767390005493 711.6459579497846
273.0 10.40345451436702 715.649255898511 705.245801384144
274.0 10.01310482023009 732.0695909440455 722.0564861238154
275.0 9.746696648703829 768.2808896621743 758.5341930134705
276.0 10.10291032975649 725.1772036419583 715.0742933122018
277.0 10.12685419427111 722.3003125053938 712.1734583111227
278.0 10.0754892571846 718.9056459059764 708.8301566487918
279.0 9.836120933342901 744.2742341196049 734.438113186262
280.0 10.13542386911901 719.6220222210012 709.4865983518822
281.0 9.941393616534176 727.0253393840182 717.083945767484
282.0 10.1204139227326 718.8320041942748 708.7115902715422
283.0 9.978893882488078 720.4760716952756 710.4971778127875
284.0 10.02507998346447 723.6330350962067 713.6079551127422
285.0 9.977323003925873 720.5400922388076 710.5627692348817
286.0 10.04281644090493 713.3353050671644 703.2924886262595
287.0 9.792229078701992 747.2150721088264 737.4228430301245
288.0 10.21346657340539 710.9229506242423 700.709484050837
289.0 10.09407303842875 715.5708940541478 705.4768210157191
290.0 10.10828483895464 714.7758455465835 704.6675607076289
291.0 10.17710596422643 710.4289836296308 700.2518776654044
292.0 10.04977046909423 714.3541238694971 704.3043534004029
293.0 10.16618519624569 710.2047534505785 700.0385682543328
294.0 10.16308794791079 709.9706610173475 699.8075730694367
295.0 10.06211859342227 709.0843956372982 699.0222770438759
296.0 9.994781455260467 715.2713252702072 705.2765438149468
297.0 9.83291323997938 718.8874434683657 709.0545302283863
298.0 9.913443974352068 711.5799944427286 701.6665504683765
299.0 9.659882722932187 742.5203181884726 732.8604354655404
300.0 10.01415572823999 707.8161752618371 697.8020195335971
301.0 10.12183352838125 709.8249909048226 699.7031573764413
302.0 9.779845619487249 721.8766567482614 712.0968111287741
303.0 10.00014458143552 702.3809932024306 692.3808486209951
304.0 9.990343160241994 705.6443630756545 695.6540199154125
305.0 10.01608452129369 702.9767039170616 692.9606193957679
306.0 9.90466999472854 706.9877112099954 697.0830412152668
307.0 9.957150096249098 706.8627013878804 696.9055512916313
308.0 9.753741603120786 717.2090541648915 707.4553125617707
309.0 9.922314347610179 706.8667239670344 696.9444096194243
310.0 9.70472521537058 728.2748559256087 718.5701307102381
311.0 9.812937479856139 705.1348228137069 695.3218853338507
312.0 10.06225741539063 697.1778256856271 687.1155682702365
313.0 9.935334762107888 703.2682984052423 693.3329636431344
314.0 9.950224288545506 699.3067084103102 689.3564841217647
315.0 9.921467236525581 697.9747538276153 688.0532865910897
316.0 9.825488615211547 704.70912700885 694.8836383936385
317.0 9.744823735877832 705.3025841940806 695.5577604582028
318.0 9.883949174405532 699.1790926096928 689.2951434352873
319.0 9.907339216547631 697.5365661927698 687.6292269762222
320.0 9.952116991813909 697.4041658844451 687.4520488926312
321.0 9.802486146392976 699.0611717270482 689.2586855806552
322.0 9.863813941499506 697.5358864336666 687.6720724921671
323.0 9.760221820669204 700.6906247497406 690.9304029290714
324.0 9.819963172708231 696.9378168051074 687.1178536323991
325.0 9.592081236651437 700.3798827548637 690.7878015182123
326.0 9.728224643701132 696.6311606552934 686.9029360115923
327.0 9.709333034434316 701.3242215630475 691.6148885286132
328.0 9.815683588083582 692.1232968694069 682.3076132813233
329.0 9.769615754479781 693.5620518510333 683.7924360965535
330.0 9.855654078483176 691.1355576903711 681.2799036118879
331.0 9.702327407843166 697.060497080289 687.3581696724459
332.0 9.928337184651822 687.3774582631416 677.4491210784898
333.0 9.66586350691023 694.1313164235616 684.4654529166513
334.0 9.556323898522097 719.3807209735079 709.8243970749858
335.0 9.71717161934945 690.2742735472245 680.5571019278751
336.0 9.749394101658668 687.3038030175662 677.5544089159075
337.0 9.741554717945239 688.2060267685854 678.4644720506402
338.0 9.683806427544937 688.8482185105473 679.1644120830024
339.0 9.711599305484454 687.7654282445806 678.0538289390961
340.0 9.717140757982304 685.086187633376 675.3690468753937
341.0 9.703687083620204 687.9010346270291 678.1973475434089
342.0 9.491804700101434 715.4246465744172 705.9328418743158
343.0 9.654914981110429 685.1400144471271 675.4850994660167
344.0 9.679369507480579 684.3479909281789 674.6686214206983
345.0 9.717536229861107 681.7404917456233 672.0229555157622
346.0 9.627571758797373 684.5995546828768 674.9719829240795
347.0 9.668209352423143 680.5371518120036 670.8689424595805
348.0 9.575743932102227 684.9003450716021 675.3246011394998
349.0 9.620032002128574 682.5025547482985 672.8825227461699
350.0 9.622296354105586 679.9041774518952 670.2818810977896
351.0 9.64542628682166 680.4297291073516 670.78430282053
352.0 9.603688382700231 679.7046886519705 670.1010002692703
353.0 9.572890294970628 680.6534903434359 671.0806000484652
354.0 9.611921573579765 675.8825112840389 666.2705897104592
355.0 9.646007882592194 677.9553520807141 668.3093441981219
356.0 9.592324914427361 677.8798805914529 668.2875556770255
357.0 9.631414172737897 676.9045623469829 667.273148174245
358.0 9.61467853597688 676.3401058088679 666.725427272891
359.0 9.443110759276551 679.2393767787511 669.7962660194746
360.0 9.588811231226436 677.1468746595696 667.5580634283431
361.0 9.551488058876908 674.9273764396045 665.3758883807276
362.0 9.587345962771382 672.8485554930887 663.2612095303173
363.0 9.535725763729246 676.4332623427546 666.8975365790253
364.0 9.555705323194761 672.529617689792 662.9739123665973
365.0 9.546426653764105 675.2380918405744 665.6916651868103
366.0 9.588516615637495 670.2466796665186 660.6581630508811
367.0 9.540775878243596 671.1420676209559 661.6012917427123
368.0 9.534208784183463 672.6064556083021 663.0722468241186
369.0 9.562490364591648 668.4382968613231 658.8758064967315
370.0 9.487133132177166 671.1196257505956 661.6324926184185
371.0 9.572983265227057 669.1853192220142 659.6123359567871
372.0 9.544480982872332 668.0511661973694 658.506685214497
373.0 9.495441027567168 667.6837602912179 658.1883192636507
374.0 9.529142372530537 666.3603862734365 656.8312439009059
375.0 9.451397222666778 669.0530492033533 659.6016519806866
376.0 9.531967555445557 665.4687350893788 655.9367675339333
377.0 9.477528929608805 667.2625766703215 657.7850477407127
378.0 9.525380722363472 663.4666966048124 653.941315882449
379.0 9.513682818617881 663.5966053067501 654.0829224881323
380.0 9.5031870671056 663.5645218732399 654.0613348061343
381.0 9.438034331694853 665.9520349828249 656.5140006511301
382.0 9.50792137571665 662.1977578308928 652.6898364551762
383.0 9.477331633556038 663.1242297509401 653.646898117384
384.0 9.446961660716155 662.5197239352854 653.0727622745692
385.0 9.478852237872568 661.5259393622128 652.0470871243403
386.0 9.462766190561235 661.6869774567098 652.2242112661485
387.0 9.469925132343984 661.6099212985896 652.1399961662456
388.0 9.4511634738273 661.2933990683793 651.842235594552
389.0 9.438707640565628 661.1955334635813 651.7568258230157
390.0 9.462879485032053 660.9702210572748 651.5073415722427
391.0 9.474713483830155 657.699861386017 648.2251479021869
392.0 9.421368170888731 661.0255707951397 651.6042026242509
393.0 9.460972186071815 657.4993745353551 648.0384023492833
394.0 9.491567888653815 656.7022781752777 647.2107102866239
395.0 9.49136833739459 655.1331540708668 645.6417857334722
396.0 9.486030221650345 655.7012935929777 646.2152633713273
397.0 9.474816109144047 654.0663402628511 644.591524153707
398.0 9.488293001764625 653.6296709653109 644.1413779635463
399.0 9.530584801597117 652.4991591638773 642.9685743622802
400.0 9.514693024979248 653.1689431041511 643.6542500791719
401.0 9.475209769987067 653.2914428266938 643.8162330567067
402.0 9.526061271393633 651.534421002495 642.0083597311014
403.0 9.502190304911643 651.2825466049981 641.7803563000864
404.0 9.478358286285043 651.1379053396131 641.659547053328
405.0 9.542893112062608 650.0752912251898 640.5323981131272
406.0 9.54298984834135 648.4670492464012 638.9240593980598
407.0 9.506353322339839 649.1064020451652 639.6000487228254
408.0 9.534625093837891 649.026096856343 639.4914717625051
409.0 9.549618719696689 647.2155655856549 637.6659468659582
410.0 9.558290784540903 645.8062888363902 636.2479980518493
411.0 9.56775981048568 645.9154733117301 636.3477135012444
412.0 9.563873896628833 644.5232929529616 634.9594190563328
413.0 9.541800406549559 645.3551252483483 635.8133248417987
414.0 9.564018186189748 647.2942334170581 637.7302152308683
415.0 9.581842835074713 642.9949284956678 633.4130856605931
416.0 9.578991619956771 643.2868416662659 633.7078500463091
417.0 9.58533040743986 642.0815622866703 632.4962318792304
418.0 9.57467818726906 642.4898959959554 632.9152178086863
419.0 9.611978501949609 640.6670995824713 631.0551210805217
420.0 9.626044100560436 640.8260493765432 631.2000052759827
421.0 9.635577696423997 640.8105033165841 631.1749256201601
422.0 9.646196000757571 639.3254190911614 629.6792230904039
423.0 9.676635812460192 638.5166637429208 628.8400279304606
424.0 9.661034264622019 638.3195149706692 628.6584807060472
425.0 9.643522588070225 639.384424882002 629.7409022939318
426.0 9.704751938434061 637.1374431089711 627.432691170537
427.0 9.712228079409557 636.7044623152388 626.9922342358292
428.0 9.714543972181254 636.1251691472112 626.4106251750299
429.0 9.73655932074062 634.4230594564115 624.6865001356709
430.0 9.803470532755452 633.2511873065204 623.447716773765
431.0 9.803882448408744 632.1734270580042 622.3695446095954
432.0 9.7645892470731 634.1232068298921 624.358617582819
433.0 9.787714731947128 633.4149129262689 623.6271981943218
434.0 9.813926679064185 631.82283113987 622.0089044608058
435.0 9.820665312064788 632.183257988368 622.3625926763032
436.0 9.85942351358456 630.7560949045453 620.8966713909607
437.0 9.904112600775331 628.4697303716593 618.565617770884
438.0 9.894542905945912 630.0076954357421 620.1131525297962
439.0 9.922340937819919 629.136795605706 619.2144546678861
440.0 9.96133739906866 627.6992635850457 617.7379261859771
441.0 9.983989941877407 627.2856951103021 617.3017051684247
442.0 9.998230153269069 626.094188530703 616.0959583774339
443.0 10.00544912814997 627.3161480282533 617.3106989001033
444.0 10.04833604956097 625.6090062810481 615.5606702314871
445.0 10.08250949644404 625.1964670781241 615.1139575816801
446.0 10.1182728843465 623.8347803276455 613.716507443299
447.0 10.04046420188115 632.9081124678216 622.8676482659404
448.0 10.16959927313942 622.5537224059508 612.3841231328114
449.0 10.18834541792181 623.3136517550148 613.1253063370929
450.0 10.19968368478554 622.4794142874675 612.279730602682
451.0 10.25189715829753 620.9811533145084 610.7292561562109
452.0 10.25250938601645 622.3561728271346 612.1036634411182
453.0 10.3407974329075 618.564376639204 608.2235792062965
454.0 10.34170292922731 620.0486800727178 609.7069771434905
455.0 10.41345529761075 618.4787246064608 608.0652693088501
456.0 10.45269998591688 616.8299357423549 606.377235756438
457.0 10.46130782635174 617.5878420095363 607.1265341831846
458.0 10.52731379496912 615.7408829206704 605.2135691257013
459.0 10.54696577274575 615.5802008316408 605.0332350588951
460.0 10.61589422197925 614.1327418342745 603.5168476122952
461.0 10.64748280575231 614.204256552687 603.5567737469347
462.0 10.70866938728982 612.8719288880536 602.1632595007638
463.0 10.74367910395167 613.0521945250508 602.3085154210991
464.0 10.78513982582583 612.3293013001233 601.5441614742975
465.0 10.86195520999031 611.2545930070493 600.392637797059
466.0 10.89834096838102 610.0831650328238 599.1848240644428
467.0 10.90160932189152 615.6439021874762 604.7422928655847
468.0 11.00560238459029 609.3186750553025 598.3130726707122
469.0 11.06138212675323 608.8691050357963 597.8077229090431
470.0 11.12414670752261 607.3756472875439 596.2515005800213
471.0 11.1875995817018 606.976643180387 595.7890435986852
472.0 11.24076168913751 606.3414640945765 595.100702405439
473.0 11.29275982873986 608.3295912669406 597.0368314382007
474.0 11.34794486993952 605.2701483788298 593.9222035088903
475.0 11.4499622153376 603.3419995212677 591.8920373059301
476.0 11.51582854068743 603.7638283308627 592.2479997901753
477.0 11.58155288515528 603.3376212268291 591.7560683416738
478.0 11.65767184903738 601.8199930203813 590.1623211713439
479.0 11.7482136681527 599.3588261833 587.6106125151473
480.0 11.78534843001753 600.1081910620149 588.3228426319974
481.0 11.83781218933703 600.9490698355821 589.1112576462451
482.0 11.94453941169674 598.4901089798579 586.5455695681611
483.0 12.00281994244867 601.5030218639854 589.5002019215367
484.0 12.05975550105477 599.2754275256905 587.2156720246357
485.0 12.1888364895852 595.8000441515844 583.6112076619992
486.0 12.27346968868684 597.3230761996276 585.0496065109408
487.0 12.35460377418209 595.7749970578523 583.4203932836702
488.0 12.40338309678256 596.1632218984979 583.7598388017153
489.0 12.50392087195151 595.7142574842647 583.2103366123132
490.0 12.60011750176483 592.7302549781932 580.1301374764284
491.0 12.69124895247292 594.1047239827384 581.4134750302655
492.0 12.858300208079 592.3043094597085 579.4460092516295
493.0 12.95414546277277 589.3434507837582 576.3893053209854
494.0 13.0246632702892 596.6228808693371 583.5982175990479
495.0 13.13996373695879 589.70322869979 576.5632649628312
496.0 13.21935508417271 588.7196500788622 575.5002949946895
497.0 13.36957893025929 588.206719430165 574.8371404999057
498.0 13.48052310656089 587.9675250080992 574.4870019015383
499.0 13.5848265577389 587.2562102808002 573.6713837230613
500.0 13.70976602572068 589.7507050530331 576.0409390273125
501.0 13.90101825849148 583.7370913399821 569.8360730814906
502.0 14.03026964964162 583.2387961078931 569.2085264582515
503.0 14.12147373550317 584.7284265391014 570.6069528035982
504.0 14.27670352902915 581.9321196123414 567.6554160833122
505.0 14.45555915440139 578.1220776456813 563.6665184912799
506.0 14.40647960208298 582.0606488206769 567.6541692185939
507.0 14.58848003125054 580.3124272754576 565.7239472442071
508.0 14.81314788878076 579.4551651080869 564.6420172193062
509.0 14.92971659550266 578.4735485806826 563.5438319851799
510.0 15.09701445045228 576.6287950147239 561.5317805642716
511.0 15.22357478912322 580.1159098022601 564.8923350131368
512.0 15.34420860088458 576.7333482237762 561.3891396228916
513.0 15.58865179343578 573.9271872470445 558.3385354536087
514.0 15.79877576746158 571.5255176365093 555.7267418690477
515.0 15.86131500485102 575.943615428216 560.082300423365
516.0 16.16155123996337 570.2951826668646 554.1336314269012
517.0 16.35277870100481 569.8123674852747 553.4595887842699
518.0 16.44468157615424 569.5371925267011 553.0925109505469
519.0 16.65555525455011 567.0669810283565 550.4114257738064
520.0 16.58988040226465 573.1614790895515 556.5715986872868
521.0 17.03470420760825 563.4372863354659 546.4025821278576
522.0 17.35616307911904 561.6694415726076 544.3132784934886
523.0 17.33655631824564 572.2636098272202 554.9270535089746
524.0 17.71645075435702 564.9644391088362 547.2479883544792
525.0 17.85872394350518 565.2766863736755 547.4179624301703
526.0 18.14313012289363 559.1581418651877 541.0150117422941
527.0 18.3496069962736 569.3542083008067 551.0046013045331
528.0 18.91154629092153 552.5569678995532 533.6454216086316
529.0 18.58500285999634 572.1773787860044 553.5923759260081
530.0 18.88023705641547 561.5485389338168 542.6683018774013
531.0 19.46124488407242 553.4805511456431 534.0193062615707
532.0 19.62045788403298 551.3785937790506 531.7581358950176
533.0 19.91326169125088 541.7013127351502 521.7880510438993
534.0 19.44726223043794 568.1933592526736 548.7460970222356
535.0 20.16269771326932 544.9453603194679 524.7826626061986
536.0 20.80179112830956 545.5820660784211 524.7802749501115
537.0 20.64478698248406 552.8226262886658 532.1778393061817
538.0 22.05377167032906 536.1682597996268 514.1144881292977
539.0 21.43429539794439 536.111507544697 514.6772121467526
540.0 21.07674235177756 545.9198993934253 524.8431570416477
541.0 21.63723245267267 560.2338942082895 538.5966617556169
542.0 21.4704230784622 562.8334070853243 541.3629840068621
543.0 21.59534357331404 559.3953856091966 537.8000420358825
544.0 20.68183951393772 573.2169664115409 552.5351268976032
545.0 24.05885887220619 531.2447473198202 507.185888447614
546.0 24.82637188168115 517.4693079564075 492.6429360747263
547.0 30.79142971090134 469.483514347211 438.6920846363096
548.0 23.76082941641764 537.7177022849136 513.956872868496
549.0 22.26414757417523 567.7217473847107 545.4575998105355
550.0 22.23274381462493 555.3115200515048 533.0787762368799
551.0 36.57265540042486 435.5654983060632 398.9928429056383
552.0 36.03895490749581 442.3698999565356 406.3309450490398
553.0 34.26380455614802 450.0962731920302 415.8324686358822
554.0 32.64930237890954 461.2148482015116 428.5655458226021
555.0 28.01153158621641 501.7210134988538 473.7094819126373
556.0 36.98379624803324 438.895284063771 401.9114878157378
557.0 41.34482275417834 421.0249202449748 379.6800974907964
558.0 34.67118707011609 448.2255917518366 413.5544046817205
559.0 35.64708239007753 444.926779899147 409.2796975090695
560.0 41.37933206765565 421.6326548777462 380.2533228100905
561.0 45.87881325491841 403.3660842843511 357.4872710294327
562.0 50.27107121176982 384.4723574240358 334.201286212266
563.0 47.42075418799775 394.93440377289 347.5136495848922
564.0 48.41667509223606 393.5053634550306 345.0886883627946
565.0 42.87624245512716 415.6443672203601 372.7681247652329
566.0 50.29423982679547 382.1692384598994 331.8749986331039
567.0 51.99581218576903 378.9484731061261 326.9526609203571
568.0 57.46086435688587 361.7061039835088 304.245239626623
569.0 51.99592439668469 378.9518775005246 326.95595310384
570.0 56.65933323687906 362.9843324376215 306.3249992007425
571.0 56.79032461742601 363.6367688800399 306.8464442626139
572.0 66.90193796417072 334.6675929181327 267.765654953962
573.0 56.79543560113078 363.7219694154267 306.9265338142959
574.0 64.81657589327164 341.634208140334 276.8176322470624
575.0 56.07248652061756 365.1646272695108 309.0921407488932
576.0 77.96375735908807 306.9340896536981 228.9703322946101
577.0 78.6307966250686 304.7322176921965 226.1014210671279
578.0 57.46155849909622 361.7221369196658 304.2605784205696
579.0 69.48030725577441 329.7221361504437 260.2418288946693
580.0 97.85596625886071 262.2562246430454 164.4002583841847
581.0 82.86296931451693 295.7221367562627 212.8591674417458
582.0 90.92223134321903 277.7219016308453 186.7996702876263
583.0 98.4255688443486 263.5500191904803 165.1244503461317
584.0 104.0544936244096 253.7194542595128 149.6649606351032
585.0 118.6895530409175 227.4388470749025 108.7492940339849
586.0 116.4597975394582 231.5724042561961 115.1126067167379
587.0 115.3400917769468 233.6714365715347 118.3313447945878
588.0 116.4611047062412 231.6124849798239 115.1513802735827
591.0 131.1648281159522 205.722137 74.55730888404778
