0.0 4.755928190205629 858.3058947717337 853.5499665815281
1.0 3.497527816910551 857.9308257826274 854.4332979657168
2.0 2.721430198141939 856.5461047904672 853.8246745923253
3.0 2.139867931249338 855.9133091123319 853.7734411810826
4.0 1.708576509976012 855.866577180979 854.1580006710029
5.0 1.389679523582563 854.814400047843 853.4247205242604
6.0 1.128174300979874 853.9102860188303 852.7821117178504
7.0 0.8884889056712763 853.6327970000966 852.7443080944254
8.0 0.7179439647335983 853.3450471719534 852.6271032072198
9.0 0.5874258286250527 852.3890132287561 851.801587400131
10.0 0.4590497587220439 851.6573581392933 851.1983083805712
11.0 0.3543489019526252 851.6841038741504 851.3297549721978
12.0 0.2650319530529689 851.3720196335966 851.1069876805436
13.0 0.2002328737503471 850.6894327823676 850.4891999086173
14.0 0.1561853601475926 850.027658857973 849.8714734978254
15.0 0.1071914871513998 849.445533645225 849.3383421580736
16.0 0.06592178872375745 849.1959670260543 849.1300452373305
17.0 0.04637803578552514 848.3764410412811 848.3300630054956
18.0 0.02952856667780557 848.0005866772887 847.9710581106109
19.0 0.01671252462986043 847.8830759366237 847.8663634119938
20.0 0.005235442946761051 847.4467156824929 847.4414802395461
21.0 0.00268977569873146 846.8391201645968 846.8364303888981
22.0 0.0001125477465530322 846.5625923859934 846.5624798382468
23.0 0.008218608305641271 845.8596957677421 845.8514771594365
24.0 0.004703388774921428 845.662760509622 845.6580571208471
25.0 0 844.7632496407579 844.7632496407579
26.0 0.01030848928192338 844.8629065606367 844.8525980713548
27.0 0.00982200462467283 844.5868670083751 844.5770450037504
28.0 0.02951468303050227 843.4847558353344 843.4552411523039
29.0 0.02525917786467457 843.6211229279511 843.5958637500864
30.0 0.04116766279186841 843.0893116528256 843.0481439900337
31.0 0.04988929656979225 842.7041639200028 842.654274623433
32.0 0.06391830327351506 842.5554822949905 842.491563991717
33.0 0.08278142968398573 841.6934177963174 841.6106363666334
34.0 0.1003771253345883 841.2096422500135 841.1092651246789
35.0 0.1175544407588024 841.0825530031515 840.9649985623927
36.0 0.1322506714296474 840.5021159345434 840.3698652631137
37.0 0.1455731390926799 840.1888028788549 840.0432297397623
38.0 0.1588201034186384 839.9855987853133 839.8267786818946
39.0 0.1836454893882447 839.3676842780007 839.1840387886125
40.0 0.2096688012981466 839.255495439762 839.0458266384638
41.0 0.2394549266339559 838.493669356659 838.2542144300251
42.0 0.2726001426488648 837.9699777401794 837.6973775975306
43.0 0.2904786630956727 837.6967589788749 837.4062803157792
44.0 0.3174419116552449 837.1573890466525 836.8399471349973
45.0 0.354542099916993 836.6363971202105 836.2818550202935
46.0 0.386434451347505 836.21382119491 835.8273867435624
47.0 0.423057672315959 835.422176890329 834.9991192180131
48.0 0.4501632839859572 835.0565275541659 834.6063642701799
49.0 0.4783254267862639 834.9613928381731 834.4830674113868
50.0 0.5128269137490771 834.2322718119072 833.7194448981581
51.0 0.5557208401118293 833.703598114406 833.1478772742941
52.0 0.6004384388316498 833.2034164859638 832.6029780471322
53.0 0.6268083315179558 832.6267256399862 831.9999173084682
54.0 0.6628405249533676 832.3276780529861 831.6648375280327
55.0 0.7041280900865809 831.835710757059 831.1315826669724
56.0 0.7492818581719448 831.3047890364887 830.5555071783167
57.0 0.7911962337027011 830.9910832563998 830.1998870226971
58.0 0.8336903848374943 830.3942918674643 829.5606014826268
59.0 0.8877211898876764 829.8495522948995 828.9618311050119
60.0 0.9478491416006797 829.0598085407111 828.1119593991104
61.0 0.9805607967105053 829.1274082491847 828.1468474524742
62.0 1.042295121860665 828.16350315194 827.1212080300793
63.0 1.100042852480799 827.3878195627328 826.287776710252
64.0 1.150374749147123 827.1441641126294 825.9937893634823
65.0 1.201088874714881 827.1307600495214 825.9296711748065
66.0 1.271717119069878 826.2973291222883 825.0256120032184
67.0 1.319978157942914 825.887320516909 824.5673423589661
68.0 1.372782249735556 825.4354702158252 824.0626879660897
69.0 1.440034785425592 824.7046393920158 823.2646046065902
70.0 1.500308140013646 824.36580691104 822.8654987710264
71.0 1.576593245438515 823.2774727651713 821.7008795197328
72.0 1.62516361934619 823.2843696592968 821.6592060399506
73.0 1.68956977897426 822.8207544068051 821.1311846278308
74.0 1.764578434641256 822.4315529978338 820.6669745631926
75.0 1.83705522253744 821.1675122774159 819.3304570548785
76.0 1.900090182317677 820.980297608284 819.0802074259663
77.0 1.97433380022961 819.6969100484171 817.7225762481875
78.0 2.030478224499255 820.1255375415416 818.0950593170424
79.0 2.091482107332278 819.5585032233344 817.4670211160021
80.0 2.165324581313179 818.7405009864022 816.575176405089
81.0 2.249749175733143 818.5251108397232 816.2753616639901
82.0 2.284960358700566 818.1231361177119 815.8381757590113
83.0 2.400127340202969 817.0568572336915 814.6567298934885
84.0 2.471832098492341 816.3667762091773 813.894944110685
85.0 2.540751140141399 815.9070548454908 813.3663037053494
86.0 2.608519426581682 815.7896554265704 813.1811359999887
87.0 2.678109530708875 815.2888221996173 812.6107126689084
88.0 2.794861411351753 813.7622463746415 810.9673849632897
89.0 2.851009420381892 814.8731947841959 812.0221853638141
90.0 2.929968648223085 814.8295420480387 811.8995733998156
91.0 3.029278336232532 813.0489442800186 810.0196659437861
92.0 3.127177740252028 811.735796086834 808.608618346582
93.0 3.206710157306394 812.3801690720657 809.1734589147593
94.0 3.279628419792052 812.0810896709464 808.8014612511543
95.0 3.380197720887731 810.2649208069934 806.8847230861057
96.0 3.513782157877169 809.1537043620793 805.6399222042021
97.0 3.546350166209249 809.5566670639252 806.010316897716
98.0 3.700380037305021 808.0254163538813 804.3250363165763
99.0 3.813737051961573 807.486162672474 803.6724256205124
100.0 3.875806391984699 807.7136726370199 803.8378662450352
101.0 3.992365137736365 807.6749773229188 803.6826121851824
102.0 4.048040489511941 807.5781913957521 803.5301509062402
103.0 4.181772405097105 807.8243708787351 803.642598473638
104.0 4.278013137409137 807.5636394259488 803.2856262885397
105.0 4.392067555369762 806.4506905437156 802.0586229883459
106.0 4.54604222740696 805.6859073024384 801.1398650750315
107.0 4.619639319590758 804.4862437901059 799.8666044705151
108.0 4.770424156159632 803.4827552069326 798.712331050773
109.0 4.916369585449956 801.8904316532975 796.9740620678476
110.0 4.912020590977409 804.8403613594365 799.9283407684591
111.0 5.065101678536314 801.832267376118 796.7671656975817
112.0 5.185980695989107 800.6314581631888 795.4454774671997
113.0 5.292469173320645 805.0125276093029 799.7200584359823
114.0 5.435738491363008 800.365276426694 794.929537935331
115.0 5.546282979425159 801.0532029926409 795.5069200132157
116.0 5.611515236022853 801.3071867915558 795.6956715555329
117.0 5.757411287348197 797.5644008012076 791.8069895138594
118.0 5.793571205677787 803.5801558808176 797.7865846751398
119.0 5.874936498284115 798.9273952281985 793.0524587299144
120.0 6.038930956536701 801.5851601440755 795.5462291875388
121.0 6.057493709056656 802.4188734961903 796.3613797871336
122.0 6.131201694598754 801.569596520222 795.4383948256233
123.0 6.274386101447337 799.5593859321659 793.2849998307186
124.0 6.360436417689391 798.7419807836635 792.3815443659741
125.0 6.49378558468961 796.3913861166808 789.8976005319912
126.0 6.623383718390332 795.507027159338 788.8836434409477
127.0 6.644052530513225 795.5648885502886 788.9208360197754
128.0 6.64560519985267 795.6657930007168 789.0201878008641
129.0 6.690368834603185 797.1698462993189 790.4794774647157
130.0 6.830748432465599 794.2729270333847 787.4421786009191
131.0 6.699765517310409 800.8660030735553 794.1662375562449
132.0 6.969345319351835 793.5347080648635 786.5653627455116
133.0 7.054103139426005 792.0973351826615 785.0432320432355
134.0 7.126819580525272 796.6644140969514 789.5375945164261
135.0 7.060169831187222 792.9154204028421 785.8552505716549
136.0 7.158233576280766 791.6363036245472 784.4780700482665
137.0 7.252045814728194 792.1835209823744 784.9314751676462
138.0 7.331770674377193 782.8639169217277 775.5321462473505
139.0 7.336349305594998 791.2709359471958 783.9345866416008
140.0 7.328780558418589 799.5155593947328 792.1867788363143
141.0 7.428941865033022 792.9030599242142 785.4741180591812
142.0 7.563683141915005 786.9407340674837 779.3770509255687
143.0 7.560903678397622 786.2906077064948 778.7297040280972
144.0 7.671952781735061 780.2004006103733 772.5284478286383
145.0 7.549542454285709 787.2101438919571 779.6606014376714
146.0 7.640212098251365 786.1037603848194 778.463548286568
147.0 7.640783360869241 786.3128046886199 778.6720213277507
148.0 7.585257582059969 788.4576929537812 780.8724353717213
149.0 7.577666786929251 795.9091177294596 788.3314509425304
150.0 7.757905554294873 782.8542368788416 775.0963313245467
151.0 7.750994619040913 786.480635383929 778.7296407648881
152.0 7.88304796189621 781.3903089906811 773.5072610287849
153.0 7.840426302192526 782.8913939517712 775.0509676495787
154.0 8.039541960554528 780.9256293300007 772.8860873694462
155.0 7.900133158557922 783.3281692902522 775.4280361316943
156.0 8.037576717842007 778.5385092884219 770.5009325705799
157.0 8.012859087596689 781.7735583149862 773.7606992273895
158.0 8.223957088050214 784.1436319655992 775.919674877549
159.0 8.070963685136324 781.7269673803373 773.6560036952009
160.0 8.16841401215774 779.815231784522 771.6468177723643
161.0 8.27923707043407 776.0798667913387 767.8006297209046
162.0 8.241399030697237 778.8341231170477 770.5927240863505
163.0 7.861106130432573 805.0224834225971 797.1613772921646
164.0 8.115934700147732 781.9693959619713 773.8534612618236
165.0 8.25604776684858 775.649630538062 767.3935827712134
166.0 8.364795678345736 771.120888364634 762.7560926862883
167.0 8.21295866405357 777.3288726312701 769.1159139672165
168.0 8.486181641885939 774.3660668944762 765.8798852525903
169.0 8.291420545323509 772.9405978435109 764.6491772981874
170.0 8.489236116036323 770.7418337455039 762.2525976294676
171.0 8.495870359979884 773.7830762267764 765.2872058667965
172.0 8.618649679543225 774.0236073554373 765.4049576758941
173.0 8.410713977787912 774.3101317279514 765.8994177501635
174.0 8.337055379507493 776.2228623771548 767.8858069976473
175.0 8.461083562145609 786.7779180155608 778.3168344534152
176.0 8.737580161925232 773.0962259329227 764.3586457709974
177.0 8.7999278745165 765.0127204743187 756.2127925998022
178.0 8.567670382221017 797.0526371569048 788.4849667746837
179.0 8.608054931457381 771.2289875997293 762.6209326682719
180.0 8.806295123043539 764.8864010759412 756.0801059528977
181.0 8.625026002139469 780.9270632271719 772.3020372250324
182.0 8.893603966045793 769.1052447436346 760.2116407775888
183.0 8.935703512840073 759.7270672029029 750.7913636900628
184.0 8.72583382967187 772.5066389620964 763.7808051324245
185.0 8.581011964706646 776.0585132523164 767.4775012876097
186.0 9.090878897235355 759.6978694921773 750.606990594942
187.0 8.70441616325792 795.0899825736308 786.3855664103729
188.0 8.861155939008737 770.9209590868877 762.0598031478789
189.0 8.772541056739092 788.8784193492934 780.1058782925544
190.0 9.38857541041087 754.6002109226704 745.2116355122596
191.0 8.830411271319148 763.8271887582533 754.9967774869341
192.0 8.859415004133304 769.948811771078 761.0893967669447
193.0 9.241711344103974 763.6151723711738 754.3734610270699
194.0 9.287725589706332 762.8886646369915 753.6009390472852
195.0 9.169634376969207 763.746792025308 754.5771576483388
196.0 9.224420858435177 775.0217292224971 765.797308364062
197.0 9.608616810316678 750.8412824624176 741.232665652101
198.0 9.302141188636972 756.9487100956797 747.6465689070428
199.0 9.566582103567106 755.9203862899598 746.3538041863927
200.0 9.186137987379563 763.6001971535436 754.414059166164
201.0 9.657251369595325 749.6215806867872 739.9643293171919
202.0 9.450004113703424 758.9422343046275 749.492230190924
203.0 9.286802723895646 756.5815826041582 747.2947798802626
204.0 9.425876082502954 754.9370447205212 745.5111686380182
205.0 9.640218137682121 752.7576184068808 743.1174002691987
206.0 9.951982053262775 746.4769979648065 736.5250159115437
207.0 9.742176912270591 757.2430842666414 747.5009073543708
208.0 9.610341797265303 753.3698887573428 743.7595469600775
209.0 9.309222797170574 762.6261955671516 753.3169727699811
210.0 9.825727712603439 749.4861331519061 739.6604054393027
211.0 9.615147353343124 748.875906875888 739.2607595225449
212.0 10.08760905688711 741.9390523707308 731.8514433138437
213.0 9.81340872920125 750.032992324708 740.2195835955067
214.0 10.05652393073217 747.4599730805453 737.4034491498131
215.0 9.661964292034995 762.0970447443373 752.4350804523023
216.0 9.461201509278221 793.7095638423525 784.2483623330742
217.0 10.00370341672657 742.6302650635861 732.6265616468595
218.0 9.41717443195316 777.6478434792585 768.2306690473053
219.0 9.668843559861374 756.5698805141024 746.901036954241
220.0 9.296081800586643 824.2239222378838 814.9278404372971
221.0 9.679693382496043 775.1530804547839 765.4733870722878
222.0 10.11069993963527 750.4635397792119 740.3528398395766
223.0 9.870562031799786 750.4034292908573 740.5328672590575
224.0 9.403271717217838 794.8816746823266 785.4784029651088
225.0 9.772574359871653 767.6729156384708 757.9003412785991
226.0 10.0740674343288 747.2437064394975 737.1696390051687
227.0 9.912275478622288 750.0165571471064 740.1042816684841
228.0 10.12521765374939 748.6114895602342 738.4862719064848
229.0 10.21559916414451 752.9054035520684 742.6898043879239
230.0 9.914002544355022 756.607798989645 746.69379644529
231.0 9.928035709867299 756.8586538311233 746.930618121256
232.0 10.53205844869746 736.521613985161 725.9895555364635
233.0 10.32000548782258 739.1422077015123 728.8222022136897
234.0 10.02931548831765 755.0490529635319 745.0197374752143
235.0 10.42866934160102 745.2926459707373 734.8639766291363
236.0 10.31590766683556 741.1572223723715 730.841314705536
237.0 10.32001117334895 743.0201546324186 732.7001434590696
238.0 10.15247759825033 752.9869361465857 742.8344585483353
239.0 10.53725825078077 731.5583217691283 721.0210635183475
240.0 10.34737616454907 735.2870609616619 724.9396847971129
241.0 10.49438088988932 737.0323785921463 726.5379977022569
242.0 9.960583495959345 765.2687994901107 755.3082159941513
243.0 10.19398538414316 751.7897186768026 741.5957332926594
244.0 10.35383106110449 745.9049434170047 735.5511123559002
245.0 10.4337875912247 736.7925904373279 726.3588028461032
246.0 10.38998552706295 745.5192449241193 735.1292593970564
247.0 10.36542720444671 735.8872830422083 725.5218558377616
248.0 10.5123400943461 736.8544401687823 726.3421000744362
249.0 10.37218162049658 750.1914350604299 739.8192534399333
250.0 10.41123486361436 745.1042843040598 734.6930494404454
251.0 10.25462555046775 741.1032732079415 730.8486476574738
252.0 10.45665752369555 752.3117369632565 741.855079439561
253.0 10.31482490606075 744.9385028906028 734.6236779845421
254.0 11.01440635264874 724.2182221073447 713.203815754696
255.0 10.47029425585787 738.1083381863186 727.6380439304607
256.0 10.4796265251898 736.1242332840864 725.6446067588966
257.0 10.5901206455386 732.6732135013588 722.0830928558202
258.0 10.48787505894231 732.4597076823256 721.9718326233833
259.0 10.45054801041881 732.3419414425972 721.8913934321784
260.0 9.539284411128512 831.1329121190322 821.5936277079037
261.0 10.66877572429482 721.9290743143789 711.2602985900841
262.0 10.3823923585791 734.5947166694022 724.2123243108231
263.0 10.85884745763848 723.1960896772027 712.3372422195642
264.0 10.52618958034051 726.7242311482693 716.1980415679288
265.0 10.62616077577324 729.4588057897589 718.8326450139857
266.0 10.3967675028639 740.1478833608494 729.7511158579855
267.0 10.65781512774674 728.4913849761496 717.8335698484029
268.0 10.6862821250248 721.5781199133934 710.8918377883686
269.0 10.62114382805969 732.5603967128279 721.9392528847682
270.0 10.44074937225497 736.3768014832152 725.9360521109602
271.0 10.61798915961968 719.0879569061404 708.4699677465208
272.0 10.54846886374503 724.1635881749299 713.6151193111849
273.0 10.84276991000987 717.2760354149391 706.4332655049292
274.0 10.3955996766756 735.651382410899 725.2557827342234
275.0 9.995631130083432 782.579453680026 772.5838225499426
276.0 10.50926400814006 727.7802174432654 717.2709534351254
277.0 10.54276684394001 724.7240846327295 714.1813177887895
278.0 10.5028439066843 720.8480574183181 710.3452135116338
279.0 10.16892203506436 754.3645309686285 744.1956089335641
280.0 10.559563706044 722.2891741710397 711.7296104649957
281.0 10.340901799328 729.8911472544897 719.5502454551617
282.0 10.54753282991023 721.1720226349013 710.624489804991
283.0 10.40016938818716 722.8952627312203 712.4950933430332
284.0 10.43528370842995 726.7847554334383 716.3494717250083
285.0 10.39728502662765 723.6863299737728 713.2890449471452
286.0 10.48846707978586 714.9018165281413 704.4133494483554
287.0 10.11285077407639 758.9884042309499 748.8755534568735
288.0 10.66680887206451 712.8417584529888 702.1749495809243
289.0 10.53054752253835 718.537059109268 708.0065115867296
290.0 10.54722557788143 717.8198758588889 707.2726502810074
291.0 10.63150275157057 712.6063855055139 701.9748827539434
292.0 10.49013260093345 717.2244731379829 706.7343405370494
293.0 10.6209907171345 712.5583281737379 701.9373374566034
294.0 10.61859562853104 712.3567057714979 701.7381101429669
295.0 10.52095479405325 710.9368847985173 700.415930004464
296.0 10.43149801324359 718.4816202568507 708.0501222436071
297.0 10.25689468772605 722.5176404050434 712.2607457173174
298.0 10.36289315688102 714.0342588558525 703.6713656989715
299.0 9.997010729582893 753.044843095559 743.0478323659761
300.0 10.47684541221067 709.6984374036556 699.221591991445
301.0 10.57673260139079 712.7945788166027 702.2178462152119
302.0 10.19055720342191 727.8089565210786 717.6183993176567
303.0 10.48056303934311 704.011173078677 693.5306100393339
304.0 10.46002386270703 707.4449939153823 696.9849700526753
305.0 10.49400570992995 705.0113809096685 694.5173751997386
306.0 10.36875305110991 709.4414126454249 699.072659594315
307.0 10.42125665712507 709.6648706227645 699.2436139656395
308.0 10.18161471357707 721.6173842529606 711.4357695393836
309.0 10.38635012482573 709.626104556703 699.2397544318773
310.0 10.08697096969132 739.239670925231 729.1526999555397
311.0 10.28264999819687 707.5832316652681 697.3005816670712
312.0 10.55923002278326 698.9719166602253 688.412686637442
313.0 10.41164077782368 705.5656740648914 695.1540332870677
314.0 10.43963763692907 701.3521103050185 690.9124726680894
315.0 10.41491173355936 700.1081675378414 689.693255804282
316.0 10.29622719073168 707.3986103031088 697.1023831123771
317.0 10.21194533609433 708.9411157840048 698.7291704479104
318.0 10.3728867618747 701.6503233057041 691.2774365438294
319.0 10.40202036844519 699.7437598462635 689.3417394778183
320.0 10.44720699817271 699.7079078490792 689.2607008509065
321.0 10.29189509298995 701.3062742453428 691.0143791523529
322.0 10.35768433952712 700.1785670208573 689.8208826813302
323.0 10.24252071687995 704.0694230789404 693.8269023620605
324.0 10.31555876475656 699.6018688966006 689.286310131844
325.0 10.07585951137271 703.098469850458 693.0226103390853
326.0 10.22523775089639 698.8243863812232 688.5991486303269
327.0 10.18858968456727 705.2593417188662 695.0707520342989
328.0 10.32763046208328 694.1612390923866 683.8336086303033
329.0 10.27592718873292 696.1647851277865 685.8888579390535
330.0 10.370549901411 693.3850780128114 683.0145281114004
331.0 10.19613914194793 700.3773342068876 690.1811950649397
332.0 10.45594254177817 689.3307891468395 678.8748466050614
333.0 10.17001236054603 696.737940795388 686.567928434842
334.0 9.961666499803109 733.522510371612 723.5608438718089
335.0 10.23369857586389 692.9617545753967 682.7280559995328
336.0 10.27634651323755 689.4595835561874 679.1832370429498
337.0 10.26528651828552 690.5592454533 680.2939589350144
338.0 10.20502213384417 691.3769647947559 681.1719426609118
339.0 10.23641100467203 690.263046799476 680.026635794804
340.0 10.25117078841693 687.1846984185244 676.9335276301074
341.0 10.22737893369872 690.8291597248669 680.6017807911682
342.0 9.907906298104476 730.6827549245532 720.7748486264488
343.0 10.18820966160438 687.4631964669157 677.2749868053113
344.0 10.21521564329343 686.711079566623 676.4958639233295
345.0 10.26216944645603 683.890158772196 673.62798932574
346.0 10.16242548917324 686.9682504506019 676.8058249614287
347.0 10.21687173030841 682.4669528572837 672.2500811269753
348.0 10.1092013707198 687.4426510596661 677.3334496889463
349.0 10.16117104460524 685.1272665921237 674.9660955475184
350.0 10.17244070544981 682.0842706212081 671.9118299157583
351.0 10.19358414910565 682.8507696017896 672.6571854526839
352.0 10.15434303198172 681.9247387239705 671.7703956919887
353.0 10.12003534636428 683.1182506802384 672.9982153338741
354.0 10.17511860472159 677.9166519209893 667.7415333162678
355.0 10.20213524221491 680.334940173205 670.1328049309901
356.0 10.14831024479864 680.4031474247065 670.2548371799078
357.0 10.19066242463183 679.4079642250285 669.2173018003966
358.0 10.17589074649871 678.7061488825699 668.5302581360712
359.0 9.994236982270057 681.7797949494867 671.7855579672166
360.0 10.1470782575439 679.6933226041411 669.5462443465972
361.0 10.11694016676242 677.3401871847556 667.2232470179932
362.0 10.15997506996271 674.992932945755 664.8329578757923
363.0 10.09540811933856 679.4235145063315 669.328106386993
364.0 10.12894559841146 674.8751712130348 664.7462256146233
365.0 10.10980450664268 678.3386887925354 668.2288842858927
366.0 10.16890965680347 672.7568836665838 662.5879740097803
367.0 10.11864929688946 673.3223540681677 663.2037047712783
368.0 10.10635451811258 675.449890160038 665.3435356419255
369.0 10.14913938751139 670.5802960056771 660.4311566181657
370.0 10.06459010551892 673.5007543957476 663.4361642902286
371.0 10.1566445010881 671.7308328347095 661.5741883336214
372.0 10.13188503383674 670.464839155777 660.3329541219402
373.0 10.08393034652323 670.0512200723239 659.9672897258007
374.0 10.12218098890853 668.5925483400464 658.4703673511379
375.0 10.03490371860308 671.7162262454656 661.6813225268625
376.0 10.12766841957396 667.8258343987644 657.6981659791904
377.0 10.06688032793904 669.9028115198826 659.8359311919436
378.0 10.12784111966143 665.5780339474295 655.450192827768
379.0 10.11538546701353 665.9026144498545 655.787228982841
380.0 10.10483552057112 665.948330897733 655.8434953771619
381.0 10.0311688118551 668.7704751626131 658.739306350758
382.0 10.1139902027865 664.556506283965 654.4425160811785
383.0 10.0800849213416 665.6508933628918 655.5708084415502
384.0 10.05188285493773 664.8294275725317 654.777544717594
385.0 10.08680663589327 663.9930544111813 653.9062477752881
386.0 10.07011243952625 664.1785862009194 654.1084737613931
387.0 10.07692721497634 664.5036398401088 654.4267126251325
388.0 10.05964815729279 663.838150093592 653.7785019362992
389.0 10.04717917104717 663.9251156448 653.8779364737529
390.0 10.07152627795452 664.1092394217325 654.037713143778
391.0 10.0949151711466 660.1445043784941 650.0495892073475
392.0 10.02881530382111 664.75116479029 654.7223494864689
393.0 10.08166987742993 660.0111733084695 649.9295034310396
394.0 10.11491807637756 659.2024919132148 649.0875738368373
395.0 10.12002906497612 657.4439757623582 647.3239466973821
396.0 10.11233744595865 658.3472197506682 648.2348823047096
397.0 10.10682969330298 656.3787448803083 646.2719151870053
398.0 10.12159643322372 656.0360603442087 645.914463910985
399.0 10.16747287690749 655.0136212067564 644.8461483298489
400.0 10.14941034082418 655.6647450756649 645.5153347348407
401.0 10.10924261745647 655.8987203659387 645.7894777484822
402.0 10.16606586436798 654.0145373580062 643.8484714936383
403.0 10.14299139884976 653.7187357128462 643.5757443139964
404.0 10.11952041262458 653.5892649734605 643.469744560836
405.0 10.18730624941175 652.754427503433 642.5671212540213
406.0 10.19309163805687 650.792099930708 640.5990082926511
407.0 10.15404326613815 651.591009503049 641.4369662369109
408.0 10.18211999221203 651.8650362724288 641.6829162802168
409.0 10.20356130245429 649.6538031916778 639.4502418892235
410.0 10.21699758931638 648.0950334006817 637.8780358113654
411.0 10.22584195460497 648.4004750918194 638.1746331372144
412.0 10.22681630079632 646.7363660507885 636.5095497499921
413.0 10.20172596154 647.751160833944 637.549434872404
414.0 10.2155963433522 651.1614062433027 640.9458098999505
415.0 10.24948394146622 645.3666261011058 635.1171421596396
416.0 10.2455120644403 645.7709887236235 635.5254766591832
417.0 10.25597653075151 644.4007062711942 634.1447297404427
418.0 10.2438809725557 644.8749154728359 634.6310345002802
419.0 10.28724925425849 642.9748972210092 632.6876479667507
420.0 10.30053494607099 643.3365654293652 633.0360304832942
421.0 10.31000713038431 643.4117278677861 633.1017207374018
422.0 10.32558479985739 641.8110866077357 631.4855018078783
423.0 10.35869984181699 641.0067130280735 630.6480131862565
424.0 10.34367142480271 640.8124811437655 630.4688097189627
425.0 10.32243209699377 642.0487431477118 631.7263110507181
426.0 10.3912161119164 639.6866179827516 629.2954018708352
427.0 10.40007091363132 639.2711341696456 628.8710632560143
428.0 10.40434343049218 638.6294024953388 628.2250590648466
429.0 10.43212277413734 636.7649754070886 626.3328526329513
430.0 10.50293263295772 635.6318318961444 625.1288992631867
431.0 10.50706604156532 634.3778063459801 623.8707403044148
432.0 10.46103465413305 636.5678347725959 626.1068001184628
433.0 10.48632582497858 635.9702004490091 625.4838746240305
434.0 10.51800091066314 634.1924893846456 623.6744884739824
435.0 10.52324334029571 634.788106758492 624.2648634181963
436.0 10.5668395477653 633.2642159307407 622.6973763829754
437.0 10.61946158936748 630.6641928983578 620.0447313089903
438.0 10.60450418674664 632.4832994738054 621.8787952870587
439.0 10.63508235302362 631.6734940453864 621.0384116923628
440.0 10.67902550256589 630.0889207595606 619.4098952569948
441.0 10.70295620380461 629.75047704165 619.0475208378454
442.0 10.72118753557893 628.4692299116037 617.7480423760248
443.0 10.72402804047322 630.0112912936347 619.2872632531614
444.0 10.77261126865224 628.2405266185795 617.4679153499272
445.0 10.80839487601218 627.7045627631784 616.8961678871662
446.0 10.84860275161151 626.3602321449482 615.5116293933367
447.0 10.73499937851648 639.8006875566925 629.0656881781761
448.0 10.90425977555624 625.0287672775211 614.1245075019649
449.0 10.92017279434204 626.0898812094093 615.1697084150673
450.0 10.93464691734738 624.9710579254385 614.0364110080911
451.0 10.99176984893744 623.5055430292274 612.51377318029
452.0 10.98776946172001 625.0171459684186 614.0293765066985
453.0 11.08916765985256 620.7711372122787 609.6819695524261
454.0 11.084489502853 622.7999346881103 611.7154451852573
455.0 11.16179425428106 621.0315695139019 609.8697752596209
456.0 11.20660675069066 619.2724912082352 608.0658844575445
457.0 11.21263029217267 620.148417770699 608.9357874785263
458.0 11.28501738360597 618.1289600148936 606.8439426312877
459.0 11.30533507134648 617.9095305885338 606.6041955171873
460.0 11.37901727016672 616.523516788545 605.1444995183782
461.0 11.4104834433035 616.5889170278955 605.178433584592
462.0 11.47618703450818 615.2173874640763 603.7412004295681
463.0 11.51039853692997 615.6115396506958 604.1011411137658
464.0 11.55443953821982 614.7990016024766 603.2445620642568
465.0 11.6347993418552 613.8122858314092 602.177486489554
466.0 11.67550259052453 612.3449977929313 600.6694952024067
467.0 11.65685485323042 620.6542057320737 608.9973508788432
468.0 11.78514668151015 611.8397023637252 600.054555682215
469.0 11.84256052362655 611.3776685649635 599.535108041337
470.0 11.91042259324419 609.8046376385925 597.8942150453483
471.0 11.9754102905605 609.3672770706974 597.3918667801369
472.0 12.03062835256166 608.8245597912343 596.7939314386726
473.0 12.07478986966129 611.897628402584 599.8228385329227
474.0 12.14159889596745 607.7385095817321 595.5969106857646
475.0 12.25043042213828 605.6006718264673 593.350241404329
476.0 12.31468922104233 606.3217646274992 594.0070754064569
477.0 12.38195022589481 605.9203970957157 593.5384468698209
478.0 12.46320057234752 604.3808213128241 591.9176207404766
479.0 12.56261810080619 601.4539304129024 588.8913123120962
480.0 12.5971033529104 602.4411307619488 589.8440274090384
481.0 12.64671851226763 603.4898067062743 590.8430881940067
482.0 12.76187276962128 600.8898546219587 588.1279818523375
483.0 12.80889183610207 605.0923939382004 592.2835021020983
484.0 12.87435294268339 602.058191488658 589.1838385459746
485.0 13.01587956608773 597.9836859470719 584.9678063809842
486.0 13.09515652377981 599.9982156872965 586.9030591635166
487.0 13.18202570335742 598.103357250317 584.9213315469596
488.0 13.22912436505214 598.8738389526341 585.6447145875819
489.0 13.33156253006096 598.3304356272076 584.9988730971467
490.0 13.43813637348068 595.0098319091353 581.5716955356546
491.0 13.52462344944256 596.7297078605686 583.205084411126
492.0 13.69830064569479 594.7094353262622 581.0111346805674
493.0 13.80422663499131 591.551782764591 577.7475561295996
494.0 13.8475521047489 601.5425522602203 587.6950001554714
495.0 13.98934744265941 591.9988502677852 578.0095028251258
496.0 14.07234269517214 590.8829456575478 576.8106029623757
497.0 14.22429296422932 590.6198149047133 576.395521940484
498.0 14.33602050907108 590.5966903667672 576.2606698576962
499.0 14.44342565867288 589.566061904452 575.1226362457791
500.0 14.55840367448442 593.6145371636936 579.0561334892091
501.0 14.77178800171217 586.1057068393463 571.3339188376341
502.0 14.90273773634004 585.8082244279873 570.9054866916472
503.0 14.98947999586713 587.2841610334829 572.2946810376158
504.0 15.1542939180361 584.3923069317887 569.2380130137526
505.0 15.34668757721778 580.0795794496008 564.732891872383
506.0 15.28462029451881 584.1714391838076 568.8868188892888
507.0 15.4727424345115 582.4515894412553 566.9788470067438
508.0 15.70060397008653 581.7617402138775 566.0611362437909
509.0 15.82101724247629 580.5690923903427 564.7480751478665
510.0 15.99472127429771 578.7389284076884 562.7442071333907
511.0 16.10964113859672 582.7939295816037 566.684288443007
512.0 16.24245750745586 578.7831352596443 562.5406777521885
513.0 16.49694855506889 575.7913872602421 559.2944387051732
514.0 16.71529212690526 573.4700948754139 556.7548027485087
515.0 16.76324644233032 578.3058757196966 561.5426292773663
516.0 17.08328363421211 572.157119415694 555.0738357814819
517.0 17.27708246370144 571.4090453164232 554.1319628527217
518.0 17.36987411753151 571.3123811529515 553.94250703542
519.0 17.58961388792339 568.65586793556 551.0662540476367
520.0 17.50348455678291 575.2332507465218 557.7297661897389
521.0 17.98201998466575 564.7460137708697 546.7639937862039
522.0 18.30928614806419 563.5349390176061 545.2256528695419
523.0 18.25487764855474 574.6791743873574 556.4242967388027
524.0 18.66028705693835 566.7608450472813 548.100557990343
525.0 18.8022456784818 566.9311424224361 548.1288967439543
526.0 19.10760348559356 560.5037988546684 541.3961953690749
527.0 19.27982620838912 572.1618008755081 552.881974667119
528.0 19.89975116273007 553.786334491416 533.886583328686
529.0 19.50711874996077 574.879564560058 555.3724458100972
530.0 19.83857807490321 563.4297339436175 543.5911558687143
531.0 20.44801434305385 554.8564794517716 534.4084651087178
532.0 20.614859936299 552.4996383699465 531.8847784336475
533.0 20.94002484201291 542.5112752073472 521.5712503653343
534.0 20.38619173225557 570.0527996205761 549.6666078883205
535.0 21.18006277963883 545.6463722719297 524.4663094922909
536.0 21.81867300949087 546.5906563404401 524.7719833309492
537.0 21.63836942345301 553.614423073944 531.9760536504909
538.0 23.10581234533908 536.4966365133195 513.3908241679804
539.0 22.48456080320507 536.4278721179568 513.9433113147517
540.0 22.09403953561229 546.541924078141 524.4478845425287
541.0 22.60920539323102 561.7040205111377 539.0948151179066
542.0 22.43414954404952 563.9418621724398 541.5077126283903
543.0 22.57089871085173 560.2308867307645 537.6599880199128
544.0 21.60994630156837 574.278674602199 552.6687283006307
545.0 25.1334669687254 531.3055450172032 506.1720780484778
546.0 25.94748180509541 517.5063324240932 491.5588506189978
547.0 32.08487400256862 469.5413797441955 437.4565057416269
548.0 24.81390271983892 537.7187232706645 512.9048205508256
549.0 23.21658107002448 567.7218708814037 544.5052898113792
550.0 23.22334134159612 556.1665702988853 532.9432289572892
551.0 37.9929116215543 435.6377108736537 397.6447992520994
552.0 37.43578092218012 442.4330625249523 404.9972816027722
553.0 35.63029884899781 450.1442705839004 414.5139717349026
554.0 33.97514133413127 461.2469041746721 427.2717628405408
555.0 29.19319210234722 501.7212560820223 472.5280639796751
556.0 38.39477652981549 438.9369605463179 400.5421840165024
557.0 42.82683114932707 421.0657440435905 378.2389128942635
558.0 36.04497575881909 448.2635750657097 412.2185993068907
559.0 37.03452906455875 444.9641554365236 407.9296263719649
560.0 42.85956381405426 421.6395401669771 378.7799763529229
561.0 47.43175184788752 403.3903941510527 355.9586423031652
562.0 51.8984033260797 384.4984497094545 332.6000463833748
563.0 49.00558855888073 394.9394568156953 345.9338682568146
564.0 50.00924480740003 393.517914254787 343.5086694473869
565.0 44.38038983527374 415.6504739347453 371.2700840994716
566.0 51.92901871965937 382.1862693884435 330.2572506687841
567.0 53.64630509235411 378.9731570463906 325.3268519540364
568.0 59.1839427158236 361.7072568134133 302.5233140975897
569.0 53.64640729089503 378.9762497651428 325.3298424742478
570.0 58.37574964934616 362.9963285653477 304.6205789160015
571.0 58.50508694456351 363.641319747355 305.1362328027915
572.0 68.74153785552969 334.685379606556 265.9438417510263
573.0 58.509949360137 363.7219876607277 305.2120383005907
574.0 66.62727666659852 341.6389151818737 275.0116385152751
575.0 57.78006129920139 365.1771895482145 307.3971282490131
576.0 79.92730637775075 306.950378511699 227.0230721339482
577.0 80.60351727015878 304.7449247205169 224.1414074503581
578.0 59.18458971716194 361.7221369324717 302.5375472153097
579.0 71.34397345618964 329.7221362619784 258.3781628057887
580.0 100.0258163815691 262.2682130801328 162.2423966985637
581.0 84.87801782002917 295.7221367849307 210.8441189649016
582.0 93.0205370027675 277.7219173588994 184.7013803561319
583.0 100.5931169810641 263.5546627120917 162.9615457310276
584.0 106.2714403138708 253.7196033209162 147.4481630070454
585.0 121.0372116294259 227.444660712499 106.4074490830731
586.0 118.7871279684823 231.5770175160946 112.7898895476123
587.0 117.6571435317765 233.6730391373343 116.0158956055578
588.0 118.7883142683314 231.6152261371421 112.8269118688107
591.0 133.621735594539 205.722137 72.10040140546098
