0.0 4.420127747982475 915.7003920049176 911.2802642569351
1.0 3.069989863774069 913.7256966178659 910.6557067540919
2.0 2.314611686804726 913.3248058457951 911.0101941589904
3.0 1.768970877662944 913.2440060059493 911.4750351282863
4.0 1.331006689962049 912.0121396965914 910.6811330066293
5.0 1.004051976997007 912.8465416667138 911.8424896897168
6.0 0.8718868618368207 910.1741830483866 909.3022961865498
7.0 0.59287915696493 910.9178075433884 910.3249283864234
8.0 0.4149343608565512 910.0956915571363 909.6807571962798
9.0 0.3475642476042066 909.6662608347663 909.3186965871621
10.0 0.2294705860542019 910.1767911550162 909.947320568962
11.0 0.1688217550303578 908.8675460526604 908.6987242976301
12.0 0.07943261072428295 908.7729390820015 908.6935064712772
13.0 0.05448974499129427 908.0297349566545 907.9752452116632
14.0 0.05701501369300807 907.4809039791305 907.4238889654375
15.0 0.01105057862529024 908.251163411204 908.2401128325787
16.0 0.008617341096592405 907.1408268101482 907.1322094690516
17.0 0.03400497265256951 907.2501353798146 907.2161304071621
18.0 0.04107643630621966 906.987535504073 906.9464590677668
19.0 0 906.9729255517729 906.9729255517729
20.0 0.08544414167319082 905.0174467051484 904.9320025634752
21.0 0.1100028471558782 904.985263888681 904.8752610415251
22.0 0.1026816923858361 905.0831513246461 904.9804696322603
23.0 0.1641396396481663 904.7839030122932 904.619763372645
24.0 0.1870208565315229 904.1503599452902 903.9633390887587
25.0 0.2622705425629106 903.6059478751614 903.3436773325985
26.0 0.2527214086960272 903.5928341303213 903.3401127216252
27.0 0.2812996541201578 903.0110594118372 902.7297597577171
28.0 0.3918083536925753 902.1335922335166 901.741783879824
29.0 0.3596309594138364 902.7714558518878 902.411824892474
30.0 0.4084839181250977 902.7924709819251 902.3839870638
31.0 0.4296109135269413 902.1600763605139 901.7304654469869
32.0 0.4996809514994489 900.8033856110825 900.303704659583
33.0 0.5564405268530471 901.2722444125422 900.7158038856892
34.0 0.5852796048601094 901.8500612850754 901.2647816802153
35.0 0.6527380151018272 899.8498692959434 899.1971312808415
36.0 0.7280061152565605 899.3995459347486 898.671539819492
37.0 0.7475855202388166 899.3585578969652 898.6109723767264
38.0 0.7784767774533098 898.747089808067 897.9686130306137
39.0 0.8695953216761898 898.1371216904167 897.2675263687405
40.0 0.8534212462605074 898.382550002279 897.5291287560185
41.0 0.9624469807731831 897.8082741456488 896.8458271648756
42.0 1.083754816585203 896.7852350415861 895.7014802250009
43.0 1.090272339760626 896.8792500131647 895.7889776734041
44.0 1.136902131768711 897.9309199354036 896.7940178036349
45.0 1.194308225566723 897.7614205055832 896.5671122800165
46.0 1.369643798790315 893.7072650246144 892.3376212258241
47.0 1.3799322947011 895.9975932798433 894.6176609851422
48.0 1.486389778138684 894.2605010332425 892.7741112551038
49.0 1.495609961778963 894.0267134789593 892.5311035171803
50.0 1.598182358912757 893.7226146458821 892.1244322869693
51.0 1.680333425435251 893.2199947967701 891.5396613713349
52.0 1.788574305774424 892.6195424850804 890.8309681793059
53.0 1.821541200123848 893.2072703289792 891.3857291288554
54.0 1.890456818710139 892.6284178534036 890.7379610346934
55.0 2.024212829639471 889.7456306003165 887.7214177706771
56.0 2.070412369428303 890.9316398662891 888.8612274968608
57.0 2.134224172813123 891.2109368750073 889.0767127021942
58.0 2.293005942166912 889.2021858869921 886.9091799448252
59.0 2.372724616224411 887.8890511464647 885.5163265302403
60.0 2.403209948745462 891.4128495033117 889.0096395545663
61.0 2.401738023853532 891.4911715337057 889.0894335098521
62.0 2.621680963980553 887.543621736885 884.9219407729045
63.0 2.757625505981316 888.0971084772393 885.339482971258
64.0 2.837659366436028 886.866822273003 884.029162906567
65.0 2.879071382023812 886.9968227183212 884.1177513362974
66.0 2.940327558735666 889.6044214346965 886.6640938759608
67.0 3.057933870599733 886.8873029739923 883.8293691033925
68.0 3.195772522359641 885.6953120369679 882.4995395146082
69.0 3.285515941238755 887.7399290628155 884.4544131215767
70.0 3.404402750803739 884.6559661874473 881.2515634366435
71.0 3.689631442264875 878.5088307242232 874.8191992819583
72.0 3.477269842253639 888.69999205475 885.2227222124964
73.0 3.658279609959623 886.2753700686748 882.6170904587152
74.0 3.892370169828958 880.3491252135345 876.4567550437055
75.0 3.978269534892294 881.2918147714022 877.3135452365099
76.0 4.185132635303291 877.7408027699826 873.5556701346793
77.0 4.530376264732596 872.8645761247028 868.3341998599702
78.0 4.324937040976067 881.4739595248686 877.1490224838926
79.0 4.478414320408937 878.3577412934142 873.8793269730052
80.0 4.565230931051513 879.3818307095688 874.8165997785172
81.0 4.72570914043931 878.083442233461 873.3577330930217
82.0 4.789854459126855 877.2284286830857 872.4385742239588
83.0 4.979672308651596 876.0551466012049 871.0754742925533
84.0 5.342673603351184 866.996100863251 861.6534272598999
85.0 5.395830496998483 870.080089707311 864.6842592103125
86.0 5.191171270094876 878.4834868603364 873.2923155902415
87.0 5.59731840635677 866.1642447062147 860.5669262998579
88.0 5.720933740993336 870.8482233492266 865.1272896082333
89.0 5.756631066664595 866.4744078777956 860.717776811131
90.0 5.579201141214447 874.1287287154525 868.549527574238
91.0 6.045859647382044 866.5395457526055 860.4936861052234
92.0 6.191184339200147 868.8741218554017 862.6829375162015
93.0 5.933411987285419 882.2275641430997 876.2941521558142
94.0 6.232473737398607 873.7040799459869 867.4716062085883
95.0 6.65040334604756 866.2726512457114 859.6222478996638
96.0 7.15962179727012 853.9518414897994 846.7922196925292
97.0 7.02643519228305 860.454261228561 853.427826036278
98.0 7.142645164381595 869.1945908491111 862.0519456847296
99.0 7.685604778246155 849.8564482180282 842.1708434397821
100.0 7.354309943921956 862.1830815216696 854.8287715777477
101.0 6.848833050468017 891.0068745105745 884.1580414601065
102.0 7.708418111140152 857.3575102054141 849.6490920942739
103.0 7.648412732273242 862.0964212630194 854.4480085307462
104.0 7.574320405147137 866.0071208456987 858.4328004405516
105.0 7.930410937216504 860.2153557396996 852.2849448024831
106.0 7.991798128108137 865.1898887001449 857.1980905720368
107.0 8.216359320826744 866.9053153442245 858.6889560233978
108.0 8.706231069120748 854.6534069060995 845.9471758369787
109.0 9.056529431934208 855.5550734537731 846.4985440218389
110.0 8.637859288631582 858.2091598772462 849.5713005886147
111.0 9.367094772903229 847.7202143338233 838.35311956092
112.0 9.871222700732483 839.7111433770835 829.839920676351
113.0 8.8457830605244 861.519575234794 852.6737921742696
114.0 10.1417602708521 837.6438823596732 827.5021220888211
115.0 9.02768006526887 873.6477679522247 864.6200878869558
116.0 9.987466688870431 847.0309620152116 837.0434953263412
117.0 10.63582751185063 838.2297283878316 827.593900875981
118.0 8.438706735926816 886.6095979710445 878.1708912351177
119.0 10.52544590544096 842.9216427337056 832.3961968282647
120.0 7.346378592395079 930.514945704669 923.168567112274
121.0 10.05153356803625 853.5769645844306 843.5254310163944
122.0 9.432810906677999 870.5849585015589 861.1521475948809
123.0 10.93358888253205 841.4893562823332 830.5557673998012
124.0 9.11282412067456 883.1957048437475 874.0828807230729
125.0 9.27749716373044 890.1594700955151 880.8819729317847
126.0 11.99413360564639 828.2589770362676 816.2648434306212
127.0 10.77824195082257 857.2805952224101 846.5023532715875
128.0 11.26486369729747 847.9288103051575 836.66394660786
129.0 11.80635991513532 834.5811952094143 822.774835294279
130.0 11.44014838258731 850.7467505332067 839.3066021506194
131.0 10.5621480084216 858.9746557985611 848.4125077901395
132.0 12.15096268393297 834.3670215124249 822.216058828492
133.0 12.83176860159763 822.7833411960925 809.9515725944949
134.0 8.86121689728893 899.7814082846012 890.9201913873122
135.0 8.073538266618609 930.4694260992223 922.3958878326037
136.0 12.91193131001526 823.5305074903412 810.6185761803259
137.0 12.20494085784444 843.7807949286626 831.5758540708181
138.0 14.08384244465825 809.7666850091797 795.6828425645214
139.0 12.53961051937669 836.408713117431 823.8691025980543
140.0 8.0515365128398 916.0930401453583 908.0415036325185
141.0 12.38840425884041 840.9831640222494 828.594759763409
142.0 13.68773383736136 820.3415123702416 806.6537785328802
143.0 13.71008098669843 818.2263674119456 804.5162864252472
144.0 14.51509059608804 810.2060529444079 795.6909623483198
145.0 13.20723982394366 830.1147895892254 816.9075497652817
146.0 8.392158817206648 941.0231306731222 932.6309718559155
147.0 13.70258855803697 821.9635084295558 808.2609198715188
148.0 12.70625211130931 844.4197201695291 831.7134680582198
149.0 9.869470361008915 887.532584441056 877.6631140800471
150.0 14.34005775250952 813.8423005809172 799.5022428284077
151.0 13.78941182890881 823.0362446117842 809.2468327828754
152.0 14.85643042396805 804.733708717065 789.8772782930969
153.0 14.16231886321783 818.7238755201758 804.561556656958
154.0 14.50210556489321 816.0787490490191 801.5766434841259
155.0 14.3413906804827 815.0156726604652 800.6742819799825
156.0 14.46511067007479 820.8527929196005 806.3876822495257
157.0 14.54088745963849 814.1301103841448 799.5892229245063
158.0 8.080542909842099 931.2697049846857 923.1891620748436
159.0 14.03202056076748 827.7936042268095 813.761583666042
160.0 13.95255541515863 831.8758555289355 817.9233001137769
161.0 15.42652163578066 805.6816396658165 790.2551180300358
162.0 13.92699013442068 838.7445299937522 824.8175398593315
163.0 8.392335503048206 909.9130046215497 901.5206691185015
164.0 14.08768382749953 828.5670539286891 814.4793701011896
165.0 15.5149574430101 803.1845689745004 787.6696115314903
166.0 15.76194660862885 803.6499428204698 787.8879962118409
167.0 14.46949899280134 824.4621511158671 809.9926521230657
168.0 15.67716639437393 806.5535065209661 790.8763401265921
169.0 15.69640922802465 802.6303066015396 786.933897373515
170.0 15.92464576681314 804.6483907598765 788.7237449930633
171.0 14.99599805862464 821.6138051140332 806.6178070554085
172.0 15.29500756854307 818.4096785819443 803.1146710134013
173.0 15.42961120620101 808.5439762639075 793.1143650577065
174.0 14.89525985180969 817.861298274414 802.9660384226043
175.0 13.47735404430886 838.102087820634 824.6247337763251
176.0 16.0439292589157 803.5816052569128 787.5376759979971
177.0 11.41621976121551 986.0948860314855 974.6786662702699
178.0 8.071366557708407 917.4619930289944 909.390626471286
179.0 15.68454826219987 810.2289503895013 794.5444021273014
180.0 16.82559594907027 795.3090401269536 778.4834441778834
181.0 12.6565744887761 859.5849425570808 846.9283680683047
182.0 15.8119547899192 816.7861511788009 800.9741963888817
183.0 17.53894484633996 786.8854243750493 769.3464795287093
184.0 15.62641678198366 812.743242213558 797.1168254315744
185.0 13.07549739404068 983.5762509203771 970.5007535263364
186.0 17.22302868306484 798.0462948795665 780.8232661965016
187.0 10.08714091693043 887.4423145468055 877.3551736298751
188.0 16.06164961635205 806.3457692903935 790.2841196740415
189.0 10.66505324646211 881.5166201918459 870.8515669453838
190.0 18.45902148717037 780.9512024375223 762.4921809503519
191.0 16.66073428953855 802.4384390572897 785.7777047677511
192.0 16.08015116687275 809.3920411963389 793.3118900294662
193.0 17.470585850638 790.4722281351996 773.0016422845616
194.0 17.35223784331111 796.2606705925437 778.9084327492326
195.0 15.94119203227048 823.1164507169615 807.175258684691
196.0 13.72938893138102 850.4621769063948 836.7327879750138
197.0 18.83558956042111 781.9170600198685 763.0814704594474
198.0 18.07993572439411 785.2600186697827 767.1800829453886
199.0 18.10504897802678 792.6720024933063 774.5669535152796
200.0 17.27550565865478 795.4939964974909 778.2184908388361
201.0 19.31161841881774 771.962260492465 752.6506420736473
202.0 17.17633299895638 805.7605217400253 788.5841887410689
203.0 17.59297546837994 798.635909502012 781.0429340336321
204.0 18.29349913123157 785.3534515842978 767.0599524530662
205.0 18.80592834965022 780.6490253606364 761.8430970109862
206.0 19.59299788480066 774.5339980226634 754.9410001378627
207.0 17.79793122435688 802.1915308376 784.3935996132432
208.0 18.67568806140146 781.9308640856563 763.2551760242548
209.0 16.69996065226266 812.2867095252947 795.586748873032
210.0 18.84227317476059 787.6201361729189 768.7778629981583
211.0 19.43899646304643 768.4493892651318 749.0103928020854
212.0 20.49640821632827 761.1321137212426 740.6357055049143
213.0 19.20271629087443 777.2874671304239 758.0847508395495
214.0 18.4455509172806 802.0035969547614 783.5580460374808
215.0 17.26485919679229 803.3648950239726 786.1000358271803
216.0 8.002323409460912 923.7179175850691 915.7155941756082
217.0 20.34954946892018 762.7721371829254 742.4225877140052
218.0 14.33959635518224 843.405485971334 829.0658896161518
219.0 17.72247639820064 799.1358202341134 781.4133438359128
220.0 8.745388841036406 903.7077005954557 894.9623117544193
221.0 14.89708525470818 836.2520796605964 821.3549944058883
222.0 17.20478945990271 818.0733751050738 800.8685856451711
223.0 18.70658899262268 789.7147485940572 771.0081596014346
224.0 12.06877946432855 867.2609321469275 855.192152682599
225.0 16.43829674344814 816.7629768508337 800.3246801073856
226.0 19.45369598064775 780.9223813417598 761.468685361112
227.0 19.14595202229523 778.4185529240439 759.2726009017487
228.0 19.78770273039888 771.8620915341697 752.0743888037708
229.0 18.11619771405842 803.8389410090045 785.7227432949461
230.0 17.30632967511838 812.4804713772423 795.174141702124
231.0 18.33420567402185 790.4153044447892 772.0810987707673
232.0 21.14293646945991 760.7809212690971 739.6379847996371
233.0 20.56739143895627 766.4805397874392 745.9131483484829
234.0 18.60312605814274 789.3842327635067 770.781106705364
235.0 20.01378895004462 775.7318457055059 755.7180567554613
236.0 20.3884545829541 768.9448786090602 748.5564240261061
237.0 19.91299538586041 779.8642609250326 759.9512655391722
238.0 18.17082741894448 803.553499217139 785.3826717981946
239.0 21.59962514956223 756.2193055554469 734.6196804058847
240.0 20.89987731484152 764.1723960320223 743.2725187171808
241.0 21.14228222602121 759.6781842570001 738.5359020309789
242.0 15.65920319842261 832.301768885581 816.6425656871584
243.0 18.78452211546987 790.8531328685715 772.0686107531016
244.0 18.50875111771927 804.2219988623437 785.7132477446244
245.0 21.35228768907022 755.1272909046148 733.7750032155446
246.0 19.95169980243356 777.6091099469384 757.6574101445049
247.0 20.56015911392806 769.8289197010957 749.2687605871677
248.0 20.15609501394041 781.5851103472977 761.4290153333573
249.0 19.45561884094628 781.3693550493548 761.9137362084086
250.0 18.71090168992039 801.6908657486454 782.979964058725
251.0 20.04432726004106 774.1123740927259 754.0680468326848
252.0 17.64194471213507 813.8485818431798 796.2066371310447
253.0 19.38312251114816 785.2007702312633 765.8176477201151
254.0 22.5561381432708 751.5876204115259 729.0314822682551
255.0 20.72305403339838 765.9985293661175 745.2754753327191
256.0 20.2704378027094 780.2726661518092 760.0022283490998
257.0 21.25193779968421 761.7713539630155 740.5194161633313
258.0 21.34654137795059 760.0977149745636 738.751173596613
259.0 21.47123789577001 753.9732519034076 732.5020140076376
260.0 8.377889701731908 909.719716996463 901.3418272947311
261.0 22.60428447538748 744.3699260541209 721.7656415787334
262.0 20.69770606960793 768.1429863195485 747.4452802499406
263.0 22.72940166765591 743.8150513764199 721.085649708764
264.0 21.84321110281276 753.3789693405163 731.5357582377036
265.0 21.3980588161524 762.9809865660619 741.5829277499095
266.0 19.40823877291972 790.0392149132015 770.6309761402817
267.0 20.95749387709708 774.3331767075771 753.37568283048
268.0 22.2226937066053 754.2862969761164 732.0636032695111
269.0 19.00951183360381 802.1117080326897 783.1021961990859
270.0 20.08346010571707 779.7940493823524 759.7105892766354
271.0 22.68896759503866 742.3749356024869 719.6859680074482
272.0 20.93060622521192 778.1163556289871 757.1857494037751
273.0 23.05355481954631 740.9070293056003 717.853474486054
274.0 19.92198080219472 782.0768224765228 762.1548416743281
275.0 13.32705419199321 855.6604430170838 842.3333888250906
276.0 21.29277192324197 762.2858004175817 740.9930284943397
277.0 21.62169887051155 758.6266595532959 737.0049606827844
278.0 22.31411482916736 745.1962443978146 722.8821295686473
279.0 15.46895331191826 835.5311609251737 820.0622076132555
280.0 21.15331533553082 772.1555926851707 751.0022773496399
281.0 20.88454456027095 765.0047352061795 744.1201906459086
282.0 21.58147421586817 765.4339364188945 743.8524622030264
283.0 21.57003358077765 758.0132787476507 736.4432451668731
284.0 20.24037582255747 785.1009282669785 764.8605524444211
285.0 20.08987111787913 789.1009132429358 769.0110421250567
286.0 22.92708005442952 736.7620535579867 713.8349735035572
287.0 14.82014232650339 841.6288669087492 826.8087245822458
288.0 23.03211872949865 739.706594465513 716.6744757360144
289.0 21.25938099798543 770.50925059433 749.2498695963446
290.0 21.10921202735798 775.7190213424613 754.6098093151034
291.0 22.67613346802455 748.3610735257835 725.684940057759
292.0 21.58299101218853 763.598197612728 742.0152066005395
293.0 22.40342296440302 754.2342015283144 731.8307785639114
294.0 22.09621894512368 762.3214560246368 740.2252370795131
295.0 23.10736499540373 735.6810105517765 712.5736455563728
296.0 21.03178277934458 774.1515420538748 753.1197592745302
297.0 20.40766612206956 778.0682943457953 757.6606282237258
298.0 21.76630002780577 762.5141926566773 740.7478926288716
299.0 15.24415553754268 837.2119485399701 821.9677930024275
300.0 23.06781425860933 737.3760053550033 714.3081910963939
301.0 22.06855190751466 757.2630829791784 735.1945310716637
302.0 18.09756317343356 810.0600314555968 791.9624682821632
303.0 23.47954316553927 735.16229258978 711.6827494242407
304.0 23.28833207802648 733.9057423095993 710.6174102315728
305.0 23.17139723104089 740.1460707334621 716.9746735024212
306.0 22.40889851497799 749.9513377491706 727.5424392341926
307.0 22.12423239345515 756.0568212987932 733.932588905338
308.0 19.70079841430436 789.3772967389542 769.6764983246498
309.0 22.26711655625423 752.7158805061764 730.4487639499222
310.0 15.68818789343239 833.6104329648095 817.9222450713772
311.0 22.62850015507494 742.8689448265123 720.2404446714374
312.0 24.05348213932309 725.4131248745189 701.3596427351958
313.0 23.01382648916149 739.5699090047766 716.5560825156151
314.0 23.5260687965701 732.3543684889549 708.8282996923848
315.0 23.28113400432284 740.682764287496 717.4016302831732
316.0 22.26837508892146 752.6363535678695 730.3679784789481
317.0 20.77764376136991 778.5115280362976 757.7338842749277
318.0 22.95925348968388 744.1325619990163 721.1733085093324
319.0 23.41410443474522 735.1267999923488 711.7126955576036
320.0 23.41210954164961 736.5642258309306 713.152116289281
321.0 23.20021045393925 736.0824125176634 712.8822020637241
322.0 22.37616477929162 760.206800135574 737.8306353562824
323.0 21.50539489766008 770.007350540119 748.501955642459
324.0 22.83514734475014 746.3753876493815 723.5402403046313
325.0 22.28842115949256 750.8720557510194 728.5836345915268
326.0 23.3929368195894 732.7582791732587 709.3653423536693
327.0 20.69708372364356 781.5565556259095 760.8594719022659
328.0 23.94397944199913 726.0301390559153 702.0861596139162
329.0 23.14977112191315 741.8675966111177 718.7178254892046
330.0 23.83101800938458 730.9067978257606 707.075779816376
331.0 21.59516701639359 770.9878673561332 749.3927003397396
332.0 24.46249666508884 722.1376746452437 697.6751779801548
333.0 23.16881293201826 736.5839333024891 713.4151203704708
334.0 15.03695439850338 839.6837452748427 824.6467908763393
335.0 22.96337568133531 748.6283769414644 725.6650012601291
336.0 23.9487349434566 730.6310940652285 706.6823591217719
337.0 23.71161440911934 734.0335516110832 710.3219372019639
338.0 23.55965158006198 733.434880077675 709.875228497613
339.0 23.56165463389338 737.9555986770521 714.3939440431587
340.0 23.83456654479689 738.5700458645892 714.7354793197924
341.0 22.85057171638973 751.0947121322315 728.2441404158418
342.0 14.82100771599856 841.6952047954416 826.874197079443
343.0 23.97850935463212 727.9015066919158 703.9229973372837
344.0 23.84978005039734 733.5677218505091 709.7179418001117
345.0 24.44967660709515 721.9454594653166 697.4957828582215
346.0 24.17812430238665 720.8765789299565 696.6984546275698
347.0 24.86179805044568 711.4107175767963 686.5489195263506
348.0 23.84884706481052 726.8415335368669 702.9926864720564
349.0 23.72302641821422 734.7444341745806 711.0214077563664
350.0 24.52645858577435 719.2580740987824 694.731615513008
351.0 24.30317402723211 723.6125712787466 699.3093972515145
352.0 24.5963274344019 716.443053446176 691.8467260117741
353.0 24.0759163116829 727.2139832740025 703.1380669623196
354.0 24.8534212889697 716.3854874202746 691.5320661313049
355.0 24.61972474542097 717.6977977349469 693.0780729895259
356.0 23.82669285348182 740.0984203389209 716.2717274854391
357.0 24.38930201108152 724.79416078396 700.4048587728785
358.0 24.6135382148004 719.9397771595024 695.326238944702
359.0 23.83042794620156 734.0844979802308 710.2540700340292
360.0 24.41012803645566 721.7773688177992 697.3672407813435
361.0 24.6181858158205 718.9184349129189 694.3002490970984
362.0 25.17067570553237 708.9656632991265 683.7949875935941
363.0 23.92965934691347 730.3230265236107 706.3933671766972
364.0 24.598978484246 724.2239074529135 699.6249289686675
365.0 23.4443838039248 744.0891606532006 720.6447768492758
366.0 24.04650728678815 743.3132223855211 719.266715098733
367.0 25.24171814597617 707.7539473257224 682.5122291797463
368.0 23.83164850145276 741.3164956413742 717.4848471399214
369.0 25.2971467413504 712.2246012460312 686.9274545046808
370.0 24.99502473239792 711.304284016407 686.309259284009
371.0 24.72440189125552 724.8944373069917 700.1700354157362
372.0 24.71008254633304 728.7356632703062 704.0255807239731
373.0 25.058322635668 715.5195762961991 690.4612536605311
374.0 25.29247859062756 713.7885308823538 688.4960522917263
375.0 24.64302554838637 721.5189243627053 696.8758988143189
376.0 25.26735725519296 713.6770744617206 688.4097172065277
377.0 24.70589094464594 722.6616030375904 697.9557120929444
378.0 25.84725068153799 700.2856645447775 674.4384138632395
379.0 25.53167649413388 707.7592939885783 682.2276174944444
380.0 25.52009146273398 706.5415422106851 681.0214507479511
381.0 24.45539548059002 729.0978512285035 704.6424557479134
382.0 25.60939483677015 707.1834190098502 681.57402417308
383.0 24.78500688084409 730.4854072481567 705.7004003673126
384.0 25.48491483260947 710.2755644220307 684.7906495894213
385.0 25.36245335946674 713.9062515423363 688.5437981828696
386.0 25.45770240314091 709.6866651044357 684.2289627012948
387.0 24.11350720385458 745.0278418181728 720.9143346143182
388.0 25.28452777348432 715.2680871561736 689.9835593826893
389.0 24.6654256248143 733.5881481644862 708.9227225396719
390.0 23.69541373968845 751.8600703047497 728.1646565650613
391.0 25.53583166990586 715.7537378022415 690.2179061323356
392.0 22.46028652983723 769.7255617592304 747.2652752293932
393.0 25.0031457161474 732.5183010424273 707.5151553262799
394.0 25.89277487704215 704.6461077391789 678.7533328621367
395.0 26.21176152426016 699.4523732108736 673.2406116866135
396.0 25.47888273561473 717.9951996817349 692.5163169461202
397.0 26.32773248860552 696.5584277936916 670.2306953050861
398.0 26.25127813445935 699.3501897344861 673.0989116000267
399.0 25.99482797287362 709.1606922545723 683.1658642816987
400.0 26.27987642185603 698.8085198825942 672.5286434607382
401.0 25.66622505608204 716.205041354435 690.538816298353
402.0 26.26522463541538 703.0696716891818 676.8044470537664
403.0 26.31073523835329 701.9268869660409 675.6161517276877
404.0 26.38168768866149 698.1538377336421 671.7721500449807
405.0 25.92927995291665 713.5301525442631 687.6008725913465
406.0 26.83862679913651 690.998045609777 664.1594188106405
407.0 26.50167329154462 698.3978667990731 671.8961935075285
408.0 25.7393768901471 716.8279096689274 691.0885327787803
409.0 26.74272184694115 696.0380521448108 669.2953302978696
410.0 27.13597495146033 687.1001624401828 659.9641874887225
411.0 26.82588308492079 694.9878257334033 668.1619426484825
412.0 27.29452275637945 686.0055117728057 658.7109890164262
413.0 27.01291889611184 690.6843726369234 663.6714537408116
414.0 22.97143104900864 767.4125173338135 744.4410862848048
415.0 26.76894157963466 706.2713029413834 679.5023613617488
416.0 26.86936332047318 698.8610678790577 671.9917045585845
417.0 27.35677676682053 687.1564683748589 659.7996916080384
418.0 27.31371986164019 686.1820953713326 658.8683755096924
419.0 27.3680696770952 691.215394045239 663.8473243681438
420.0 26.96744726955709 703.1692651660936 676.2018178965365
421.0 26.85082045145495 704.4875836082539 677.6367631567989
422.0 27.26949514335526 694.7573027262943 667.4878075829391
423.0 27.34921985414978 694.2050077716343 666.8557879174846
424.0 27.40615301057316 692.9030867601294 665.4969337495562
425.0 27.14272234868944 695.4382589404936 668.2955365918042
426.0 27.55050691106991 690.350427661169 662.7999207500991
427.0 27.61349268155661 688.9751473685567 661.3616546870001
428.0 27.60099094944623 692.9271254295598 665.3261344801135
429.0 28.08444559129123 680.8376096967635 652.7531641054723
430.0 28.06447031728132 686.6696128929361 658.6051425756548
431.0 28.39573680886729 679.9099936782514 651.5142568693841
432.0 28.07225286532538 682.5923984945178 654.5201456291924
433.0 27.98987526703776 684.8044318926402 656.8145566256025
434.0 28.31143600484098 680.7414526483423 652.4300166435013
435.0 27.79374502815192 694.0950167297419 666.30127170159
436.0 27.99295665179522 692.6112575778783 664.6183009260831
437.0 29.02140012688079 667.6404683693223 638.6190682424415
438.0 28.51432874109716 678.4550065817344 649.9406778406372
439.0 28.41339861007301 683.4211509721974 655.0077523621244
440.0 28.82087580601076 675.2841542827236 646.4632784767128
441.0 28.50877708314105 688.3140232290419 659.8052461459008
442.0 29.0321359291692 672.4585368424031 643.4264009132339
443.0 28.08597207846804 698.4178298779189 670.3318577994509
444.0 27.96572725808205 707.7819387329688 679.8162114748867
445.0 28.99113286661927 676.6228102052588 647.6316773386395
446.0 28.65584477247712 693.2640952026267 664.6082504301495
447.0 22.05775890295841 777.5286688420629 755.4709099391045
448.0 29.23781806798931 677.8061741512028 648.5683560832135
449.0 28.21153752181696 706.1076963749771 677.8961588531601
450.0 29.42233564291081 671.9266251374974 642.5042894945866
451.0 29.23086184758401 683.0531367686219 653.8222749210379
452.0 29.1504429285278 682.2868459318818 653.136403003354
453.0 30.30379345262298 657.5316001604695 627.2278067078465
454.0 29.0448626051034 688.5847762111723 659.5399136060689
455.0 29.43016755694487 687.4504646509928 658.020297094048
456.0 29.9002584136904 675.5702550290394 645.669996615349
457.0 29.95739640376801 670.1756622434716 640.2182658397036
458.0 30.4653501351412 661.3572121706407 630.8918620354995
459.0 30.64621352281975 657.1404129618671 626.4941994390474
460.0 30.54763920518258 664.980744923534 634.4331057183514
461.0 30.68908513549711 662.3036037901573 631.6145186546602
462.0 30.77506749802872 664.4359471349153 633.6608796368866
463.0 30.57902292108238 667.2635096673008 636.6844867462184
464.0 30.82616921047983 664.2310199616896 633.4048507512097
465.0 30.65070408777126 674.092114115569 643.4414100277978
466.0 31.49107814113252 652.4742295009082 620.9831513597757
467.0 25.91348654343298 744.9773222269539 719.0638356835209
468.0 31.14804750769409 665.8021223548789 634.6540748471848
469.0 31.27882790140432 664.155528252635 632.8767003512307
470.0 31.5958535789619 658.9246985989962 627.3288450200343
471.0 31.81035529324057 655.8910046335069 624.0806493402663
472.0 31.77395383570726 658.3520454407759 626.5780916050686
473.0 28.83109134494338 717.4417859594707 688.6106946145273
474.0 31.99902812018371 656.9091360367671 624.9101079165834
475.0 32.63865541116637 644.9511091429001 612.3124537317337
476.0 32.27643199538623 655.1073153642345 622.8308833688483
477.0 32.19445377174463 659.970598020618 627.7761442488734
478.0 32.16332967855955 666.3045312834246 634.1412016048651
479.0 33.48800006686898 636.2247358986865 602.7367358318175
480.0 33.11635575253716 646.3118054035849 613.1954496510477
481.0 32.98418010833947 648.2082588461276 615.2240787377881
482.0 33.23034245003245 649.0249761215404 615.794633671508
483.0 30.35675649181565 705.6430750649726 675.2863185731569
484.0 32.31262337993626 676.2731238567318 643.9605004767955
485.0 34.13956189989196 635.5676519370773 601.4280900371854
486.0 32.81595770647404 672.2859008084988 639.4699431020247
487.0 34.24065563328611 636.4715539212528 602.2308982879666
488.0 33.64369259824387 652.3364711373792 618.6927785391354
489.0 34.01437251770023 645.572792473855 611.5584199561548
490.0 34.51115156987556 642.3702825518281 607.8591309819526
491.0 34.15657949814106 649.4224576242294 615.2658781260884
492.0 34.86639609664344 639.2657920607611 604.3993959641177
493.0 35.36717143187932 632.9032524162518 597.5360809843725
494.0 31.15442252672097 701.8100946518635 670.6556721251425
495.0 35.56007001274242 631.5964969708489 596.0364269581065
496.0 35.87204323486969 627.2890972337658 591.4170539988961
497.0 35.82537616023756 631.6846378845254 595.8592617242878
498.0 35.60047371305665 640.2927962952049 604.6923225821483
499.0 36.24711325373817 628.8968863373673 592.6497730836292
500.0 33.67118058065124 679.3529117572084 645.6817311765572
501.0 36.624895532769 631.810858107706 595.185962574937
502.0 36.28690840589209 644.3415743956602 608.0546659897682
503.0 36.6856983902575 633.95492992414 597.2692315338825
504.0 37.10781810568426 631.3374927514849 594.2296746458006
505.0 38.20674661539966 613.5589937948109 575.3522471794113
506.0 37.73555597516392 619.6165293068424 581.8809733316785
507.0 38.09692156470106 616.8069012952997 578.7099797305986
508.0 38.16925930551302 622.2033091568914 584.0340498513784
509.0 38.42984104953515 622.4184047812907 583.9885637317555
510.0 38.91618542498334 613.7846530339961 574.8684676090128
511.0 38.38879566326917 623.3634711759999 584.9746755127308
512.0 39.38108222872384 608.581288609086 569.2002063803621
513.0 39.85801565113831 608.395160853711 568.5371452025727
514.0 40.21371204420242 606.4790500200166 566.2653379758142
515.0 39.68762399926685 614.4579633134269 574.77033931416
516.0 40.9259974474222 599.0619588723891 558.1359614249669
517.0 41.43824136490201 592.9730045997834 551.5347632348814
518.0 41.41180718398429 595.715098951789 554.3032917678047
519.0 41.95023250178061 591.2720168960968 549.3217843943162
520.0 41.05518990272123 603.4443691313055 562.3891792285843
521.0 42.80237801581119 585.7438638527994 542.9414858369882
522.0 42.48985412050418 602.5565057088059 560.0666515883018
523.0 41.57723804725797 609.4799593928837 567.9027213456257
524.0 43.06498304516643 593.7280468813368 550.6630638361704
525.0 43.26776516745812 592.8259902786219 549.5582251111638
526.0 44.28806217473074 582.621448334742 538.3333861600112
527.0 42.84750320058043 605.7266812109727 562.8791780103923
528.0 45.74974356231025 574.0118885588382 528.262144996528
529.0 42.97548536951895 606.5384488134966 563.5629634439776
530.0 44.47009004614622 592.5888121378047 548.1187220916585
531.0 46.30044285432694 572.67908007356 526.378637219233
532.0 46.79687452742806 568.1052985636948 521.3084240362667
533.0 47.93082050899462 560.1649994880411 512.2341789790465
534.0 44.97535853446807 587.5957333813979 542.6203748469298
535.0 48.13314322543633 558.0037959285845 509.8706527031481
536.0 48.53172561894866 563.337089505506 514.8053638865574
537.0 48.1227320939099 561.8024431103495 513.6797110164396
538.0 51.27633473689138 540.1123031849066 488.8359684480152
539.0 50.57123086254764 541.3429179271776 490.7716870646299
540.0 49.13000661488983 556.804375518777 507.6743689038871
541.0 48.31449429353176 573.1740833525378 524.859589059006
542.0 48.02751045657626 574.6800781946519 526.6525677380756
543.0 48.53747115377861 570.0988542429081 521.5613830891295
544.0 46.33778509238411 585.3624604832463 539.0246753908622
545.0 54.02093181045602 531.6995129823264 477.6785811718704
546.0 55.98508229335246 517.7155997982208 461.7305175048683
547.0 66.32011739124333 470.3457486228308 404.0256312315875
548.0 53.19797506963257 537.7221273758478 484.5241523062153
549.0 49.1352147052111 567.722136949867 518.5869222446559
550.0 49.66121215670255 563.2451333461495 513.583921189447
551.0 75.32111779535987 436.7579537635856 361.4368359682257
552.0 74.20143957729318 443.2591870134925 369.0577474361993
553.0 71.65983041306829 450.8645530798854 379.2047226668171
554.0 69.02347053139382 461.6094510048267 392.5859804734328
555.0 60.72784524995843 501.7221332779898 440.9942880280314
556.0 75.52153707478809 439.4660648223784 363.9445277475903
557.0 81.69543570951485 421.5487363692354 339.8533006597205
558.0 72.25833252378017 448.892358303422 376.6340257796418
559.0 73.58663829887705 445.4616119085425 371.8749736096654
560.0 81.70557385869473 421.70801105503 340.0024371963352
561.0 88.0488977715294 403.654385680594 315.6054879090646
562.0 94.33241037764357 384.9351166420333 290.6027062643898
563.0 90.41428101467452 395.0247884214576 304.6105074067831
564.0 91.60363226726635 393.6674914516112 302.0638591843449
565.0 83.812754590403 415.71089858038 331.898143989977
566.0 94.5522368852621 382.47410209264 287.9218652073779
567.0 96.64943266308794 379.3621421685902 282.7127095055023
568.0 103.9827559376636 361.7193285540371 257.7365726163735
569.0 96.64944483153646 379.3624874104716 282.7130425789351
570.0 103.0021148709876 363.2242671527245 260.2221522817369
571.0 103.0979560455265 363.6981134389447 260.6001573934182
572.0 116.3818911612837 334.9981397618821 218.6162486005984
573.0 103.0995641014222 363.7221259065819 260.6225618051597
574.0 113.5705277784908 341.6979418334821 228.1274140549913
575.0 102.1897922245563 365.3997955712121 263.2100033466558
576.0 130.6055160891524 307.2381390837752 176.6326229946228
577.0 131.5085429221113 304.9937221765852 173.485179254474
578.0 103.9828904089663 361.722136998671 257.7392465897047
579.0 119.5878311754804 329.7221369695648 210.1343057940844
580.0 155.7608113786474 262.5142126064607 106.7534012278133
581.0 136.830742046417 295.7221369872736 158.8913949408566
582.0 147.0130524445005 277.7220907438692 130.7090382993687
583.0 156.2785856536947 263.6316609719512 107.3530753182566
584.0 163.1705775882226 253.7214395634583 90.55086197523571
585.0 181.1343161471524 227.547574175667 46.41325802851462
586.0 178.3873694712051 231.6506741904447 53.26330471923961
587.0 177.0077785910261 233.6983396817213 56.69056109069515
588.0 178.386890205072 231.6617060909026 53.27481588583059
591.0 196.40000467355 205.722137 9.322132326449964
