0.0 4.372670940131118 925.1346431949895 920.7619722548584
1.0 3.037147012001321 921.5758658591686 918.5387188471673
2.0 2.276929814139123 921.4142316217244 919.1373018075853
3.0 1.724034764192026 921.7865187655441 920.0624840013521
4.0 1.295256005747732 920.3876385646385 919.0923825588908
5.0 0.9562114187305967 921.2095529748641 920.2533415561335
6.0 0.8494096520056555 918.7509331238723 917.9015234718667
7.0 0.5597094024844627 919.5030554757134 918.9433460732289
8.0 0.390960210788516 918.1868121536811 917.7958519428925
9.0 0.3266105727989362 917.8888603397709 917.562249766972
10.0 0.2013657493652274 918.5045019592578 918.3031362098925
11.0 0.1529120000174562 917.3606211278328 917.2077091278154
12.0 0.06402684138288991 917.1752017204117 917.1111748790288
13.0 0.04717047385000534 916.3079508310911 916.2607803572411
14.0 0.05531514217507752 915.7716726168468 915.7163574746718
15.0 0 916.7038160638046 916.7038160638046
16.0 0.01015756580676359 915.3670584178701 915.3569008520633
17.0 0.0333436000056334 915.7345011496632 915.7011575496575
18.0 0.04340619084955881 915.4246605109764 915.3812543201268
19.0 0.003974682026035832 915.0304776713014 915.0265029892754
20.0 0.1096269660649266 913.2867383480055 913.1771113819406
21.0 0.1347175632002291 913.2598573807227 913.1251398175225
22.0 0.1272780096664642 913.1531745171384 913.0258965074719
23.0 0.1918891198788194 912.9577244945559 912.7658353746771
24.0 0.2215866965110621 912.3287015594567 912.1071148629456
25.0 0.3015633750296619 912.1133228733574 911.8117594983278
26.0 0.2936379256665945 911.7810539789173 911.4874160532507
27.0 0.3281761205185415 911.2833021778452 910.9551260573267
28.0 0.4487837857878391 910.4234909250596 909.9747071392717
29.0 0.4090940342298986 911.1636753470483 910.7545813128184
30.0 0.4571460654988017 911.3961908044765 910.9390447389777
31.0 0.4876082986725935 910.2493000669197 909.7616917682471
32.0 0.5722909143026734 908.9462391454032 908.3739482311006
33.0 0.6234553223693593 909.6599316530241 909.0364763306547
34.0 0.6456269757925756 910.4166107783155 909.7709838025229
35.0 0.7367516381322898 907.9955469161377 907.2587952780055
36.0 0.8161584820822261 907.7977206546027 906.9815621725204
37.0 0.8367715555947431 907.6736851290945 906.8369135734998
38.0 0.8755604633522303 906.8151858153695 905.9396253520173
39.0 0.9721424162711233 906.569408981395 905.5972665651239
40.0 0.9565516398351334 906.1551076115795 905.1985559717443
41.0 1.071050358266333 905.8858245102295 904.8147741519631
42.0 1.201512651043816 905.417109831211 904.2155971801672
43.0 1.208578495438501 905.2192800713648 904.0107015759263
44.0 1.243351520833438 906.508626435362 905.2652749145285
45.0 1.303184336483109 906.3278021417202 905.0246178052371
46.0 1.523763319223035 902.052996000724 900.5292326815009
47.0 1.509809391970954 904.413877673514 902.9040682815431
48.0 1.633756190191851 903.0394066551528 901.405650464961
49.0 1.649873535977805 901.8967166150773 900.2468430790995
50.0 1.754742044400095 901.9688074356489 900.2140653912488
51.0 1.843281689701466 901.397182253138 899.5539005634366
52.0 1.955985518642729 901.3917012286825 899.4357157100398
53.0 1.984058677620884 901.7693718498791 899.7853131722582
54.0 2.059752064673684 901.1902601681796 899.1305081035059
55.0 2.228261218082138 897.6297275330984 895.4014663150162
56.0 2.261306512305814 899.0537597876157 896.7924532753099
57.0 2.320666126673018 899.7704862818305 897.4498201551575
58.0 2.500171165513987 898.13460189022 895.634430724706
59.0 2.598605336708747 895.9862821545718 893.3876768178631
60.0 2.588269582714749 900.3484228115773 897.7601532288626
61.0 2.588284582011455 899.9768756102244 897.3885910282129
62.0 2.854969430603557 895.3402515747691 892.4852821441655
63.0 2.979597962944264 897.3032043384528 894.3236063755086
64.0 3.076668815874655 895.3626311737742 892.2859623578995
65.0 3.115774819784486 895.8204412006299 892.7046663808454
66.0 3.149672443254559 898.5027913256658 895.3531188824112
67.0 3.300184208982074 895.1405436898814 891.8403594808993
68.0 3.450157004941924 894.2658895649528 890.8157325600109
69.0 3.515070627416105 897.1535621436068 893.6384915161907
70.0 3.669665391081359 893.7124445864632 890.0427791953819
71.0 4.032899352781171 885.2358618827594 881.2029625299782
72.0 3.702716171091351 897.3020718318727 893.5993556607813
73.0 3.906014863243895 895.9159986572935 892.0099837940496
74.0 4.214238730044978 887.9430431000661 883.7288043700211
75.0 4.293841963742168 888.3104507411815 884.0166087774393
76.0 4.537383603675674 885.2986489135575 880.7612653098818
77.0 4.93172249216312 881.5447946877225 876.6130721955594
78.0 4.627668590202195 891.4627393194251 886.8350707292229
79.0 4.820743110809218 887.2198995988239 882.3991564880147
80.0 4.897866855720855 888.1888016779145 883.2909348221937
81.0 5.074950908336274 886.549246063196 881.4742951548597
82.0 5.142732101055296 887.0920241325129 881.9492920314576
83.0 5.356125018790244 883.8083762695912 878.4522512508009
84.0 5.826517799683568 872.8205215582411 866.9940037585575
85.0 5.834086922927802 878.9960396876896 873.1619527647618
86.0 5.544005611271122 886.2817219007402 880.7377162894691
87.0 6.096697838639844 871.101096052873 865.0043982142331
88.0 6.152714392370988 880.1280423290232 873.9753279366522
89.0 6.251212391736193 872.2761530036171 866.0249406118809
90.0 5.994004785505001 879.4013274877761 873.4073227022711
91.0 6.54558853394281 871.5380332786066 864.9924447446638
92.0 6.662006759257202 875.077215722748 868.4152089634908
93.0 6.239460044440637 893.1746540870409 886.9351940426002
94.0 6.643305929018 882.0024991644685 875.3591932354505
95.0 7.149095310110338 873.2663821878606 866.1172868777502
96.0 7.807268073601582 857.7749381007287 849.9676700271271
97.0 7.595667175745314 866.1836592530942 858.5879920773489
98.0 7.607254864020711 877.7939168983254 870.1866620343047
99.0 8.383305843399686 853.2468046284851 844.8634987850855
100.0 7.91224562441985 867.2367584710138 859.3245128465939
101.0 7.069567578114487 902.294564723905 895.2249971457906
102.0 8.322895119626677 861.8493399746455 853.5264448550188
103.0 8.18583209470385 873.1693295496899 864.983497454986
104.0 8.096889112366247 870.679097875542 862.5822087631758
105.0 8.52087361250236 864.0638225375768 855.5429489250744
106.0 8.527769962878361 869.7021821878025 861.1744122249241
107.0 8.725918385931827 873.5265204277317 864.8006020417999
108.0 9.360014924774133 858.9612496302551 849.601234705481
109.0 9.694917957175783 861.710219483534 852.0153015263582
110.0 9.255669053378913 862.2017146792287 852.9460456258498
111.0 10.10226459914975 851.4759356601492 841.3736710609995
112.0 10.69593200553587 843.2079736439337 832.5120416383978
113.0 9.432853008774281 865.247166166303 855.8143131575287
114.0 10.99566099387079 840.172141694784 829.1764807009132
115.0 9.482886683883879 878.8239408807241 869.3410541968402
116.0 10.73485018036685 851.0708970675643 840.3360468871974
117.0 11.48448461432131 841.5809535181033 830.096468903782
118.0 8.756942824508078 891.2080300760517 882.4510872515436
119.0 11.32337079807188 846.4594684733387 835.1360976752668
120.0 7.207378656026978 933.4342014082173 926.2268227521904
121.0 10.73600912515093 856.7766160361234 846.0406069109725
122.0 9.934299707150462 873.8670378474784 863.932738140328
123.0 11.75385616338603 844.3930287742475 832.6391726108615
124.0 9.485431923518961 885.5309946643082 876.0455627407892
125.0 9.578152473638866 892.740753636918 883.1626011632792
126.0 12.96602134960465 830.4481530361103 817.4821316865057
127.0 11.4327679870311 860.2653189982833 848.8325510112522
128.0 12.01793154684963 851.5554619512519 839.5375304044023
129.0 12.70619294058185 837.6752118749363 824.9690189343544
130.0 12.16341406049703 854.8326180854178 842.6692040249208
131.0 11.19645441581265 862.0732613268531 850.8768069110404
132.0 13.06095343410156 836.5912484322984 823.5302949981969
133.0 13.86832332522442 825.1047408903073 811.2364175650829
134.0 9.067063679329413 900.7726877771388 891.7056240978094
135.0 7.954728688144465 931.2859933780039 923.3312646898594
136.0 13.94237490660125 825.6857498698289 811.7433749632277
137.0 13.01138846390346 847.2677422371126 834.2563537732092
138.0 15.266018426784 812.4798310935827 797.2138126667987
139.0 13.43087607344166 838.9369077970745 825.5060317236328
140.0 8.081205913448771 916.9347249272421 908.8535190137933
141.0 13.22921847078063 843.8139632796103 830.5847448088297
142.0 14.75676533508935 822.9646202342303 808.2078548991409
143.0 14.80591573166822 819.936436433111 805.1305207014428
144.0 15.69813904917764 812.6984595911105 797.0003205419329
145.0 14.17050239535654 832.6473621046624 818.4768597093059
146.0 8.169436719887808 941.5139082670462 933.3444715471584
147.0 14.75587500828821 824.4034138789034 809.6475388706152
148.0 13.50984091969731 848.1433636493649 834.6335227296676
149.0 10.21216809403883 888.5737957266479 878.361627632609
150.0 15.48392886129857 816.2891506161495 800.8052217548509
151.0 14.82976424801705 826.0150910633761 811.185326815359
152.0 16.10460055491714 806.2786975521854 790.1740969972682
153.0 15.2541124756675 821.1141709942925 805.860058518625
154.0 15.62766692770456 817.9054160590132 802.2777491313087
155.0 15.47572859589233 816.9641303597884 801.4884017638961
156.0 15.53603172904704 823.5974751959029 808.0614434668558
157.0 15.6863245909704 816.1053627859264 800.419038194956
158.0 7.956882732642894 931.5387219415453 923.5818392089024
159.0 15.0279922685648 830.2775854704907 815.2495932019259
160.0 14.90663117139469 834.1323618512091 819.2257306798144
161.0 16.66902071237071 807.5492630258641 790.8802423134934
162.0 14.80617499028963 841.6336503780127 826.8274753877231
163.0 8.458893666823937 917.27700993528 908.8181162684561
164.0 15.07486759329461 831.3055402830328 816.2306726897382
165.0 16.78501770645633 804.8989875835524 788.1139698770961
166.0 17.02872434130356 805.5477507188076 788.519026377504
167.0 15.50415428763422 827.0070907720379 811.5029364844037
168.0 16.91168448015251 808.7188632159469 791.8071787357944
169.0 16.97269051050005 804.6048043123423 787.6321138018423
170.0 17.17938934110519 807.2037638391065 790.0243744980013
171.0 16.06624187728889 824.02445345786 807.9582115805711
172.0 16.4002785374606 821.064009666614 804.6637311291534
173.0 16.64368860693157 810.1838669987213 793.5401783917897
174.0 16.00426124907685 820.1058535709703 804.1015923218934
175.0 14.36728879808146 839.4136884997821 825.0463997017006
176.0 17.31546506919476 805.2784359624867 787.962970893292
177.0 10.75295965608204 987.432205927265 976.6792462711829
178.0 8.091197261534108 917.5969944912473 909.5057972297132
179.0 16.88168930362228 812.273311687215 795.3916223835927
180.0 18.18962256319394 797.2134922212008 779.0238696580068
181.0 13.31793593758455 860.4842412837212 847.1663053461367
182.0 16.94047923131431 819.2051279191656 802.2646486878513
183.0 18.99793760639826 788.6970170109441 769.6990794045459
184.0 16.79712807895841 814.7538648255452 797.9567367465868
185.0 12.33706515747501 1003.222033708293 990.8849685508176
186.0 18.56052329366518 800.3715183250291 781.8109950313639
187.0 10.4381564222203 887.5865968560522 877.1484404338319
188.0 17.30617231777321 807.7596267974308 790.4534544796576
189.0 11.08346594832574 881.6331565933042 870.5496906449785
190.0 19.98909592103191 782.727540693864 762.7384447728321
191.0 17.94424082630094 805.2936123646758 787.3493715383748
192.0 17.28741614519447 811.9451070095154 794.6576908643209
193.0 18.89479466624151 791.7121394241493 772.8173447579078
194.0 18.71124075055057 798.281015907976 779.5697751574255
195.0 17.00707462926692 825.2233464882063 808.2162718589394
196.0 14.49798564228114 851.0371956471128 836.5392100048316
197.0 20.35677865602213 784.2084891240639 763.8517104680417
198.0 19.56088218812449 787.1622516984354 767.6013695103109
199.0 19.5075830789093 794.9261617826579 775.4185787037486
200.0 18.64096254979578 797.6493106900478 779.0083481402521
201.0 20.94484435809341 773.4781439728238 752.5332996147304
202.0 18.43456575050294 807.8854112612572 789.4508455107543
203.0 18.92480959104778 801.5883510902371 782.6635414991893
204.0 19.77546427657026 787.2814180161528 767.5059537395826
205.0 20.34187187892505 782.5887309214208 762.2468590424958
206.0 21.20159435961215 776.2222473928127 755.0206530332006
207.0 19.09783820385507 804.621403872782 785.5235656689269
208.0 20.19755888288078 783.764990476514 763.5674315936332
209.0 17.88338533240413 814.8447645991574 796.9613792667533
210.0 20.30377687506969 790.0408897392994 769.7371128642297
211.0 21.11112286822399 769.7279729485157 748.6168500802917
212.0 22.25549577242502 762.3417108408559 740.0862150684309
213.0 20.77930675646483 778.8780907221603 758.0987839656955
214.0 19.75613926231977 804.0094161147646 784.2532768524449
215.0 18.55301021310825 804.7060806941773 786.153070481069
216.0 7.957521904899462 923.72114186719 915.7636199622906
217.0 22.08860118804323 764.2783219504485 742.1897207624053
218.0 15.18581591022466 844.2863186852764 829.1005027750518
219.0 19.05798059681387 800.6729066001513 781.6149260033374
220.0 8.915133050054472 903.7172560193164 894.802122969262
221.0 15.82337669330139 837.0926852757842 821.2693085824828
222.0 18.34327914988847 818.8135286086521 800.4702494587636
223.0 20.14537223347955 792.0829814796817 771.9376092462022
224.0 12.64862229224872 867.4662091003083 854.8175868080596
225.0 17.58120110567166 817.7490371095774 800.1678360039057
226.0 20.99203419269771 783.1249994320443 762.1329652393466
227.0 20.71284160396572 779.5180938305872 758.8052522266215
228.0 21.4285062159877 773.0664942999577 751.63798808397
229.0 19.40746683331257 805.310443978907 785.9029771455945
230.0 18.49899890289002 814.1012893670578 795.6022904641678
231.0 19.76893200020779 791.4533709631611 771.6844389629533
232.0 22.91153156813582 762.1361755802579 739.2246440121221
233.0 22.27074191642454 767.8945330561238 745.6237911396993
234.0 20.04903838407437 790.8573393315223 770.808300947448
235.0 21.61623072734703 777.0532747901593 755.4370440628123
236.0 22.06352460664301 770.5483460771676 748.4848214705246
237.0 21.46564421231508 782.3217889730681 760.8561447607531
238.0 19.46369580978028 805.3726029727601 785.9089071629798
239.0 23.41695126723355 758.1860796413421 734.7691283741085
240.0 22.62745717985506 766.1749198358226 743.5474626559676
241.0 22.92241620194112 761.0103085493221 738.0878923473809
242.0 16.63562830270775 832.8661746120282 816.2305463093205
243.0 20.21709542553594 792.323374660156 772.1062792346201
244.0 19.80061678066786 805.5714872433258 785.7708704626579
245.0 23.18031201528936 756.7355444779181 733.5552324626288
246.0 21.53063358852551 779.5945299565929 758.0638963680674
247.0 22.22734579474987 771.515456514807 749.2881107200572
248.0 21.69640885930094 783.4533690165223 761.7569601572213
249.0 20.99437207644749 782.6339125380228 761.6395404615753
250.0 20.03072018318786 803.1043576045491 783.0736374213612
251.0 21.66209836277045 775.7683881447716 754.1062897820011
252.0 18.82867879651351 814.5914004300116 795.7627216334981
253.0 20.88051028911339 786.632972688125 765.7524623990116
254.0 24.4309104758759 753.6103823265762 729.1794718507003
255.0 22.4337809760952 767.2735615640584 744.8397805879632
256.0 21.82320443061161 782.5775845313033 760.7543801006917
257.0 23.01066171543624 763.2682905569718 740.2576288415355
258.0 23.11961145199388 762.3572703245082 739.2376588725143
259.0 23.31564065929605 754.9415288075876 731.6258881482915
260.0 8.481718589257518 909.7214857940485 901.239767204791
261.0 24.55466248061342 746.3171404818483 721.7624780012348
262.0 22.3831765172517 769.9405266497044 747.5573501324527
263.0 24.68993511159893 745.1575659243326 720.4676308127337
264.0 23.69224793560458 755.3835979047071 731.6913499691025
265.0 23.14322296762307 764.9557164985753 741.8124935309522
266.0 20.85379084258611 791.8466344981021 770.992843655516
267.0 22.5791544284581 776.5663541775048 753.9871997490467
268.0 24.06266750395836 756.9570370394334 732.894369535475
269.0 20.33184299031687 802.8276384704558 782.4957954801389
270.0 21.6427135746142 781.4549409257345 759.8122273511203
271.0 24.66274512061049 743.9453289750237 719.2825838544132
272.0 22.51078602552536 780.6943355637739 758.1835495382485
273.0 25.04598649613427 742.5371120464724 717.4911255503382
274.0 21.45499156069559 783.9323841015147 762.4773925408191
275.0 14.0408140302026 855.6961584829622 841.6553444527596
276.0 23.04580492534145 763.9190074565133 740.8732025311718
277.0 23.41521956594598 760.4078645575328 736.9926449915868
278.0 24.25639490577031 746.4689562809596 722.2125613751893
279.0 16.41258562444858 835.6362958012747 819.2237101768262
280.0 22.79933032064128 774.4154725497949 751.6161422291536
281.0 22.60523062498028 766.6506962683896 744.0454656434093
282.0 23.29822991271189 768.3103882779566 745.0121583652447
283.0 23.36910446228397 759.8320586474824 736.4629541851984
284.0 21.743596205914 787.2429140466861 765.4993178407722
285.0 21.5518956090755 790.9025200442239 769.3506244351484
286.0 24.96204344556365 738.2048291155439 713.2427856699803
287.0 15.69431394289609 841.6829098526147 825.9885959097186
288.0 25.0371265165251 741.251079446852 716.2139529303269
289.0 22.92466655907358 772.5511100728425 749.6264435137689
290.0 22.7172523519038 778.0862356254514 755.3689832735476
291.0 24.58303716339748 750.8358765685433 726.2528394051458
292.0 23.3222710736902 765.8184386437419 742.4961675700517
293.0 24.24660354046598 756.7133664418029 732.466762901337
294.0 23.85041490743124 765.1885939831073 741.338179075676
295.0 25.1558690828008 737.0184496648785 711.8625805820777
296.0 22.6541388780762 776.7369493271606 754.0828104490844
297.0 21.98560539525052 780.1931216219417 758.2075162266912
298.0 23.51390166381417 765.6184069300634 742.1045052662492
299.0 16.16746568199263 837.4291154127926 821.2616497308
300.0 25.0953078996758 739.3094095676533 714.2141016679775
301.0 23.87992327605755 759.1867849473451 735.3068616712875
302.0 19.32844268292822 810.7506988835559 791.4222562006276
303.0 25.52904745603949 738.0681450860014 712.5390976299619
304.0 25.35410115386885 735.8185151218791 710.4644139680102
305.0 25.16797366422754 742.6943035183876 717.5263298541601
306.0 24.29607904605004 752.515169858183 728.2190908121329
307.0 23.94635809064606 758.4139321706204 734.4675740799744
308.0 21.15649516395825 791.1066453920578 769.9501502280995
309.0 24.12396640396151 755.3324535270736 731.2084871231121
310.0 16.65416636676655 833.6771332005103 817.0229668337438
311.0 24.59479499678826 744.7517122229645 720.1569172261763
312.0 26.21510647456102 727.301884620357 701.0867781457959
313.0 25.01740891635663 741.6098876781444 716.5924787617878
314.0 25.61002105607381 734.3086961398901 708.6986750838163
315.0 25.27013946099499 743.815192702812 718.545053241817
316.0 24.12558936426295 755.3317016335405 731.2061122692776
317.0 22.35559799960132 780.4546787164553 758.099080716854
318.0 24.91097610985919 746.9385314498767 722.0275553400176
319.0 25.46713287257812 737.2851391505348 711.8180062779567
320.0 25.44890617111201 738.9824670843615 713.5335609132495
321.0 25.2411329936509 738.2439455736183 713.0028125799674
322.0 24.1526290717334 763.5051391514649 739.3525100797315
323.0 23.17435376966422 772.785001251218 749.6106474815538
324.0 24.76282313850025 749.0911735352398 724.3283503967395
325.0 24.16206866432497 753.9480466617324 729.7859779974074
326.0 25.46786671815219 735.3941366108325 709.9262698926803
327.0 22.242531793968 783.5276811155773 761.2851493216093
328.0 26.09653199818375 728.2010401772734 702.1045081790897
329.0 25.12511465523648 745.0125766018934 719.8874619466569
330.0 25.92828893822139 733.7880117690632 707.8597228308418
331.0 23.2540618965988 773.8979909746945 750.6439290780957
332.0 26.65827374821398 724.771226090082 698.112952341868
333.0 25.20355713900079 738.8663767561982 713.6628196171974
334.0 15.93364926384026 839.7086674444367 823.7750181805964
335.0 24.86522355665708 752.0402069874233 727.1749834307662
336.0 26.04682045250631 734.1164523959988 708.0696319434925
337.0 25.77340171038604 737.2491387253023 711.4757370149163
338.0 25.62969543601262 735.9583616421106 710.328666206098
339.0 25.5777881486529 741.8453588392777 716.2675706906248
340.0 25.84141108503384 743.5047458828467 717.6633347978128
341.0 24.72826904214715 754.0134661393056 729.2851970971584
342.0 15.69471520485802 841.7129052231996 826.0181900183416
343.0 26.10776643874108 730.8824384965458 704.7746720578047
344.0 25.91557096474463 737.2037719304398 711.2882009656952
345.0 26.64626921101591 724.7573015489222 698.1110323379063
346.0 26.38759530290736 722.81412963791 696.4265343350026
347.0 27.17571597333542 713.4566698398932 686.2809538665578
348.0 25.99180181740106 729.0370305262687 703.0452287088676
349.0 25.77824599643788 737.8072905428828 712.0290445464449
350.0 26.75126165558556 722.1567695803613 695.4055079247758
351.0 26.48067039317152 726.4992438590852 700.0185734659137
352.0 26.85285616875421 718.9889858584965 692.1361296897423
353.0 26.21316271000529 730.2024664935754 703.9893037835702
354.0 27.10883057746514 719.7570168824384 692.6481863049733
355.0 26.86482731249773 719.9677311878202 693.1029038753225
356.0 25.81946232545881 744.6618018822714 718.8423395568126
357.0 26.55465068132551 727.8028278305855 701.24817714926
358.0 26.83145524271018 722.963286889889 696.1318316471788
359.0 25.88532799655519 738.7289415031321 712.8436135065769
360.0 26.60920653002886 724.3592249707137 697.7500184406848
361.0 26.84775243245411 721.738924216366 694.8911717839119
362.0 27.51112786194971 711.3736466849008 683.8625188229511
363.0 26.0357579606055 732.8152435379958 706.7794855773903
364.0 26.76853064630289 727.9500180962006 701.1814874498977
365.0 25.40020289517272 747.0863947036382 721.6861918084654
366.0 26.00799689917746 747.8646072223594 721.8566103231819
367.0 27.59469621984516 710.3091963264812 682.714500106636
368.0 25.81365145151348 745.5317776516624 719.7181262001489
369.0 27.59675247670219 716.2528827543262 688.656130277624
370.0 27.30933755351343 713.727022063405 686.4176845098916
371.0 26.88539895706766 729.1801305533562 702.2947315962886
372.0 26.82571898607055 734.0271923316274 707.2014733455568
373.0 27.32381362713321 719.0443889508853 691.7205753237521
374.0 27.57418437653772 718.1242295777602 690.5500452012225
375.0 26.8424485479171 724.9904610649674 698.1480125170503
376.0 27.55337444104948 717.3441205607107 689.7907461196612
377.0 26.89450188507208 726.038080200547 699.1435783154749
378.0 28.28428478448149 702.7190575390853 674.4347727546038
379.0 27.88503884757583 710.7708455187519 682.8858066711761
380.0 27.88819542535386 709.1244843839929 681.2362889586391
381.0 26.57243889174796 732.9155358010032 706.3430969092552
382.0 27.96802701365001 710.4939241206925 682.5258971070425
383.0 26.88270399783712 735.8426832265943 708.9599792287572
384.0 27.8054807000344 714.5004779625068 686.6949972624724
385.0 27.64614473062684 717.7268681775711 690.0807234469443
386.0 27.78903780002119 712.9482645428329 685.1592267428117
387.0 26.05936511946022 749.2888055419116 723.2294404224514
388.0 27.55244398413878 719.2572652155946 691.7048212314558
389.0 26.72948540174213 738.9890238735339 712.2595384717917
390.0 25.5709080344862 755.2589020465293 729.6879940120431
391.0 27.79669838001331 720.5948054753805 692.7981070953672
392.0 24.14712832132376 771.4961565267768 747.3490282054531
393.0 27.07964858707194 738.2642826692137 711.1846340821417
394.0 28.28080799730048 707.8947041007065 679.613896103406
395.0 28.65627009660028 702.8167753526013 674.160505256001
396.0 27.71758416500221 722.5144043770738 694.7968202120716
397.0 28.80500906961614 699.6187036861678 670.8136946165516
398.0 28.69738156227655 702.6886814734092 673.9912999111326
399.0 28.33290340871656 713.1895255564231 684.8566221477065
400.0 28.73384111500301 701.761736667771 673.027895552768
401.0 27.92419377341279 720.9455789317893 693.0213851583765
402.0 28.66947899885057 707.0606341446025 678.3911551457519
403.0 28.72677570898542 706.0225583352704 677.295782626285
404.0 28.84176175029959 701.4331837239967 672.5914219736972
405.0 28.22000751938844 717.8124424794734 689.592434960085
406.0 29.38017194271895 693.755552887234 664.3753809445151
407.0 28.95878851095036 701.9945966305487 673.0358081195984
408.0 27.99704214600231 720.5327147723729 692.5356726263706
409.0 29.22563146827043 699.8520907023448 670.6264592340744
410.0 29.72024873455929 689.9950022981258 660.2747535635665
411.0 29.32211842496889 698.489016951498 669.1668985265291
412.0 29.88774925128864 689.7042486875397 659.816499436251
413.0 29.5552609784208 694.2758431996188 664.720582221198
414.0 24.69124088065428 768.5089368284009 743.8176959477466
415.0 29.13281330022185 712.5757135342098 683.442900233988
416.0 29.32077581708049 703.3341325443084 674.013356727228
417.0 29.93921232603434 690.7244884732513 660.7852761472169
418.0 29.90902449834391 689.1232784968165 659.2142539984726
419.0 29.90208899223191 696.0326182870955 666.1305292948636
420.0 29.36637015061853 709.3346728274301 679.9683026768116
421.0 29.24042216476066 709.5675869602619 680.3271647955012
422.0 29.76764573775727 699.195783381045 669.4281376432877
423.0 29.85442849375141 698.5429680893808 668.6885395956294
424.0 29.92319953425413 697.7011968638029 667.7779973295488
425.0 29.6369643332176 699.0132172704507 669.3762529372331
426.0 30.09917369238832 694.4191859118134 664.3200122194251
427.0 30.17802488744878 692.8591231971161 662.6810983096673
428.0 30.11638399989209 698.3703630065067 668.2539790066146
429.0 30.73998598121798 684.3463306871662 653.6063447059482
430.0 30.65136576156448 691.7363419315827 661.0849761700182
431.0 31.05676542604784 684.8582100504329 653.801444624385
432.0 30.70570280029927 686.8683927870295 656.1626899867302
433.0 30.60237791643269 688.504979012649 657.9026010962163
434.0 30.96705871402061 684.8841733118728 653.9171145978522
435.0 30.30250713118411 698.8094575064081 668.5069503752239
436.0 30.51771593473717 697.5950917643025 667.0773758295653
437.0 31.8267684832781 670.4669422153084 638.6401737320303
438.0 31.1982769504927 682.093532383445 650.8952554329523
439.0 31.04122532351996 687.7601514304766 656.7189261069566
440.0 31.54132103948888 678.813427883223 647.2721068437341
441.0 31.07825136924248 694.2872779609464 663.2090265917039
442.0 31.7843969418745 675.9216318727135 644.137234930839
443.0 30.54889951819573 703.8665532835239 673.3176537653282
444.0 30.3266605248766 713.8718298529296 683.545169328053
445.0 31.69864373643714 680.2997279191944 648.6010841827573
446.0 31.17242081190173 699.7864527754204 668.6140319635187
447.0 23.66914983998661 777.6476484240109 753.9784985840243
448.0 31.92808050160273 682.9588789561311 651.0307984545284
449.0 30.59373793234747 711.9469864408513 681.3532485085038
450.0 32.18265523013801 675.6599117511203 643.4772565209822
451.0 31.86417856458371 688.6440219344668 656.7798433698831
452.0 31.79207118983278 687.6741159497398 655.8820447599071
453.0 33.22720537419205 660.3089517818237 627.0817464076317
454.0 31.62414322154179 693.1525458797511 661.5284026582093
455.0 32.01468756808144 694.0043291122128 661.9896415441314
456.0 32.62054838346084 680.6548830127585 648.0343346292976
457.0 32.74202467232746 673.7568357062222 641.0148110338948
458.0 33.34822769685265 664.6219639319877 631.273736235135
459.0 33.576882877533 659.9704515615105 626.3935686839775
460.0 33.38890541510187 669.1906250673357 635.8017196522338
461.0 33.55817937936554 666.8148039124792 633.2566245331137
462.0 33.62088545120223 669.3101149411623 635.6892294899601
463.0 33.3992292128281 671.024557680219 637.6253284673909
464.0 33.67709549714192 668.6380447847913 634.9609492876494
465.0 33.39111241550403 679.724084514138 646.3329720986339
466.0 34.47532308895425 655.9774441421097 621.5021210531555
467.0 27.89959088066368 745.391308663352 717.4917177826883
468.0 33.98436470944841 670.5000842007865 636.5157194913381
469.0 34.13477160274682 668.6163553325108 634.4815837297639
470.0 34.5120561768132 662.8387844594764 628.3267282826632
471.0 34.75978699965245 659.8958658113899 625.1360788117374
472.0 34.69787981626761 662.2782101296291 627.5803303133615
473.0 31.12374610533669 719.3280123725791 688.2042662672424
474.0 34.94008921916619 660.8558753211975 625.9157861020313
475.0 35.71539444111526 647.8869741995394 612.1715797584241
476.0 35.24015288479565 658.8397780795375 623.5996251947419
477.0 35.10587476136063 663.8834489841049 628.7775742227442
478.0 35.00539924638443 670.8370489374334 635.831649691049
479.0 36.66533258967442 638.8724279815551 602.2070953918806
480.0 36.17967558715429 650.0735611394826 613.8938855523283
481.0 36.02923134162843 651.4447071364427 615.4154757948143
482.0 36.26766156121422 652.5770352715598 616.3093737103456
483.0 32.78751560486139 707.4710490315806 674.6835334267192
484.0 35.05106765087653 681.142680064421 646.0916124135445
485.0 37.3286294243186 638.5605332413119 601.2319038169933
486.0 35.60082028128119 677.1544443308259 641.5536240495447
487.0 37.42251887224968 639.2509194040277 601.828400531778
488.0 36.64927251779058 656.2244976657831 619.5752251479926
489.0 37.09740516452483 648.7731713867288 611.675766222204
490.0 37.62711229276194 646.5894864737425 608.9623741809806
491.0 37.19954499925553 652.9216778391496 615.7221328398941
492.0 38.02086856573025 642.9840392339565 604.9631706682263
493.0 38.59410287836015 636.335614483863 597.7415116055028
494.0 33.63887632038075 702.6177971516386 668.9789208312578
495.0 38.80468543221631 634.6186806254562 595.8139951932399
496.0 39.16592192377316 630.0239731391837 590.8580512154106
497.0 39.07313882887546 634.4437063459954 595.3705675171199
498.0 38.75393248041878 643.5947635694258 604.8408310890071
499.0 39.52683886421991 631.9042700345232 592.3774311703032
500.0 36.40880556509807 681.0701780571663 644.6613724920682
501.0 39.87673315016025 635.1037911074676 595.2270579573073
502.0 39.40294348142753 648.0954465746205 608.692503093193
503.0 39.91735257501445 636.9814424770224 597.0640899020079
504.0 40.36961136998598 634.6118814026705 594.2422700326846
505.0 41.66890887923648 615.8725133489735 574.2036044697371
506.0 41.12895589395948 622.1745947535959 581.0456388596365
507.0 41.52386504538366 619.2313944745948 577.7075294292112
508.0 41.5376233319219 625.2910777857847 583.7534544538628
509.0 41.79480007685874 626.2316274440518 584.4368273671931
510.0 42.38358073256216 616.0537783987823 573.6701976662202
511.0 41.7532279772716 625.3261894665115 583.5729614892399
512.0 42.90926284074382 610.4484078273732 567.5391449866293
513.0 43.38838371513639 611.1598343358788 567.7714506207424
514.0 43.77014441445566 608.7332643836256 564.9631199691699
515.0 43.15695216047258 616.5486056593898 573.3916534989172
516.0 44.57018583271387 600.6217005989241 556.0515147662103
517.0 45.15195962793413 594.2995200383074 549.1475604103732
518.0 45.09627105838293 597.1561140393241 552.0598429809412
519.0 45.6863745969493 592.6841537576629 546.9977791607136
520.0 44.65573026951121 604.9380092860558 560.2822790165446
521.0 46.60300899548675 587.4470779974076 540.8440690019208
522.0 46.1088557120307 605.0688154760982 558.9599597640675
523.0 45.12066447700609 610.9761024453493 565.8554379683432
524.0 46.78567644687575 595.433348971644 548.6476725247682
525.0 46.99996827623574 594.5131833286547 547.513215052419
526.0 48.13675267475373 584.2378667917232 536.1011141169695
527.0 46.44495245457485 606.8359653722581 560.3910129176833
528.0 49.703306055692 575.4889189323887 525.7856128766967
529.0 46.56613906976261 607.5974312039174 561.0312921341548
530.0 48.21830890854781 594.046461304594 545.8281523960461
531.0 50.27653203185218 573.5709257124882 523.294393680636
532.0 50.82482026384839 569.1138833038757 518.2890630400273
533.0 52.04874339512767 561.9078244811363 509.8590810860086
534.0 48.78585660966038 588.0400392115409 539.2541826018806
535.0 52.27903010364955 559.0786105115923 506.7995804079427
536.0 52.62618722489361 564.4748756806819 511.8486884557883
537.0 52.23310339725941 562.1366611901526 509.9035577928932
538.0 55.64435602021225 540.3043279814586 484.6599719612464
539.0 54.91816415452669 541.7404139910275 486.8222498365008
540.0 53.29984627329273 557.642092509796 504.3422462365033
541.0 52.31001852322764 573.3623854374349 521.0523669142073
542.0 52.00390109827071 574.9798305743067 522.9759294760359
543.0 52.56599377326048 570.4957606831463 517.9297669098858
544.0 50.18536611939783 585.8324056764849 535.6470395570871
545.0 58.50529876936403 531.7064988420408 473.2012000726767
546.0 60.6343732300943 517.7179595852437 457.0835863551494
547.0 71.56572134126885 470.413281158093 398.8475598168241
548.0 57.61159896947774 537.7221325254878 480.11053355601
549.0 53.19663865024876 567.7221369836293 514.5254983333806
550.0 53.77353906201942 563.3956080621905 509.6220690001711
551.0 81.0069472445782 436.8501055197893 355.8431582752111
552.0 79.80866242524533 443.314593228815 363.5059308035697
553.0 77.16210898113517 450.9256372943996 373.7635283132644
554.0 74.38760916037218 461.6284978448748 387.2408886845026
555.0 65.59155639180401 501.7221351736817 436.1305787818777
556.0 81.18174344802838 439.4998176416288 358.3180741936005
557.0 87.60477379311141 421.5757941258977 333.9710203327863
558.0 77.7872083700958 448.9502984058266 371.1630900357308
559.0 79.16484825304582 445.4949701322413 366.3301218791955
560.0 87.61349851772308 421.7108760221282 334.0973775044051
561.0 94.20902833388316 403.6669928184415 309.4579644845583
562.0 100.7509122216684 384.9768973475447 284.2259851258763
563.0 96.68811712631723 395.0338514000534 298.3457342737362
564.0 97.90380181702406 393.6760080753486 295.7722062583245
565.0 89.80447783269182 415.7133215698186 325.9088437371268
566.0 100.998528390215 382.5024424953795 281.5039141051646
567.0 103.1495606343036 379.3950015497837 276.24544091548
568.0 110.7413002222596 361.7198737540332 250.9785735317736
569.0 103.1495698290872 379.3952600009182 276.245690171831
570.0 109.7348346485404 363.24868129219 253.5138466436496
571.0 109.8268761569548 363.7015780568758 253.874701899921
572.0 123.5447692568235 335.0293439093013 211.4845746524777
573.0 109.8282709288899 363.7221291002865 253.8938581713966
574.0 120.6352067666642 341.7015284060065 221.0663216393424
575.0 108.8916318497645 365.4215571821201 256.5299253323556
576.0 138.2025084500936 307.2664908355569 169.0639823854633
577.0 139.1380835178018 305.0213249167795 165.8832413989776
578.0 110.7414099665922 361.7221369992055 250.9807270326132
579.0 126.8385731637304 329.7221369799664 202.883563816236
580.0 164.0803341408872 262.5431653347514 98.46283119386424
581.0 144.6113221085175 295.7221369912087 151.1108148826912
582.0 155.0850305357194 277.7220992521032 122.6370687163839
583.0 164.5920216912775 263.6386350534561 99.04661336217863
584.0 171.6577800158424 253.7215477447982 82.06376772895579
585.0 190.0778371728894 227.5577321632741 37.47989499038471
586.0 187.2600826471041 231.6570083686603 44.39692572155617
587.0 185.8450768287797 233.7004860613723 47.85540923259258
588.0 187.2594949186439 231.6660413487434 44.40654643009948
591.0 205.7270911437974 205.722137 -0.004954143797447352
