0.0 4.26679066870895 944.1762062857206 939.9094156170116
1.0 3.00806873700907 938.5528210754165 935.5447523384074
2.0 2.226939528037236 939.1638365405908 936.9368970125536
3.0 1.648589841025348 939.8236176525979 938.1750278115726
4.0 1.240759488418332 938.5701484487763 937.329388960358
5.0 0.8808965995665151 938.8710558765624 937.9901592769959
6.0 0.8142728576609313 937.6113492081583 936.7970763504974
7.0 0.5045910332246437 938.0002242475327 937.495633214308
8.0 0.3712405454392673 935.8365391576769 935.4652986122376
9.0 0.3099858032781417 935.7196614023878 935.4096755991097
10.0 0.1702540839507913 936.0496874258964 935.8794333419456
11.0 0.1387585092158733 935.5854249741205 935.4466664649047
12.0 0.05424206153511713 935.2074428787853 935.1532008172502
13.0 0.05776903680012597 934.2222060520011 934.164437015201
14.0 0.0779774919665276 933.6712032810917 933.5932257891252
15.0 0 934.6174040593152 934.6174040593152
16.0 0.04576582920001709 932.7208482157348 932.6750823865348
17.0 0.05568576781308228 933.5951272339386 933.5394414661256
18.0 0.0750497114563876 933.0572583216643 932.9822086102079
19.0 0.05289500073863395 931.7879071835971 931.7350121828584
20.0 0.1880736648217936 931.1963685095597 931.0082948447379
21.0 0.2148159815852506 931.1118959317509 930.8970799501657
22.0 0.2165801350733353 930.3280463306925 930.1114661956191
23.0 0.2858038150434423 930.2034624135812 929.9176585985377
24.0 0.3285336838392674 929.7206454351991 929.3921117513599
25.0 0.4077846409926773 930.1195547767739 929.7117701357812
26.0 0.415175151320481 929.0567564416437 928.6415812903233
27.0 0.4571405019310096 928.9869839599169 928.5298434579859
28.0 0.598446131834716 928.2606164920807 927.662170360246
29.0 0.5427232849381235 928.7626910420729 928.2199677571348
30.0 0.5824196483042664 929.3505776530436 928.7681580047393
31.0 0.6515537902871908 927.0546772382351 926.4031234479479
32.0 0.7608215311235217 926.4096586790818 925.6488371479583
33.0 0.7948029358499968 927.2618359445223 926.4670330086724
34.0 0.799457108600459 928.0665172953705 927.26706018677
35.0 0.9504227122886045 925.3687059668911 924.4182832546025
36.0 1.030265128865496 925.6774235901749 924.6471584613094
37.0 1.056905119095575 925.254341813555 924.1974366944595
38.0 1.121007808921874 923.9090167553664 922.7880089464445
39.0 1.214929404451969 924.5833722117381 923.3684428072862
40.0 1.224398467733285 922.7484488545369 921.5240503868036
41.0 1.342003771096503 922.893135385252 921.5511316141555
42.0 1.468245480501996 924.0711308779375 922.6028853974355
43.0 1.487967348054009 923.0853713361753 921.5974039881213
44.0 1.498067415627971 923.9151918890202 922.4171244733923
45.0 1.563417361305061 923.6708716466009 922.1074542852958
46.0 1.873822768212932 920.5991348033983 918.7253120351853
47.0 1.814842639994502 922.1567221736872 920.3418795336927
48.0 1.955464613466546 922.3660819980209 920.4106173845543
49.0 2.025580994048169 918.5264478832805 916.5008668892323
50.0 2.122108763897094 919.4137250398101 917.291616275913
51.0 2.227373819210736 918.6021241358852 916.3747503166745
52.0 2.3241103360587 920.347536354337 918.0234260182783
53.0 2.357087135449826 919.3965489205199 917.03946178507
54.0 2.443788846872811 919.2325605552199 916.7887717083471
55.0 2.705509050475811 914.8089896898454 912.1034806393696
56.0 2.707914093191655 916.0828167369862 913.3749026437946
57.0 2.744969353727262 917.3411051559648 914.5961358022375
58.0 2.948308622152059 917.3466955161961 914.398386894044
59.0 3.110098592682241 914.2222025519584 911.1121039592761
60.0 3.00199975386126 918.1361662786013 915.13416652474
61.0 3.018125386363609 917.1835965569094 914.1654711705458
62.0 3.402047253743797 911.9453696807125 908.5433224269687
63.0 3.449240387018611 917.2472030955763 913.7979627085577
64.0 3.613911789699324 912.9976811590805 909.3837693693812
65.0 3.624466623141502 915.5911428098316 911.9666761866901
66.0 3.621170014643839 915.7802237148353 912.1590537001914
67.0 3.850798180504522 912.680922543814 908.8301243633095
68.0 4.019320295127109 911.9237214345074 907.9044011393803
69.0 4.016371484805673 914.8669367508892 910.8505652660835
70.0 4.226108656929587 914.614623482496 910.3885148255665
71.0 4.848751896139697 900.1351251266815 895.2863732305418
72.0 4.229870030875491 912.764263846311 908.5343938154355
73.0 4.424336357945712 915.7353873051193 911.3110509471736
74.0 4.958686332996912 904.02699781492 899.0683114819231
75.0 5.057448505490698 901.7743172900862 896.7168687845955
76.0 5.338702808192627 902.4547048427794 897.1160020345868
77.0 5.768276570109896 904.4646196537339 898.696343083624
78.0 5.246529273903439 912.4439397453462 907.1974104714428
79.0 5.5605985614665 906.151370550099 900.5907719886325
80.0 5.627024901182642 906.2435478136025 900.6165229124198
81.0 5.861199374182335 902.7236585812762 896.8624592070938
82.0 5.83841455811926 911.7762109702256 905.9377964121063
83.0 6.225784749526544 898.4326105767203 892.2068258271938
84.0 6.989309889324174 883.7503503392379 876.7610404499138
85.0 6.717072905940774 905.5921482339716 898.8750753280309
86.0 6.377625172381818 899.2561841937096 892.8785590213278
87.0 7.331130925135582 879.330631148435 871.9995002232994
88.0 7.017963395486407 906.0493919817403 899.0314285862539
89.0 7.367162749050844 893.0795295819105 885.7123668328597
90.0 7.044494582021025 887.4486408203446 880.4041462383236
91.0 7.781044256138929 879.6637540327758 871.8827097766368
92.0 7.798294843136704 885.2624731459212 877.4641783027845
93.0 6.855054481392335 913.6782258526532 906.8231713712608
94.0 7.573288057836001 897.0943855166123 889.5210974587763
95.0 8.310475164285457 885.8499033567831 877.5394281924977
96.0 9.393334706038622 864.121710950606 854.7283762445673
97.0 8.950375775432769 876.2781407504362 867.3277649750034
98.0 8.666954610071809 890.8825036471741 882.2155490371023
99.0 10.08982744776766 858.8578755081131 848.7680480603455
100.0 9.272951977832927 875.2327975532893 865.9598455754564
101.0 7.5571939381806 916.7985939355899 909.2413999974093
102.0 9.821390863520118 868.9172273085434 859.0958364450233
103.0 8.977530454455086 930.2818999883241 921.304369533869
104.0 9.395904762858933 877.7930822475114 868.3971774846525
105.0 9.990256016822123 869.8036332907003 859.8133772738782
106.0 9.866149927103552 875.9551715260837 866.0890215989802
107.0 9.943507363206952 883.2853062007651 873.3417988375581
108.0 10.94538553510901 866.0637546436182 855.1183691085092
109.0 11.1936049612619 871.5842398712563 860.3906349099944
110.0 10.7780463264032 868.308812795939 857.5307664695358
111.0 11.88035445116834 857.4656905802219 845.5853361290536
112.0 12.66971094049855 849.1577234863909 836.4880125458924
113.0 10.89869698712012 870.7797033372093 859.8810063500891
114.0 13.06324590128396 844.3022924195696 831.2390465182856
115.0 10.64073536002998 885.0032174530256 874.3624820929956
116.0 12.52582500212421 858.0102644078393 845.4844394057151
117.0 13.51496424926412 847.1927866107105 833.6778223614464
118.0 9.635752286820752 896.7140741413125 887.0783218544918
119.0 13.24241309485768 852.0794390589613 838.8370259641036
120.0 7.168302268655721 935.314699636399 928.1463973677433
121.0 12.42612640904456 861.4408507418547 849.0147243328102
122.0 11.23605313390065 878.1080780418974 866.8720249079967
123.0 13.74052038537009 848.8927117421944 835.1521913568243
124.0 10.54264210522506 887.9194897656202 877.3768476603952
125.0 10.48109457427491 894.8802232445432 884.3991286702683
126.0 15.29662431364619 834.0034774786318 818.7068531649856
127.0 13.07224952895807 863.9006283189867 850.8283787900286
128.0 13.84524885447576 856.6155449848299 842.7702961303541
129.0 14.85460395505801 842.7917027879268 827.9370988328688
130.0 13.91446021938564 860.5244728134293 846.6100125940437
131.0 12.7860241156153 866.2022247693737 853.4162006537584
132.0 15.26257181959515 839.7361073845011 824.4735355649059
133.0 16.33097892611642 829.1454002674013 812.8144213412849
134.0 9.801291743675255 901.4947950806907 891.6935033370154
135.0 7.999562733570706 931.6715974388329 923.6720347052622
136.0 16.39974932058071 829.1498065790634 812.7500572584827
137.0 14.95609723863946 852.225059790665 837.2689625520255
138.0 18.02462882544352 817.6141806284572 799.5895518030137
139.0 15.58405475301251 842.5055973887165 826.921542635704
140.0 8.441012568822379 917.5354293226122 909.0944167537898
141.0 15.26498943930973 847.9087679418845 832.6437785025748
142.0 17.28099015598199 827.3936417163829 810.1126515604009
143.0 17.41815684990635 822.5228063155369 805.1046494656305
144.0 18.47158230806048 816.8002863074466 798.3287039993861
145.0 16.47658839643648 836.3558641322033 819.8792757357668
146.0 7.997453998035264 941.7046903357354 933.7072363377002
147.0 17.25445385561646 828.2643324569026 811.0098786012861
148.0 15.44648978807384 852.9748621917112 837.5283724036373
149.0 11.23767969517393 889.4094465727661 878.1717668775922
150.0 18.1749689967208 820.3009272054146 802.1259582086938
151.0 17.2819290107513 831.0137542389261 813.7318252281748
152.0 19.0456840079078 808.8392743240293 789.7935903161215
153.0 17.83693207426673 824.8642704928074 807.0273384185407
154.0 18.30156916277774 820.5382606453377 802.23669148256
155.0 18.16243089256846 820.0343008563814 801.8718699638129
156.0 18.06667753080747 827.62143127657 809.5547537457625
157.0 18.39535376664683 819.2883672454482 800.8930134788014
158.0 7.999707535284096 931.6918854460517 923.6921779107676
159.0 17.40781349424497 833.6789862943245 816.2711728000795
160.0 17.20488297963938 837.029161139717 819.8242781600776
161.0 19.58980707261669 810.4980915641283 790.9082844915116
162.0 16.93147516964299 844.9597835768631 828.0283084072201
163.0 8.568945564700861 942.8850359510603 934.3160903863594
164.0 17.42878370747074 835.0782610033608 817.64947729589
165.0 19.76900052098509 807.6365139413504 787.8675134203653
166.0 20.0016011076116 808.4503585006991 788.4487573930875
167.0 17.96391410405406 830.6291936924716 812.6652795884175
168.0 19.80610981235093 812.19389112903 792.3877813166791
169.0 19.96253680339454 807.7428624710915 787.780325667697
170.0 20.10469360926479 811.406242524284 791.3015489150192
171.0 18.60663140748293 827.3912845569796 808.7846531494967
172.0 19.00632445435552 825.0307248021348 806.0244003477793
173.0 19.51180599966514 812.620296313919 793.1084903142538
174.0 18.62953801327071 823.5057420237526 804.8762040104819
175.0 16.55212741304221 841.1655671318197 824.6134397187775
176.0 20.30246254352919 808.0610334081661 787.7585708646369
177.0 9.628919896751313 987.7136219012353 978.084702004484
178.0 8.443571554925702 917.6929382342349 909.2493666793092
179.0 19.70175924853035 815.3463950475802 795.6446357990498
180.0 21.36951933321058 800.2452227952693 778.8757034620587
181.0 15.02811925237604 861.2977056345738 846.2695863821977
182.0 19.60635850515091 822.4975001906922 802.8911416855413
183.0 22.38423008575494 791.5560510086321 769.1718209228772
184.0 19.56201411497549 817.7184326213629 798.1564185063874
185.0 10.83389241196681 1007.603475242086 996.7695828301194
186.0 21.67394529081753 803.8098172803911 782.1358719895736
187.0 11.50002571763593 887.6896922370412 876.1896665194052
188.0 20.2466984185391 809.776786665134 789.5300882465949
189.0 12.29043845766876 881.7053190852495 869.4148806275807
190.0 23.52800025437364 785.6099270435038 762.0819267891301
191.0 20.92553226180495 809.6514421094358 788.7259098476308
192.0 20.11245801719135 815.9987237696799 795.8862657524885
193.0 22.22381509082195 793.6114647667718 771.3876496759499
194.0 21.8773905660375 801.4549609916422 779.5775704256047
195.0 19.55189292063193 827.6415818548717 808.0896889342398
196.0 16.44541174959968 851.5211191454786 835.0757073958789
197.0 23.86350989897701 787.7016418609627 763.8381319619857
198.0 22.99058116325852 790.2661844536555 767.275603290397
199.0 22.76354287893651 798.1266348023144 775.3630919233779
200.0 21.81621016999683 801.1085060578244 779.2922958878276
201.0 24.71222517316988 775.9603006144384 751.2480754412685
202.0 21.38595225663193 810.8137269026619 789.42777464603
203.0 22.00985123398877 805.7969482972717 783.7870970632829
204.0 23.20905563162345 790.1746975549472 766.9656419233237
205.0 23.88780779632443 785.8119242180381 761.9241164217137
206.0 24.91193475736719 778.9039656675193 753.9920309101521
207.0 22.13091887815 807.8920794038195 785.7611605256695
208.0 23.71740448596433 786.717551773215 763.0001472872507
209.0 20.66475156681647 818.1624968327914 797.4977452659749
210.0 23.68121792842367 793.5128999863688 769.8316820579451
211.0 24.96875484861279 771.8373682824185 746.8686134338057
212.0 26.30138466204003 764.3530008666918 738.0516162046518
213.0 24.42441364411866 781.3556200446215 756.9312064005029
214.0 22.82896618789098 806.2003456144933 783.3713794266024
215.0 21.58953219786312 806.5743137988854 784.9847816010223
216.0 8.173954171312634 923.722085805306 915.5481316339934
217.0 26.08259287274402 766.7865391091791 740.7039462364351
218.0 17.29148024241797 845.1699480625755 827.8784678201575
219.0 22.19195109281773 802.6843530788311 780.4924019860134
220.0 9.591198074009035 903.7216008441263 894.1304027701173
221.0 18.09889280264367 838.1835660020224 820.0846731993787
222.0 21.07973599770605 819.4470813609809 798.3673453632748
223.0 23.47400108612531 795.6362783179042 772.1622772317789
224.0 14.19930057892034 867.6414817589511 853.4421811800307
225.0 20.31811930464139 818.9310959109524 798.612976606311
226.0 24.53773941447469 786.526610200687 761.9888707862123
227.0 24.3521605122134 781.1508495430666 756.7986890308532
228.0 25.22214696996095 774.9606931180587 749.7385461480978
229.0 22.44901983180604 807.1788417072902 784.7298218754841
230.0 21.32694972008674 816.0075811961156 794.6806314760289
231.0 23.12823348450998 792.8491538742838 769.7209203897738
232.0 26.97449478135754 764.2818041197498 737.3073093383923
233.0 26.19350125347649 770.0006865886242 743.8071853351477
234.0 23.41806855057578 793.1017198514536 769.6836513008778
235.0 25.32582640820729 778.9826594002647 753.6568329920574
236.0 25.91852997608679 773.1223937028472 747.2038637267604
237.0 25.03555287881894 786.0172557984671 760.9817029196482
238.0 22.50049783364054 807.5940301309029 785.0935322972623
239.0 27.56399924878197 761.5540550317577 733.9900557829757
240.0 26.58371859849804 769.3332034344037 742.7494848359056
241.0 27.01020572006691 763.1779351210611 736.1677294009942
242.0 19.02788127567381 833.4047507587106 814.3768694830368
243.0 23.55868667811945 794.4579982184605 770.8993115403411
244.0 22.85037584991922 806.9316493485665 784.0812734986473
245.0 27.35893232024986 759.7259021352529 732.3669698150031
246.0 25.1687433601649 782.7437794964462 757.5750361362813
247.0 26.06490980673334 774.0402406554207 747.9753308486874
248.0 25.26122994874711 785.8301960067662 760.5689660580191
249.0 24.56723144423012 784.6657203778751 760.0984889336449
250.0 23.13786523409712 804.6238229846201 781.485957750523
251.0 25.39356399508202 778.3490332555421 752.9554692604601
252.0 21.66745170172379 815.3122388668467 793.6447871651229
253.0 24.36263436744666 788.6545325290637 764.2918981616171
254.0 28.70045348289158 756.9619505207749 728.2614970378833
255.0 26.37495970536716 769.3135898729272 742.93863016756
256.0 25.40174972109953 785.6581453137309 760.2563955926314
257.0 27.04832632117221 765.6452122426852 738.596885921513
258.0 27.16293055841105 766.2186425596468 739.0557120012357
259.0 27.55322828227244 756.3829338181043 728.8297055358318
260.0 9.016661920194189 909.7220926783054 900.7054307581112
261.0 28.98617191676158 749.7823762462562 720.7962043294946
262.0 26.256441417332 772.6539562903254 746.3975148729934
263.0 29.16330652765024 747.4130452016218 718.2497386739716
264.0 27.9053061351951 758.9019661371488 730.9966600019537
265.0 27.13859801100405 768.0185872178858 740.8799892068818
266.0 24.21576017653107 794.2793581101208 770.0635979335898
267.0 26.30734727239569 779.5469589660726 753.239611693677
268.0 28.23918447744829 761.2780966217943 733.038912144346
269.0 23.46268081519124 803.4472230347347 779.9845422195435
270.0 25.25252492608565 783.6579941345646 758.4054692084789
271.0 29.15841137872403 746.5017351906868 717.3433238119627
272.0 26.14627523417854 783.619873329614 757.4735980954355
273.0 29.57915815324493 745.2648471119218 715.6856889586769
274.0 25.00106766856117 786.6297552408523 761.6286875722912
275.0 15.88214184356142 855.717555562339 839.8354137187776
276.0 27.06919527532621 766.3206268524094 739.2514315770832
277.0 27.51988168905743 763.1680077218679 735.6481260328105
278.0 28.6940220713823 748.4784538501751 719.7844317787928
279.0 18.74518506462551 835.7049571827164 816.9597721180909
280.0 26.57980302608621 777.3624914545759 750.7826884284897
281.0 26.55728542654965 769.2451030253083 742.6878175987586
282.0 27.21080775184032 772.3527912549567 745.1419835031164
283.0 27.48635687957204 762.4621163573606 734.9757594777885
284.0 25.22462043424042 789.7054884157735 764.480867981533
285.0 24.95613159267706 792.6968627511236 767.7407311584466
286.0 29.59223388791394 740.5918920128161 710.9996581249021
287.0 17.87905989463871 841.7150417239464 823.8359818293077
288.0 29.60168294660201 743.6445515912234 714.0428686446214
289.0 26.75281492278899 775.1558519885474 748.4030370657584
290.0 26.4157697020563 780.9554239235283 754.539654221472
291.0 28.910222347082 754.7019341238701 725.7917117767881
292.0 27.30043972056051 769.0274497231499 741.7270100025894
293.0 28.44118382992147 760.1803765148806 731.7391926849591
294.0 27.8460439268954 768.9801128518183 741.1340689249229
295.0 29.81981694377757 739.0687920875166 709.248975143739
296.0 26.37560446413081 780.0722260996265 753.6966216354957
297.0 25.62276250076977 783.0612598118837 757.438497311114
298.0 27.48699347737356 769.9215354199983 742.4345419426248
299.0 18.45380928973135 837.6221523495873 819.1683430598559
300.0 29.69424492765053 742.5734805900439 712.8792356623934
301.0 28.02152375043785 761.8918769877694 733.8703532373316
302.0 22.26347377773165 811.3823836841021 789.1189099063705
303.0 30.14666599597984 742.8570509319602 712.7103849359804
304.0 30.03561767463304 739.0512426476087 709.0156249729756
305.0 29.68522051891209 746.6690562059606 716.9838356870485
306.0 28.57935961824912 756.4357453009246 727.8563856826755
307.0 28.09801778596306 761.8461809295458 733.7481631435828
308.0 24.54539499200298 793.1518022217295 768.6064072297265
309.0 28.34079791960851 759.3234930083986 730.9826950887901
310.0 19.03544325095108 833.714840996811 814.6793977458599
311.0 29.06757153312358 747.5827180643334 718.5151465312098
312.0 31.10249376515312 730.5247356722353 699.4222419070822
313.0 29.56491564070234 744.7429432016263 715.1780275609239
314.0 30.33198217661105 737.3311450780171 706.9991629014061
315.0 29.75583525723204 748.5342284537778 718.7783931965457
316.0 28.34219977054574 759.3228518677642 730.9806520972185
317.0 26.00213185404601 782.6683635758914 756.6662317218454
318.0 29.32646199973313 751.1364606876957 721.8099986879625
319.0 30.11707156792793 740.621686064693 710.504614496765
320.0 30.05569060632771 742.8069981772951 712.7513075709674
321.0 29.86507644001728 741.5761548163668 711.7110783763495
322.0 28.18820167156677 767.5231637956494 739.3349621240826
323.0 26.99269358764014 776.1869449406141 749.1942513529739
324.0 29.13039017704188 753.0645446269556 723.9341544499137
325.0 28.40270443946429 758.5492055711417 730.1465011316774
326.0 30.14624131620008 739.9482908084944 709.8020494922943
327.0 25.81951750258617 785.6968066633509 759.8772891607648
328.0 30.95804085393029 731.6847511237502 700.7267102698199
329.0 29.58040382715342 749.8419272912827 720.2615234641293
330.0 30.64817616777756 738.6504965345118 708.0023203667342
331.0 27.05049365588874 777.1770079059152 750.1265142500264
332.0 31.59697832817783 729.1797689500016 697.5827906218238
333.0 29.81133272204481 742.332907056836 712.5215743347912
334.0 18.16721726089385 839.7204999190991 821.5532826582053
335.0 29.16150413289099 756.6798830723382 727.5183789394472
336.0 30.75261449220381 739.7337241143234 708.9811096221196
337.0 30.41185006195223 742.1851733566664 711.7733232947142
338.0 30.30663496050806 739.7530664942156 709.4464315337075
339.0 30.09833294531014 747.8739365592709 717.7756036139607
340.0 30.31856488916149 750.4437763290854 720.1252114399239
341.0 28.9891930853849 757.6960535657923 728.7068604804074
342.0 17.87914451107082 841.7210354348055 823.8418909237346
343.0 30.89578432323473 735.6419226075384 704.7461382843036
344.0 30.55049287872753 742.793954691206 712.2434618124784
345.0 31.58405964012051 729.1921993529517 697.6081397128312
346.0 31.37839939183985 725.8858059663103 694.5074065744704
347.0 32.38514804365388 716.8993536935155 684.5142056498617
348.0 30.83436113353106 732.3325487412328 701.4981876077018
349.0 30.41051629292385 742.1773577495898 711.7668414566659
350.0 31.74425586425782 727.0118890411348 695.267633176877
351.0 31.37338066365623 731.2729082306888 699.8995275670326
352.0 31.92326655881923 723.3815319919092 691.45826543309
353.0 31.02034218220775 734.7503384879436 703.7299963057358
354.0 32.15293464302472 725.418223143844 693.2652885008192
355.0 31.9234253759396 723.4459443740015 691.5225189980619
356.0 30.28015698729541 750.7815906540418 720.5014336667464
357.0 31.42297720211783 732.2251017439913 700.8021245418735
358.0 31.80814390505883 727.8038499721773 695.9957060671184
359.0 30.46841614836736 745.7799230026907 715.3115068543233
360.0 31.56054137686543 728.2865571725651 696.7260157956996
361.0 31.85625589364605 726.1670006247624 694.3107447311163
362.0 32.76736012719187 715.3382838173492 682.5709236901573
363.0 30.79346391246609 736.3165831483089 705.5231192358429
364.0 31.62657453289049 733.3361603349591 701.7095858020686
365.0 29.82678889571969 750.8538949843857 721.027106088666
366.0 30.41030898005484 753.2048715953228 722.794562615268
367.0 32.87206966433763 714.657150503847 681.7850808395094
368.0 30.26232394290148 751.0462803858785 720.783956442977
369.0 32.71488656750312 723.084778817196 690.3698922496928
370.0 32.51079416298574 717.5501627450401 685.0393685820543
371.0 31.70778396997057 735.5351031198634 703.8273191498928
372.0 31.5266394872559 741.4387266628053 709.9120871755494
373.0 32.39013669709219 724.4255424689843 692.0354057718921
374.0 32.64638299493486 725.3026829351716 692.6562999402367
375.0 31.76894057265683 730.2870198280322 698.5180792553754
376.0 32.6572236764854 723.2008465353374 690.543622858852
377.0 31.80449852001311 730.8024557219633 698.9979572019502
378.0 33.74747078208064 706.6513949857582 672.9039242036776
379.0 33.15394065190604 715.423091035454 682.2691503835479
380.0 33.20101153767613 713.1293072852556 679.9282957475795
381.0 31.31824116154099 738.1845679621224 706.8663268005814
382.0 33.23663261173071 715.9141352380073 682.6775026262766
383.0 31.54974182425765 742.7498623937444 711.2001205694868
384.0 32.96552048166858 721.3596927370379 688.3941722553693
385.0 32.74416029429893 723.4517168061733 690.7075565118743
386.0 33.00353990806402 717.9892213854958 684.9856814774318
387.0 30.43888544802579 753.9938870755393 723.5550016275135
388.0 32.61157789471796 725.2645138885447 692.6529359938268
389.0 31.32516735468991 745.7784662600356 714.4532989053457
390.0 29.82302589012742 758.8058713135147 728.9828454233872
391.0 32.8196443481706 727.5382976229978 694.7186532748272
392.0 28.03703472818308 773.0037972347487 744.9667625065656
393.0 31.69873226559129 744.9541641379806 713.2554318723893
394.0 33.61679466268975 712.9563835842118 679.339588921522
395.0 34.10755676340729 708.2931154137587 674.1855586503514
396.0 32.70452565637922 728.7694655567874 696.0649399004082
397.0 34.33396171896912 704.7819474551228 670.4479857361537
398.0 34.15289104185931 708.1255196678913 673.972628626032
399.0 33.54455335644774 718.9264720116369 685.3819186551892
400.0 34.21969189442652 706.3586400401144 672.1389481456879
401.0 32.94612120888373 727.535852240191 694.5897310313073
402.0 34.01879485966884 713.2524596170637 679.2336647573948
403.0 34.09662166149576 712.5560093396883 678.4593876781926
404.0 34.33069001735959 706.5966503828095 672.2659603654499
405.0 33.3263782800271 723.6076124222667 690.2812341422396
406.0 35.05921244404144 698.0642699753725 663.0050575313311
407.0 34.43185498363187 707.6885578224083 673.2567028387764
408.0 33.05002117835299 725.3950554888605 692.3450343105075
409.0 34.74634885704849 706.0081280908128 671.2617792337643
410.0 35.48458899284109 694.7509717227998 659.2663827299587
411.0 34.88170067003772 704.043149228176 669.1614485581382
412.0 35.63997725021444 696.5496919223046 660.9097146720902
413.0 35.20663000704368 700.4186417018554 665.2120116948118
414.0 28.66714052656501 769.3539898015505 740.6868492749855
415.0 34.33591959044966 721.5711682242775 687.2352486338279
416.0 34.75830910711992 710.1673807565792 675.4090716494593
417.0 35.67929286524552 696.6028967897842 660.9236039245386
418.0 35.69719164000584 693.793640381179 658.0964487411732
419.0 35.50122404507282 703.9185105011053 668.4172864560325
420.0 34.64357988832843 718.6074760315533 683.9638961432249
421.0 34.53396690470016 716.7394016582858 682.2054347535856
422.0 35.30679362427666 705.9272010003949 670.6204073761183
423.0 35.41157949016462 705.1348391015624 669.7232596113978
424.0 35.48607712792725 705.6390335797163 670.152956451789
425.0 35.19615869112824 704.0757898182345 668.8796311271063
426.0 35.75464131995046 700.8559756383927 665.1013343184422
427.0 35.87227984638918 699.0740344416273 663.2017545952381
428.0 35.65793786638928 707.1766432500151 671.5187053836258
429.0 36.64037596594387 689.9358314561684 653.2954554902245
430.0 36.35645224033644 700.0302725667777 663.6738203264412
431.0 36.9188578877171 693.503862061652 656.5850041739349
432.0 36.52890448229228 694.4443111480326 657.9154066657403
433.0 36.40518375512341 694.3942853264988 657.9891015713754
434.0 36.84612049376902 691.7839693760964 654.9378488823274
435.0 35.86141013847904 705.4778189004194 669.6164087619403
436.0 36.10235922122248 704.7590769747858 668.6567177535634
437.0 38.06608624061879 675.1949150677997 637.1288288271809
438.0 37.15519409393141 687.9488588783535 650.7936647844221
439.0 36.85795610182805 694.6628237945806 657.8048676927526
440.0 37.58075047141567 684.3810765796008 646.8003261081851
441.0 36.72625321062502 703.3015516713727 666.5752984607476
442.0 37.89183243579243 681.6110249515413 643.7191925157489
443.0 35.99524184370561 710.9925955875896 674.997353743884
444.0 35.54828666529002 720.8269234681437 685.2786368028536
445.0 37.7078961625915 685.9175364328845 648.209640270293
446.0 36.69988884407608 708.7888412502238 672.0889524061478
447.0 27.43261342001859 777.7106787709821 750.2780653509635
448.0 37.85046506615934 691.5748274943102 653.7243624281508
449.0 35.86601510636839 718.7227518835183 682.8567367771499
450.0 38.30093923074242 681.6156371855172 643.3146979547748
451.0 37.66051827927786 697.0523887644824 659.3918704852045
452.0 37.60841343738527 696.1305022595959 658.5220888222106
453.0 39.72079190435767 664.9764908789033 625.2556989745456
454.0 37.3421799455653 699.2454015827168 661.9032216371515
455.0 37.68727652997188 703.0036673833648 665.316390853393
456.0 38.61780972082648 688.2999420122301 649.6821322914036
457.0 38.92038094243518 679.1219765067779 640.2015955643427
458.0 39.7425997736461 669.863909921104 630.1213101474579
459.0 40.08592553335579 664.5695918000627 624.4836662667069
460.0 39.6664505222653 675.9164755259454 636.2500250036801
461.0 39.87833575914091 674.8594695642733 634.9811338051324
462.0 39.88710771219743 677.2213416398157 637.3342339276182
463.0 39.64861268627835 676.6757821413413 637.0271694550629
464.0 39.96744513937481 675.8936893272251 635.9262441878503
465.0 39.41659814697181 688.1045793938631 648.6879812468913
466.0 41.07473301612047 662.1353036119534 621.0605705958329
467.0 32.46045595941504 745.6542269205798 713.1937709611647
468.0 40.23930681880378 677.763889695944 637.5245828771402
469.0 40.43881602791141 675.4973686028639 635.0585525749525
470.0 40.96098592625614 668.8898576207693 627.9288716945131
471.0 41.27398307133472 666.4145596095677 625.140576538233
472.0 41.16224583520158 668.4272620707556 627.265016235554
473.0 36.30936614878774 720.9371875912391 684.6278214424514
474.0 41.44074055845372 667.0167160431972 625.5759754847435
475.0 42.53460727418623 652.6220901238991 610.0874828497128
476.0 41.79469724775749 664.7636897823864 622.9689925346289
477.0 41.54894801504461 669.4989841522351 627.9500361371905
478.0 41.28838461921575 676.780593024144 635.4922084049283
479.0 43.70689625680465 643.3217110888021 599.6148148319975
480.0 42.94335442001173 656.3896552457792 613.4463008257675
481.0 42.77091501510724 656.7626172007685 613.9917021856613
482.0 42.9884016712234 657.8861440552412 614.8977423840178
483.0 38.27038530480328 709.0192197835144 670.7488344787111
484.0 41.10931429245238 686.9463277929382 645.8370135004858
485.0 44.38409875665936 643.681217633935 599.2971188772757
486.0 41.75907343692649 682.9072738935969 641.1482004566704
487.0 44.46969338697728 643.9453235141856 599.4756301272083
488.0 43.2919625352761 662.084946484864 618.7929839495879
489.0 43.92495199747234 653.6727091683014 609.747757170829
490.0 44.49404530176324 653.2112588815312 608.717213579768
491.0 43.93647200745252 657.8985866549072 613.9621146474547
492.0 44.98203189692644 649.1349865578114 604.152954660885
493.0 45.71965129732099 641.9506651967396 596.2310138994186
494.0 39.2581916554514 703.3118455037048 664.0536538482534
495.0 45.97978581470907 639.628075130703 593.6482893159939
496.0 46.45579994441249 634.4895564654773 588.0337565210648
497.0 46.26476678167387 638.8292084674418 592.5644416857679
498.0 45.73003550944054 648.6001672277713 602.8701317183308
499.0 46.77710097997199 636.9462635506352 590.1691625706632
500.0 42.54928086465925 682.7162597284 640.1669788637407
501.0 47.06310280473171 640.168761104567 593.1056582998353
502.0 46.2925230292698 653.1351292884034 606.8426062591336
503.0 47.06973143539153 641.4779097463361 594.4081783109446
504.0 47.57870319430278 639.5613025994727 591.9825994051699
505.0 49.33334655602774 619.5024510637325 570.1691045077048
506.0 48.63764958154607 626.3246807475288 577.6870311659828
507.0 49.10673069362971 623.3448581335324 574.2381274399027
508.0 48.97620607874565 630.3770717033288 581.4008656245831
509.0 49.20660731978542 632.2556631016602 583.0490557818748
510.0 50.06053980123505 619.6161921739221 569.555652372687
511.0 49.22087115879034 628.1698610842378 578.9489899254475
512.0 50.72702082539927 613.4954426515864 562.7684218261872
513.0 51.18220790887758 615.8634150097653 564.6812071008877
514.0 51.63837790829451 612.2618193315624 560.6234414232679
515.0 50.84406633899354 619.7465123117696 568.902445972776
516.0 52.64626255786144 603.1024159093513 550.4561533514898
517.0 53.3829193961134 596.4998245313294 543.116905135216
518.0 53.26175027777147 599.4826281530548 546.2208778752834
519.0 53.9629301615242 595.0174889748824 541.0545588133582
520.0 52.64082998513543 607.2492009372459 554.6083709521105
521.0 55.00761133961707 590.4041595392716 535.3965481996545
522.0 54.10776593865176 608.5919229529808 554.4841570143291
523.0 52.98567478587246 613.0563618569228 560.0706870710504
524.0 55.02129899413731 598.153677628542 543.1323786344047
525.0 55.26117359975814 597.1607433894568 541.8995697896987
526.0 56.64816497110989 586.9277965743524 530.2796316032426
527.0 54.43628821076812 608.3762252476184 553.9399370368502
528.0 58.44362356558318 577.9443332040766 519.5007096384934
529.0 54.5442523203985 609.0679652099856 554.5237128895871
530.0 56.52274760293736 596.1128898823614 539.590142279424
531.0 59.08378082571013 574.9360706175741 515.8522897918639
532.0 59.73831939279106 570.8146074985216 511.0762881057305
533.0 61.13251334674431 564.8725010907007 503.7399877439564
534.0 57.25224788635965 588.6007987496321 531.3485508632725
535.0 61.44266884267846 560.9450846585678 499.5024158158893
536.0 61.67968727906218 566.2467743964352 504.567087117373
537.0 61.34407787639473 562.640805842225 501.2967279658303
538.0 65.31118828458888 540.6208898241578 475.3097015395689
539.0 64.53328500580041 542.4373889761014 477.904103970301
540.0 62.52218531659146 559.0854050315677 496.5632197149763
541.0 61.17979273562966 573.5713013426548 512.3915086070251
542.0 60.82951915112626 575.355038072235 514.5255189211087
543.0 61.50034640434284 571.0381118248776 509.5377654205347
544.0 58.72951329414457 586.5254753502736 527.7959620561291
545.0 68.42695901576407 531.7148442960521 463.287885280288
546.0 70.90956119071469 517.7204776605862 446.8109164698716
547.0 83.11662826686634 470.5399279073779 387.4232996405116
548.0 67.38184180742632 537.7221360859135 470.3402942784872
549.0 62.21216739709294 567.7221369983913 505.5099696012983
550.0 62.89439430947834 563.5735812826889 500.6791869732106
551.0 93.50049612285101 437.0135138193494 343.5130176964984
552.0 92.13495053254194 443.4081203818389 351.2731698492969
553.0 89.26326335743796 451.0373931376056 361.7741297801677
554.0 86.1941194687248 461.6582801763383 375.4641607076135
555.0 76.32627195202386 501.7221365820429 425.395864630019
556.0 93.62222827590073 439.5558414538643 345.9336131779636
557.0 100.5793297338537 421.6188792884031 321.0395495545495
558.0 89.94544316523096 449.0575660854735 359.1121229202425
559.0 91.4296331479304 445.5508491359875 354.1212159880571
560.0 100.5857345180163 421.7150844938834 321.1293499758671
561.0 107.7214276334517 403.6860956257207 295.964667992269
562.0 114.815985656847 385.0557942725093 270.2398086156623
563.0 110.4442299761539 395.0519731701565 284.6077431940026
564.0 111.7163937121865 393.6896262925001 281.9732325803136
565.0 102.9562952677699 415.7168103992013 312.7605151314314
566.0 115.123572037656 382.5569624008058 267.4333903631498
567.0 117.3898624609571 379.4538436815039 262.0639812205468
568.0 125.5363571928638 361.7206882832301 236.1843310903663
569.0 117.3898675986398 379.4539852410851 262.0641176424453
570.0 124.473777504166 363.29585249762 238.822074993454
571.0 124.5583658184842 363.7072260163826 239.1488601978984
572.0 139.205268170207 335.088775753833 195.8835075836259
573.0 124.5594057709889 363.7221330915174 239.1627273205285
574.0 136.0861763880909 341.7073482906956 205.6211719026047
575.0 123.5645010462207 365.4623012193098 241.8978001730891
576.0 154.7933489915235 307.3199254776682 152.5265764861446
577.0 155.7986757646434 305.0753262068738 149.2766504422304
578.0 125.53642931235 361.7221369997267 236.1857076873767
579.0 142.6883548605854 329.7221369915894 187.0337821310039
580.0 182.2194041985894 262.6010438837332 80.38163968514373
581.0 161.5964711066342 295.7221369959179 134.1256658892837
582.0 172.6946036396372 277.7221122285002 105.027508588863
583.0 182.7187854382528 263.6514125949127 80.9326271566599
584.0 190.1571166280738 253.7217215060911 63.56460487801738
585.0 209.5546777510366 227.5768853460652 18.02220759502866
586.0 206.5853194161462 231.6684150567311 25.08309564058487
587.0 205.0945551401692 233.7043369395986 28.60978179942941
588.0 206.5845595907721 231.6740599277402 25.08950033696816
591.0 226.0261824451846 205.722137 -20.30404544518458
