0.0 4.259237744136837 945.3220154753343 941.0627777311975
1.0 3.006772814204021 939.6835001384011 936.6767273241971
2.0 2.223607927461705 940.3562440677205 938.1326361402588
3.0 1.643501587111581 940.9947320326077 939.3512304454961
4.0 1.236858149034494 939.7736271776307 938.5367690285962
5.0 0.8760867179019381 940.0228862856112 939.1467995677092
6.0 0.811093203919869 938.8707025569249 938.059609353005
7.0 0.5004444238510434 939.2138136701346 938.7133692462836
8.0 0.3700220364215145 937.0179553258305 936.647933289409
9.0 0.3088373789710231 936.9144598119005 936.6056224329295
10.0 0.1684648507364557 937.2003589437448 937.0318940930083
11.0 0.1375555156016219 936.7818793060211 936.6443237904194
12.0 0.05346481510749424 936.3957874421307 936.3423226270232
13.0 0.05840586922018231 935.4113578195901 935.3529519503699
14.0 0.07943200645526968 934.8597027542952 934.7802707478399
15.0 0 935.7906412746071 935.7906412746071
16.0 0.0485694060545134 933.859506299289 933.8109368932345
17.0 0.05723238753688959 934.762122884363 934.7048904968261
18.0 0.07740539464441913 934.2077228212412 934.1303174265968
19.0 0.05707653656274817 932.8802209953777 932.8231444588149
20.0 0.1932222053842164 932.3906324496873 932.1974102443031
21.0 0.2201278579937957 932.3001924838712 932.0800646258774
22.0 0.2230501302722315 931.4686118547935 931.2455617245213
23.0 0.2925513120529527 931.3436297266839 931.0510784146309
24.0 0.3360249852877651 930.8720351298462 930.5360101445584
25.0 0.4147983820326493 931.298900814341 930.8841024323083
26.0 0.4237485839188969 930.1963385693952 929.7725899854763
27.0 0.4658500099001134 930.1597860738127 929.6939360639126
28.0 0.6083787703366268 929.4593334412258 928.8509546708891
29.0 0.5518913119944013 929.9140519022141 929.3621605902197
30.0 0.5907939234785023 930.5149339881059 929.9241400646274
31.0 0.6633583532421782 928.1539339096904 927.4905755564483
32.0 0.7736568807679015 927.576913434901 926.8032565541331
33.0 0.8064780606209516 928.4141118846827 927.6076338240618
34.0 0.8099968669940825 929.2056988840432 928.3957020170491
35.0 0.9650280888173232 926.5223147859122 925.5572866970949
36.0 1.044520235546425 926.862978983362 925.8184587478155
37.0 1.071824096152256 926.4110140702837 925.3391899741314
38.0 1.13795976084437 925.0427473310112 923.9047875701668
39.0 1.2310138652018 925.768533717761 924.5375198525592
40.0 1.243171043997348 923.8652744056875 922.6221033616902
41.0 1.360728702541614 924.0221486268935 922.6614199243519
42.0 1.485385515074745 925.3120519309903 923.8266664159156
43.0 1.506589973150951 924.2643048902476 922.7577149170966
44.0 1.515562870778504 925.0301528493158 923.5145899785373
45.0 1.581368861939938 924.7670789218745 923.1857100599346
46.0 1.896498555959538 921.85662705946 919.9601285035005
47.0 1.835259529571728 923.3389766541459 921.5037171245741
48.0 1.975703512481196 923.6592419952152 921.683538482734
49.0 2.051540454517659 919.6424653551332 917.5909249006155
50.0 2.146902506659412 920.5776849894754 918.430782482816
51.0 2.253497334314872 919.740478775156 917.4869814408411
52.0 2.347790665161965 921.603888198844 919.256097533682
53.0 2.382259700146513 920.5343076425178 918.1520479423713
54.0 2.469284679686019 920.4201981074573 917.9509134277713
55.0 2.737717403142654 915.9842213620245 913.2465039588819
56.0 2.738334986378908 917.2133333655843 914.4749983792054
57.0 2.773650920161809 918.4594421374745 915.6857912173127
58.0 2.977171772912211 918.6072432561947 915.6300714832825
59.0 3.143654161185561 915.4973324909199 912.3536783297344
60.0 3.029918037236387 919.2451795368977 916.2152614996613
61.0 3.047432144001633 918.2897171561002 915.2422850120985
62.0 3.439375200614315 913.0840964773773 909.644721276763
63.0 3.478915956471714 918.5732666850995 915.0943507286278
64.0 3.650044375591774 914.1241113734124 910.4740669978206
65.0 3.656750359550098 916.9339482836301 913.27719792408
66.0 3.653372173904365 916.8507260704255 913.1973538965211
67.0 3.887681342268764 913.8672703727442 909.9795890304755
68.0 4.057566051592827 913.0549331210896 908.9973670694968
69.0 4.050474962544446 915.8944693507794 911.8439943882349
70.0 4.260575824528049 916.0616890489231 911.8011132243951
71.0 4.90507458617175 901.2355690345138 896.330494448342
72.0 4.267374099370149 913.6713873206212 909.404013221251
73.0 4.457624684497685 916.9831419722786 912.5255172877809
74.0 5.00959675494477 905.1275871396771 900.1179903847323
75.0 5.111886480682712 902.6451450677786 897.5332585870959
76.0 5.392305878224302 903.6971423055961 898.3048364273718
77.0 5.81927781903736 906.1836780872714 900.364400268234
78.0 5.285663275613214 913.7455867547512 908.4599234791379
79.0 5.609264197182212 907.3413146901506 901.7320504929684
80.0 5.675690077136444 907.383686810534 901.7079967333975
81.0 5.915370178307678 903.6735580283757 897.758187850068
82.0 5.879061720049771 913.483260863154 907.6041991431043
83.0 6.286684849203804 899.2863806133229 892.9996957641191
84.0 7.072457624557932 884.3942942911509 877.3218366665929
85.0 6.767489048594667 907.7762541352174 901.0087650866227
86.0 6.437688736458412 899.9349691255881 893.4972803891297
87.0 7.421232835619522 879.7755270770777 872.3542942414582
88.0 7.068321766302069 907.9956037660895 900.9272819997875
89.0 7.436367707817576 895.3399774892369 887.9036097814193
90.0 7.12259965182324 887.855487381603 880.7328877297798
91.0 7.871321815752144 880.0966310563609 872.2253092406088
92.0 7.880513461654552 885.7981178434268 877.9176043817723
93.0 6.894826161840825 914.834869146611 907.9400429847702
94.0 7.63804367701251 897.9284609074243 890.2904172304118
95.0 8.392467973202835 886.5505487772518 878.1580808040489
96.0 9.50821571212854 864.4681833480394 854.9599676359108
97.0 9.047077528225167 876.8396559950536 867.7925784668285
98.0 8.742317023821333 891.4984231838765 882.7561061600551
99.0 10.21326344816936 859.1653083646191 848.9520449164497
100.0 9.371714043742691 875.6499750699942 866.2782610262515
101.0 7.593903194049176 917.3988806297234 909.8049774356742
102.0 9.930010705979991 869.281355624727 859.351344918747
103.0 8.994005116185451 935.0358006682936 926.0417955521082
104.0 9.491218644347206 878.1562853321539 868.6650666878067
105.0 10.09790147076926 870.095264937254 859.9973634664847
106.0 9.964816041414743 876.2481105665225 866.2832945251077
107.0 10.03167311035011 883.7510712680821 873.719398157732
108.0 11.05967835395801 866.4524284263969 855.3927500724389
109.0 11.30027244961653 872.0872249890033 860.7869525393868
110.0 10.88893976213355 868.6249752402593 857.7360354781257
111.0 12.00833574599046 857.784004800161 845.7756690541705
112.0 12.81069882538407 849.4876506028008 836.6769517774167
113.0 11.0062535393939 871.0604067120506 860.0541531726567
114.0 13.21181730667929 844.5287450796956 831.3169277730163
115.0 10.72759098559139 885.2600197314519 874.5324287458605
116.0 12.65390172974279 858.3969552234282 845.7430534936854
117.0 13.65998736257622 847.5018909515341 833.8419035889579
118.0 9.704435681104952 896.9442078022878 887.2397721211828
119.0 13.38006501120563 852.3748390621931 838.9947740509875
120.0 7.178365107290877 935.3614155086009 928.18305040131
121.0 12.54926408995224 861.6718057452986 849.1225416553464
122.0 11.33366822850807 878.3050395075586 866.9713712790505
123.0 13.88348803848779 849.1266243619408 835.243136323453
124.0 10.62530351570435 888.0124343906064 877.387130874902
125.0 10.55372974565029 894.9452143741738 884.3914846285235
126.0 15.46314814596961 834.1968960677509 818.7337479217813
127.0 13.19284590141764 864.0570427132299 850.8641968118122
128.0 13.97731441595152 856.8538767524159 842.8765623364644
129.0 15.0078622490678 843.0694910556882 828.0616288066204
130.0 14.0410111843819 860.7925906933224 846.7515795089405
131.0 12.90289244151227 866.3948164769769 853.4919240354646
132.0 15.4208740893427 839.8897441425112 824.4688700531685
133.0 16.50590530880035 829.3770103260409 812.8711050172405
134.0 9.86352428180802 901.5145163411007 891.6509920592927
135.0 8.016055835330763 931.6781430024423 923.6620871671115
136.0 16.5748004388401 829.3356347078264 812.7608342689863
137.0 15.09603227735212 852.4646670970153 837.3686348196632
138.0 18.2184200038503 817.9225606858178 799.7041406819675
139.0 15.73884093455845 842.6785630073632 826.9397220728047
140.0 8.478353624641907 917.5516688762894 909.0733152516475
141.0 15.41156830829144 848.1109832624883 832.6994149541969
142.0 17.45977129874645 827.6396265060883 810.1798552073419
143.0 17.60418300582136 822.656471543611 805.0522885377897
144.0 18.66723887716569 817.0222734223807 798.355034545215
145.0 16.64143921810575 836.5430863878283 819.9016471697225
146.0 7.999593484742127 941.7072700798269 933.7076765950847
147.0 17.43198093106177 828.4690107769013 811.0370298458395
148.0 15.58607254663035 853.1878961920211 837.6018236453907
149.0 11.3192528927709 889.4343522138905 878.1150993211196
150.0 18.36519648585075 820.5182938545342 802.1530973686835
151.0 17.45551331941929 831.2863342545585 813.8308209351393
152.0 19.25360931375371 808.9801651809422 789.7265558671885
153.0 18.02016228619083 825.061028779554 807.0408664933631
154.0 18.49170065355581 820.6684849350014 802.1767842814456
155.0 18.35306113418155 820.1969456663637 801.8438845321821
156.0 18.24628947792321 827.8214818084355 809.5751923305123
157.0 18.58737786125729 819.460140770444 800.8727629091868
158.0 8.016174214400831 931.6951721986766 923.6789979842758
159.0 17.57784513929001 833.8395228670814 816.2616777277914
160.0 17.3698530761588 837.1596159645092 819.7897628883504
161.0 19.79612605708661 810.6550904289262 790.8589643718396
162.0 17.08470518563924 845.094507447999 828.0098022623598
163.0 8.568818597454302 944.8379204345256 936.2691018370713
164.0 17.59682993762801 835.2577190007234 817.6608890630954
165.0 19.97967695900468 807.7833939155861 787.8037169565814
166.0 20.21144310862142 808.6011895221106 788.3897464134892
167.0 18.13909186991648 830.8072846231649 812.6681927532484
168.0 20.01029136528055 812.3799118067222 792.3696204414417
169.0 20.17332320511144 807.9102894322545 787.736966227143
170.0 20.31039863621082 811.6348047383093 791.3244061020985
171.0 18.78737134418558 827.5547594409654 808.7673880967798
172.0 19.19098674020141 825.2311608076225 806.0401740674211
173.0 19.71499993406317 812.7457719201202 793.0307719860571
174.0 18.81586049180425 823.6818574577484 804.8659969659442
175.0 16.71027944091434 841.249813762444 824.5395343215297
176.0 20.5132902743234 808.2143513860179 787.7010611116945
177.0 9.567572917140624 987.7153535466416 978.147780629501
178.0 8.480700850316252 917.6955330705926 909.2148322202763
179.0 19.90130116081756 815.5049517095671 795.6036505487496
180.0 21.59304835609612 800.4077492036235 778.8147008475274
181.0 15.15533033299884 861.3252383217904 846.1699079887915
182.0 19.79553540607947 822.6530771578314 802.8575417517519
183.0 22.62164969151477 791.7073005093734 769.0856508178586
184.0 19.75796941519621 817.8674531721317 798.1094837569355
185.0 10.74579728567834 1007.628435332269 996.8826380465905
186.0 21.89280161795661 803.9842190446648 782.0914174267082
187.0 11.5844505681627 887.692498517794 876.1080479496313
188.0 20.45502969179351 809.8771052271889 789.4220755353954
189.0 12.38455623080019 881.7070045347222 869.322448303922
190.0 23.77555886678183 785.7667069187041 761.9911480519223
191.0 21.13492630326921 809.8737846754563 788.7388583721871
192.0 20.31161445326386 816.2127016369674 795.9010871837036
193.0 22.45810162376476 793.711313632215 771.2532120084502
194.0 22.0999115445249 801.6229319448926 779.5230204003677
195.0 19.73367324199231 827.7405701379195 808.0068968959272
196.0 16.5886459212937 851.5362534177042 834.9476074964105
197.0 24.10854097737004 787.8791608816731 763.770619904303
198.0 23.23070126957025 790.4345761376798 767.2038748681096
199.0 22.99210288650241 798.2807604172786 775.2886575307762
200.0 22.03912760563099 801.2927102810577 779.2535826754267
201.0 24.9752979848444 776.096017025507 751.1207190406626
202.0 21.59440095521327 810.9542015157226 789.3598005605093
203.0 22.22632489010906 805.9994843394199 783.7731594493108
204.0 23.44963475935016 790.3211867250361 766.871551965686
205.0 24.13557659529264 785.9904669017207 761.8548903064281
206.0 25.1710763319428 779.0475573797569 753.8764810478141
207.0 22.34460552051744 808.0429314028467 785.6983258823292
208.0 23.96364760273602 786.8769161645824 762.9132685618464
209.0 20.86164940205917 818.3108663772804 797.4492169752212
210.0 23.91768008724827 793.682610183845 769.7649300965967
211.0 25.23810683765466 771.9538113078687 746.715704470214
212.0 26.58335361365537 764.4649591964882 737.8816055828328
213.0 24.67935926528359 781.4868344813231 756.8074752160395
214.0 23.04611900039368 806.2852401459759 783.2391211455823
215.0 21.80437207167303 806.6662554542023 784.8618833825292
216.0 8.202074236805613 923.7220947523101 915.5200205155045
217.0 26.36074850693492 766.9247294533696 740.5639809464346
218.0 17.44499838521574 845.2024280405842 827.7574296553685
219.0 22.41321692996597 802.777435367692 780.364218437726
220.0 9.649958621695402 903.7216719994339 894.0717133777385
221.0 18.26354764189082 838.2345642860231 819.9710166441323
222.0 21.27548212465258 819.4671647268692 798.1916826022166
223.0 23.70712177645244 795.8162215548849 772.1090997784325
224.0 14.31626626223124 867.6471463303356 853.3308800681044
225.0 20.51349130113322 818.982842936282 798.4693516351487
226.0 24.78541656973184 786.7035437332741 761.9181271635423
227.0 24.60732931857158 781.235243613594 756.6279142950225
228.0 25.48740424840405 775.0616589118362 749.5742546634322
229.0 22.66422936590035 807.2638262885228 784.5995969226225
230.0 21.52792704167923 816.0874786562087 794.5595516145295
231.0 23.36492845381027 792.9154797448927 769.5505512910825
232.0 27.25752648041056 764.3965554653389 737.1390289849283
233.0 26.46723942905733 770.1079618951372 743.6407224660798
234.0 23.65477989811095 793.2196023057502 769.5648224076392
235.0 25.58548014718486 779.0807404780787 753.4952603308939
236.0 26.18738585204297 773.2617792407941 747.0743933887511
237.0 25.28466459079118 786.2028196399361 760.9181550491449
238.0 22.71517940234671 807.6894954449287 784.974316042582
239.0 27.8517232056872 761.7434082225018 733.8916850168146
240.0 26.85892777668514 769.4992084257851 742.6402806491
241.0 27.29486505811703 763.2964437867607 736.0015787286437
242.0 19.20072463271545 833.4239107497487 814.2231861170332
243.0 23.79366597093761 794.5659342025756 770.772268231638
244.0 23.06653869250282 806.9810298019173 783.9144911094145
245.0 27.64898581998692 759.9049777657019 732.255991945715
246.0 25.42274201979196 782.9110246030522 757.4882825832603
247.0 26.33266814588934 774.1709869817496 747.8383188358602
248.0 25.51098872346314 785.9368722283 760.4258835048369
249.0 24.81766038154429 784.7768456492576 759.9591852677133
250.0 23.3577341141808 804.682764335354 781.3250302211733
251.0 25.65419344201048 778.4857056856444 752.831512243634
252.0 21.8699499779719 815.3379110860482 793.4679611080763
253.0 24.60707197578146 788.7545697314319 764.1474977556504
254.0 28.9963766832932 757.1458099132303 728.1494332299371
255.0 26.64993731875066 769.4253953216821 742.7754580029314
256.0 25.65193007543652 785.8003942796141 760.1484642041775
257.0 27.32950359978555 765.7732633582459 738.4437597584604
258.0 27.44338904467979 766.4336712217571 738.9902821770773
259.0 27.84841742272098 756.456894925068 728.608477502347
260.0 9.066016180045526 909.7220997460286 900.6560835659831
261.0 29.29276309029273 749.9831484331762 720.6903853428835
262.0 26.52645103843591 772.7929461025915 746.2664950641556
263.0 29.47359387734024 747.5396143777184 718.0660205003782
264.0 28.19730351001088 759.1039162575929 730.906612747582
265.0 27.41648535632964 768.1795536037727 740.7630682474431
266.0 24.45193012205507 794.3939937704089 769.9420636483538
267.0 26.56756862961689 779.6855075540832 753.1179389244663
268.0 28.52823994425838 761.5078868016914 732.9796468574331
269.0 23.6847258047149 803.4671096814456 779.7823838767307
270.0 25.50538223867542 783.7599893581866 758.2546071195112
271.0 29.46998640959458 746.6408261852861 717.1708397756915
272.0 26.40045544537255 783.7357533360296 757.3352978906571
273.0 29.89309549405734 745.4167230733642 715.5236275793068
274.0 25.24928965073126 786.7655043852584 761.5162147345272
275.0 16.01857732781741 855.718036154401 839.6994588265836
276.0 27.34944086265309 766.4419643759303 739.0925235132772
277.0 27.80526431086334 763.3144078217654 735.5091435109021
278.0 29.00212724116285 748.5862896574363 719.5841624162735
279.0 18.91434591597216 835.7066374804964 816.7922915645242
280.0 26.84354140671227 777.4980972671932 750.654555860481
281.0 26.83260179349832 769.3848095248747 742.5522077313763
282.0 27.48257491122907 772.5452596083512 745.0626846971221
283.0 27.7727129689086 762.5922105916923 734.8194976227837
284.0 25.46878719616674 789.80584770223 764.3370605060633
285.0 25.19566059753653 792.7612561224105 767.5655955248739
286.0 29.91288943850434 740.7238182874924 710.8109288489881
287.0 18.03838423048114 841.7157671497646 823.6773829192835
288.0 29.91798933194029 743.7700819703971 713.8520926384568
289.0 27.01996985823516 775.2745186502298 748.2545487919947
290.0 26.67414246035622 781.07813865565 754.4039961952938
291.0 29.20966570863188 754.9039254132998 725.694259704668
292.0 27.5771151296418 769.1885399095245 741.6114247798827
293.0 28.73214484433959 760.3455987553146 731.6134539109751
294.0 28.12355863123498 769.1533515747617 741.0297929435267
295.0 30.14299490417119 739.175718949802 709.0327240456308
296.0 26.63516418437194 780.2215310712576 753.5863668868857
297.0 25.87697864957349 783.1973995587325 757.320420909159
298.0 27.76262621264054 770.1247228506874 742.3620966380469
299.0 18.61980702111204 837.6286844611087 819.0088774399967
300.0 30.012175079901 742.7562325564088 712.7440574765078
301.0 28.30945940426194 762.0245387756078 733.7150793713458
302.0 22.47244971561458 811.4040740523732 788.9316243367586
303.0 30.46478447996712 743.1137068948152 712.648922414848
304.0 30.35907664593333 739.2319224927166 708.8728458467833
305.0 29.99726105835063 746.8759006916379 716.8786396332873
306.0 28.87584846806491 756.6387777268153 727.7629292587504
307.0 28.38609894296705 762.0196965862331 733.633597643266
308.0 24.78366853443172 793.2400355470245 768.4563670125928
309.0 28.63281266999807 759.528641042172 730.8958283721739
310.0 19.20786708167981 833.7156384714794 814.5077713897996
311.0 29.37746543780344 747.7282070485756 718.3507416107721
312.0 31.43967608536319 730.7069868324932 699.26731074713
313.0 29.87957155489809 744.9053123602648 715.0257408053667
314.0 30.65834247292385 737.4885548754269 706.8302124025031
315.0 30.06528669621856 748.7712079587524 718.7059212625338
316.0 28.63422025572209 759.5240269542392 730.8898066985171
317.0 26.25748351416344 782.7616761988176 756.5041926846541
318.0 29.63159471302629 751.347972997459 721.7163782844327
319.0 30.43840403700218 740.797069116202 710.3586650791999
320.0 30.37378888090888 743.0103078182355 712.6365189373267
321.0 30.18468406003622 741.749916744556 711.5652326845198
322.0 28.46829149086062 767.6944086956777 739.2261172048171
323.0 27.25869593160002 776.3341446444943 749.0754487128943
324.0 29.43249279260779 753.263901327283 723.8314085346752
325.0 28.69589531771439 758.7823294373056 730.0864341195912
326.0 30.46851977071912 740.2063011547879 709.7377813840688
327.0 26.07027929422345 785.7846041892274 759.7143248950039
328.0 31.29335337238355 731.871841967849 700.5784885954654
329.0 29.88772527251734 750.0904517562011 720.2027264836837
330.0 30.97302014902342 738.9212344509748 707.9482143019514
331.0 27.31517389064747 777.3079172448381 749.9927433541906
332.0 31.93674872727304 729.4224588494141 697.4857101221411
333.0 30.1297772001844 742.5116877287784 712.381910528594
334.0 18.32980763840532 839.720706202075 821.3908985636697
335.0 29.45846619774412 756.896887005732 727.4384208079879
336.0 31.07603852162511 740.0315722197086 708.9555336980835
337.0 30.73131183160465 742.4378658648988 711.7065540332941
338.0 30.62946771727488 739.9472231932146 709.3177554759397
339.0 30.40916812259447 748.1817220625892 717.7725539399948
340.0 30.62602970904407 750.7633609884194 720.1373312793753
341.0 29.28449290786918 757.8601333753011 728.5756404674319
342.0 18.03846082030588 841.7211741540015 823.6827133336957
343.0 31.2252992217857 735.8949084866417 704.669609264856
344.0 30.8692572170096 743.0812461328528 712.2119889158432
345.0 31.92380015799124 729.4258114265118 697.5020112685205
346.0 31.72262474996913 726.0514772386867 694.3288524887176
347.0 32.74365069008032 717.0917880020761 684.3481373119958
348.0 31.16858266985522 732.5018204978831 701.3332378280279
349.0 30.73001505111809 742.3913589528025 711.6613439016844
350.0 32.08731967846728 727.2806551717184 695.1933354932512
351.0 31.70982134340394 731.5370711865076 699.8272498431037
352.0 32.27179334831104 723.6320169236791 691.3602235753681
353.0 31.3513245983732 734.9839615434102 703.632636945037
354.0 32.49883272588164 725.7291479215469 693.2303151956652
355.0 32.27190991259584 723.6268613014324 691.3549513888366
356.0 30.58711427441008 751.0585504115886 720.4714361371786
357.0 31.75815812963566 732.4448639786257 700.68670584899
358.0 32.15017295584998 728.0629445271396 695.9127715712896
359.0 30.78274574231006 746.1302770989234 715.3475313566133
360.0 31.90156609937261 728.4891659674037 696.5875998680311
361.0 32.20071328831152 726.4012463855197 694.2005330972081
362.0 33.12862495438029 715.5555893987387 682.4269644443584
363.0 31.12192543747286 736.488344184657 705.3664187471842
364.0 31.96042673429977 733.5982123915424 701.6377856572426
365.0 30.13307171593845 751.0232668521149 720.8901951361764
366.0 30.7140279775825 753.4227527274311 722.7087247498486
367.0 33.23443882071397 714.9023380335343 681.6678992128203
368.0 30.56889742813273 751.2949851476333 720.7260877195006
369.0 33.06488230611626 723.4576411637501 690.3927588576338
370.0 32.86853726516366 717.7539025616687 684.8853652965051
371.0 32.03857020262606 735.8476370207682 703.8090668181421
372.0 31.84869871661779 741.7814662922183 709.9327675756005
373.0 32.73782105534231 724.6987385771419 691.9609175217996
374.0 32.99309862227931 725.6881782279628 692.6950796056835
375.0 32.10735165518879 730.559009256862 698.4516576016732
376.0 33.00701485917997 723.5123919303653 690.5053770711853
377.0 32.1422524747392 731.0333225086069 698.8910700338677
378.0 34.12256842845102 706.8643958227926 672.7418273943416
379.0 33.51561981314119 715.664358460716 682.1487386475748
380.0 33.56606122746907 713.3405235685991 679.77446234113
381.0 31.6447239483572 738.4355956002908 706.7908716519336
382.0 33.59768967363504 716.2084026148379 682.6107129412029
383.0 31.86998899405657 743.0497847921594 711.1797957981028
384.0 33.31835083849048 721.7209995592774 688.4026487207869
385.0 33.09373384771574 723.7394106315014 690.6456767837856
386.0 33.36131813116439 718.2508508141159 684.8895326829515
387.0 30.74154032255555 754.1787377498744 723.4371974273189
388.0 32.95835740566628 725.5674593454472 692.6091019397809
389.0 31.6407687064418 746.0668549107389 714.4260862042971
390.0 30.11795076662375 758.9420170917456 728.8240663251218
391.0 33.16344902895288 727.8680403550081 694.7045913260552
392.0 28.30915589319939 773.0523937165429 744.7432378233435
393.0 32.01606421446214 745.2187723751341 713.2027081606719
394.0 33.98264808565429 713.221094556823 679.2384464711688
395.0 34.48076192614697 708.588173462672 674.107411536525
396.0 33.04643140168801 729.0615409148322 696.0151095131442
397.0 34.71251733187136 705.0725399205534 670.360022588682
398.0 34.52640145669124 708.4197359497159 673.8933344930247
399.0 33.90175422706217 719.2022786590782 685.300524432016
400.0 34.59586408054897 706.5991100910424 672.0032460104935
401.0 33.29012504870342 727.8451364736359 694.5550114249325
402.0 34.38476167636262 713.5700860355947 679.1853243592321
403.0 34.46367723690565 712.900172393237 678.4364951563314
404.0 34.7066577907117 706.8687631470443 672.1621053563326
405.0 33.67657561291922 723.8756059336737 690.1990303207545
406.0 35.44846147393253 698.291195490702 662.8427340167695
407.0 34.80638443987614 707.9898562837126 673.1834718438364
408.0 33.39729667737113 725.6205470873264 692.2232504099553
409.0 35.12371315125182 706.3360617414844 671.2123485902325
410.0 35.87916292078657 695.0110788135948 659.1319158928082
411.0 35.26209368620471 704.3377388480544 669.0756451618497
412.0 36.03209515082177 696.956755917544 660.9246607667222
413.0 35.59263777279915 700.7628175669253 665.1701797941262
414.0 28.94540129437188 769.3795195281146 740.4341182337427
415.0 34.69036615423329 721.9895697172272 687.2992035629939
416.0 35.12972647889398 710.5141191706192 675.3843926917252
417.0 36.07145392561556 696.9214472185996 660.8499932929841
418.0 36.09344760747681 694.0420296287792 657.9485820213024
419.0 35.88259452275894 704.3342322502244 668.4516377274654
420.0 35.002684370691 719.0569037422977 684.0542193716067
421.0 34.89566615826262 717.078932320399 682.1832661621364
422.0 35.68506700924736 706.2665578529796 670.5814908437323
423.0 35.79113918641828 705.4703437765265 669.6792045901082
424.0 35.8649555745335 706.0674816463417 670.2025260718082
425.0 35.57699087115391 704.3198234620521 668.7428325908982
426.0 36.14081108739099 701.1946405823456 665.0538294949546
427.0 36.26117212413129 699.4059365609947 663.1447644368634
428.0 36.03484033303734 707.6354958174766 671.6006554844393
429.0 37.04346648723413 690.2312468908743 653.1877804036402
430.0 36.74459244658411 700.4687829757124 663.7241905291283
431.0 37.31711065883706 693.9828514487019 656.6657407898649
432.0 36.92528691633169 694.8777677869199 657.9524808705882
433.0 36.80154571392827 694.708973142936 657.9074274290077
434.0 37.24680303869376 692.1608319900767 654.9140289513829
435.0 36.24113501195311 705.7957876449701 669.554652633017
436.0 36.48343624528034 705.106058764925 668.6226225196446
437.0 38.4923291193105 675.4569955083517 636.9646663890412
438.0 37.56185156313414 688.2612506462233 650.6993990830892
439.0 37.25454725242803 695.0251754370885 657.7706281846605
440.0 37.99313516349187 684.6734842813828 646.6803491178909
441.0 37.11024023703065 703.7425497680432 666.6323095310125
442.0 38.3086120176933 681.9218236693429 643.6132116516496
443.0 36.36727034090256 711.3077577030508 674.9404873621482
444.0 35.90563719902292 721.0990336797522 685.1933964807293
445.0 38.11826775192626 686.2055280417099 648.0872602897836
446.0 37.07601159899608 709.1963893681423 672.1203777691462
447.0 27.69717042737628 777.7119500813779 750.0147796540017
448.0 38.25282012411649 692.0399668595696 653.7871467354531
449.0 36.22683220831248 718.9925107907681 682.7656785824557
450.0 38.71829402422903 681.9310477371397 643.2127537129107
451.0 38.05480032920937 697.4680962326613 659.4132959034519
452.0 38.00392875104562 696.561803256322 658.5578745052764
453.0 40.16402152794463 665.2374288030862 625.0734072751416
454.0 37.73296701590596 699.5248602536819 661.791893237776
455.0 38.07309055958847 703.407891106051 665.3348005464625
456.0 39.02600815562552 688.6802983032196 649.654290147594
457.0 39.34222059933284 679.3937302802687 640.0515096809359
458.0 40.17885418606183 670.1446535590634 629.9657993730016
459.0 40.53026759236879 664.8192911048354 624.2890235124666
460.0 40.09388463460421 676.2701003337616 636.1762156991574
461.0 40.30751061357561 675.3174976265799 635.0099870130043
462.0 40.31294740143554 677.6351535732693 637.3222061718337
463.0 40.07498229708209 676.9634732611442 636.8884909640621
464.0 40.39531639860088 676.2837313381469 635.888414939546
465.0 39.82619776653298 688.5140312310827 648.6878334645497
466.0 41.52389848265275 662.4880256840377 620.9641272013849
467.0 32.77806258769045 745.6606322095735 712.8825696218831
468.0 40.66490519400392 678.1344583628617 637.4695531688578
469.0 40.86795625636817 675.8485953859909 634.9806391296227
470.0 41.40035387345183 669.202400531479 627.8020466580272
471.0 41.71731431002537 666.7630356734865 625.0457213634611
472.0 41.60255741470026 668.7483408398744 627.1457834251741
473.0 36.6678065684285 720.9893102437253 684.3215036752968
474.0 41.88346910129048 667.3369324549516 625.4534633536611
475.0 42.99954141000128 652.8763458921982 609.8768044821969
476.0 42.24116009953577 665.0774674044754 622.8363073049396
477.0 41.98831380159853 669.7720984745313 627.7837846729328
478.0 41.7169652047026 677.0466913270351 635.3297261223325
479.0 44.18681739020772 643.5696985862872 599.3828811960794
480.0 43.40341593156394 656.7379991946941 613.3345832631302
481.0 43.23023612816451 657.0554705792375 613.8252344510729
482.0 43.44644432815541 658.1537976081104 614.707353279955
483.0 38.64868328599097 709.0684600788246 670.4197767928336
484.0 41.52311470548921 687.1853221396918 645.6622074342026
485.0 44.86444475948789 643.9705762682923 599.1061315088044
486.0 42.17958458750155 683.1422905120886 640.962705924587
487.0 44.94980203314147 644.2095535948679 599.2597515617264
488.0 43.74441217760621 662.3809925311297 618.6365803535235
489.0 44.39037295547228 653.9256606797198 609.5352877242475
490.0 44.960877507126 653.5518551241629 608.5909776170369
491.0 44.39587191238518 658.1400262152637 613.7441543028786
492.0 45.45539853696422 649.4693948337593 604.0139962967951
493.0 46.2043742985582 642.2528168467525 596.0484425481942
494.0 39.6460866591478 703.3351772215259 663.6890905623781
495.0 46.46822346101481 639.9028381111143 593.4346146500995
496.0 46.95229332828639 634.7315231542962 587.7792298260098
497.0 46.75478367641364 639.0639327294988 592.3091490530851
498.0 46.20529259142373 648.8574373467058 602.6521447552821
499.0 47.2705123736619 637.2260362083859 589.955523834724
500.0 42.97132297742404 682.7749069813383 639.8035840039142
501.0 47.55232555758473 640.4309723020966 592.8786467445119
502.0 46.76211421824321 653.3680066526399 606.6058924343967
503.0 47.55711592604305 641.7050358055015 594.1479198794585
504.0 48.06953955994549 639.8137715665801 591.7442320066347
505.0 49.85543367839352 619.6937720557677 569.8383383773742
506.0 49.1489573361947 626.5496910821831 577.4007337459884
507.0 49.62296708873006 623.5776166363116 573.9546495475815
508.0 49.4821637759811 630.6535803106174 581.1714165346363
509.0 49.71018305239323 632.5652458944553 582.8550628420621
510.0 50.58350655866184 619.8047184283167 569.2212118696549
511.0 49.73043270200606 628.3122551810488 578.5818224790427
512.0 51.25971292344818 613.6626180911986 562.4029051677504
513.0 51.71209617765305 616.1244500480401 564.412353870387
514.0 52.17412545827926 612.447197213721 560.2730717554417
515.0 51.36798373454576 619.9124913434189 568.5445076088732
516.0 53.1965926365962 603.2363056313927 550.0397129947965
517.0 53.94375738084813 596.6222668469983 542.6785094661501
518.0 53.81814457780463 599.6093300619144 545.7911854841098
519.0 54.52671344424006 595.1470722909205 540.6203588466805
520.0 53.18522834934059 607.3711811476205 554.1859527982799
521.0 55.57946146391165 590.5722465014295 534.9927850375179
522.0 54.65230841109842 608.7603316105575 554.108023199459
523.0 53.5222738042294 613.1571173352147 559.6348435309853
524.0 55.58209812177447 598.2993011776074 542.717203055833
525.0 55.82374102223729 597.29987479918 541.4761337769427
526.0 57.22734910491879 587.076762974827 529.8494138699082
527.0 54.98167614996096 608.4517393502402 553.4700632002792
528.0 59.03823768969421 578.0800519350834 519.0418142453892
529.0 55.08880779386686 609.1397229959392 554.0509152020724
530.0 57.08864632444968 596.2137543729454 539.1251080484957
531.0 59.68366051492243 575.0075114568535 515.323850941931
532.0 60.34501428256849 570.9104328337223 510.5654185511538
533.0 61.74965492527819 565.0361493084838 503.2864943832056
534.0 57.82999167548814 588.625824145761 530.7958324702729
535.0 62.06591422544758 561.0510337612736 498.985119535826
536.0 62.2956967475292 566.3390732539635 504.0433765064343
537.0 61.96481342164615 562.6670723682955 500.7022589466493
538.0 65.96910746541707 540.63854528349 474.6694378180729
539.0 65.18747652283619 542.4774641831168 477.2899876602806
540.0 63.14965301423206 559.167014211098 496.017361196866
541.0 61.78466881575634 573.5795697069511 511.7949008911947
542.0 61.43133640876559 575.3714718883809 513.9401354796153
543.0 62.10929269237156 571.063631837664 508.9543391452924
544.0 59.31233240899702 586.5603769426514 527.2480445336544
545.0 69.10208920026001 531.7151969432434 462.6131077429834
546.0 71.60826376131916 517.7205741068377 446.1123103455185
547.0 83.90028621056327 470.5476374042188 386.6473511936555
548.0 68.04688296294379 537.7221361757195 469.6752532127757
549.0 62.8268942818275 567.7221369986168 504.8952427167893
550.0 63.51602682560841 563.5810102579994 500.064983432391
551.0 94.34697150822578 437.0229916662617 342.6760201580359
552.0 92.97032716500108 443.4133568898911 350.4430297248901
553.0 90.08361614486898 451.044049027947 360.960432883078
554.0 86.99489073266049 461.6598492681765 374.664958535516
555.0 77.05561129019463 501.7221366202767 424.6665253300821
556.0 94.46524529502487 439.5589363296853 345.0936910346605
557.0 101.4579611445521 421.6211831098803 320.1632219653283
558.0 90.76960442110803 449.0639979086516 358.2943934875436
559.0 92.26093685027103 445.5539555725635 353.2930187222924
560.0 101.4642389615 421.7152955314378 320.2510565699378
561.0 108.6359324990123 403.6870770638587 295.0511445648465
562.0 115.7672901589207 385.0606008159055 269.2933106569848
563.0 111.374982110059 395.053127167305 283.678145057246
564.0 112.6509151183689 393.6903565409578 281.0394414225889
565.0 103.8467723213705 415.71698232328 311.8702100019094
566.0 116.0788924706516 382.5603370971829 266.4814446265313
567.0 118.3528644032904 379.4572824296766 261.1044180263862
568.0 126.5363853905012 361.7207296647984 235.1843442742971
569.0 118.3528693497298 379.457418539177 261.1045491894472
570.0 125.4700300470406 363.2987685287269 237.8287384816863
571.0 125.5541527248628 363.7075334718624 238.1533807469997
572.0 140.2629487585457 335.0924177206341 194.8294689620884
573.0 125.5551730594326 363.7221332664704 238.1669602070377
574.0 137.1299285079839 341.707663787215 204.5777352792311
575.0 124.5563537353168 365.4647618067578 240.908408071441
576.0 155.9130569466144 307.3231707732036 151.4101138265892
577.0 156.9230330253839 305.0786959273276 148.1556629019437
578.0 126.5364555703521 361.722136999745 235.185681429393
579.0 143.7586986086535 329.7221369920517 185.9634383833981
580.0 183.4423234924997 262.6047136763315 79.16239018383178
581.0 162.7425060081242 295.7221369961168 132.9796309879926
582.0 173.8822668057396 277.7221128983462 103.8398460926066
583.0 183.9409185631607 263.6521723279616 79.71125376480091
584.0 191.4040972467632 253.7217308482912 62.31763360152795
585.0 210.8668111871057 227.57804895919 16.71123777208427
586.0 207.8873517923774 231.6690844627528 23.78173267037541
587.0 206.3915425039702 233.7045623246905 27.31301982072028
588.0 207.8865829401399 231.6745400856292 23.78795714548925
591.0 227.3931468335623 205.722137 -21.67100983356232
