0.0 4.121835414718816 969.9496576901988 965.82782227548
1.0 2.981350269441565 967.9941693634388 965.0128190939972
2.0 2.117654260797959 969.8614900299746 967.7438357691766
3.0 1.517722465296721 968.9281201672062 967.4103977019095
4.0 1.120858322569496 968.8337942005705 967.712935878001
5.0 0.7637038102660559 967.7023223441504 966.9386185338843
6.0 0.6873848565424471 969.162481892541 968.4750970359985
7.0 0.3810835175491961 967.9181921250764 967.5371086075272
8.0 0.3252455996017549 966.2368478090917 965.91160220949
9.0 0.2567053086038931 966.6306662995668 966.373960990963
10.0 0.1266366453838701 965.5469365099051 965.4202998645212
11.0 0.09757763106157923 965.5376198144699 965.4400421834084
12.0 0.02392317855931222 965.3035345992801 965.2796114207208
13.0 0.06285081407571297 964.4825967724596 964.4197459583839
14.0 0.1037839397487501 964.045568374654 963.9417844349052
15.0 0 964.1751781757709 964.1751781757709
16.0 0.128950323271782 962.2104009110211 962.0814505877493
17.0 0.09856889999874735 963.1644349080194 963.0658660080206
18.0 0.1419779513342766 962.7372888620534 962.5953109107191
19.0 0.196189576774434 960.0897887692293 959.8935991924548
20.0 0.3055941698134734 962.1636812686485 961.858087098835
21.0 0.3417919241653621 961.742043246311 961.4002513221457
22.0 0.3907647507023284 960.3659885036576 959.9752237529553
23.0 0.4689213816007459 960.1266488497371 959.6577274681363
24.0 0.5278003567261132 959.8202988558349 959.2924984991087
25.0 0.5904867498713069 960.1894795725678 959.5989928226965
26.0 0.6495907897203583 958.8567901735669 958.2071993838465
27.0 0.6835249302298025 959.2411148787196 958.5575899484898
28.0 0.8337733268589409 959.9740088055187 959.1402354786598
29.0 0.7905000173974913 958.7070177150334 957.9165176976359
30.0 0.8109418185681017 958.9560039157681 958.1450620972
31.0 0.9917505586097707 955.9917326167966 954.9999820581868
32.0 1.087412921594873 957.6993553152395 956.6119423936446
33.0 1.114123769316425 956.7897569449773 955.6756331756609
34.0 1.09728074056694 957.1554960985787 956.0582153580118
35.0 1.341885030836357 955.3950463935255 954.0531613626891
36.0 1.39503248537472 956.6743631294186 955.2793306440439
37.0 1.458445167268289 955.1901456684208 953.7317005011525
38.0 1.577606439316595 954.1735793411019 952.5959729017853
39.0 1.642179448219069 954.5507143929372 952.9085349447181
40.0 1.729501241072753 953.17822374302 951.4487225019472
41.0 1.840104693665663 953.8083950759636 951.9682903822979
42.0 1.889699297049826 955.9829363176303 954.0932370205805
43.0 1.986395511415532 952.9267214123033 950.9403259008877
44.0 1.989016540125489 953.0700197995049 951.0810032593795
45.0 2.0957871932283 950.6498962395646 948.5541090463363
46.0 2.429790091371839 953.4420887581028 951.012298666731
47.0 2.33738379891832 953.8500668750534 951.5126830761351
48.0 2.447108962284698 954.5088543036944 952.0617453414097
49.0 2.715352220445385 949.9075478588168 947.1921956383714
50.0 2.770658450120624 950.716404995146 947.9457465450254
51.0 2.933266944583858 948.5873679769384 945.6541010323545
52.0 2.918689653151104 952.3896926453504 949.4710029921993
53.0 3.04665373053523 948.8587150458644 945.8120613153291
54.0 3.113084558750099 950.1870378159718 947.0739532572217
55.0 3.531982976800669 947.79024431351 944.2582613367093
56.0 3.525490447722142 946.5403539415962 943.014863493874
57.0 3.54964638474802 945.5831533965625 942.0335070118145
58.0 3.684853350913989 949.2933180890251 945.6084647381112
59.0 3.922063932838502 949.5970555205469 945.6749915877084
60.0 3.792370978415045 946.1495548194151 942.3571838410001
61.0 3.836797793682355 945.5643796050078 941.7275818113254
62.0 4.368542948182807 945.2302343288386 940.8616913806558
63.0 4.170983298964707 951.0504111515271 946.8794278525624
64.0 4.62887682799779 940.1566542491987 935.5277774212009
65.0 4.406451938829362 949.861583049607 945.4551311107776
66.0 4.54134888351433 943.0662568551406 938.5249079716263
67.0 4.811445309508629 944.5471047410992 939.7356594315905
68.0 5.078185378632461 940.1177465196004 935.039561140968
69.0 5.054345206082037 937.7675034473962 932.7131582413142
70.0 5.026581865421994 950.3058132909775 945.2792314255555
71.0 6.247465152329459 940.980216960045 934.7327518077155
72.0 5.372719218894874 936.2288504033125 930.8561311844176
73.0 5.30204001728339 946.5551859389642 941.2531459216808
74.0 6.283968046319409 939.1000890743968 932.8161210280774
75.0 6.617656816329505 928.6357845125443 922.0181276962148
76.0 6.638548631821104 943.2743176514086 936.6357690195875
77.0 6.872895528065085 946.9542046965421 940.081309168477
78.0 6.303312555695271 940.4660360533191 934.1627234976238
79.0 6.93605877547094 930.3975322501086 923.4614734746377
80.0 6.977923028760031 933.352571794061 926.3746487653009
81.0 7.488755810070628 922.1490581689416 914.660302358871
82.0 6.774764098946329 946.2705733423713 939.4958092434249
83.0 8.077383753271255 915.678946519654 907.6015627663828
84.0 9.522012976400933 897.1851204163428 887.6631074399419
85.0 7.538419754602749 961.8214683776527 954.28304862305
86.0 8.303108157023801 911.2922392568013 902.9891310997775
87.0 10.14503815622703 887.9644140041556 877.8193758479285
88.0 8.09231821763564 946.2440645877164 938.1517463700808
89.0 8.306810898489569 970.5293371965708 962.2225262980812
90.0 9.557302164662104 894.8201822973626 885.2628801327005
91.0 10.60547675594918 888.0038706213499 877.3983938654007
92.0 10.37124853769319 895.0849845490957 884.7137360114025
93.0 8.036318630828478 935.2704337527852 927.2341151219567
94.0 9.562471290826148 912.0972982725619 902.5348269817358
95.0 10.80854794787987 898.9978830885456 888.1893351406657
96.0 12.91252355890242 871.0513744027505 858.1388508438481
97.0 11.89543716780494 887.1727773241865 875.2773401563816
98.0 11.0506905805611 900.3753415629324 889.3246509823713
99.0 13.85450633875268 865.1080976813869 851.2535913426342
100.0 12.33488583369817 883.1256913565741 870.7908055228759
101.0 8.913583373173296 925.4443139167015 916.5307305435282
102.0 13.1734223832198 875.5495791596952 862.3761567764754
103.0 8.54625182791172 987.4491367707244 978.9028849428127
104.0 12.38735510603669 884.5549548651631 872.1675997591264
105.0 13.34096475161692 875.3345113654459 861.993546613829
106.0 12.98319047726014 880.8522092205705 867.8690187433103
107.0 12.7174026520958 890.9063794139444 878.1889767618486
108.0 14.43021830983369 873.9445060420424 859.5142877322087
109.0 14.44629638269488 880.2978639855446 865.8515676028497
110.0 14.205279465999 874.4167223453739 860.2114428793749
111.0 15.76641796430722 863.7225531026467 847.9561351383395
112.0 16.89922977607648 855.8379893825169 838.9387596064404
113.0 14.25155577700234 876.0744994819177 861.8229437049154
114.0 17.53853477129838 848.9972040195043 831.4586692482059
115.0 13.45817383818307 888.896681318969 875.438507480786
116.0 16.3842486089794 865.7693212798226 849.3850726708432
117.0 17.86224975294314 853.4285169368163 835.5662671838732
118.0 11.97198182656279 900.1456766760074 888.1736948494446
119.0 17.40123699307284 857.6884506023664 840.2872136092936
120.0 7.985363711344937 935.8276713245876 927.8423076132426
121.0 16.22151939638561 865.609997145231 849.3884777488454
122.0 14.35643264990198 881.593593605913 867.237160956011
123.0 18.06692536173898 853.3366580158414 835.2697326541024
124.0 13.30086724599753 889.3615248910866 876.0606576450891
125.0 12.98224665343336 895.6091025945333 882.6268559411
126.0 20.2711815076829 837.9431978679263 817.6720163602434
127.0 16.83242095149489 866.37007464972 849.5376536982251
128.0 17.8837153173125 860.5766306588617 842.6929153415492
129.0 19.43862416039168 848.280255179935 828.8416310195433
130.0 17.7932819178574 864.992580310444 847.1992983925866
131.0 16.42869530853278 869.5470444062872 853.1183490977544
132.0 20.03635872821406 842.5236351096483 822.4872763814343
133.0 21.51260624771851 834.1631831294421 812.6505768817236
134.0 12.03399827135819 901.6991247057099 889.6651264343517
135.0 9.000996391244119 931.7206898213148 922.7196934300706
136.0 21.60902596825058 832.8313244656493 811.2222984973988
137.0 19.2038968553765 856.3981110186164 837.1942141632399
138.0 23.68036894355021 824.4340360042764 800.7536670607262
139.0 20.25664302826076 845.5666183586852 825.3099753304244
140.0 10.00253749140381 917.7032879560634 907.7007504646596
141.0 19.70419773416828 851.5493614323884 831.8451636982201
142.0 22.56431883086757 832.441443601937 809.8771247710695
143.0 22.94576482424034 825.1002102254139 802.1544454011736
144.0 24.22290082809221 821.1749089979625 796.9520081698703
145.0 21.41228826366453 839.9138495876802 818.5015613240156
146.0 8.612170689023773 941.7218529003547 933.109682211331
147.0 22.52390558670821 832.2542917671691 809.7303861804609
148.0 19.70084572386526 856.2555821773574 836.5547364534921
149.0 13.99097520795096 889.6840323749991 875.6930571670482
150.0 23.78101927638678 824.6279382711377 800.8469189947509
151.0 22.41757881063537 836.3320750105223 813.9144961998869
152.0 25.15932834221853 811.7193869844314 786.5600586422128
153.0 23.26450258918762 828.6269967369886 805.3624941478009
154.0 23.94336928837237 822.9092084152872 798.9658391269148
155.0 23.80212520168479 823.2247710835205 799.4226458818357
156.0 23.39836496502093 831.2383133160486 807.8399483510277
157.0 24.06809328145874 822.7218935747316 798.6538002932728
158.0 9.000991058421037 931.7205379117192 922.7195468532982
159.0 22.49796617794969 836.4281582565289 813.9301920785792
160.0 22.17073094279808 839.1665794516856 816.9958485088875
161.0 25.65479378708876 813.6200983615195 787.9653045744307
162.0 21.58274206991198 846.9104948338804 825.3277527639685
163.0 8.358413944134683 977.548448735887 969.1900347917523
164.0 22.45757411594606 838.2210425350365 815.7634684190904
165.0 25.95537421325234 810.580642352034 784.6252681387817
166.0 26.16544290423945 811.3594965785756 785.1940536743362
167.0 23.18393062487298 833.8710564013143 810.6871257764413
168.0 25.80211650812961 815.8565939789208 790.0544774707912
169.0 26.14404346176147 811.063961779701 784.9199183179395
170.0 26.12394318673943 815.9651780974504 789.8412349107109
171.0 23.98279667245046 830.3372344978777 806.3544378254272
172.0 24.47364292840358 828.6852058610599 804.2115629326563
173.0 25.50560999523499 815.0884060639782 789.5827960687432
174.0 24.1484465528049 826.9000154638217 802.7515689110168
175.0 21.34774227989755 842.7126137309063 821.3648714510087
176.0 26.48874014188105 811.2467353141627 784.7579951722817
177.0 8.529726208795324 987.7221123940881 979.1923861852928
178.0 10.00282538122685 917.7194737687379 907.716648387511
179.0 25.58433526410495 818.4198916076541 792.8355563435492
180.0 27.89661239360822 803.5007796349176 775.6041672413094
181.0 19.01225828471271 861.641962162964 842.6297038782513
182.0 25.21483742067024 825.1915815371212 799.976744116451
183.0 29.29202446023943 794.5025002132801 765.2104757530406
184.0 25.35363698399376 820.4462801436043 795.0926431596106
185.0 9.009400938341678 1007.721868020318 998.7124670819767
186.0 28.0728411125635 807.114330355085 779.0414892425215
187.0 14.3361992857696 887.7188424115886 873.382643125819
188.0 26.3905978406296 811.6471499148348 785.2565520742052
189.0 15.38863935689458 881.7209607418958 866.3323213850013
190.0 30.7053227260769 788.8164796298047 758.1111569037278
191.0 27.05176707607188 813.7451859907569 786.6934189146851
192.0 25.96348649750629 820.0672350026233 794.103748505117
193.0 29.06683490843173 795.6055842997443 766.5387493913125
194.0 28.3760234875131 804.7490978927389 776.3730744052258
195.0 24.98510780998843 829.1011806858695 804.116072875881
196.0 20.86602253646043 851.6947099965198 830.8286874600594
197.0 30.96957946665257 790.9288651044205 759.959285637768
198.0 29.9631771985828 793.6385214437934 763.6753442452106
199.0 29.43600678124598 800.7773178645957 771.3413110833497
200.0 28.31954168447488 804.6799148078806 776.3603731234058
201.0 32.31690629162475 778.7456861703174 746.4287798786926
202.0 27.51957518340278 813.293537864592 785.7739626811892
203.0 28.3385414388879 809.2680734882946 780.9295320494068
204.0 30.20621885807066 792.877310213827 762.6710913557563
205.0 31.06093969742955 789.5275625887013 758.4666228912718
206.0 32.4083704008171 781.7660607913545 749.3576903905374
207.0 28.40487011891454 810.3588873180978 781.9540171991833
208.0 30.85881460248459 789.9253498294378 759.0665352269532
209.0 26.48741823763579 820.5148706560725 794.0274524184367
210.0 30.55994809442992 796.5379946201751 765.9780465257452
211.0 32.75030104032279 774.2712066210368 741.520905580714
212.0 34.42505703351346 766.7215493256749 732.2964922921615
213.0 31.81255031549835 783.9782420105579 752.1656916950595
214.0 29.22313906303438 807.367169550822 778.1440304877877
215.0 27.91239539615352 808.2901443175755 780.377748921422
216.0 9.490607846712892 923.7221366424841 914.2315287957712
217.0 34.09354110744484 769.6134156605402 735.5198745530953
218.0 21.98404054552068 845.6018967081196 823.6178561625989
219.0 28.689897803906 804.2787065948257 775.5888087909197
220.0 11.73513234468576 903.7221233194256 891.9869909747398
221.0 23.08339225222393 839.0661914579179 815.982799205694
222.0 26.9167631594403 819.681017515539 792.7642543560987
223.0 30.2573247412062 798.9275290249644 768.6702042837582
224.0 17.91319626553301 867.7092935333114 849.7960972677784
225.0 26.1322800868811 819.7953181061883 793.6630380193072
226.0 31.71329161401611 789.9037327613654 758.1904411473493
227.0 31.7654917255595 782.8178632407142 751.0523715151547
228.0 32.90085058829521 776.9767800646269 744.0759294763316
229.0 28.78668378968278 808.6132889493538 779.826605159671
230.0 27.28431522028484 817.2094322032997 789.9251169830149
231.0 30.05182175602285 794.0289613902082 763.9771396341853
232.0 35.12747930309175 766.578531815336 731.4510525122443
233.0 34.10027106433793 772.0292190621788 737.9289479978409
234.0 30.31934590024115 795.4511904359328 765.1318445356917
235.0 32.85525122454926 780.8906917665515 748.0354405420023
236.0 33.67808320807028 775.9677257308532 742.2896425227829
237.0 32.2496612553558 789.3248792047916 757.0752179494358
238.0 28.82226726970453 809.0590476343814 780.2367803646769
239.0 35.81115958315726 765.5061655227191 729.6950059395618
240.0 34.50683083042087 772.5010481828103 737.9942173523895
241.0 35.2046423288162 765.6210563436598 730.4164140148436
242.0 24.24633968227624 833.6549361485143 809.408596466238
243.0 30.41862911275449 796.5061650975958 766.0875359848413
244.0 29.22949771751478 807.5702702619981 778.3407725444833
245.0 35.66891745264599 763.7807518949133 728.1118344422673
246.0 32.51778198946002 786.0019313954541 753.4841494059941
247.0 33.79967581183241 776.6235035770588 742.8238277652264
248.0 32.5244825150329 787.5990055751357 755.0745230601028
249.0 31.84020206396109 786.9782785940352 755.1380765300741
250.0 29.61324780955275 805.4466905211323 775.8334427115795
251.0 32.9333105850552 781.049774225495 748.1164636404398
252.0 27.68471746234883 815.6425277699804 787.9578103076316
253.0 31.4816050122018 790.5133804305786 759.0317754183768
254.0 37.17286062419934 760.6860332791363 723.5131726549369
255.0 34.30998434502553 771.6801085343559 737.3701241893304
256.0 32.6635177295335 788.0266802323571 755.3631625028236
257.0 35.1453652766949 768.2459375391225 733.1005722624276
258.0 35.20490689295748 770.5752188698243 735.3703119768668
259.0 36.05167529851473 757.8129246686725 721.7612493701578
260.0 10.90663905269148 909.7221365004479 898.8154974477565
261.0 37.73564776112025 754.1440319498407 716.4083841887205
262.0 34.05036146264077 775.2696877034461 741.2193262408054
263.0 38.04501835636131 750.1237763676087 712.0787580112474
264.0 36.26114418751913 763.2192056090006 726.9580614214815
265.0 35.13506061335057 771.1670379574896 736.031977344139
266.0 31.10813706063468 796.2499994200978 765.1418623594632
267.0 33.84094389965152 781.8966232920959 748.0556793924444
268.0 36.51112375679322 765.6585655246124 729.1474417678192
269.0 30.00979215651239 803.6810337791874 773.671241622675
270.0 32.60059543142787 785.3760785381443 752.7754831067165
271.0 38.07160407538868 749.3301290112377 711.258524935849
272.0 33.53027391822501 785.228755088715 751.6984811704899
273.0 38.54957358484115 748.4507068418736 709.9011332570324
274.0 32.20836589296739 789.1579351944807 756.9495693015133
275.0 20.12320415077502 855.7218652700479 835.5986611192728
276.0 35.1465309100907 768.5916905573822 733.4451596472915
277.0 35.72341790834715 766.1155771986919 730.3921592903447
278.0 37.52633267533193 750.6732443386906 713.1469116633587
279.0 23.86954326011063 835.7208990591314 811.8513557990207
280.0 34.20933232118533 779.6731324758311 745.4638001546458
281.0 34.49110205976575 772.101140926225 737.6100388664592
282.0 35.03669938046514 775.6081591039759 740.5714597235107
283.0 35.72652153240813 764.8090480181453 729.0825264857372
284.0 32.34210371868597 791.165442592369 758.823338873683
285.0 31.96178354243408 793.5236587987739 761.5618752563398
286.0 38.75254490523737 743.3488472517611 704.5963023465237
287.0 22.73806363772503 841.7216623977101 818.9835987599851
288.0 38.64966288759198 746.0905360755162 707.4408731879243
289.0 34.48060632618797 777.1889623315288 742.7083560053408
290.0 33.90807477311112 782.8388182306713 748.9307434575601
291.0 37.47362564000973 758.5598400565213 721.0862144165116
292.0 35.26599748294437 772.0513317157986 736.7853342328542
293.0 36.79480684964428 762.9981426576998 726.2033358080555
294.0 35.83538765265595 771.8271015027523 735.9917138500963
295.0 39.06072053036615 741.1532738006667 702.0925532703006
296.0 33.88960908884943 782.4544159625424 748.564806873693
297.0 32.99396412202598 785.4477224525387 752.4537583305127
298.0 35.41357365194646 773.3505275290546 737.9369538771081
299.0 23.49126654180119 837.703940379006 814.2126738372048
300.0 38.75945890655517 746.4127287384038 707.6532698318486
301.0 36.30307540841325 764.3118281844823 728.008752776069
302.0 28.4568989368013 811.6568832239277 783.1999842871264
303.0 39.19251246211486 747.768376342477 708.5758638803621
304.0 39.25122856283986 742.8279700407645 703.5767414779246
305.0 38.58739293220409 750.5778080184119 711.9904150862078
306.0 37.06250396979312 760.3259715126047 723.2634675428116
307.0 36.36610620996308 765.151739135532 728.7856329255689
308.0 31.50557085790927 794.5819115766787 763.0763407187694
309.0 36.70351050929635 763.1609776699456 726.4574671606492
310.0 24.24812388081964 833.7217459715415 809.4736220907219
311.0 37.93527179164382 750.3661176986026 712.4308459069588
312.0 40.68675721554609 734.4288780121429 693.7421207965968
313.0 38.55474014188746 747.8324771051238 709.2777369632363
314.0 39.63944842585598 740.3495762035962 700.7101277777402
315.0 38.57948102233937 752.7977810078197 714.2182999854804
316.0 36.70732230445807 763.0431599269681 726.33583762251
317.0 33.42177383560568 784.1786163650178 750.7568425294121
318.0 38.04237219801802 754.9918878956393 716.9495156976212
319.0 39.28037465378713 744.0920099786759 704.8116353248888
320.0 39.12052174192338 746.8181257947863 707.6976040528629
321.0 38.98337258189728 744.9442820135274 705.9609094316302
322.0 36.25058252902739 770.1578599360436 733.9072774070162
323.0 34.68218877577235 778.4869615511411 743.8047727753687
324.0 37.76831426813706 756.7625532652241 718.994238997087
325.0 36.787027627173 762.8723401955463 726.0853125683733
326.0 39.29714830087957 745.3780742013215 706.0809259004419
327.0 33.11852333093293 787.0197324777217 753.9012091467888
328.0 40.49349502654388 735.4225358602979 694.929040833754
329.0 38.33978479366684 754.4826170373325 716.1428322436657
330.0 39.86465877905021 744.2306117463414 704.3659529672912
331.0 34.71259211444615 779.04241780324 744.3298256887938
332.0 41.22932633924894 734.0902406620384 692.8609143227895
333.0 38.89709924673203 745.7330969804234 706.8359977336914
334.0 23.11452925949828 839.7220839446003 816.607554685102
335.0 37.65898082101898 760.3526530000393 722.6936721790204
336.0 39.9257677473322 745.4259787964953 705.5002110491631
337.0 39.49832208890092 746.834684964439 707.3363628755381
338.0 39.50522032675218 743.4265253474542 703.921305020702
339.0 38.93233655649387 753.4237738527905 714.4914372962966
340.0 39.06819374091486 755.456596761827 716.3884030209121
341.0 37.46207071981819 760.3981241474362 722.9360534276181
342.0 22.73807030678055 841.7220997565623 818.9840294497818
343.0 40.24985402887119 740.5639933817854 700.3141393529142
344.0 39.60401082763619 748.1522721843021 708.5482613566659
345.0 41.22228221194904 733.7169149230073 692.4946327110582
346.0 41.16187831174281 729.2967225424486 688.1348442307058
347.0 42.54165472172576 720.9555522638676 678.4138975421419
348.0 40.34943586445069 735.5877466299133 695.2383107654627
349.0 39.51409256508305 746.0433152526694 706.5292226875863
350.0 41.45378252334518 732.5361969527881 691.0824144294429
351.0 40.90493091019147 736.7885379548472 695.8836070446557
352.0 41.78434770479223 728.78950637554 687.0051586707478
353.0 40.42373950666638 739.1615808162556 698.7378413095892
354.0 41.92392316523842 731.6289294547493 689.7050062895109
355.0 41.81852790420632 726.9589709392209 685.1404430350146
356.0 39.03002579290748 755.1864885264668 716.1564627335593
357.0 40.94779314179054 736.1848236972774 695.2370305554868
358.0 41.49626242047131 732.9563095625039 691.4600471420325
359.0 39.38456587485649 751.8302898470043 712.4457239721478
360.0 41.24662966048657 732.1455877751419 690.8989581146553
361.0 41.62054895626235 730.7839782681129 689.1634293118506
362.0 42.98985832230553 719.7847198301944 676.7948615078889
363.0 40.15404592379899 739.4842100488109 699.3301641250119
364.0 41.10168867591962 737.916934659699 696.8152459837794
365.0 38.59327130688777 753.7216074531527 715.1283361462649
366.0 39.09786156689696 756.3691881060646 717.2713265391677
367.0 43.11003997422345 719.8894400284275 676.7794000542041
368.0 39.01062369785002 755.0730950925643 716.0624713947143
369.0 42.57466472525224 730.2823986018671 687.7077338766149
370.0 42.64513491722831 721.6300589375852 678.9849240203569
371.0 41.08211207513821 740.9410251400884 699.8589130649502
372.0 40.66114346053374 746.9060250852258 706.244881624692
373.0 42.23173246969978 729.3877450397764 687.1560125700766
374.0 42.41381722033336 732.6717044462737 690.2578872259403
375.0 41.35854880711684 735.3796424607262 694.0210936536094
376.0 42.53505356242361 729.3040436587364 686.7689900963128
377.0 41.39528261924161 734.9319209940078 693.5366383747662
378.0 44.34561065577856 710.989633053148 666.6440223973694
379.0 43.38257203688342 720.0219108690509 676.6393388321675
380.0 43.52995331086969 717.3399242235179 673.8099709126482
381.0 40.59854576311527 742.5775368413919 701.9789910782767
382.0 43.42374965179667 721.7972512455984 678.3735015938017
383.0 40.6538488751925 747.3066910069544 706.6528421317619
384.0 42.91042273752614 728.0606971608031 685.150274423277
385.0 42.63134005684505 728.6853878849676 686.0540478281226
386.0 43.11882718522791 722.9812196359882 679.8623924507603
387.0 39.10925700082969 756.6271642982549 717.5179072974253
388.0 42.41729773973819 730.7920105734469 688.3747128337087
389.0 40.30959317090269 750.0298495476613 709.7202563767586
390.0 38.29999638199049 760.763243873583 722.4632474915925
391.0 42.5427841569401 733.0016458833531 690.458861726413
392.0 35.9279713647647 773.5929606022865 737.6649892375218
393.0 40.74190880811117 748.5891897504426 707.8472809423314
394.0 43.94826562128772 718.0502778389499 674.1020122176622
395.0 44.62321377076769 714.1337567340151 669.5105429632474
396.0 42.38999402176751 733.6027650119843 691.2127709902167
397.0 44.98920594183908 711.0368688576999 666.0476629158609
398.0 44.67628009049421 714.0128694175352 669.336589327041
399.0 43.64598589520754 723.6815331049522 680.0355472097446
400.0 44.8392187215836 710.9916728078054 666.1524540862218
401.0 42.68119920765198 732.7261505924019 690.04495138475
402.0 44.33663156626335 719.0558180419501 674.7191864756868
403.0 44.42989690652266 719.1268570816823 674.6969601751597
404.0 44.9316354089797 711.8840205598365 666.9523851508568
405.0 43.24383698318178 728.0852428117769 684.8414058285951
406.0 46.0360307385976 702.5240882418635 656.4880575032659
407.0 44.98185448483352 713.5865644434 668.6047099585665
408.0 42.90117483394203 729.3585987838969 686.4574239499549
409.0 45.36311771681466 712.3501179935692 666.9870002767545
410.0 46.58909952963487 700.0578876836191 653.4687881539843
411.0 45.59259584608278 709.8119675433681 664.2193716972853
412.0 46.60818172840171 705.5209403294402 658.9127586010385
413.0 46.04408797786995 707.5154727002999 661.4713847224299
414.0 36.73051855585039 769.6558946333868 732.9253760775364
415.0 44.31879770488823 728.2381491139915 683.9193514091033
416.0 45.21273550651136 716.4806650001802 671.2679294936688
417.0 46.69739303741781 702.8954324730519 656.1980394356341
418.0 46.85438185165439 698.6853322461326 651.8309503944782
419.0 46.19655196102149 711.5677529609446 665.3712009999231
420.0 44.7378143088181 725.9905686743784 681.2527543655603
421.0 44.73566370429491 722.4560114018165 677.7203476975216
422.0 45.94968502039345 712.0719209368827 666.1222359164893
423.0 46.08848699261151 711.3723973560471 665.2839103634356
424.0 46.1038230584651 713.9142876892014 667.8104646307363
425.0 45.94646865341202 708.3383568632966 662.3918882098846
426.0 46.60571515062203 707.3560565439311 660.750341393309
427.0 46.79702388028169 705.6294056994819 658.8323818192002
428.0 46.21812887649586 715.4801095142924 669.2619806377965
429.0 47.96499570317598 695.6248210447493 647.6598253415733
430.0 47.22486231708792 708.1730136621908 660.9481513451029
431.0 48.03873088871817 702.7952617312031 654.7565308424849
432.0 47.60811161476161 703.4619673057633 655.8538556910017
433.0 47.53753310138421 700.6904953897083 653.1529622883241
434.0 48.0698215564971 699.3088303977234 651.2390088412263
435.0 46.5561146995417 710.9368104393331 664.3806957397914
436.0 46.82092291585726 710.8675332029683 664.0466102871111
437.0 50.02368325303976 680.624633862132 630.6009506090922
438.0 48.56835119468202 694.0421654847454 645.4738142900634
439.0 47.98269561523319 701.4900413826358 653.5073457674027
440.0 49.15782946100533 689.9932126082674 640.8353831472621
441.0 47.4928138533111 710.7281758128728 663.2353619595617
442.0 49.57534866881091 687.9381763935235 638.3628277247126
443.0 46.49046351931581 715.908075138141 669.4176116188251
444.0 45.66985895989004 724.5542342280313 678.8843752681412
445.0 49.23432169019144 691.3115324893035 642.0772107991121
446.0 47.27489829627901 715.0728056131975 667.7979073169184
447.0 35.13278865016216 777.7215271140565 742.5887384638943
448.0 49.08931108633401 700.4181113741756 651.3288002878415
449.0 46.08086322821023 722.4823151170976 676.4014518888874
450.0 50.00239154324962 687.724181157514 637.7217896142644
451.0 48.71121300599802 704.2621172933855 655.5509042873875
452.0 48.68379902460235 703.7919840761665 655.1081850515641
453.0 52.13571840775908 670.5280209051557 618.3923024973966
454.0 48.35187402559415 703.8878764968892 655.5360024712951
455.0 48.52609890290338 709.1701884697874 660.644089566884
456.0 50.05545213941527 695.0277001455131 644.9722480060978
457.0 50.76314153281369 684.190350852438 633.4272093196243
458.0 51.96629626130662 675.4302184956891 623.4639222343825
459.0 52.53881549973535 669.6414479925897 617.1026324928543
460.0 51.62699651619532 682.6095699330858 630.9825734168905
461.0 51.83563348757192 684.1582853840542 632.3226518964823
462.0 51.78494980514027 684.7594241698205 632.9744743646802
463.0 51.60666463939371 682.1097760338703 630.5031113944766
464.0 51.92363435689175 683.3987267129571 631.4750923560654
465.0 50.8850844332484 695.0704458938468 644.1853614605984
466.0 53.61083338203779 669.633248160562 616.0224147785242
467.0 41.59170923329724 745.7163380026276 704.1246287693304
468.0 52.14766331321371 684.4998316001952 632.3521682869815
469.0 52.44990614266319 681.8956404586606 629.4457343159974
470.0 53.26022558535946 674.786500138455 621.5262745530955
471.0 53.66382906841714 673.1418236789637 619.4779946105466
472.0 53.48281472762215 674.536171573069 621.0533568454468
473.0 46.52983552119642 721.5748380498149 675.0450025286185
474.0 53.82745565007534 673.0725500427797 619.2450943927044
475.0 55.5432497006758 657.6625351240829 602.1192854234071
476.0 54.28230052072808 670.8715257878298 616.5892252671017
477.0 53.86816646515478 674.33047156865 620.4623051034952
478.0 53.3255253797375 681.047023303627 627.7214979238895
479.0 57.11877762469191 648.5273779751573 591.4086003504654
480.0 55.78021032572591 663.4621378658394 607.6819275401135
481.0 55.60862371772863 662.859233272638 607.2506095549093
482.0 55.81092881148851 662.8244194226057 607.0134906111172
483.0 49.02809729409804 709.6048584170951 660.5767611229971
484.0 52.76220607463761 690.4140035811409 637.6517975065033
485.0 57.78895481226943 649.8397381648384 592.050783352569
486.0 53.59462245547456 686.3106822924809 632.7160598370064
487.0 57.87841314836393 649.5998347759378 591.7214216275739
488.0 55.95352328314046 667.4712915487133 611.5177682655728
489.0 56.95042884823152 658.4645676752754 601.5141388270438
490.0 57.526913875024 659.4020961492428 601.8751822742188
491.0 56.8083527372074 662.1668610617846 605.3585083245772
492.0 58.18605364602124 655.7574622156666 597.5714085696453
493.0 59.24449394849865 647.8450227416654 588.6005287931668
494.0 50.28181695208328 703.6175699408584 653.3357529887752
495.0 59.61307274595437 645.1908864553408 585.5778137093864
496.0 60.32080368977961 639.3326884898499 579.0118848000703
497.0 59.95800391345651 643.5228345275307 583.5648306140742
498.0 59.01945976037286 653.4729327206264 594.4534729602535
499.0 60.54109839267237 642.7252788229117 582.1841804302393
500.0 54.48421877294871 683.4886336757944 629.0044149028457
501.0 60.72733249963589 645.1589093502587 584.4315768506228
502.0 59.44615955576556 657.0160805723924 597.5699210166268
503.0 60.69937632128212 645.7107303909551 585.011354069673
504.0 61.29161707333038 644.2721138679177 582.9804967945873
505.0 63.91121919037449 623.2400052268746 559.3287860365001
506.0 62.90872597126796 630.8926240983439 567.9838981270759
507.0 63.50367155767717 628.3627932602098 564.8591217025326
508.0 63.08343085605072 635.8494760132654 572.7660451572147
509.0 63.24426539855811 637.8054055993507 574.5611402007925
510.0 64.66296224603939 623.3186689210394 558.655706675
511.0 63.48181085202064 630.825451639431 567.3436407874103
512.0 65.5979222152329 616.9726292526243 551.3747070373914
513.0 65.94024867796977 621.1358515111883 555.1956028332186
514.0 66.58786340706487 615.8493670548158 549.2615036477509
515.0 65.48216887756335 622.933645693379 557.4514768158157
516.0 68.00770675367453 605.8513029705958 537.8435962169212
517.0 69.03155928265007 599.0997205252822 530.0681612426321
518.0 68.78965389164715 602.0976378747998 533.3079839831526
519.0 69.68815230730179 597.7647587350988 528.076606427797
520.0 67.8480279162059 609.6786483929699 541.830620476764
521.0 70.93427278252819 593.9687742114366 523.0345014289084
522.0 69.30665379407837 611.4851541937373 542.1785003996589
523.0 67.99363304472407 614.8640707831835 546.8704377384595
524.0 70.66181649314473 601.045716333614 530.3838998404693
525.0 70.95326898475668 599.8326501329677 528.879381148211
526.0 72.78178591451994 590.0284167613874 517.2466308468674
527.0 69.69037052807723 609.7758461464743 540.0854756183971
528.0 74.99954772950994 580.7531479622356 505.7536002327256
529.0 69.77758990987775 610.374338449949 540.5967485400713
530.0 72.3218189289859 597.9150405358411 525.5932216068552
531.0 75.80949437557002 576.3420218913924 500.5325275158224
532.0 76.6358902759818 572.8752770798087 496.2393868038269
533.0 78.2866323926394 568.136030473201 489.8493980805616
534.0 73.40002436684568 589.006722985097 515.6066986182513
535.0 78.78321916001129 563.1862647354421 484.4030455754308
536.0 78.83348172774294 567.9918670182041 489.1583852904612
537.0 78.65083413710294 563.1630526852358 484.5122185481328
538.0 83.62492004032827 541.0032777313139 457.3783576909857
539.0 82.73673809114804 543.3085846697274 460.5718465785793
540.0 79.98702445557227 560.8071754840239 480.8201510284517
541.0 78.06625694850529 573.6870068956299 495.6207499471246
542.0 77.63043183202843 575.6100822636508 497.9796504316224
543.0 78.49017311081151 571.4668037246489 492.9766306138374
544.0 75.00977182055562 587.1653836985216 512.155611877966
545.0 87.21277084881901 531.7201235524022 444.5073527035832
546.0 90.33191422570879 517.7217847418817 427.3898705161729
547.0 104.8293026060474 470.7234211716231 365.8941185655757
548.0 85.89536629749491 537.722136938008 451.8267706405131
549.0 79.36720659729567 567.7221369999683 488.3549304026727
550.0 80.23345968125789 563.6829934730565 483.4495337917986
551.0 116.908661822734 437.2218428601098 320.3131810373758
552.0 115.2453447247984 443.5182762207874 328.2729314959891
553.0 111.967251617763 451.1900313909682 339.2227797732052
554.0 108.3717372583712 461.6886653640518 353.3169281056806
555.0 96.57584738559099 501.7221369654484 405.1462895798574
556.0 116.939824469446 439.6197173469795 322.6798928775336
557.0 124.8588685244406 421.6644207973675 296.8055522729269
558.0 112.7523473299109 449.2059082244089 336.4535608944979
559.0 114.4309585802546 445.6154237364346 331.18446515618
560.0 124.8626879182114 421.7189281659463 296.8562402477349
561.0 132.9700931662908 403.7045045190307 270.73441135274
562.0 141.0564442202424 385.1694890742005 244.1130448539581
563.0 136.1314033741041 395.0812231050788 258.9498197309748
564.0 137.5055920119371 393.7040973533803 256.1985053414432
565.0 127.5565249849073 415.7198687797223 288.163343794815
566.0 141.4730798753144 382.6391001607615 241.1660202854472
567.0 143.946836049314 379.5302340899082 235.5833980405942
568.0 153.0945160088155 361.7214536504704 208.6269376416549
569.0 143.9468379620798 379.5302849498841 235.5834469878043
570.0 151.9286736738901 363.3659729093867 211.4372992354966
571.0 152.001900558494 363.7134410779058 211.7115405194118
572.0 168.318399342447 335.1756135660343 166.8572142235872
573.0 152.0025358120436 363.7221358115633 211.7195999995198
574.0 164.824769187897 341.7136840448253 176.8889148569283
575.0 150.900835567491 365.5194960869121 214.618660519421
576.0 185.5814149127675 307.3961063353076 121.8146914225401
577.0 186.712176350225 305.1575337472457 118.4453573970207
578.0 153.0945515908132 361.7221369999552 208.627585409142
579.0 172.1450493706906 329.7221369980698 157.5770876273792
580.0 215.793912809627 262.692758868576 46.89884605894898
581.0 193.0968267592088 295.7221369988869 102.6253102396781
582.0 205.3189221771379 277.7221248539454 72.40320267680746
583.0 216.2734579032915 263.6687078452442 47.39524994195267
584.0 224.3830028916329 253.7219069807529 29.33890408911996
585.0 245.5391694076696 227.6042125373085 -17.93495687036112
586.0 242.2973152755709 231.6833705098417 -10.61394476572926
587.0 240.6705293270931 233.7093548792415 -6.961174447851582
588.0 242.2963900227505 231.6851004427682 -10.61128957998228
591.0 263.4916342437948 205.722137 -57.76949724379479
