0.0 4.110858361024423 975.6743426998425 971.563484338818
1.0 2.971977738580655 974.9776322751015 972.0056545365209
2.0 2.082120561110694 976.7680059723688 974.6858854112581
3.0 1.487371401561522 975.4496696873151 973.9622982857536
4.0 1.086407018008144 975.5924763583086 974.5060693403004
5.0 0.7380677777893066 974.1885434503898 973.4504756726005
6.0 0.6449901273258854 976.0258097454778 975.3808196181519
7.0 0.3493698572474155 974.457474292617 974.1081044353695
8.0 0.307202389344572 973.1994096763138 972.8922072869692
9.0 0.2338689394974462 973.6477969684366 973.4139280289391
10.0 0.113903468948351 972.4006241061119 972.2867206371635
11.0 0.08518036741476168 972.2742169315408 972.189036564126
12.0 0.01255046626906896 972.1474161684339 972.1348657021649
13.0 0.05963223752113504 971.3519337631215 971.2923015256003
14.0 0.1049251692049577 970.9651459017648 970.8602207325599
15.0 0 970.8711154156777 970.8711154156777
16.0 0.1475663409299242 969.2557390255613 969.1081726846313
17.0 0.1089661278009784 969.922926993086 969.813960865285
18.0 0.1556563438393252 969.7706201099538 969.6149637661145
19.0 0.2368889217100061 966.9420275883887 966.7051386666787
20.0 0.3253912606493328 969.389471679913 969.0640804192637
21.0 0.366621718421857 968.8414966998821 968.4748749814602
22.0 0.4288338724082226 967.5812679300439 967.1524340576356
23.0 0.5104146440430022 967.2620589927399 966.7516443486969
24.0 0.5727231326598876 966.9730195621612 966.4002964295014
25.0 0.6331976649191011 967.1905856211019 966.5573879561828
26.0 0.7051462967831273 965.9805587072274 965.2754124104443
27.0 0.7359446395563441 966.3086110277948 965.5726663882385
28.0 0.8789435735743076 967.3518927085563 966.472949134982
29.0 0.8484224999841221 965.9307773081402 965.082354808156
30.0 0.8679522702860535 965.9041563156168 965.0362040453307
31.0 1.078314779770722 963.1180241774967 962.039709397726
32.0 1.155503426220041 965.4220611746666 964.2665577484466
33.0 1.195362953116478 963.6368065272414 962.4414435741249
34.0 1.174710797330488 964.0449090509939 962.8701982536634
35.0 1.437626456328643 962.4899503873136 961.0523239309849
36.0 1.477871178771795 963.9796261915854 962.5017550128136
37.0 1.557160784450627 962.3202486947101 960.7630879102595
38.0 1.685408315440257 961.7030599655626 960.0176516501223
39.0 1.750099060753225 961.4012583180219 959.6511592572687
40.0 1.848117080913488 960.7427480832255 958.894631002312
41.0 1.951875418896998 961.7766257291976 959.8247503103006
42.0 1.984026070779749 963.2615084741528 961.2774824033731
43.0 2.113149733998411 959.8206508442449 957.7075011102465
44.0 2.112256797161352 960.4501883324368 958.3379315352754
45.0 2.248535503474943 956.944204569467 954.6956690659921
46.0 2.552114025685918 961.0878632151676 958.5357491894817
47.0 2.45515626138841 961.4306753924592 958.9755191310708
48.0 2.563189633352902 961.3063517672355 958.7431621338826
49.0 2.8713485883176 958.2765666493953 955.4052180610777
50.0 2.923233984896756 958.2073733723765 955.2841393874797
51.0 3.109408038336733 955.8094342839506 952.7000262456139
52.0 3.057322279135048 959.7354962884549 956.6781740093199
53.0 3.22125968317406 956.1067008082025 952.8854411250285
54.0 3.274781875016137 957.5557504029833 954.2809685279672
55.0 3.715715804356627 956.2345612613436 952.5188454569869
56.0 3.725656753158642 954.0575365106303 950.3318797574716
57.0 3.761663329280926 952.6678877150979 948.9062243858169
58.0 3.86040875419005 956.7191704786401 952.85876172445
59.0 4.092570093634594 957.857591095806 953.7650210021714
60.0 4.000623631979793 953.3903998833641 949.3897762513844
61.0 4.052995211459034 952.3370545090532 948.2840592975941
62.0 4.58385049701165 953.8871550891376 949.303304592126
63.0 4.333756845174265 958.5299977179522 954.196240872778
64.0 4.907985731629507 946.304952661295 941.3969669296655
65.0 4.58288494341693 957.3493886789551 952.7665037355382
66.0 4.788021340974221 949.9670974816745 945.1790761407003
67.0 5.044664963750333 951.6707517456674 946.626086781917
68.0 5.359627752308044 946.7482812215957 941.3886534692876
69.0 5.362852448292211 943.5845513891135 938.2216989408212
70.0 5.207474336543441 957.1496722382605 951.9421979017171
71.0 6.499619561589522 954.3072428996595 947.80762333807
72.0 5.694000714083413 943.0937155656432 937.3997148515597
73.0 5.518849090532553 954.2155112013104 948.6966621107778
74.0 6.567277319314532 949.8320278233817 943.2647505040672
75.0 7.016930960604957 936.9361476247965 929.9192166641916
76.0 6.876555117156297 955.7973601749155 948.9208050577592
77.0 7.101834115318272 954.1224542050419 947.0206200897237
78.0 6.600535261411617 945.474786326306 938.8742510648944
79.0 7.343492216484107 933.9127862542913 926.5692940378072
80.0 7.347340511117677 938.9858310843503 931.6384905732326
81.0 7.982924567866255 925.3297156802328 917.3467911123665
82.0 7.023838361678882 950.4661162960467 943.4422779343678
83.0 8.641770003139735 918.4180868351358 909.7763168319961
84.0 10.28106683166582 899.4446047154289 889.1635378837631
85.0 7.6196854296259 971.1281140202447 963.5084285906188
86.0 8.917558062094592 912.8943920491501 903.9768339870555
87.0 11.00333126448808 889.3531255298659 878.3497942653778
88.0 8.353229694519317 950.6017493356628 942.2485196411435
89.0 8.311211370322976 979.33932954473 971.0281181744071
90.0 10.34531293488686 895.9040670770965 885.5587541422096
91.0 11.46808000142746 889.3419901803812 877.8739101789537
92.0 11.16284366845074 896.5097889809057 885.3469453124549
93.0 8.410148288963123 938.2352801595374 929.8251318705743
94.0 10.17969201775971 914.0094092993964 903.8297172816367
95.0 11.56444730575261 900.8512501185225 889.2868028127699
96.0 13.96165124557029 872.2258993317378 858.2642480861675
97.0 12.77677201808492 888.8496971314169 876.072925113332
98.0 11.79981013435522 901.3857024675151 889.5858923331599
99.0 14.97041343212782 866.2060537437947 851.2356403116669
100.0 13.2616438398793 884.3739156112353 871.112271771356
101.0 9.400976034005629 926.3407473312359 916.9397712972303
102.0 14.18271081461755 876.5091966855248 862.3264858709072
103.0 8.429141605212793 988.8255184072017 980.3963768019889
104.0 13.30182404654261 885.6030072117752 872.3011831652326
105.0 14.35425884394551 876.2395524816447 861.8852936376991
106.0 13.94110966343921 881.489929121886 867.5488194584468
107.0 13.57436512987387 891.8296002088356 878.2552350789618
108.0 15.46515447918015 875.3084926855529 859.8433382063728
109.0 15.42119083222648 881.4267219361735 866.005531103947
110.0 15.23519396061104 875.4362738738604 860.2010799132494
111.0 16.91431589771782 864.7786745759149 847.8643586781971
112.0 18.13363486664951 856.9818012855342 838.8481664188847
113.0 15.26676360272117 876.9233212993251 861.6565576966039
114.0 18.84647857490734 849.8590300635292 831.0125514886219
115.0 14.344032196317 889.3484492847876 875.0044170884706
116.0 17.51723838578509 867.0488864352621 849.531648049477
117.0 19.12958341330382 854.4881443394144 835.3585609261106
118.0 12.73546787015128 900.5110888129457 887.7756209427944
119.0 18.6239409395651 858.5644674847382 839.9405265451731
120.0 8.367994518061987 935.8726061769461 927.5046116588841
121.0 17.35773776717546 866.2299218267563 848.8721840595808
122.0 15.32104227793782 882.1166180163179 866.7955757383801
123.0 19.33886702065269 854.0403411006781 834.7014740800254
124.0 14.18204645288925 889.5523934600392 875.37034700715
125.0 13.80084092724057 895.651650471075 881.8508095438344
126.0 21.71284529950768 838.6421532299601 816.9293079304525
127.0 17.9687522859657 866.6751944674628 848.7064421814971
128.0 19.08507132689581 861.0741727095208 841.9891013826249
129.0 20.77153560394193 849.1893200868244 828.4177844828824
130.0 18.95085266376953 865.5570604833784 846.6062078196088
131.0 17.52962440614186 870.0314352810724 852.5018108749306
132.0 21.43291942765017 842.9504516019693 821.5175321743191
133.0 23.00140839089859 835.125578515994 812.1241701250954
134.0 12.7849010871782 901.7088378642752 888.923936777097
135.0 9.433237814500984 931.7215261722141 922.2882883577131
136.0 23.11324363698819 833.4539065614757 810.3406629244875
137.0 20.45788825267002 856.9753245749067 836.5174363222367
138.0 25.28227295978006 825.7195729009184 800.4372999411384
139.0 21.625904763037 846.0082308211397 824.3823260581027
140.0 10.5795523295018 917.7112497643435 907.1316974348417
141.0 21.00998450484711 852.0843901303504 831.0744056255033
142.0 24.08020239869759 833.329640834483 809.2494384357854
143.0 24.53838199867396 825.5263728530263 800.9879908543524
144.0 25.86420825502769 821.8978267519492 796.0336184969215
145.0 22.84649785829931 840.50076364243 817.6542657841307
146.0 8.94423675374471 941.7220330301474 932.7777962764027
147.0 24.04234141851743 832.9092194277353 808.8668780092179
148.0 20.9620652641237 856.6150177456316 835.6529524815079
149.0 14.87656696486438 889.6991557614201 874.8225887965557
150.0 25.38473021048892 825.3608255466802 799.9760953361913
151.0 23.89471143229881 837.1784444564767 813.2837330241779
152.0 26.90190690531659 812.2273859381817 785.3254790328652
153.0 24.82533155310863 829.2244318094371 804.3991002563285
154.0 25.56705046217649 823.2689893572981 797.7019388951216
155.0 25.42054433987028 823.7600508144936 798.3395064746233
156.0 24.93560535513773 831.7740301713738 806.8384248162361
157.0 25.69367699773373 823.3075924449058 797.6139154471721
158.0 9.433234096479808 931.7213549292448 922.288120832765
159.0 23.977275603708 836.8031752077207 812.8258996040127
160.0 23.62098707470945 839.4394449941819 815.8184579194724
161.0 27.38367587306436 814.1577596664776 786.7740837934132
162.0 22.95302849578618 847.1077983003351 824.1547698045489
163.0 8.328224030009763 980.2813511855255 971.9531271555157
164.0 23.91882200329651 838.6752480112198 814.7564260079233
165.0 27.71658167444308 811.0941935825584 783.3776119081153
166.0 27.9213342758341 811.8370530904226 783.9157188145885
167.0 24.69393561221154 834.3641706414217 809.6702350292102
168.0 27.51048640141631 816.4674227338566 788.9569363324403
169.0 27.90213948698124 811.6315994013338 783.7294599143526
170.0 27.83359444740049 816.7327505678717 788.8991561204712
171.0 25.53482519905573 830.7800445493466 805.2452193502908
172.0 26.04586494648907 829.2201983429747 803.1743333964857
173.0 27.21941975598684 815.5211237168299 788.301703960843
174.0 25.73466272213433 827.4559142542051 801.7212515320708
175.0 22.75603199165842 842.9567090305962 820.2006770389377
176.0 28.24833914227041 811.8282192919526 783.5798801496822
177.0 8.417469582581365 987.7221310986494 979.304661516068
178.0 10.57972261221247 917.7206568487002 907.1409342364877
179.0 27.26636134886824 818.9364399025275 791.6700785536592
180.0 29.74454435332717 804.0659369078631 774.3213925545359
181.0 20.21658790642003 861.66798260465 841.45139469823
182.0 26.82867491403364 825.5691443231121 798.7404694090784
183.0 31.24055441011153 794.9881201691312 763.7475657590197
184.0 27.01442411828988 820.8531506098145 793.8387264915246
185.0 8.708933031312507 1007.722076339671 999.0131433083587
186.0 29.88776477979424 807.6506940158625 777.7629292360683
187.0 15.24413956576563 887.7202357836582 872.4760962178926
188.0 28.14677603113008 811.9444661012309 783.7976900701009
189.0 16.36456233433344 881.72151358117 865.3569512468365
190.0 32.72186879293376 789.3934638311148 756.671595038181
191.0 28.79251250681088 814.3585395909636 785.5660270841527
192.0 27.63271285184949 820.6947360695729 793.0620232177234
193.0 31.00322264852396 795.9588339378724 764.9556112893484
194.0 30.21660197720096 805.3007739467032 775.0841719695023
195.0 26.56014350367171 829.2535047809692 802.6933612772975
196.0 22.18421540220173 851.7051865867 829.5209711844983
197.0 32.96880384302074 791.3979569412211 758.4291530982003
198.0 31.92606291096648 794.2154862240474 762.2894233130809
199.0 31.32604478256798 801.1331503601302 769.8071055775622
200.0 30.16010423247359 805.258082646366 775.0979784138924
201.0 34.44645725341586 779.2484691798269 744.802011926411
202.0 29.27045714608454 813.6508418729315 784.380384726847
203.0 30.13559701727861 809.7304224669751 779.5948254496965
204.0 32.17958421000568 793.2904959133931 761.1109117033874
205.0 33.07356714263896 790.2043871945145 757.1308200518755
206.0 34.50973812032233 782.255241758375 747.7455036380527
207.0 30.1928442425663 810.6604782992867 780.4676340567204
208.0 32.86623141235475 790.4842028021283 757.6179713897735
209.0 28.1591165668933 820.789082010916 792.6299654440227
210.0 32.50128129478146 796.9798364156046 764.4785551208232
211.0 34.92742232078114 774.7241400284243 739.7967177076432
212.0 36.69114782015976 767.1688572873602 730.4777094672005
213.0 33.88699026138733 784.439105701011 750.5521154396237
214.0 31.04883296338723 807.4713408735906 776.4225079102033
215.0 29.71571777774577 808.5669829899448 778.8512652121991
216.0 10.00469568503052 923.722136894209 913.7174412091785
217.0 36.32828302756309 770.1133720517825 733.7850890242194
218.0 23.37162675332427 845.6384396934273 822.266812940103
219.0 30.53965914987401 804.4998963182909 773.9602371684169
220.0 12.4636991543849 903.7221314267775 891.2584322723926
221.0 24.54417387013634 839.1879980215148 814.6438241513785
222.0 28.60194580434746 819.6958946226644 791.0939488183169
223.0 32.17248111749898 799.4127583020963 767.2402771845973
224.0 19.04853862058157 867.713877922239 848.6653393016575
225.0 27.80826994480098 819.9171135478215 792.1088436030205
226.0 33.72923843434195 790.442808266136 756.7135698317941
227.0 33.8514973395165 783.1098345010766 749.2583371615601
228.0 35.05383777538963 777.325873068553 742.2720352931634
229.0 30.59572064578399 808.8068445222306 778.2111238764467
230.0 28.99629934594096 817.3379117731841 788.3416124272431
231.0 32.01376993880638 794.2051309777957 762.1913610389893
232.0 37.40194797989907 766.9776907260167 729.5757427461177
233.0 36.312632602647 772.3556703928684 736.0430377902214
234.0 32.26901289760024 795.8619860067521 763.5929731091518
235.0 34.97015151861753 781.2223787415855 746.252227222968
236.0 35.84750218848382 776.478709477064 740.6312072885802
237.0 34.27672523083783 789.786256638694 755.5095314078561
238.0 30.62749767141882 809.2208608196986 778.5933631482797
239.0 38.10101994932574 766.2185405132139 728.1175205638882
240.0 36.71770444706235 772.9994949814297 736.2817905343673
241.0 37.48887199281968 766.0650256856305 728.5761536928108
242.0 25.77101116791662 833.6755716376017 807.9045604696851
243.0 32.35946225245996 796.8381089712045 764.4786467187446
244.0 31.05356975634346 807.6202517382032 776.5666819818598
245.0 37.97356656816567 764.5946113475549 726.6210447793893
246.0 34.57914305582355 786.5340037121677 751.9548606563441
247.0 35.96422874712587 777.0765220807456 741.1122933336197
248.0 34.57195867526744 787.8365271783109 753.2645685030435
249.0 33.88615680981973 787.4045677433497 753.51841093353
250.0 31.46136097339923 805.5235140484993 774.0621530751001
251.0 35.0467988340991 781.5079529574832 746.4611541233841
252.0 29.41618733455368 815.6684139844225 786.2522266498689
253.0 33.49065478080064 790.8074626397229 757.3168078589222
254.0 39.52265642162616 761.3296141353788 721.8069577137526
255.0 36.5271311117956 772.1330173400589 735.6058862282633
256.0 34.70785960909534 788.3332468433572 753.6253872342619
257.0 37.40362092731484 768.7083470181505 731.3047260908357
258.0 37.43990011189513 771.314077565714 733.8741774538189
259.0 38.42035042995363 758.0538009194734 719.6334504895198
260.0 11.56936631127851 909.7221368336685 898.15277052239
261.0 40.15304485683955 754.9750620025883 714.8220171457487
262.0 36.23056911267764 775.6820719625549 739.4515028498773
263.0 40.50568130576333 750.6462477296636 710.1405664239003
264.0 38.57697439640825 764.0175125163029 725.4405381198947
265.0 37.36472184258993 771.6947157055202 734.3299938629303
266.0 33.05838951829781 796.5180774089831 763.4596878906853
267.0 35.95569862421113 782.2129353435638 746.2572367193527
268.0 38.80640316222946 766.3360069645781 727.5296038023486
269.0 31.87906627903269 803.6960898020131 771.8170235229804
270.0 34.67027952149496 785.6047856710807 750.9345061495857
271.0 40.54026788191058 749.8309899357727 709.2907220538621
272.0 35.61074397891378 785.3737277341098 749.762983755196
273.0 41.03089542677198 749.0403847477866 708.0094893210147
274.0 34.23700589597735 789.5491979250817 755.3121920291043
275.0 21.39545941314238 855.7219998827271 834.3265404695847
276.0 37.40196729265566 768.9493444680883 731.5473771754326
277.0 38.00748870117708 766.639058491144 728.6315697899669
278.0 39.97730605854304 751.0698788227368 711.0925727641938
279.0 25.37076463666171 835.7214834092606 810.3507187725989
280.0 36.34906708224337 779.9922858433238 743.6432187610805
281.0 36.70562357675568 772.61573642452 735.9101128477644
282.0 37.22307829786893 776.0306276628518 738.8075493649829
283.0 38.02407541173868 765.1544198859249 727.1303444741862
284.0 34.35387293135284 791.312099151474 756.9582262201212
285.0 33.9475617139634 793.5880119014834 759.64045018752
286.0 41.28539624815704 743.8613678557752 702.5759716076181
287.0 24.17051874543209 841.7218876109346 817.5513688655025
288.0 41.15558462411657 746.4989422370375 705.343357612921
289.0 36.64705850738896 777.4789638879886 740.8319053805996
290.0 36.01491301116464 783.0484881181122 747.0335751069476
291.0 39.84694099993301 759.1770952694657 719.3301542695327
292.0 37.48861882754499 772.5324127189641 735.0437938914191
293.0 39.11996778149772 763.3720856891119 724.2521179076142
294.0 38.06623818639821 772.186761311491 734.1205231250927
295.0 41.61849037175963 741.5053661754036 699.8868758036439
296.0 35.99961597126962 782.7361161452816 746.736500174012
297.0 35.06619828107309 785.7881471555635 750.7219488744904
298.0 37.62522857769562 773.7984777843582 736.1732492066626
299.0 24.96969197747446 837.7100565506132 812.7403645731387
300.0 41.26188087283283 747.1185715469477 705.8566906741149
301.0 38.61087024205259 764.6807796987061 726.0699094566535
302.0 30.2342675142254 811.6780330158825 781.4437655016571
303.0 41.68570638886614 748.533796667865 706.8480902789989
304.0 41.79303592321616 743.5172859361777 701.7242500129615
305.0 41.0484366260373 751.1883239304587 710.1398873044214
306.0 39.41475399788359 760.958776509887 721.5440225120034
307.0 38.66556175962163 765.6942308021012 727.0286690424796
308.0 33.47615283372336 794.7670990762712 761.2909462425478
309.0 39.02515938318777 763.7519490418207 724.726789658633
310.0 25.77227312095541 833.7219428954868 807.9496697745314
311.0 40.39285046569215 750.8207435042676 710.4278930385754
312.0 43.32312868105608 735.1733866106522 691.8502579295961
313.0 41.0425256154012 748.3256125744867 707.2830869590855
314.0 42.20986252252028 740.8390740719745 698.6292115494542
315.0 41.01899590687655 753.4156034938076 712.3966075869311
316.0 39.03024004696237 763.6152528897846 724.5850128428222
317.0 35.51105994914077 784.3802921641798 748.8692322150391
318.0 40.45578504535322 755.5637875180813 715.1080024727281
319.0 41.81069981888703 744.6942481032023 702.8835482843152
320.0 41.62263435929981 747.4971465268807 705.8745121675808
321.0 41.50280965489587 745.505737599141 704.0029279442452
322.0 38.50180998168975 770.4607434844312 731.9589335027414
323.0 36.83816584575398 778.7538264151868 741.9156605694328
324.0 40.16200744359306 757.3373698460179 717.1753624024249
325.0 39.11189705633845 763.5378850475773 724.4259879912388
326.0 41.81334620799724 746.3642238395879 704.5508776315906
327.0 35.17774589339955 787.1686340700834 751.9908881766838
328.0 43.11888739813537 736.0686279769915 692.9497405788561
329.0 40.76028017964087 755.1956793576038 714.4353991779629
330.0 42.39739298708361 745.2149376193 702.8175446322164
331.0 36.86393075450698 779.2233040326784 742.3593732781714
332.0 43.87366928572014 734.9360517986602 691.06238251294
333.0 41.40817665365611 746.2770462231507 704.8688695694946
334.0 24.56989492267391 839.7221138247912 815.1522189021173
335.0 40.01739612767725 760.8444855064137 720.8270893787364
336.0 42.44797744382306 746.3210778185241 703.8731003747011
337.0 42.00382962671228 747.5255966977948 705.5217670710825
338.0 42.04418391884066 744.0146764397785 701.9704925209379
339.0 41.36836898811846 754.2098570071787 712.8414880190602
340.0 41.48705490316902 756.0109359775352 714.5238810743662
341.0 39.81881985049573 760.7561314972103 720.9373116467145
342.0 24.17052235238278 841.7221203945301 817.5515980421474
343.0 42.82252636010271 741.3686869564593 698.5461605963566
344.0 42.09718611858114 748.9753538031069 706.8781676845257
345.0 43.87065208035769 734.4613129013721 690.5906608210144
346.0 43.85287982790498 729.9253238560219 686.0724440281169
347.0 45.32575632714538 721.7119242612133 676.3861679340679
348.0 42.97235625190877 736.1297519459904 693.1573956940817
349.0 42.02792629700568 746.6269131685736 704.5989868715679
350.0 44.11462209887451 733.5159659650226 689.4013438661481
351.0 43.51933371651339 737.7999228832332 694.2805891667198
352.0 44.4842450990524 729.8260023862779 685.3417572872255
353.0 43.01212375622184 739.8619689825471 696.8498452263252
354.0 44.59773661827139 732.6664895849342 688.0687529666628
355.0 44.53857095899686 727.5498083606631 683.0112374016663
356.0 41.45131766466507 755.7051221958089 714.2538045311438
357.0 43.57050375000054 736.7671407427957 693.1966369927952
358.0 44.15392596285185 733.8408628525131 689.6869368896613
359.0 41.84026628231378 752.6242612617175 710.7839949794037
360.0 43.91099274943281 732.7660425066181 688.8550497571853
361.0 44.30083849742882 731.5705619195952 687.2697234221664
362.0 45.78938381441311 720.57696568775 674.7875818733369
363.0 42.7377115083998 739.9847515945578 697.247040086158
364.0 43.70887564449729 738.5594753709034 694.8505997264062
365.0 41.02508242768521 754.1250081379811 713.0999257102959
366.0 41.5093832546384 756.6910882853913 715.1817050307529
367.0 45.90874517671808 720.8824868000248 674.9737416233067
368.0 41.43293472373186 755.5709152956031 714.1379805718712
369.0 45.26731859279716 731.3984143073711 686.1310957145739
370.0 45.42391542647036 722.3469753829114 676.923059956441
371.0 43.65953995387187 741.6631002372535 698.0035602833816
372.0 43.17741993609069 747.5389347977746 704.3615148616839
373.0 44.93164842214367 730.1119452036357 685.180296781492
374.0 45.08176352971239 733.8124115185203 688.7306479888079
375.0 43.99196768848578 736.167930679604 692.1759629911183
376.0 45.23728706835657 730.320389193685 685.0831021253284
377.0 44.03421444690551 735.5509372649943 691.5167228180888
378.0 47.24308083992285 711.7682979416546 664.5252171017317
379.0 46.18382688648058 720.7635808920231 674.5797540055426
380.0 46.35851211734539 718.0812149526203 671.7227028352749
381.0 43.15601597151755 743.2068639675802 700.0508479960626
382.0 46.20701894606828 722.7962921919894 676.5892732459211
383.0 43.16686509041959 747.805581540445 704.6387164500254
384.0 45.62837553934596 729.0454844028868 683.4171088635408
385.0 45.34160973204029 729.465879675805 684.1242699437647
386.0 45.88868841206795 723.7870883072001 677.8983998951321
387.0 41.51869950120163 756.8901423961551 715.3714428949535
388.0 45.10496552729659 731.6179885522424 686.5130230249458
389.0 42.7933629384356 750.461230546273 707.6678676078374
390.0 40.66205042546987 760.9691020871576 720.3070516616878
391.0 45.21103207209535 733.6844944573377 688.4734623852424
392.0 38.14427279760338 773.6353627315631 735.4910899339597
393.0 43.24427446802415 748.9127250480544 705.6684505800303
394.0 46.77355367557763 718.879252870593 672.1056991950154
395.0 47.49201648979594 715.1170721461545 667.6250556563586
396.0 45.05133363012002 734.2144537402866 689.1631201101666
397.0 47.89032583030949 712.2477594671301 664.3574336368206
398.0 47.54663537351259 715.0225365859821 667.4759012124695
399.0 46.414916097287 724.3319457928503 677.9170296955633
400.0 47.74151674760086 711.7477386846514 664.0062219370505
401.0 45.35344893455722 733.4097839930787 688.0563350585215
402.0 47.1558482152941 719.9027887966227 672.7469405813286
403.0 47.24837982773762 720.1699791013953 672.9215992736577
404.0 47.82563587209102 712.7592087397023 664.9335728676113
405.0 45.96670643120847 728.6801515144736 682.7134450832652
406.0 49.03149523928453 703.2862400874143 654.2547448481298
407.0 47.85935659259383 714.5776132840707 666.7182566914769
408.0 45.60847104945561 729.9571424152507 684.3486713657951
409.0 48.25604416213561 713.3726710751947 665.1166269130591
410.0 49.61279917577607 700.9987715130679 651.3859723372918
411.0 48.51251001783223 710.7761571143256 662.2636470964934
412.0 49.57570498299088 707.2117905696072 657.6360855866163
413.0 48.98912141410403 708.7596569311884 659.7705355170844
414.0 38.99262734253279 769.6772450388789 730.6846176963461
415.0 47.04964336240658 729.0080441972477 681.9584008348411
416.0 48.0648185893099 717.4113585783983 669.3465399890884
417.0 49.69424501319026 703.9396455948407 654.2454005816504
418.0 49.89443129944994 699.5106431843967 649.6162118849467
419.0 49.10461968909713 712.669881905646 663.5652622165488
420.0 47.49383917858505 726.8657494715415 679.3719102929564
421.0 47.52640582387775 723.2072414990904 675.6808356752127
422.0 48.85151442744281 712.976478207842 664.1249637803992
423.0 48.99808991055376 712.3427386010992 663.3446486905455
424.0 48.98742842237076 715.2116673631203 666.2242389407496
425.0 48.88576764336881 708.9398081471381 660.0540405037692
426.0 49.55867470726885 708.398700965859 658.8400262585901
427.0 49.76817232231373 706.737190657491 656.9690183351773
428.0 49.08836411626388 716.6442396438803 667.5558755276164
429.0 51.04479987781963 696.5409278069811 645.4961279291615
430.0 50.17510768242622 709.3709033764499 659.1957956940237
431.0 51.04749947237494 704.2317017682691 653.1842022958942
432.0 50.60571038100279 705.0272473039792 654.4215369229765
433.0 50.56349571587571 701.7902580252782 651.2267623094025
434.0 51.11337724095289 700.5789564158214 649.4655791748685
435.0 49.47547519876005 711.6911279706539 662.2156527718939
436.0 49.74286674565859 711.7522757634226 662.009409017764
437.0 53.26767670129665 681.6060668179163 628.3383901166196
438.0 51.66882061155062 695.0425989575197 643.3737783459691
439.0 51.00545634423519 702.5361229042457 651.5306665600105
440.0 52.30349002441986 690.8985021264269 638.595012102007
441.0 50.42226312538419 711.6666646953715 661.2444015699874
442.0 52.74382734253957 689.0557326775183 636.3119053349787
443.0 49.36215790971691 716.4759484059396 667.1137904962226
444.0 48.45143711637 724.8865216939008 676.4350845775308
445.0 52.3683061820927 692.155571584304 639.7872654022113
446.0 50.16164387894183 715.7485388222263 665.5868949432844
447.0 37.30183288252631 777.7218318414549 740.4199989589286
448.0 52.13163470759352 701.7510451927008 649.6194104851073
449.0 48.88631505615227 722.828071707579 673.9417566514267
450.0 53.17762046540439 688.7215332683523 635.5439128029479
451.0 51.71462390331961 705.2301637911423 653.5155398878227
452.0 51.69105831302965 704.844497203579 653.1534388905494
453.0 55.49704410095453 671.5922038029459 616.0951597019913
454.0 51.35723321733512 704.4957707274444 653.1385375101093
455.0 51.4819430207804 709.8212745726974 658.339331551917
456.0 53.16098248052073 695.974710057115 642.8137275765943
457.0 53.9807530006112 684.9901375886132 631.009384588002
458.0 55.27925607757522 676.3777840310396 621.0985279534643
459.0 55.91335490125161 670.54184185239 614.6284869511384
460.0 54.86696378607331 683.6522263913885 628.7852626053152
461.0 55.06022934976619 685.69588694601 630.6356575962438
462.0 55.0055358437465 685.830234702693 630.8246988589465
463.0 54.85207929500064 682.9900981289519 628.1380188339512
464.0 55.15818807030275 684.5742243525919 629.4160362822892
465.0 53.99840987318779 695.9704531935973 641.9720433204095
466.0 56.99345733681172 671.0071926258671 614.0137352890554
467.0 44.13160767868382 745.7188870297112 701.5872793510274
468.0 55.37470027855731 685.4834407000139 630.1087404214566
469.0 55.70520810172868 682.8304269244069 627.1252188226782
470.0 56.59192505843365 675.7187760338139 619.1268509753803
471.0 57.01457293246887 674.2154484093116 617.2008754768427
472.0 56.81889952717293 675.5029046570714 618.6840051298985
473.0 49.34988688459597 721.6219807723025 672.2720938877065
474.0 57.1810410085039 674.0261944876506 616.8451534791467
475.0 59.06246847016778 658.517139371157 599.4546709009893
476.0 57.66124909643162 671.8768372739624 614.2155881775308
477.0 57.21124932081133 675.0332145234125 617.8219652026012
478.0 56.5994670797841 681.5738244803598 624.9743574005757
479.0 60.74074012109181 649.4943237404458 588.753583619354
480.0 59.24396158122881 664.689037082549 605.4450755013202
481.0 59.07708643923271 663.9786413181311 604.9015548788984
482.0 59.28340180886813 663.5857386224395 604.3023368135714
483.0 51.98768525424531 709.6448967248745 657.6572114706292
484.0 55.94128732240164 690.7591249081818 634.8178375857801
485.0 61.40380052715583 650.9950375566032 589.5912370294474
486.0 56.82130538909385 686.6540922864947 629.8327868974009
487.0 61.49681748371571 650.6786708107522 589.1818533270365
488.0 59.38239022484493 668.2651983262773 608.8828081014324
489.0 60.47593490870617 659.224577105213 598.7486421965068
490.0 61.04825647148241 660.2938342073846 599.2455777359022
491.0 60.29748979662117 662.7833589310797 602.4858691344586
492.0 61.74790495304551 656.8561829634594 595.1082780104139
493.0 62.89354208892782 648.8008805442654 585.9073384553376
494.0 53.31128955822336 703.6449359903545 650.3336464321311
495.0 63.29125708964692 646.1521876545757 582.8609305649288
496.0 64.06293987930596 640.1636607523066 576.1007208730006
497.0 63.65633598977902 644.3352797671537 580.6789437773746
498.0 62.61297045868315 654.2479378744007 591.6349674157175
499.0 64.25166311621797 643.7577991258366 579.5061360096186
500.0 57.74809229319114 683.5547729969382 625.806680703747
501.0 64.41735279318414 645.9586687732584 581.5413159800743
502.0 63.01093794507487 657.5196626742109 594.508724729136
503.0 64.38446895791437 646.3764478263921 581.9919788684777
504.0 64.99596309900781 645.002787265783 580.0068241667752
505.0 67.84413994656781 623.8673894309593 556.0232494843915
506.0 66.75729725208837 631.7046693517582 564.9473720996698
507.0 67.38164250326662 629.3265938414857 561.9449513382191
508.0 66.8854278220747 636.7499939553244 569.8645661332497
509.0 67.02956692391188 638.5742899426775 571.5447230187656
510.0 68.60239889107346 623.940332473628 555.3379335825545
511.0 67.33847213636652 631.2449710988441 563.9064989624775
512.0 69.60747410520503 617.6160658472097 548.0085917420047
513.0 69.91170468220864 622.0283364190822 552.1166317368736
514.0 70.61803812235601 616.4378046822677 545.8197665599117
515.0 69.43372303822728 623.4517844162228 554.0180613779955
516.0 72.14841041288661 606.3546656673177 534.2062552544311
517.0 73.24727195235604 599.596132220078 526.348860267722
518.0 72.97420554483653 602.5772081508362 529.6030026059997
519.0 73.92293718736423 598.2875641358642 524.3646269485
520.0 71.9506683389414 610.1035588608926 538.1528905219512
521.0 75.21699274967778 594.6284597235204 519.4114669738426
522.0 73.40607597667865 611.8761879171886 538.47011194051
523.0 72.04843322281904 615.1334163857609 543.0849831629418
524.0 74.87448612428988 601.5380870883708 526.6636009640809
525.0 75.18075495180425 600.2604214172505 525.0796664654462
526.0 77.1207665190445 590.5955577603108 513.4747912412663
527.0 73.81082826102905 609.9981674392713 536.1873391782422
528.0 79.44963256929007 581.2608020631076 501.8111694938175
529.0 73.89323295457516 610.5727003001556 536.6794673455805
530.0 76.5818002729521 598.1780518629291 521.596251589977
531.0 80.3112289335245 576.5829720944777 496.2717431609532
532.0 81.17826063483563 573.2725911485449 492.0943305137092
533.0 82.88988628702211 568.6760204910038 485.7861342039817
534.0 77.75734812850995 589.0574317621724 511.3000836336625
535.0 83.43962788594501 563.59969260895 480.160064723005
536.0 83.44472531243393 568.2630233367015 484.8182980242676
537.0 83.30776644758169 563.2556597952932 479.9478933477115
538.0 88.54355539262651 541.0797509911908 452.5361955985643
539.0 87.62412974220234 543.4771565351493 455.8530267929469
540.0 84.67845465676322 561.1236855996271 476.4452309428639
541.0 82.61648298256271 573.6975526364714 491.0810696539087
542.0 82.15782436450906 575.6383926685848 493.4805683040757
543.0 83.06567221442011 571.5216238470386 488.4559516326185
544.0 79.40015095861691 587.2606263993881 507.8604754407712
545.0 92.2558768902999 531.7206711959648 439.4647943056649
546.0 95.54006706942167 517.7218962405794 422.1818291711577
547.0 110.6301933078452 470.7639960679626 360.1338027601173
548.0 90.86790221849239 537.7221369681187 446.8542347496263
549.0 83.98754263094026 567.722136999988 483.7345943690477
550.0 84.90103712374666 563.6939662380926 478.7929291143459
551.0 123.1490351344607 437.2627143560598 314.1136792215991
552.0 121.4090712108563 443.5386215815487 322.1295503706924
553.0 118.0253453551724 451.2219665405079 333.1966211853355
554.0 114.2940682078799 461.693593084979 347.3995248770991
555.0 101.9984705896192 501.7221369813196 399.7236663917004
556.0 123.157521882221 439.6311700273921 316.4736481451712
557.0 131.326061636949 421.6720647291684 290.3460030922194
558.0 118.8371451850491 449.2370970102991 330.39995182525
559.0 120.5666548470094 445.6271139399046 325.0604590928952
560.0 131.3294272419986 421.7194933230147 290.390066081016
561.0 139.6886845753188 403.7073433202453 264.0186587449265
562.0 148.0316090091155 385.1942974575222 237.1626884484067
563.0 142.9636005123176 395.0882434189683 252.1246429066507
564.0 144.3643388551778 393.7065315428137 249.3421926876358
565.0 134.1070807752992 415.7203001385299 281.6132193632307
566.0 148.4766893203875 382.6578308279421 234.1811415075547
567.0 151.0042887921217 379.5454489908874 228.5411601987657
568.0 160.4119533277114 361.7215689872536 201.3096156595422
569.0 151.0042902901644 379.545488461421 228.5411981712566
570.0 159.2189387558556 363.3815575282394 204.1626187723838
571.0 159.2895917851877 363.714519413955 204.4249276287672
572.0 176.0384825881171 335.1947709233035 159.1562883351864
573.0 159.2901546441884 363.7221361141246 204.4319814699363
574.0 172.4482157116244 341.714771081558 169.2665553699336
575.0 158.1604429576007 365.5316271094027 207.371184151802
576.0 193.7358056752116 307.4125137096707 113.6767080344591
577.0 194.8990432139716 305.1761791494539 110.2771359354823
578.0 160.4119832373429 361.7221369999713 201.3101537626284
579.0 179.9547034476201 329.7221369986586 149.7674335510385
580.0 224.6706084878876 262.7142513808759 38.04364289298827
581.0 201.4363189101257 295.7221369991925 94.28581808906677
582.0 213.9498120496554 277.7221268132677 63.77231476361231
583.0 225.145453896865 263.6722752193689 38.52682132250393
584.0 233.4291131293868 253.721938221265 20.29282509187823
585.0 255.0410597315868 227.6101018426527 -27.4309578889341
586.0 251.7286313038594 231.6863729250775 -20.04225837878189
587.0 250.0666355760388 233.7103575564305 -16.35627801960836
588.0 251.7276838657979 231.687409749123 -20.04027411667496
591.0 273.377632802956 205.722137 -67.65549580295606
