0.0 4.110758398684895 983.0642779820671 978.9535195833822
1.0 2.958961554728227 983.4765427254733 980.5175811707451
2.0 2.038731950846903 984.7719637744398 982.7332318235929
3.0 1.45461200427912 983.226833109521 981.7722211052418
4.0 1.04544752640954 983.6105878542388 982.5651403278292
5.0 0.7119509709974762 981.9011186208248 981.1891676498274
6.0 0.5932277748894269 984.0301064044252 983.4368786295358
7.0 0.3151153839461213 982.172958152564 981.8578427686179
8.0 0.2844186159156132 981.4789148736553 981.1944962577397
9.0 0.2050114063053581 981.8393474048979 981.6343359985925
10.0 0.09905502556815877 980.6054701405267 980.5064151149586
11.0 0.07263602492935319 980.2983406038761 980.2257045789468
12.0 0 980.2688687270105 980.2688687270105
13.0 0.05732537681152287 979.4886673957235 979.4313420189119
14.0 0.1076452007411134 979.1399913878507 979.0323461871096
15.0 0.003936694259269152 978.8455487647757 978.8416120705165
16.0 0.1695700846845196 977.8388514071867 977.6692813225022
17.0 0.1254682827433665 977.9568723372642 977.8314040545209
18.0 0.1719913878541768 978.2412595987153 978.0692682108611
19.0 0.2893632037522815 975.3872679740052 975.0979047702529
20.0 0.3474998012013467 978.0062748271248 977.6587750259234
21.0 0.3967372512821279 977.3468277920296 976.9500905407475
22.0 0.4739625754498699 976.2882880847433 975.8143255092935
23.0 0.5612597039568557 975.8345072722146 975.2732475682578
24.0 0.6278935127469872 975.532989940045 974.905096427298
25.0 0.6872733074726009 975.6400412561665 974.9527679486938
26.0 0.7740479003547857 974.5678723576636 973.7938244573088
27.0 0.8017060009698507 974.8201911072525 974.0184851062827
28.0 0.9326973932493653 975.9548343727185 975.0221369794691
29.0 0.918517322837139 974.7236929241772 973.8051756013401
30.0 0.9409898448680851 974.3041971880123 973.3632073431442
31.0 1.186114906051727 971.8657360644467 970.679621158395
32.0 1.232036395203497 974.7741457691979 973.5421093739944
33.0 1.30167151658915 971.7837783872215 970.4821068706323
34.0 1.274723295581583 972.3819958789487 971.1072725833671
35.0 1.558505643704364 971.0681675747583 969.5096619310539
36.0 1.580136348165103 972.6496013289318 971.0694649807667
37.0 1.680882322788375 971.0332083648856 969.3523260420972
38.0 1.814992193826048 970.938408124697 969.123415930871
39.0 1.890260449513118 969.6407601610948 967.7504997115816
40.0 1.992110187484017 969.8344087717834 967.8422985842994
41.0 2.080531069909118 971.5252644243586 969.4447333544495
42.0 2.102083106939219 971.7954729914451 969.6933898845059
43.0 2.276109700858261 968.267508247941 965.9913985470827
44.0 2.262612495008917 969.6977952085903 967.4351827135814
45.0 2.452263690834574 964.8035686570586 962.351304966224
46.0 2.700388058153575 970.2086058780309 967.5082178198773
47.0 2.599370678172083 970.2773665564953 967.6779958783232
48.0 2.717196167496673 969.0237866809364 966.3065905134397
49.0 3.050117129745233 968.7467970608547 965.6966799311095
50.0 3.113765839644856 966.8748431295629 963.7610772899181
51.0 3.331654602681991 964.5852870604581 961.2536324577761
52.0 3.230716089421713 968.4765167947925 965.2458007053708
53.0 3.440137494488847 965.0835296305193 961.6433921360304
54.0 3.477074856921346 966.3866805002552 962.9096056433338
55.0 3.931043136964989 966.4620086081432 962.5309654711782
56.0 3.974950604899106 963.1410861816046 959.1661355767055
57.0 4.028728323020158 961.8310522550243 957.8023239320041
58.0 4.079460145521859 965.6877500245421 961.6082898790202
59.0 4.298281930907455 966.9917959763229 962.6935140454155
60.0 4.259502025668286 962.9640525819155 958.7045505562472
61.0 4.332610963592709 960.6132230095833 956.2806120459906
62.0 4.838943733124418 963.9694960819333 959.1305523488089
63.0 4.538541545033301 967.0449409778225 962.5063994327892
64.0 5.274408053052378 954.4133203762565 949.1389123232041
65.0 4.805508831726653 965.7992005052806 960.993691673554
66.0 5.103008193769835 958.7448024084585 953.6417942146886
67.0 5.346863328467432 959.3778549955966 954.0309916671292
68.0 5.724029838378952 955.0546376363315 949.3306077979526
69.0 5.764172683231502 952.6199148480112 946.8557421647797
70.0 5.447662199507765 964.3288983031802 958.8812361036724
71.0 6.738141292414977 969.8656478073971 963.1275065149821
72.0 6.100363130588127 952.6997105980928 946.5993474675047
73.0 5.783611396946234 964.188119445454 958.4045080485078
74.0 6.878602014955668 962.7890869332441 955.9104849182885
75.0 7.508620609835879 947.3426561036271 939.8340354937912
76.0 7.102733589573481 971.3959896748072 964.2932560852338
77.0 7.403844057457469 960.9621261546375 953.55828209718
78.0 7.012650771122317 950.8802138413071 943.8675630701848
79.0 7.919440076393269 937.2128501355493 929.293410059156
80.0 7.843005655896329 945.2440600603242 937.4010544044279
81.0 8.672671282893013 928.5969410456818 919.9242697627888
82.0 7.390795279691822 953.9742471391083 946.5834518594165
83.0 9.427617428899247 921.1823263745705 911.7547089456713
84.0 11.32283765436878 901.7740132203792 890.4511755660105
85.0 7.705909918499224 980.0502983055804 972.3443883870812
86.0 9.782395555576612 914.428435766694 904.6460402111174
87.0 12.18346960184816 890.8121945726225 878.6287249707743
88.0 8.735916526850051 953.8815011221033 945.1455845952532
89.0 8.326249995841369 984.49291436544 976.1666643695987
90.0 11.43912717929962 897.01289299198 885.5737658126803
91.0 12.65439656476562 890.7480753780916 878.093678813326
92.0 12.25716073623718 897.9433143849172 885.68615364868
93.0 8.949404006230649 941.0307910870674 932.0813870808368
94.0 11.04484466423836 915.7589180262048 904.7140733619664
95.0 12.60804847966875 902.6344628154449 890.0264143357761
96.0 15.38971328080409 873.4824623118047 858.0927490310006
97.0 13.98329067370367 890.5438633676781 876.5605726939744
98.0 12.84530862656588 902.2970391034339 889.451730476868
99.0 16.48517396918094 867.4039629804002 850.9187890112192
100.0 14.53156910132592 885.6883511197656 871.1567820184397
101.0 10.11117591769085 927.1700432194963 917.0588673018054
102.0 15.56268211637581 877.4722895618336 861.9096074454578
103.0 8.361050280497033 989.4440334296089 981.0829831491119
104.0 14.55852602258068 886.6992932573451 872.1407672347645
105.0 15.73964259184607 877.2168392015982 861.4771966097521
106.0 15.25910015588432 882.116403427048 866.8573032711637
107.0 14.75928201342777 892.7018787265283 877.9425967131005
108.0 16.87251531961567 876.7729930522092 859.9004777325935
109.0 16.75520496821111 882.5022897784722 865.7470848102611
110.0 16.64046579661482 876.5389147412783 859.8984489446634
111.0 18.47081975679652 865.9192198105819 847.4484000537853
112.0 19.80029840040658 858.2058650089303 838.4055666085237
113.0 16.65541356650886 877.8250140050638 861.1696004385549
114.0 20.611053744815 850.8215534892596 830.2104997444446
115.0 15.57169073067849 889.7855132229702 874.2138224922917
116.0 19.05200361982234 868.3797054003651 849.3277017805427
117.0 20.83970109257493 855.6144652005103 834.7747641079354
118.0 13.80696585831524 900.8431865463798 887.0362206880645
119.0 20.27916329642891 859.4716362450211 839.1924729485922
120.0 8.95354776309398 935.9203765827756 926.9668288196816
121.0 18.90498890068668 866.8710740779698 847.9660851772831
122.0 16.64882416332529 882.6646804044791 866.0158562411538
123.0 21.0595109270343 854.7769133679185 833.7174024408842
124.0 15.40675398159237 889.7524488718622 874.3456948902698
125.0 14.94703554994279 895.6827786981675 880.7357431482247
126.0 23.6515497256503 839.4090596368009 815.7575099111506
127.0 19.52018589853743 866.9763206295799 847.4561347310425
128.0 20.7178493375567 861.5485039001471 840.8306545625904
129.0 22.56791116638446 850.1515481634009 827.5836369970164
130.0 20.52652392305835 866.096026628312 845.5695027052537
131.0 19.0331894513115 870.534858674194 851.5016692228825
132.0 23.31726463885064 843.4004781152347 820.0832134763841
133.0 24.99715666338349 836.207469369436 811.2103127060526
134.0 13.84441486056205 901.7154175096274 887.8710026490654
135.0 10.08313590485998 931.7219291084954 921.6387932036354
136.0 25.13344418236108 834.1232635087209 808.9898193263598
137.0 22.15723055530974 857.5499696700015 835.3927391146917
138.0 27.41945336998796 827.1215682522644 799.7021148822764
139.0 23.47505167767915 846.4592609395297 822.9842092618506
140.0 11.41551373040126 917.7166414899679 906.3011277595666
141.0 22.7763514316976 852.6315409347103 829.8551895030127
142.0 26.11195532527269 834.2922674588673 808.1803121335946
143.0 26.67475455483124 825.984094077824 799.3093395229927
144.0 28.05945542041156 822.6629607779078 794.6035053574962
145.0 24.77711965811204 841.1365255363527 816.3594058782406
146.0 9.465343793462648 941.72210747618 932.2567636827173
147.0 26.08047627003009 833.6018752440537 807.5213989740236
148.0 22.67358264389667 856.9403680813575 834.2667854374608
149.0 16.1091935486692 889.7098939675052 873.600700418836
150.0 27.53144620069354 826.1477306064392 798.6162844057457
151.0 25.87744470942141 838.0515265842198 812.1740818747984
152.0 29.22999089115478 812.7809367623391 783.5509458711843
153.0 26.91875171812439 829.8480468584482 802.9292951403238
154.0 27.74427679874068 823.6447581616751 795.9004813629344
155.0 27.58868960600957 824.3360794610981 796.7473898550885
156.0 26.9995290106706 832.3249980492973 805.3254690386267
157.0 27.87039334854455 823.9366263170015 796.0662329684569
158.0 10.08313389461057 931.7218177060174 921.6386838114068
159.0 25.96879305366239 837.1778415534704 811.209048499808
160.0 25.57644357198472 839.7064712832069 814.1300277112222
161.0 29.69377470320291 814.7428894917665 785.0491147885635
162.0 24.80669283054896 847.2841336850989 822.47744085455
163.0 8.355754551607304 982.1075197779734 973.7517652263661
164.0 25.88605403812651 839.1436390264382 813.2575849883117
165.0 30.06852783446733 811.6572727657282 781.5887449312608
166.0 30.26699493304921 812.3463585931334 782.0793636600842
167.0 26.72333000572199 834.8786430083618 808.1553130026398
168.0 29.79334882509289 817.1190553114088 787.3257064863159
169.0 30.24942818035873 812.2469199305394 781.9974917501807
170.0 30.11611804909004 817.5494359477749 787.4333178986849
171.0 27.6188923678356 831.2405286020075 803.6216362341719
172.0 28.15484032838073 829.758765115805 801.6039247874243
173.0 29.51142363287793 816.0037311696057 786.4923075367277
174.0 27.86118034901122 828.0473176886217 800.1861373396105
175.0 24.65775144904916 843.2168347796142 818.559083330565
176.0 30.59729509206228 812.4728281642535 781.8755330721912
177.0 8.367305937724179 987.7221360140875 979.3548300763633
178.0 11.41560217761451 917.7214293804093 906.3058272027948
179.0 29.51649963605171 819.496998905235 789.9804992691832
180.0 32.20734722794402 804.6819845814458 772.4746373535018
181.0 21.85889058493407 861.6888269788267 839.8299363938926
182.0 28.99309653518331 825.9510626941307 796.9579661589474
183.0 33.83379862276333 795.5045726025716 761.6707739798083
184.0 29.2388205098361 821.2684296001042 792.0296090902681
185.0 8.416782201531755 1007.722127616495 999.3053454149629
186.0 32.30856608440815 808.2245423640456 775.9159762796374
187.0 16.50564356353945 887.7211794351613 871.2155358716219
188.0 30.49510685462513 812.2607205296923 781.7656136750672
189.0 17.71348148212541 881.7218538819639 864.0083723998385
190.0 35.4012431299032 790.0335676132463 754.6323244833431
191.0 31.11713512735348 814.9855015063166 783.8683663789631
192.0 29.8652094059949 821.3348664013678 791.4696569953729
193.0 33.58243578083434 796.3521129723874 762.7696771915531
194.0 32.67017993308457 805.8928102044575 773.2226302713729
195.0 28.67757495412907 829.3904989550742 800.7129240009451
196.0 23.9730903784355 851.7128441178417 827.7397537394062
197.0 35.62760191851071 791.8696304526366 756.2420285341259
198.0 34.53655262520928 794.8374053984725 760.3008527732632
199.0 33.84591331106923 801.4827085088492 767.63679519778
200.0 32.61339357135897 805.8668153316819 773.2534217603229
201.0 37.27208373346301 779.8068943113113 742.5348105778483
202.0 31.61131273654072 814.0149346086804 782.4036218721397
203.0 32.53462923877926 810.182259346775 777.6476301079958
204.0 34.80573710470018 793.7210978719469 758.9153607672467
205.0 35.74662186106798 790.9520113673377 755.2053895062697
206.0 37.29940146262247 782.7821461559335 745.4827446933111
207.0 32.58222591824024 810.9444540892549 778.3622281710147
208.0 35.5341678725084 791.0932297753188 755.5590619028104
209.0 30.39935139370437 821.0437339375732 790.6443825438688
210.0 35.08593134756953 797.4334474771955 762.347516129626
211.0 37.81481804191057 775.2339992169659 737.4191811750553
212.0 39.69299645502305 767.6739097824237 727.9809133274007
213.0 36.64232466807397 784.947690171936 748.305365503862
214.0 33.48914034706097 807.5590841137657 774.0699437667047
215.0 32.12490183236587 808.8650725784623 776.7401707460964
216.0 10.75983219119648 923.7221369770378 912.9623047858413
217.0 39.28924402615182 770.6595707252698 731.370326699118
218.0 25.2494219743525 845.6687289800857 820.4193070057332
219.0 33.00935237440735 804.723116644313 771.7137642699056
220.0 13.49459427013165 903.7221351930357 890.2275409229041
221.0 26.51499230229295 839.3088386301763 812.7938463278834
222.0 30.86261617693544 819.7070771376592 788.8444609607238
223.0 34.72297660920349 799.9030790358224 765.1801024266189
224.0 20.60238141368894 867.7173779786895 847.1149965650006
225.0 30.05574453538593 820.0450356080114 789.9892910726254
226.0 36.40852953470963 791.0081263775989 754.5995968428892
227.0 36.62388129402595 783.4335209041754 746.8096396101495
228.0 37.91163738366614 777.7062111660673 739.7945737824011
229.0 33.01341304842735 808.9993018754551 775.9858888270277
230.0 31.29008491944914 817.4535703444819 786.1634854250328
231.0 34.62822162706732 794.3894160224738 759.7611943954065
232.0 40.41528721490085 767.4137255537926 726.9984383388917
233.0 39.2471088712137 772.7038617706584 733.4567528994447
234.0 34.86458588117347 796.3130727078175 761.448486826644
235.0 37.77915718300157 781.5925826204866 743.8134254374851
236.0 38.72428869535968 777.0448648581511 738.3205761627914
237.0 36.97147190112821 790.2403580326413 753.2688861315131
238.0 33.04077097065618 809.3681324134031 776.3273614427469
239.0 41.13010241159427 766.997432376676 725.8673299650818
240.0 39.64816527991934 773.5159957741088 733.8678304941895
241.0 40.51413109172269 766.5587534368243 726.0446223451016
242.0 27.82523823630799 833.6925873615665 805.8673491252585
243.0 34.94476000554027 797.192112995732 762.2473529901917
244.0 33.49241957775142 807.6602173520093 774.1677977742579
245.0 41.02014522278649 765.518882671119 724.4987374483325
246.0 37.31689642853645 787.0943852769195 749.777488848383
247.0 38.8355096766793 777.5790657683741 738.7435560916948
248.0 37.29564855022438 788.0776503729022 750.7820018226778
249.0 36.6052812980451 787.8803438615884 751.2750625635433
250.0 33.93079408879732 805.5895804474184 771.6587863586211
251.0 37.85244138064444 782.0018529043 744.1494115236556
252.0 31.73624275273353 815.6892121459888 783.9529693932552
253.0 36.16415065275187 791.1197343276665 754.9555836749146
254.0 42.6297536494977 762.0221377411994 719.3923840917018
255.0 39.4659523079269 772.6487954994938 733.1828431915669
256.0 37.42673377940726 788.6324070489438 751.2056732695365
257.0 40.39527477588234 769.2175368996078 728.8222621237254
258.0 40.39824901069314 772.0964238592555 731.6981748485623
259.0 41.55685600852695 758.3164914330987 716.7596354245718
260.0 12.51561064276546 909.7221369581358 897.2065263153704
261.0 43.34445941735522 755.9023154306693 712.5578560133141
262.0 39.12264641902716 776.1159238306723 736.9932774116452
263.0 43.75667427362425 751.2420957785721 707.4854215049479
264.0 41.63831349286881 764.8939491339804 723.2556356411116
265.0 40.31885080515668 772.261768717858 731.9429179127013
266.0 35.6567378941072 796.783064522321 761.1263266282138
267.0 38.7649529446505 782.5267370019903 743.7617840573398
268.0 41.84319501580792 767.0284726631419 725.185277647334
269.0 34.37642388225392 803.7073841436033 769.3309602613494
270.0 37.42266245474284 785.8316297688562 748.4089673141133
271.0 43.80195818108278 750.3809725822255 706.5790144011427
272.0 38.37815864689736 785.4958133992326 747.1176547523352
273.0 44.3076481238191 749.6985654376254 705.3909173138063
274.0 36.93451062331582 789.9549995732801 753.0204889499642
275.0 23.12538132481976 855.7220786780021 832.5966973531824
276.0 40.39145801914476 769.325728841734 728.9342708225893
277.0 41.03152936376091 767.2179275234773 726.1863981597164
278.0 43.21755361097348 751.5132434197409 708.2956898087674
279.0 27.39506713067992 835.7218430782503 808.3267759475704
280.0 39.19037039463127 780.3144540171102 741.1240836224789
281.0 39.64035272090776 773.1856537337801 733.5453010128723
282.0 40.12318661905774 776.4383404533704 736.3151538343127
283.0 41.06793685654297 765.5073026071574 724.4393657506145
284.0 37.03290168619852 791.4413620384352 754.4084603522367
285.0 36.59415961612733 793.639652384444 757.0454927683166
286.0 44.62938057174154 744.4381561196255 699.808775547884
287.0 26.10641098269513 841.722024926224 815.6156139435289
288.0 44.46642731880569 746.9384692583098 702.4720419395041
289.0 39.52303047556203 777.7790444625511 738.2560139869891
290.0 38.81539716105374 783.2405654327751 744.4251682717213
291.0 42.98470206452707 759.8274893227634 716.8427872582363
292.0 40.43434513507794 773.040717198093 732.6063720630151
293.0 42.19906934740906 763.7376723678928 721.5386030204838
294.0 41.02428545999026 772.5340719800014 731.5097865200112
295.0 44.99669067807309 741.8885777518331 696.89188707376
296.0 38.80329129622183 782.9993218837121 744.1960305874903
297.0 37.82043944923875 786.1336432749699 748.3132038257312
298.0 40.55750563543252 774.2342303461448 733.6767247107123
299.0 26.96462390709283 837.714894511178 810.7502706040852
300.0 44.56428493159765 747.8999055375965 703.3356206059989
301.0 41.66755987999027 765.0651919128541 723.3976320328638
302.0 32.61338802125906 811.6950258451148 779.0816378238558
303.0 44.97583052992682 749.3218644675659 704.3460339376391
304.0 45.14630208010887 744.2789052593005 699.1326031791916
305.0 44.29912861713267 751.8228347649027 707.5237061477701
306.0 42.52519374352197 761.6323077474083 719.1071140038863
307.0 41.70924198854132 766.2765861074792 724.5673441189378
308.0 36.10165110800539 794.9511007225569 758.8494496145515
309.0 42.09689472791567 764.3629502430922 722.2660555151765
310.0 27.82605814231488 833.7220557655402 805.8959976232253
311.0 43.64096679713703 751.3067110899423 707.6657442928052
312.0 46.79715593543079 736.0139063379632 689.2167504025325
313.0 44.32903344310263 748.8452025094288 704.5161690663262
314.0 45.60262701849061 741.3592267249019 695.7565997064113
315.0 44.24201213317121 754.0424627166556 709.8004505834843
316.0 42.10381697346885 764.2114547575239 722.1076377840551
317.0 38.28894292837721 784.5861557099791 746.2972127816018
318.0 43.64578415932717 756.1483250598281 712.5025409005009
319.0 45.15035189870397 745.3572709141788 700.2069190154749
320.0 44.92510581517215 748.2298788151468 703.3047729999746
321.0 44.82906013810803 746.1121466271116 701.2830864890036
322.0 41.48678575344061 770.746861130821 729.2600753773804
323.0 39.70112200202294 779.0033879579874 739.3022659559644
324.0 43.32652858658286 757.9393782676494 714.6128496810665
325.0 42.18681384439439 764.2302648154926 722.0434509710983
326.0 45.12989949778939 747.4426264032203 702.3127269054309
327.0 37.91770813832304 787.3081897333395 749.3904815950165
328.0 46.58024097022185 736.7729758268732 690.1927348566514
329.0 43.95757223679319 755.9332065499144 711.9756343131213
330.0 45.73530572327064 746.2788468742394 700.5435411509687
331.0 39.72201970686692 779.3812231485903 739.6592034417234
332.0 47.35688565392588 735.8457998332983 688.4889141793724
333.0 44.7239842860772 746.8507862588873 702.1268019728101
334.0 26.53524551146202 839.7221287579265 813.1868832464645
335.0 43.13777223367488 761.3329670399122 718.1951948062373
336.0 45.77374310323458 747.249692639972 701.4759495367375
337.0 45.31078043992466 748.2268476017582 702.9160671618336
338.0 45.39526562499592 744.6386160535525 699.2433504285566
339.0 44.5849300632286 754.9884106503174 710.4034805870888
340.0 44.68469235171062 756.5109713611725 711.8262790094619
341.0 42.93866925456652 761.1166386926186 718.1779694380521
342.0 26.10641265627033 841.7221309164387 815.6157182601683
343.0 46.21420991971245 742.2197825392895 696.0055726195771
344.0 45.38654590225953 749.8263049211275 704.4397590188679
345.0 47.36037658026104 735.25735125369 687.896974673429
346.0 47.39868031881948 730.6329878645575 683.2343075457381
347.0 48.98960690710904 722.5592609445815 673.5696540374724
348.0 46.43188970838939 736.7180946237446 690.2862049153552
349.0 45.34681454605126 747.2367599292117 701.8899453831605
350.0 47.61724957094285 734.583990933738 686.9667413627951
351.0 46.96174659094323 738.9194742301284 691.9577276391851
352.0 48.03613155392902 730.9939622988421 682.9578307449131
353.0 46.42534602322817 740.6007850388363 694.1754390156081
354.0 48.11650901711241 733.7624430017234 685.645933984611
355.0 48.12234068275888 728.1925424832881 680.0702018005292
356.0 44.65238035843042 756.1921187631712 711.5397384047407
357.0 47.02946133586069 737.3641075395159 690.3346462036553
358.0 47.65371988228301 734.8019547298461 687.1482348475631
359.0 45.08216137650559 753.3877085732129 708.3055471967073
360.0 47.42290046410026 733.4226477511533 685.999747287053
361.0 47.83098327099444 732.4252507102376 684.5942674392431
362.0 49.47269452680005 721.4481715589966 671.9754770321966
363.0 46.14736051956244 740.5192724198717 694.3719119003093
364.0 47.14718253568719 739.2087927918064 692.0616102561192
365.0 44.24081617407014 754.5414453129684 710.3006291388983
366.0 44.70032161191085 756.9796299837821 712.2793083718713
367.0 49.58823847566598 722.0021043539858 672.4138658783198
368.0 44.63548819808988 756.0492565768913 711.4137683788015
369.0 48.80958001095869 732.5343080436706 683.7247280327119
370.0 49.08151331847486 723.1383975065536 674.0568841880787
371.0 47.0587496821573 742.367768713814 695.3090190316567
372.0 46.49929836225303 748.1237673153801 701.6244689531271
373.0 48.48815513343117 730.8448155920911 682.3566604586599
374.0 48.5919153011383 734.9796231146364 686.3877078134981
375.0 47.46206072564598 736.9855610929236 689.5235003672776
376.0 48.79279723593318 731.4067371528806 682.6139399169474
377.0 47.51348444835178 736.2002722913519 688.6867878430001
378.0 51.05244622885988 712.6333516495797 661.5809054207198
379.0 49.87017959247067 721.5523737664514 671.6821941739807
380.0 50.0797753357636 718.9029763450079 668.8232010092443
381.0 46.53051699240294 743.8505590075204 697.3200420151175
382.0 49.86692730965224 723.8654295086826 673.9985021990303
383.0 46.48615335159841 748.2651637436499 701.7790103920515
384.0 49.20489610488514 730.0321932257401 680.827297120855
385.0 48.91064499695939 730.270209078797 681.3595640818376
386.0 49.5338618198484 724.6441436066441 675.1102817867957
387.0 44.70765385702322 757.1256516667587 712.4179978097355
388.0 48.64437820799165 732.468016383842 683.8236381758503
389.0 46.07594641982812 750.842562299014 704.7666158791858
390.0 43.79070658060337 761.1592674301137 717.3685608495103
391.0 48.72756937168416 734.3383150370453 685.6107456653611
392.0 41.08750335174006 773.6690028501013 732.5814994983613
393.0 46.55209849623738 749.1862624907711 702.6341639945337
394.0 50.48969935027949 719.7600180980279 669.2703187477484
395.0 51.2620868015366 716.1717079797733 664.9096211782367
396.0 48.55981671074143 734.8049347525733 686.2451180418319
397.0 51.69856947875252 713.6247926941836 661.926223215431
398.0 51.31831820756855 716.1131114999368 664.7947932923682
399.0 50.06112855523904 724.9813452462957 674.9202166910567
400.0 51.55759249368942 712.5526630121474 660.995070518458
401.0 48.87499047255501 734.0859181592667 685.2109276867117
402.0 50.86424505037746 720.7553006890224 669.891055638645
403.0 50.95314700847069 721.2628853132665 670.3097383047958
404.0 51.629490934462 713.6972002357953 662.0677093013333
405.0 49.55437369991102 729.27611155048 679.721737850569
406.0 52.96714841867696 704.1198965674779 651.152748148801
407.0 51.64047231844416 715.6479161453395 664.0074438268954
408.0 49.17583746046685 730.5950887462673 681.4192512858004
409.0 52.05675796188957 714.4481577336911 662.3913997718015
410.0 53.58243026270204 702.0301314915041 648.4477012288021
411.0 52.34853307152702 711.8116204313288 659.4630873598018
412.0 53.46344995575653 709.0565246816858 655.5930747259292
413.0 52.85383948151244 710.097714223603 657.2438747420906
414.0 41.99498390104799 769.6942942332524 727.6993103322044
415.0 50.64576930114332 729.7202341644043 679.0744648632609
416.0 51.81436937863283 718.3596728503884 666.5453034717556
417.0 53.62824676037529 705.046833349222 651.4185865888467
418.0 53.8866694079753 700.4000339145411 646.5133645065658
419.0 52.92419176050736 713.7633347117989 660.8391429512916
420.0 51.12110816746275 727.6715736888859 676.5504655214231
421.0 51.1994865244466 723.9468311729686 672.747344648522
422.0 52.66532444656212 713.9028304726799 661.2375060261178
423.0 52.8209195655656 713.3617986823718 660.5408791168062
424.0 52.77288954228818 716.5405663733634 663.7676768310752
425.0 52.7515702894593 709.5498987140006 656.7983284245413
426.0 53.43632544872842 709.4942779587437 656.0579525100153
427.0 53.66821590965086 707.929437440809 654.2612215311581
428.0 52.85860528941165 717.7876314258863 664.9290261364747
429.0 55.08712485858529 697.5054880182574 642.4183631596722
430.0 54.04765094071425 710.5727321739871 656.5250812332729
431.0 54.99224011297714 705.6882357063993 650.6959955934221
432.0 54.53405482745933 706.6842107643866 652.1501559369272
433.0 54.53398112278364 702.9969659608831 648.4629848380994
434.0 55.1045043274688 701.9343698988889 646.8298655714201
435.0 53.31375128453132 712.456031351237 659.1422800667057
436.0 53.58274838382779 712.6651442844964 659.0823959006687
437.0 57.51998000755776 682.6882187281209 625.1682387205631
438.0 55.73660111152751 696.1036930920783 640.3670919805508
439.0 54.9729699323489 703.60844314521 648.6354732128611
440.0 56.43059810900683 691.8563577075179 635.425759598511
441.0 54.27156246544749 712.5625138874791 658.2909514220316
442.0 56.89733536266785 690.2784063019422 633.3810709392743
443.0 53.14171181036436 717.0113244992101 663.8696126888457
444.0 52.11814506562472 725.1681230265577 673.049977960933
445.0 56.48122465312529 693.0413101974901 636.5600855443648
446.0 53.95946285779375 716.3521400850157 662.392677227222
447.0 40.18476758280523 777.722007543512 737.5372399607068
448.0 56.1208902109775 703.0880638801526 646.9671736691751
449.0 52.58354667891539 723.123817898432 670.5402712195166
450.0 57.34155314634846 689.780735326461 632.4391821801125
451.0 55.65851639975314 706.1771668749191 650.518650475166
452.0 55.6388555438506 705.8758411812267 650.2369856373761
453.0 59.89888770648224 672.8076216835434 612.9087339770611
454.0 55.30798634341209 705.0969153802975 649.7889290368854
455.0 55.36890881358801 710.4001230675846 655.0312142539966
456.0 57.236284266303 696.9247886368852 639.6885043705822
457.0 58.20169346962373 685.8394566108665 627.6377631412428
458.0 59.62079479124762 677.4021042879707 617.7813094967231
459.0 60.3345586379633 671.53423872023 611.1996800822667
460.0 59.1137025052683 684.7353161695612 625.6216136642929
461.0 59.28099481426527 687.2882237453833 628.0072289311181
462.0 59.22732444865409 686.8893053287098 627.6619808800557
463.0 59.107673926459 683.9365920146729 624.8289180882139
464.0 59.3963665583049 685.7826462819297 626.3862797236248
465.0 58.08454452841926 696.8356906995882 638.751146171169
466.0 61.41897792977543 672.5100929575628 611.0911150277874
467.0 47.49133226906573 745.7205502598841 698.2292179908183
468.0 59.6057088468696 686.4804019602785 626.8746931134089
469.0 59.97318150583951 683.7744751824242 623.8012936765847
470.0 60.95791252871354 676.7006842279204 615.7427716992069
471.0 61.40331825842546 675.3351829942156 613.9318647357902
472.0 61.19013398714321 676.5129751770379 615.3228411898947
473.0 53.06931223385045 721.6598353226412 668.5905230887908
474.0 61.57492916008487 675.0250551223786 613.4501259622938
475.0 63.67040513858725 659.4382576123219 595.7678524737346
476.0 62.08699661985843 672.9456862363301 610.8586896164717
477.0 61.59486586878118 675.7596029094598 614.1647370406786
478.0 60.89658398607431 682.0872810652887 621.1906970792144
479.0 65.47909204896959 650.5775743009116 585.098482251942
480.0 63.77579848425841 666.0136440206187 602.2378455363603
481.0 63.61614757113055 665.2225584046623 601.6064108335317
482.0 63.83257062484098 664.3839178404 600.551347215559
483.0 55.88660024463409 709.6760104572543 653.7894102126202
484.0 60.11885391216204 691.0624228853863 630.9435689732243
485.0 66.13056512588324 652.2846425701668 586.1540774442836
486.0 61.0600646424523 686.9607379528879 625.9006733104356
487.0 66.22907717847368 651.8962227419013 585.6671455634276
488.0 63.87522124058501 669.0743420365542 605.1991207959692
489.0 65.09329157351421 660.0230471445045 594.9297555709903
490.0 65.65886386526784 661.1864873619577 595.5276234966898
491.0 64.87000273469556 663.4148250447581 598.5448223100626
492.0 66.40766250030948 658.0174488877954 591.6097863874859
493.0 67.66726940212862 649.8034875975237 582.1362181953951
494.0 57.30017695528828 703.6688486377173 646.368671682429
495.0 68.1022123549053 647.1874665042402 579.0852541493349
496.0 68.95776860942674 641.0622744805345 572.1045058711078
497.0 68.49505116299996 645.2190828234407 576.7240316604408
498.0 67.31756545758326 655.0631938798831 587.7456284222999
499.0 69.10324238361874 644.8857496220531 575.7825072384343
500.0 62.03791766430982 683.6106775433344 621.5727598790246
501.0 69.24569624367194 646.80380032492 577.5581040812481
502.0 67.68225915738521 658.0112658005911 590.3290066432059
503.0 69.20817557005152 647.0803992114221 577.8722236413706
504.0 69.84366546575141 645.764216032207 575.9205505664556
505.0 72.98687776539278 624.5456686113161 551.5587908459233
506.0 71.78910599336698 632.6011280931137 560.8120220997467
507.0 72.44914253765798 630.4131847932154 557.9640422555574
508.0 71.85650485817009 637.6934514820859 565.8369466239158
509.0 71.98117545260182 639.3256425501032 567.3444670975013
510.0 73.75361249892795 624.6077909017835 550.8541784028555
511.0 72.3858838996725 631.6889920139579 559.3031081142854
512.0 74.84836896778993 618.3387096418289 543.490340674039
513.0 75.10069265564913 622.9744519187576 547.8737592631085
514.0 75.88637020344318 617.0646608272739 541.1782906238307
515.0 74.60187824730176 624.0016595717952 549.3997813244935
516.0 77.55976148972562 606.9198591353239 529.3600976455983
517.0 78.75510765108299 600.161206762918 521.406099111835
518.0 78.44224923666674 603.1146443425011 524.6723951058343
519.0 79.4549572742884 598.8808035122186 519.4258462379302
520.0 77.31415772046294 610.5720401428947 533.2578824224318
521.0 80.80894592936076 595.3594926458926 514.5505467165318
522.0 78.7661391632885 612.262276467558 533.4961373042695
523.0 77.35253476951279 615.4126942690644 538.0601594995516
524.0 80.37863618055478 602.0692172148882 521.6905810343334
525.0 80.70486094269947 600.7086880440661 520.0038271013667
526.0 82.78625178412168 591.2250846124824 508.4388328283607
527.0 79.19989757295799 610.2350973451334 531.0351997721754
528.0 85.25876076216135 581.82063651112 496.5618757489586
529.0 79.27644961679465 610.7785439141202 531.5020942973255
530.0 82.14980916732248 598.4467807040785 516.296971536756
531.0 86.19023561116411 576.8461125267405 490.6558769155764
532.0 87.10739339882645 573.7238150350776 486.6164216362512
533.0 88.89569951270569 569.2424048969552 480.3467053842495
534.0 83.45317307738618 589.1065713447583 505.6533982673721
535.0 89.51523932955994 564.0573146711899 474.5420753416299
536.0 89.46423657553524 568.5428550463688 479.0786184708336
537.0 89.38821030856681 563.3591999012506 473.9709895926838
538.0 94.96066092539706 541.1692791235647 446.2086181981676
539.0 93.99987170823431 543.6681029876028 449.6682312793685
540.0 90.80035625773446 561.4732093578868 470.6728531001524
541.0 88.56082065381016 573.706418820066 485.1455981662558
542.0 88.0725918891151 575.6640028762118 487.5914109870967
543.0 89.04196239815712 571.5740008307758 482.5320384326187
544.0 85.13790691767983 587.3573631884823 502.2194562708025
545.0 98.83403046037632 531.7211535350102 432.8871230746339
546.0 102.3304287661371 517.7219876471719 415.3915588810348
547.0 118.1820986437931 470.8127374463465 352.6306388025534
548.0 97.35532911825687 537.7221369861873 440.3668078679304
549.0 90.02214110439866 567.7221369999965 477.6999958955978
550.0 90.99624830442914 563.7035028935259 472.7072545890968
551.0 131.2660007306053 437.3092086322324 306.043207901627
552.0 129.4277642777414 443.5612254954792 314.1334612177378
553.0 125.9080628279797 451.2593677290186 325.3513049010389
554.0 122.0025978478515 461.6987708420265 339.696172994175
555.0 109.0645811391283 501.7221369913762 392.6575558522479
556.0 131.2457227582555 439.6437288714515 308.398006113196
557.0 139.7350932550999 421.6802213644667 281.9451281093668
558.0 126.7542063083839 449.273652603105 322.5194462947211
559.0 128.5494223345052 445.6399788896494 317.0905565551442
560.0 139.7379657983018 421.7200642066491 281.9820984083473
561.0 148.4210044344082 403.7102667081818 255.2892622737736
562.0 157.0935099847772 385.2238749047035 228.1303649199263
563.0 151.8419236510731 395.0969780758024 243.2550544247293
564.0 153.2768630717836 393.709128765602 240.4322656938184
565.0 142.6233850657559 415.7207281461252 273.0973430803693
566.0 157.5752410838026 382.6806591853514 225.1054181015488
567.0 160.1721221327969 379.5628656625114 219.3907435297144
568.0 169.9142520171779 361.7216866303288 191.807434613151
569.0 160.1721232343163 379.5628943486827 219.3907711143664
570.0 168.6860923657426 363.400250475831 194.7141581100884
571.0 168.7536331060992 363.7156851273409 194.9620520212417
572.0 186.0582113898369 335.2177258199253 149.1595144300884
573.0 168.7541167121696 363.7221363876938 194.9680196755242
574.0 182.3439423390857 341.7159401313011 159.3719977922154
575.0 167.5882279513869 365.5458849567303 197.9576570053434
576.0 204.3139683550334 307.4319431838794 103.1179748288459
577.0 205.518927938618 305.1987523353919 99.67982439677387
578.0 169.9142760702252 361.7221369999837 191.8078609297585
579.0 190.0898536910098 329.7221369991513 139.6322833081415
580.0 236.1773750828479 262.7406523787064 26.56327729585855
581.0 212.2526895343597 295.7221369994607 83.46944746510098
582.0 225.1408368628376 277.7221288344499 52.58129197161231
583.0 236.6464248497956 263.6764207870431 27.02999593724751
584.0 245.1539923244291 253.7219715483124 8.567979223883295
585.0 267.3518631536903 227.6170779381658 -39.73478521552449
586.0 263.9487357740149 231.6898209693651 -32.25891480464975
587.0 262.2414967915487 233.7115069298573 -28.5299898616914
588.0 263.9477686999168 231.6901094007532 -32.25765929916366
591.0 286.182368809222 205.722137 -80.46023180922201
