0.0 4.112545804850305 983.9021543530627 979.7896085482124
1.0 2.958587272584359 984.3926632034987 981.4340759309144
2.0 2.035428561750895 985.6024515857266 983.5670230239757
3.0 1.452605977526718 984.0548762709423 982.6022702934156
4.0 1.042356203229141 984.4633814277671 983.4210252245379
5.0 0.7107373154262332 982.7192626430557 982.0085253276295
6.0 0.5889679356851477 984.8732703083784 984.2843023726933
7.0 0.313001658491303 982.9894275274853 982.6764258689939
8.0 0.2831573808331028 982.3569540723674 982.0737966915343
9.0 0.2031724396586075 982.6945789746547 982.491406534996
10.0 0.09872559486716781 981.4768643109109 981.3781387160437
11.0 0.07269799643730139 981.1503649875544 981.0776669911171
12.0 0 981.1263082124916 981.1263082124916
13.0 0.05845300852628368 980.3477846996118 980.2893316910855
14.0 0.1093097948713317 980.0001096050312 979.8907998101599
15.0 0.005867997327811583 979.6916489572936 979.6857809599658
16.0 0.1730309172758524 978.7600059162698 978.586974998994
17.0 0.1287590729926967 978.805737690836 978.6769786178433
18.0 0.174927124786467 979.1413658145687 978.9664386897822
19.0 0.2962952368837065 976.3001190428863 976.0038238060025
20.0 0.3509812745452632 978.9173537592437 978.5663724846985
21.0 0.4011780376698402 978.2519165566776 977.8507385190077
22.0 0.4799194427038274 977.2149492063369 976.7350297636331
23.0 0.5679567048508771 976.7449397447132 976.1769830398623
24.0 0.6350907622533097 976.4371270994392 975.8020363371859
25.0 0.6944072405088274 976.5432841834162 975.8488769429073
26.0 0.7827371030385385 975.4807155625655 974.697978459527
27.0 0.8100954254993066 975.7287958751242 974.9187004496249
28.0 0.9397431756939813 976.8492667358403 975.9095235601463
29.0 0.9271729412636287 975.6638090506083 974.7366361093446
30.0 0.9502714005916308 975.1992961399332 974.2490247393416
31.0 1.198984065430064 972.804110818981 971.6051267535509
32.0 1.241012212151016 975.7647334896786 974.5237212775275
33.0 1.314859938184983 972.6430473384739 971.3281874002889
34.0 1.287050478578 973.2691821362412 971.9821316576632
35.0 1.57296612380756 971.9849605265981 970.4119944027905
36.0 1.592498586693514 973.5599631471434 971.9674645604499
37.0 1.695539912108144 971.9724620789612 970.276922166853
38.0 1.829925145825732 971.9263417502372 970.0964166044114
39.0 1.907116232817901 970.5213339855811 968.6142177527632
40.0 2.008791160312391 970.7899037473563 968.7811125870439
41.0 2.095000288654689 972.5582410156692 970.4632407270145
42.0 2.116311912123723 972.688000403586 970.5716884914623
43.0 2.295312558998071 969.1836724927169 966.8883599337188
44.0 2.279811427304355 970.6998744763607 968.4200630490564
45.0 2.476409010181156 965.665614819614 963.1892058094329
46.0 2.717512411585385 971.1747899117754 968.45727750019
47.0 2.61630170338878 971.1899395160792 968.5736378126904
48.0 2.73605583673527 969.8174700362192 967.0814141994839
49.0 3.069573042700758 969.8762410682742 966.8066680255734
50.0 3.135993602180602 967.7606155929745 964.6246219907939
51.0 3.357226265716857 965.5251789917085 962.1679527259917
52.0 3.250919024633644 969.3987586832267 966.147839658593
53.0 3.465164891416165 966.0516584031759 962.5864935117597
54.0 3.500419755430172 967.3185687250455 963.8181489696153
55.0 3.954797116518567 967.5439437544042 963.5891466378857
56.0 4.003319425318036 964.1045577221424 960.1012382968244
57.0 4.058900880788354 962.8466916010122 958.7877907202238
58.0 4.104541932982151 966.6451960181388 962.5406540851566
59.0 4.32193748266604 967.8926885565267 963.5707510738606
60.0 4.28841717986531 964.0418632463104 959.7534460664451
61.0 4.364918667745527 961.5030091978206 957.138090530075
62.0 4.867316259559649 964.9969467442525 960.1296304846929
63.0 4.562471056993529 967.9148911052174 963.3524200482238
64.0 5.316293780627274 955.3770644281191 950.0607706474919
65.0 4.831487239081031 966.6536286122927 961.8221413732117
66.0 5.138824315379148 959.7060946544235 954.5672703390444
67.0 5.382294956145149 960.1283966622709 954.7461017061258
68.0 5.765689287051329 955.9671220864818 950.2014327994304
69.0 5.809008936157044 953.7736761573062 947.9646672211491
70.0 5.476592090959591 965.0280038168675 959.5514117259079
71.0 6.760785104492184 971.3965187889725 964.6357336844803
72.0 6.145575350485784 953.8034804347022 947.6579050842165
73.0 5.812909505440295 965.2971604203423 959.484250914902
74.0 6.911121853510802 964.1001716429348 957.189049789424
75.0 7.562959368448667 948.429391745858 940.8664323774093
76.0 7.123741097906707 973.0267111500726 965.9029700521659
77.0 7.439996983059674 961.5871726881449 954.1471757050853
78.0 7.06192419443905 951.4178264401643 944.3559022457253
79.0 7.988516123994987 937.5115400879597 929.5230239639647
80.0 7.900935286390054 945.868488915574 937.967553629184
81.0 8.754364050917077 928.9112046953763 920.1568406444592
82.0 7.436572144198001 954.2681778906227 946.8316057464247
83.0 9.520355201881315 921.4450429605498 911.9246877586685
84.0 11.44431260427128 901.9980836306661 890.5537710263948
85.0 7.716611161907089 980.8724886224993 973.1558774605922
86.0 9.884795798246356 914.5698184615624 904.685022663316
87.0 12.32093257699428 890.9553950360631 878.6344624590688
88.0 8.783658614135144 954.1344360980281 945.3507774838929
89.0 8.332134411698998 984.8176584676788 976.4855240559798
90.0 11.56725459416715 897.1200608807898 885.5528062866226
91.0 12.79258419672712 890.8859909636616 878.0934067669344
92.0 12.38511651968508 898.0802356865799 885.6951191668948
93.0 9.014753292521327 941.2843206623709 932.2695673698495
94.0 11.14714333147652 915.9147135972366 904.7675702657601
95.0 12.7301361738477 902.7987820759788 890.0686459021311
96.0 15.55486544383345 873.6069580889799 858.0520926451464
97.0 14.12352845786746 890.7053252799111 876.5817968220436
98.0 12.96822692314498 902.3785184319888 889.4102915088438
99.0 16.65999742788512 867.5242430805008 850.8642456526157
100.0 14.67911147722616 885.817666861902 871.1385553846759
101.0 10.19689188979053 927.245580004587 917.0486881147964
102.0 15.7227123593586 877.5639914219234 861.8412790625648
103.0 8.360508568270545 989.4774627334032 981.1169541651327
104.0 14.70475706763079 886.8067158077597 872.1019587401289
105.0 15.90025154735977 877.3146871849441 861.4144356375844
106.0 15.41248442065649 882.1754782606641 866.7629938400076
107.0 14.89771224387087 892.7819858120387 877.8842735681678
108.0 17.03521724658088 876.9181087947175 859.8828915481366
109.0 16.91005845395803 882.6012018578115 865.6911434038535
110.0 16.80319402669292 876.6492118159725 859.8460177892795
111.0 18.65032458586366 866.0331243511851 847.3827997653215
112.0 19.99198536944433 858.3270810244896 838.3350956550453
113.0 16.81644291079665 877.9141838442996 861.0977409335029
114.0 20.81380094638801 850.9196891669853 830.1058882205973
115.0 15.71517277364093 889.8265293629383 874.1113565892974
116.0 19.22896537688745 868.5087469617941 849.2797815849067
117.0 21.03628827495663 855.7253811340984 834.6890928591417
118.0 13.93317464494002 900.8729265566348 886.9397519116947
119.0 20.46981212290893 859.5596979453038 839.0898858223949
120.0 9.025958583343822 935.9252639393835 926.8993053560397
121.0 19.08383078013612 866.9335326948744 847.8497019147383
122.0 16.80334606512997 882.7184881145594 865.9151420494294
123.0 21.25754939695472 854.8489664503748 833.5914170534201
124.0 15.55007267522741 889.7722676214909 874.2221949462635
125.0 15.08175407378715 895.6851876065475 880.6034335327604
126.0 23.87378942354084 839.4863286929034 815.6125392693626
127.0 19.69973790544803 867.0049581161722 847.3052202107241
128.0 20.90632033746134 861.5921990928325 840.6858787553711
129.0 22.77420086948096 850.2462355489144 827.4720346794334
130.0 20.70860428423313 866.1457004578191 845.437096173586
131.0 19.20727530468155 870.5841501535808 851.3768748488993
132.0 23.53369673052021 843.4448910942311 819.9111943637109
133.0 25.22550225788624 836.3179353375077 811.0924330796215
134.0 13.9695184438538 901.7158993557711 887.7463809119173
135.0 10.162730649378 931.7219521896174 921.5592215402394
136.0 25.36481194516685 834.189868482335 808.8250565371682
137.0 22.35302301338019 857.6044413904065 835.2514183770263
138.0 27.66328876195246 827.2613863284059 799.5980975664535
139.0 23.68757462536696 846.5028242070041 822.8152495816371
140.0 11.51577892958533 917.717036221842 906.2012572922567
141.0 22.97960803693613 852.6843565271203 829.7047484901841
142.0 26.34439414959517 834.3883456216871 808.0439514720919
143.0 26.91918300173304 826.0296707643557 799.1104877626226
144.0 28.31020584953342 822.7382620824989 794.4280562329655
145.0 24.99855731247351 841.200265179644 816.2017078671705
146.0 9.530628617963382 941.7221112726688 932.1914826547055
147.0 26.31382199672683 833.6699903893579 807.3561683926311
148.0 22.87090978475633 856.9693392633301 834.0984294785738
149.0 16.2535291204029 889.7107060506927 873.4571769302898
150.0 27.77678661717786 826.2259483073476 798.4491616901697
151.0 26.10450895422515 838.1358888506462 812.0313798964211
152.0 29.49565036563144 812.8364355518216 783.3407851861901
153.0 27.15829116714603 829.9088969425119 802.7506057753659
154.0 27.99330528819808 823.6815981406243 795.6882928524262
155.0 27.83656281785416 824.3934895988145 796.5569267809603
156.0 27.23584412905173 832.37842737749 805.1425832484382
157.0 28.11918113909174 823.9990899933469 795.8799088542552
158.0 10.16272878200885 931.721847504202 921.5591187221931
159.0 26.19719081018173 837.2135259039599 811.0163350937781
160.0 25.80091183827701 839.731598692932 813.930686854655
161.0 29.95741291656364 814.8015953610049 784.8441824444412
162.0 25.01991762673542 847.2997604076516 822.2798427809161
163.0 8.365027530104478 982.2373203093518 973.8722927792473
164.0 26.11168428786629 839.1892180713648 813.0775337834985
165.0 30.33683090376641 811.714089020359 781.3772581165926
166.0 30.53464108018238 812.3967952479934 781.862154167811
167.0 26.95583342025965 834.928978633972 807.9731452137124
168.0 30.05391492030857 817.1835560612802 787.1296411409716
169.0 30.51717714293514 812.3085073580708 781.7913302151357
170.0 30.37652824950238 817.6299976017313 787.2534693522289
171.0 27.85750948926837 831.2854933666243 803.4279838773559
172.0 28.3961724307376 829.8100534941996 801.413881063462
173.0 29.77312319209616 816.0530736242656 786.2799504321695
174.0 28.10441841320902 828.1057719960593 800.0013535828503
175.0 24.87625020171119 843.2426485766115 818.3663983749003
176.0 30.86520589545798 812.5381753048223 781.6729694093643
177.0 8.369116281709916 987.7221361893604 979.3530199076505
178.0 11.51586127512239 917.7214843401546 906.2056230650323
179.0 29.77349346124321 819.5532154129162 789.7797219516729
180.0 32.48793005064027 804.7438372951452 772.2559072445049
181.0 22.04873870395904 861.6905408354094 839.6418021314503
182.0 29.24069995115224 825.9877173022729 796.7470173511207
183.0 34.12894920740441 795.555597251944 761.4266480445396
184.0 29.493063682541 821.3083864961835 791.8153228136425
185.0 8.391705057452889 1007.722129349088 999.3304242916349
186.0 32.58451423972039 808.2815593166429 775.6970450769225
187.0 16.65319414921585 887.7212484858776 871.0680543366617
188.0 30.76318876074016 812.2920547802846 781.5288660195444
189.0 17.87074525729244 881.7218772041866 863.8511319468941
190.0 35.70587006741785 790.0985960058273 754.3927259384095
191.0 31.38236345114922 815.0458964456132 783.6635329944639
192.0 30.12019272241941 821.3962548919349 791.2760621695155
193.0 33.8761127634995 796.39223639247 762.5161236289705
194.0 32.94975669092765 805.9516671951072 773.0019105041795
195.0 28.92013432933114 829.4026678261917 800.4825334968605
196.0 24.1792333073588 851.7134343987465 827.5342010913876
197.0 35.93007295990712 791.91455575036 755.9844827904529
198.0 34.83354207679787 794.8993742415203 760.0658321647225
199.0 34.13303567418947 801.5155816927953 767.3825460186059
200.0 32.89292820170401 805.9265797140153 773.0336515123113
201.0 37.5930201694965 779.8636766973732 742.2706565278767
202.0 31.8785322417472 814.0500117165444 782.1714794747972
203.0 32.80825352110544 810.2245616092502 777.4163080881448
204.0 35.10460719048627 793.7632284130986 758.6586212226123
205.0 36.05046934980573 791.0275701459372 754.9771007961315
206.0 37.61636785750648 782.8345730890923 745.2182052315858
207.0 32.85489820956246 810.9703763241207 778.1154781145583
208.0 35.83754846104199 791.1543497678094 755.3168013067674
209.0 30.65547285170455 821.0667955297853 790.4113226780808
210.0 35.38017464683664 797.4773978365689 762.0972231897323
211.0 38.1426519059446 775.2862821900971 737.1436302841525
212.0 40.03355065669832 767.7257489988598 727.6921983421615
213.0 36.95548762192733 784.9992170432728 748.0437294213454
214.0 33.76760989598034 807.5665365867704 773.79892669079
215.0 32.39975761605216 808.8948724149487 776.4951147988965
216.0 10.85112033218929 923.722136980573 912.8710166483837
217.0 39.62522821083266 770.7144436700776 731.0892154592449
218.0 25.46542940667254 845.671274833595 820.2058454269225
219.0 33.29098795528769 804.7445054957743 771.4535175404866
220.0 13.61652225446363 903.7221354025905 890.1056131481269
221.0 26.74127063932741 839.3202499027483 812.5789792634209
222.0 31.12117844033487 819.7079580149394 788.5867795746045
223.0 35.01340045204223 799.9498934983752 764.9364930463329
224.0 20.78241236842835 867.7176560031881 846.9352436347598
225.0 30.31275593607287 820.0577065460562 789.7449506099833
226.0 36.7132070882108 791.0634517386653 754.3502446504546
227.0 36.93907262170826 783.4664442676147 746.5273716459065
228.0 38.23627941828944 777.7443869719958 739.5081075537063
229.0 33.28929317353058 809.0175447599604 775.7282515864298
230.0 31.55225399655059 817.4638307290112 785.9115767324606
231.0 34.92596802756122 794.407517229106 759.4815492015448
232.0 40.7571708754581 767.4575867574489 726.7004158819908
233.0 39.58029487772773 772.7384244477505 733.1581295700228
234.0 35.16003979154333 796.3585856881648 761.1985458966215
235.0 38.09838318505696 781.630474696582 743.5320915115251
236.0 39.05090423613912 777.1023187685863 738.0514145324472
237.0 37.27795142835611 790.2829644650709 753.0050130367148
238.0 33.31619431657682 809.3812891437537 776.0650948271769
239.0 41.47348730075472 767.075582103292 725.6020948025373
240.0 39.98078673601785 773.5661067877939 733.5853200517761
241.0 40.85729593740472 766.6089679126454 725.7516719752407
242.0 28.0608582326837 833.6940131962398 805.6331549635561
243.0 35.23914430474827 797.2272051045515 761.9880607998033
244.0 33.77076008365571 807.6634917083992 773.8927316247435
245.0 41.36536336231589 765.613690005097 724.2483266427811
246.0 37.628073043556 787.1493228855597 749.5212498420037
247.0 39.1615594442787 777.63018809039 738.4686286461113
248.0 37.60549275660654 788.1009645200932 750.4954717634867
249.0 36.91444404485545 787.9287981192574 751.0143540744019
250.0 34.21251437327811 805.5952729481271 771.382758574849
251.0 38.17120688829234 782.051076556283 743.8798696679906
252.0 32.00139675940295 815.690922743514 783.689525984111
253.0 36.46836496162957 791.1506433508632 754.6822783892336
254.0 42.98187118392485 762.0909391292651 719.1090679453402
255.0 39.79949489410972 772.7020183764196 732.9025234823099
256.0 37.73600378543128 788.6604427306061 750.9244389451748
257.0 40.73469533074348 769.2689852526436 728.5342899219002
258.0 40.73377647685556 772.1732491172515 731.4394726403959
259.0 41.91255035840954 758.3429452780755 716.4303949196659
260.0 12.62813298654704 909.7221369640025 897.0940039774554
261.0 43.70577081008458 755.9964702043033 712.2906993942187
262.0 39.45106073691474 776.1585846981755 736.7075239612608
263.0 44.12484387468794 751.3036587962704 707.1788149215824
264.0 41.98521151315052 764.9819727043437 722.9967611911932
265.0 40.65406225139363 772.3181814873557 731.664119235962
266.0 35.95263981343298 796.8080533281338 760.8554135147008
267.0 39.08425401792299 782.5564483123433 743.4721942944203
268.0 42.18750690673941 767.0949972919778 724.9074903852384
269.0 34.66128465999119 803.7082709653424 769.0469863053512
270.0 37.73570602290802 785.8531528038698 748.1174467809618
271.0 44.17135343663555 750.4364470437464 706.2650936071109
272.0 38.69295005775396 785.5061770380893 746.8132269803353
273.0 44.67863678922225 749.7656032499678 705.0869664607456
274.0 37.24132709871499 789.9944296022369 752.7531025035219
275.0 23.32497890623577 855.7220838773134 832.3971049710776
276.0 40.73073736450948 769.3627204745755 728.631983110066
277.0 41.37449741881623 767.2766008295768 725.9021034107606
278.0 43.58464216694643 751.5585571271878 707.9739149602414
279.0 27.62737348780252 835.7218676616987 808.0944941738962
280.0 39.513225536058 780.3453362037234 740.8321106676654
281.0 39.97340372209727 773.2434312264183 733.2700275043211
282.0 40.45251806294302 776.4761791892071 736.0236611262641
283.0 41.41327601373762 765.5413334646125 724.1280574508749
284.0 37.33786657375602 791.4526781937075 754.1148116199514
285.0 36.8955753439326 793.6438990813124 756.7483237373798
286.0 45.00789767846083 744.497303889041 699.4894062105801
287.0 26.32889411843208 841.722034276424 815.3931401579919
288.0 44.84136544410664 746.982285411889 702.1409199677824
289.0 39.84975202198922 777.8083461642777 737.9585941422884
290.0 39.13381260556618 783.2578103835459 744.1239977779797
291.0 43.34025898479668 759.8914333484171 716.5511743636204
292.0 40.76866672773134 773.0907680879264 732.3221013601951
293.0 42.54831771829959 763.7719230090985 721.2236052907989
294.0 41.36009688292056 772.5663897275585 731.2062928446379
295.0 45.37915280333123 741.9271156354752 696.547962832144
296.0 39.12201102340687 783.0232536185664 743.9012425951596
297.0 38.13360418469858 786.1668396406411 748.0332354559425
298.0 40.89039098372388 774.2749268101162 733.3845358263923
299.0 27.19366384800903 837.7152880834905 810.5216242354814
300.0 44.93803540610386 747.9789648996258 703.0409294935219
301.0 42.01430061944212 765.1027431662026 723.0884425467605
302.0 32.88510737687568 811.696424625491 778.8113172486153
303.0 45.34822113006921 749.3980482388466 704.0498271087773
304.0 45.52571838250424 744.3559151766017 698.8301967940975
305.0 44.66724639507442 751.8846157011686 707.2173693060942
306.0 42.87769718848754 761.6989599962239 718.8212628077364
307.0 42.05439252314173 766.334535706561 724.2801431834193
308.0 36.40062667714782 794.9685889670559 758.567962289908
309.0 42.44514578468791 764.4222501558614 721.9771043711734
310.0 28.06164049278116 833.722063117737 805.6604226249559
311.0 44.00890232638183 751.3549552167343 707.3460528903525
312.0 47.18992974347446 736.1000990870328 688.9101693435583
313.0 44.70121174852494 748.8962924519285 704.1950807034036
314.0 45.9866104427597 741.4106675191741 695.4240570764144
315.0 44.60706255849981 754.1026887009147 709.4956261424149
316.0 42.45228224727155 764.2697102275874 721.8174279803158
317.0 38.60483359599427 784.6061136850963 746.0012800891021
318.0 44.00719556797724 756.2046928278621 712.1974972598849
319.0 45.5283270151714 745.4244019675568 699.8960749523854
320.0 45.29890185424049 748.3030016215196 703.0040997672791
321.0 45.20558925632314 746.172796505542 700.9672072492188
322.0 41.82563318139276 770.7731932291731 728.9475600477804
323.0 40.02643790979221 779.0261261120609 738.9996882022687
324.0 43.68509416389443 757.99836137245 714.3132672085556
325.0 42.53535934824144 764.297793612052 721.7624342638106
326.0 45.50500886739809 747.5507633457327 702.0457544783346
327.0 38.22943483388471 787.3209478564909 749.0915130226061
328.0 46.97170981283339 736.843758012317 689.8720481994836
329.0 44.31968344866268 756.0048324895939 711.6851490409312
330.0 46.1128009431194 746.3847344306773 700.2719334875579
331.0 40.04686064463144 779.3949752236012 739.3481145789698
332.0 47.75063746212151 735.9362116794489 688.1855742173274
333.0 45.09937914742152 746.9072231808975 701.8078440334759
334.0 26.76100187495219 839.7221296373625 812.9611277624104
335.0 43.49151835687683 761.3793302542797 717.8878118974029
336.0 46.14999223695517 747.3399400466365 701.1899478096814
337.0 45.68510429030825 748.2940390648688 702.6089347745606
338.0 45.77454300500027 744.7002910797368 698.9257480747366
339.0 44.94915884565845 755.0617903172505 710.112631471592
340.0 45.04702318033669 756.5553767693371 711.5083535890004
341.0 43.29244653689667 761.15128140733 717.8588348704334
342.0 26.32889565737972 841.7221315466089 815.3932358892292
343.0 46.59783593260101 742.3035546073391 695.7057186747381
344.0 45.75880587053126 749.9088814322389 704.1500755617076
345.0 47.75493382160719 735.3364182883782 687.581484466771
346.0 47.79952590728816 730.7055765701843 682.9060506628962
347.0 49.40346821572079 722.6457840748972 673.2423158591764
348.0 46.82324047621701 736.7771935752816 689.9539530990646
349.0 45.72252634026302 747.2965670080971 701.5740406678341
350.0 48.0130416010334 734.6910351518723 686.6779935508389
351.0 47.35080805469684 739.0327202559422 691.6819122012453
352.0 48.43731805451707 731.1134763774473 682.6761583229302
353.0 46.81144599155938 740.6735151502011 693.8620691586417
354.0 48.5140807236191 733.8699859670606 685.3559052434415
355.0 48.52745591154486 728.2571743080217 679.7297183964769
356.0 45.01509730136309 756.2366538976859 711.2215565963228
357.0 47.42074767201815 737.4218744980513 690.0011268260331
358.0 48.0492745472255 734.8982970943837 686.8490225471582
359.0 45.44921940024737 753.4583333849564 708.009113984709
360.0 47.8200242935025 733.4873813974627 685.6673571039602
361.0 48.22998710416519 732.5109960370062 684.281008932841
362.0 49.88870333633647 721.5361222946478 671.6474189583113
363.0 46.53320894583454 740.5724317502467 694.0392228044122
364.0 47.53613831627745 739.2711445357269 691.7350062194494
365.0 44.60520578054603 754.5820738774967 709.9768680969507
366.0 45.06205462821578 757.0052578639871 711.9432032357714
367.0 50.00363840216729 722.1168426864366 672.1132042842693
368.0 44.99837501285878 756.093663585632 711.0952885727732
369.0 49.20974003862839 732.6431058399845 683.4333658013561
370.0 49.494722215097 723.2186386217364 673.7239164066394
371.0 47.44332642590603 742.4337216418641 694.9903952159581
372.0 46.87537256792544 748.1765938602023 701.3012212922769
373.0 48.8901850443847 730.9150150499534 682.0248300055687
374.0 48.98848406716179 735.0918946425441 686.1034105753823
375.0 47.85442554389235 737.0650751842436 689.2106496403512
376.0 49.19445512375156 731.5144135642817 682.3199584405301
377.0 47.90698746397906 736.2642177658256 688.3572303018465
378.0 51.48246387320792 712.7213581755479 661.23889430234
379.0 50.28659027771247 721.63048717747 671.3438968997575
380.0 50.50003546958966 718.9865482010113 668.4865127314216
381.0 46.91238601278563 743.912812732374 697.0004267195884
382.0 50.28019749902997 723.971326704223 673.6911292051931
383.0 46.86202689328907 748.3067676558813 701.4447407625922
384.0 49.60897124976403 730.125860207085 680.5168889573209
385.0 49.31401338563017 730.3483021945924 681.0342888089622
386.0 49.94564787552631 724.7290099702005 674.7833620946742
387.0 45.06920315684299 757.14656721959 712.077364062747
388.0 49.04442282325362 732.5504194209592 683.5059965977056
389.0 46.44779902159834 750.8760450620004 704.4282460404021
390.0 44.14558645040819 761.176527327298 717.0309408768898
391.0 49.12522020244485 734.3988791435462 685.2736589411014
392.0 41.42189043714519 773.6717546094898 732.2498641723446
393.0 46.92683189433347 749.2095979777184 702.2827660833849
394.0 50.90935449348185 719.8470704404018 668.9377159469199
395.0 51.68760691845408 716.2764920090197 664.5888850905656
396.0 48.95661638757598 734.8599042891796 685.9032879016036
397.0 52.1280854577865 713.7665534059234 661.6384679481369
398.0 51.7439903759875 716.2219074008006 664.4779170248131
399.0 50.47318628321441 725.0431789363419 674.5699926531275
400.0 51.98840524459046 712.632351229416 660.6439459848256
401.0 49.27317780611429 734.1499761943976 684.8767983882833
402.0 51.28306746308399 720.8365754900165 669.5535080269325
403.0 51.37138779354465 721.3699076783394 669.9985198847947
404.0 52.05884890215193 713.7904786674957 661.7316297653438
405.0 49.9599636107227 729.3331784900258 679.3732148793031
406.0 53.41122280416957 704.2040027521013 650.7927799479318
407.0 52.06720684730869 715.7548833503159 663.6876765030072
408.0 49.57913529013634 730.6586283721832 681.0794930820469
409.0 52.48567136960507 714.5536972533994 662.0680258837943
410.0 54.0301369118408 702.1339883028491 648.1038513910083
411.0 52.78139471043404 711.9146656115316 659.1332709010976
412.0 53.90147253662186 709.2404943215821 655.3390217849603
413.0 53.28967189945913 710.2304330513767 656.9407611519176
414.0 42.33595167368412 769.6956971645652 727.3597454908811
415.0 51.05222648658851 729.7846593446934 678.7324328581048
416.0 52.23769414448377 718.4509450642469 666.2132509197631
417.0 54.07194593496995 705.1559201668366 651.0839742318667
418.0 54.3369932162519 700.4887149552023 646.1517217389504
419.0 53.35519869625955 713.8664674279077 660.5112687316482
420.0 51.53096151754869 727.74402274587 676.2130612283213
421.0 51.61446723658632 724.016646219065 672.4021789824787
422.0 53.09580373121925 713.9924146641041 660.8966109328849
423.0 53.25233060283037 713.4619235427174 660.209592939887
424.0 53.19993304495532 716.6683202525788 663.4683872076235
425.0 53.18805317205813 709.6086136824997 656.4205605104416
426.0 53.87377324016677 709.6016749759611 655.7279017357943
427.0 54.10807755768105 708.0481525871375 653.9400750294564
428.0 53.28409750266794 717.8948058954074 664.6107083927395
429.0 55.54296342505296 697.600205370538 642.0572419454851
430.0 54.48446446821592 710.6869820925761 656.2025176243602
431.0 55.43689268728376 705.8274164119955 650.3905237247117
432.0 54.97673202895503 706.8465413311116 651.8698093021565
433.0 54.98165509855115 703.1187032836215 648.1370481850704
434.0 55.55437089869831 702.0684110238833 646.514040125185
435.0 53.74706502491584 712.5297959461062 658.7827309211904
436.0 54.01613261415439 712.754034061026 658.7379014468716
437.0 57.9990569074922 682.7975439006942 624.798486993202
438.0 56.19519747397286 696.2083633458863 640.0131658719134
439.0 55.42042372887248 703.711846968328 648.2914232394555
440.0 56.89586085983877 691.9508077552328 635.0549468953941
441.0 54.70601742661361 712.6452078048318 657.9391903782181
442.0 57.365334532991 690.4013644673432 633.0360299343522
443.0 53.56867102129989 717.0605702633619 663.491899242062
444.0 52.5327488424193 725.1921839688777 672.6594351264584
445.0 56.94496372948086 693.1282550287901 636.1832912993093
446.0 54.38840978593651 716.4053867134735 662.016976927537
447.0 40.51247763616691 777.7220190599445 737.2095414237776
448.0 56.57057654875505 703.2148036732748 646.6442271245198
449.0 53.00153189340575 723.1492324626912 670.1477005692855
450.0 57.81083403516416 689.8853952699444 632.0745612347802
451.0 56.10344208293963 706.265919034885 650.1624769519454
452.0 56.08415547569036 705.9724970257604 649.88834155007
453.0 60.39447577709394 672.9334389883501 612.5389632112562
454.0 55.75391704580438 705.1538427150345 649.3999256692301
455.0 55.80777841198233 710.4510658942922 654.6432874823098
456.0 57.69580460594859 697.0154056829513 639.3196010770027
457.0 58.67745914025057 685.9236182839571 627.2461591437066
458.0 60.10983182762103 677.50442929852 617.3945974708989
459.0 60.83246712508586 671.6346367689293 610.8021696438434
460.0 59.59217088359403 684.8408283028644 625.2486574192703
461.0 59.75621531273736 687.4421223643094 627.6859070515721
462.0 59.70304680833508 686.9890877703345 627.2860409619994
463.0 59.58721811237844 684.0311173387773 624.4438992263988
464.0 59.87379687388752 685.8992273042303 626.0254304303427
465.0 58.54533519025999 696.9158361001534 638.3705009098934
466.0 61.91699876790801 672.6607054776315 610.7437067097235
467.0 47.87201801995468 745.7206691913527 697.8486511713981
468.0 60.08249507900996 686.5760517138177 626.4935566348077
469.0 60.45411344092248 683.864710460246 623.4105970193235
470.0 61.44970076082839 676.7972822865139 615.3475815256855
471.0 61.89753853846745 675.4443564544277 613.5468179159602
472.0 61.6824867593212 676.6116230251691 614.9291362658479
473.0 53.48994027553649 721.6629581938525 668.173017918316
474.0 62.0698063572845 675.1229016859442 613.0530953286597
475.0 64.1891169882777 659.5300995143525 595.3409825260748
476.0 62.58536110158908 673.0512735168673 610.4659124152782
477.0 62.08879821056818 675.8304867457285 613.7416885351604
478.0 61.38106259598305 682.1356111638201 620.754548567837
479.0 66.01217044447859 650.6882310655904 584.6760606211118
480.0 64.28576354168978 666.1456097419625 601.8598462002727
481.0 64.12696754843624 665.3487843527549 601.2218168043187
482.0 64.34484478959669 664.4623005654684 600.1174557758717
483.0 56.32717629395256 709.678519470382 653.3513431764295
484.0 60.59020321820728 691.0889352364801 630.4987320182729
485.0 66.66220702670816 652.4157966827116 585.7535896560034
486.0 61.53820987121406 686.9879000907436 625.4496902195295
487.0 66.76137965212546 652.0209983791201 585.2596187269947
488.0 64.38123184504947 669.1522521477565 604.771020302707
489.0 65.61314203069443 660.1013902790646 594.4882482483701
490.0 66.1779041228865 661.2713208975155 595.093416774629
491.0 65.38499275330108 663.4759637806034 598.0909710273023
492.0 66.93196314353742 658.1315267612554 591.199563617718
493.0 68.2043484626961 649.9015760434528 581.6972275807567
494.0 57.75075428775769 703.6709398302093 645.9201855424517
495.0 68.64339997853495 647.2904097163659 578.647009737831
496.0 69.5083731762385 641.1520281368354 571.6436549605969
497.0 69.03943074799625 645.3076708015649 576.2682400535687
498.0 67.84709688672133 655.1432236227274 587.2961267360061
499.0 69.64887426453118 644.998908237623 575.3500339730918
500.0 62.5219108435368 683.6154531436013 621.0935423000645
501.0 69.78895532137308 646.8870467410933 577.0980914197202
502.0 68.2083318720701 658.0573244353601 589.84899256329
503.0 69.75102060671953 647.1498977259912 577.3988771192717
504.0 70.38913750784447 645.8385390512065 575.449401543362
505.0 73.56518676993609 624.6135384196843 551.0483516497482
506.0 72.3549288650837 632.6919234259017 560.336994560818
507.0 73.01878992679734 630.5243331198573 557.50554319306
508.0 72.41555468103761 637.7854816412197 565.3699269601821
509.0 72.53820830992466 639.3957961903545 566.8575878804298
510.0 74.33287212921539 624.6741449480831 550.3412728188677
511.0 72.95377204638391 631.7328310865681 558.7790590401842
512.0 75.43754779744581 618.41269439183 542.9751465943842
513.0 75.68395096789377 623.067479340158 547.3835283722642
514.0 76.47867301459986 617.1267160732981 540.6480430586983
515.0 75.18310613579865 624.055938531461 548.8728323956623
516.0 78.16799463781463 606.9777582998921 528.8097636620774
517.0 79.3740601790876 600.2195566604168 520.8454964813292
518.0 79.0568020193178 603.1696141822684 524.1128121629506
519.0 80.07657674853608 598.941899674938 518.8653229264019
520.0 77.91714482842911 610.6194990023587 532.7023541739296
521.0 81.4371271235878 595.4335274254902 513.9964003019024
522.0 79.3688125747003 612.2986956069067 532.9298830322064
523.0 77.94906344530964 615.4399303042464 537.4908668589367
524.0 80.99720890871025 602.122175993275 521.1249670845648
525.0 81.32571306071242 600.7525407782477 519.4268277175353
526.0 83.42267665620576 591.2889598842627 507.866283228057
527.0 79.8058963844791 610.2585975912259 530.4527012067468
528.0 85.91119725303398 581.8771938621314 495.9659966090974
529.0 79.881821522839 610.7985812354524 530.9167597126134
530.0 82.77566916391701 598.4727079918608 515.6970388279438
531.0 86.8506519821831 576.8726031109407 490.0219511287576
532.0 87.77324031873576 573.7702586100734 485.9970182913377
533.0 89.56999014304503 569.2977007800555 479.7277106370105
534.0 84.09339194243761 589.1111669249097 505.0177749824721
535.0 90.19735902620887 564.1036246777781 473.9062656515693
536.0 90.14025529612088 568.5699385688942 478.4296832727733
537.0 90.07112379197189 563.3697994789369 473.298675686965
538.0 95.68099080355058 541.1787024949806 445.49771169143
539.0 94.71553214802009 543.6877172045672 448.9721850565471
540.0 91.48769797510889 561.5085111172111 470.0208131421022
541.0 89.22868066589516 573.7071691880634 484.4784885221682
542.0 88.73715462395751 575.6662778970851 486.9291232731276
543.0 89.71334196984514 571.5788233559481 481.8654813861029
544.0 85.78275057750076 587.3666299271592 501.5838793496584
545.0 99.57232016541133 531.7211956151241 432.1488754497128
546.0 103.0922974220502 517.7219952517897 414.6296978297395
547.0 119.0285472516245 470.8179318663792 351.7893846147547
548.0 98.08353841412704 537.7221369873973 439.6385985732703
549.0 90.70003613069063 567.7221369999969 477.0221008693063
550.0 91.68087153265476 563.7043275931935 472.0234560605387
551.0 132.1752359048208 437.3139953089392 305.1387594041184
552.0 130.326097828373 443.5635189741562 313.2374211457833
553.0 126.7912768932748 451.2632901809349 324.4720132876602
554.0 122.8664815110209 461.6992776582013 338.8327961471804
555.0 109.8570886183084 501.7221369920765 391.865048373768
556.0 132.1517867282639 439.6449924428016 307.4932057145377
557.0 140.6768083125965 421.6810279359053 281.0042196233088
558.0 127.6412369538906 449.2774873788461 321.6362504249555
559.0 129.4437712543131 445.6412760697476 316.1975048154345
560.0 140.6796315390436 421.72011869368 281.0404871546364
561.0 149.3986441935674 403.7105492252593 254.3119050316919
562.0 158.1077501067265 385.2270115112328 227.1192614045064
563.0 152.835781569187 395.0979293564237 242.2621477872366
564.0 154.2745257549449 393.7093855141763 239.4348597592314
565.0 143.5770248798263 415.7207685173635 272.1437436375372
566.0 158.5935584135702 382.6831149351057 224.0895565215355
567.0 161.1981416208356 379.5646657029854 218.3665240821498
568.0 170.9774469836436 361.7216979288995 190.7442509452559
569.0 161.1981426858476 379.5646934026157 218.3665507167681
570.0 169.7453685811127 363.4022395115559 193.6568709304432
571.0 169.8125764957201 363.7158013375796 193.9032248418595
572.0 187.1788816980553 335.2201679955998 148.0412862975445
573.0 169.8130521376634 363.7221364119776 193.9090842743142
574.0 183.4508507613946 341.716056277942 158.2652055165474
575.0 168.6431332052516 365.5473829360853 196.9042497308337
576.0 205.4966895189673 307.4339945381578 101.9373050191904
577.0 206.7062824830929 305.201168459272 98.49488597617916
578.0 170.9774704697864 361.7221369999846 190.7446665301983
579.0 191.2233655806271 329.7221369991928 138.4987714185658
580.0 237.463269155134 262.7435039393687 25.28023478423471
581.0 213.4618925774042 295.722136999484 82.2602444220798
582.0 226.3916681476548 277.7221290299526 51.3304608822978
583.0 237.9316915517529 263.6768533181692 25.74516176641637
584.0 246.4641407402348 253.7219748420198 7.257834101784989
585.0 268.7271091399902 227.617814608661 -41.10929453132921
586.0 265.3139067192175 231.6901780430353 -33.62372867618219
587.0 263.6016423922316 233.7116258230031 -29.89001656922854
588.0 265.312938003328 231.6903921230895 -33.62254588023851
591.0 287.6125013391591 205.722137 -81.89036433915914
