0.0 102.0283957571504 754.0535408630592 652.0251451059088
1.0 96.83503648612925 735.7735415030435 638.9385050169142
2.0 97.85473046883242 740.6363036688628 642.7815732000304
3.0 91.64321660220685 717.7270134705728 626.083796868366
4.0 97.1134784033463 738.9244212595736 641.8109428562273
5.0 93.90435368224373 726.3051300731179 632.4007763908742
6.0 91.62536314876676 718.0213457266164 626.3959825778497
7.0 94.23308585424742 728.8385062134596 634.6054203592121
8.0 94.33668223950078 731.5298782758097 637.1931960363089
9.0 92.90549712488078 725.7589908542604 632.8534937293796
10.0 92.06030722764007 720.8602987211239 628.7999914934838
11.0 91.57162236538086 720.9610079422851 629.3893855769042
12.0 90.96674587697468 716.7745017220733 625.8077558450986
13.0 87.61767756861789 703.7540587667121 616.1363811980942
14.0 89.31982370251894 710.1072948127415 620.7874711102225
15.0 89.35150962386815 712.1829670903478 622.8314574664796
16.0 90.95050421456373 717.3354087137312 626.3849044991675
17.0 89.85559167002815 712.4809648988573 622.6253732288291
18.0 90.64589609910813 718.630977828099 627.9850817289909
19.0 91.17024110422335 720.0626257646889 628.8923846604655
20.0 86.97529051438587 702.3824559181886 615.4071654038027
21.0 90.86953211803167 717.8976739337435 627.0281418157119
22.0 90.63697923378794 717.7787148115094 627.1417355777215
23.0 88.18442946963201 708.3944084725917 620.2099790029596
24.0 89.24420766180945 712.9754593922241 623.7312517304146
25.0 89.52945289516921 715.3605015055748 625.8310486104056
26.0 88.72299849859499 708.4514028098819 619.7284043112869
27.0 89.0754192696937 711.8939854062762 622.8185661365825
28.0 89.96340842334626 716.388732346916 626.4253239235697
29.0 88.64296324016763 709.1699858989683 620.5270226588006
30.0 88.96425239307576 711.7750404901628 622.810788097087
31.0 87.51106016991503 704.9792252063375 617.4681650364225
32.0 86.38415550929814 700.6614294013479 614.2772738920497
33.0 86.30152234967919 700.9195851767651 614.6180628270859
34.0 86.91949058177161 703.1351144950791 616.2156239133075
35.0 87.58061865510421 704.2723936319155 616.6917749768113
36.0 83.03136917309916 687.7735933061105 604.7422241330113
37.0 86.91876091846887 703.1914147932708 616.272653874802
38.0 80.74550953862314 679.7243207267309 598.9788111881078
39.0 85.0305128613562 696.7200798257322 611.689566964376
40.0 82.4608037316088 685.7326256806361 603.2718219490273
41.0 87.50089415885148 705.2728790502771 617.7719848914256
42.0 85.61947311893654 698.6375277918579 613.0180546729214
43.0 85.24504047994646 696.7842083992418 611.5391679192953
44.0 87.80677899971901 708.9052824181819 621.0985034184629
45.0 85.17652085672184 696.7281741470722 611.5516532903504
46.0 85.20402146311135 696.9887206045442 611.7846991414328
47.0 86.33632192284588 701.2487465786661 614.9124246558202
48.0 84.05114706263593 692.9770544103615 608.9259073477256
49.0 85.03692655134925 696.66039965742 611.6234731060707
50.0 85.19986552876511 697.0707671581687 611.8709016294036
51.0 86.60949052660698 703.5964473183544 616.9869567917475
52.0 84.10602429348197 694.2337138389294 610.1276895454474
53.0 82.45851950009471 685.7913161600878 603.3327966599931
54.0 83.45290709097499 690.7768582148122 607.3239511238372
55.0 87.52686716551809 709.2150250276664 621.6881578621483
56.0 82.33077192131003 686.4051225938689 604.0743506725589
57.0 85.59982440007586 699.6750495883686 614.0752251882927
58.0 85.0884441511337 700.0417608347577 614.953316683624
59.0 83.85333568511225 693.008935669609 609.1555999844967
60.0 83.00043194631256 688.2227124363512 605.2222804900386
61.0 82.98983786033719 688.3207177290065 605.3308798686693
62.0 83.49929081276433 691.0672006641509 607.5679098513866
63.0 82.44975366645222 685.9383130524254 603.4885593859732
64.0 80.16675700163292 677.8588552964128 597.6920982947798
65.0 84.94449955274754 699.6186467154864 614.6741471627389
66.0 83.04943218617535 690.4221520454799 607.3727198593045
67.0 84.87585001943772 698.3433560109818 613.4675059915441
68.0 82.81319670495338 689.5584856657427 606.7452889607893
69.0 80.74538542025924 679.7288241266878 598.9834387064286
70.0 83.87659258582132 695.0880133914507 611.2114208056294
71.0 81.28459515333853 682.1354013941235 600.8508062407849
72.0 80.74410961612408 679.764347238512 599.020237622388
73.0 83.72846272229514 694.1829720924484 610.4545093701533
74.0 81.05137918629228 682.3962546981101 601.3448755118178
75.0 84.0609383929194 696.5787217449965 612.5177833520771
76.0 84.28414745163896 695.8492465683789 611.56509911674
77.0 82.13871914122994 686.9168112788018 604.7780921375718
78.0 82.93202114266186 689.0558125648519 606.1237914221901
79.0 83.4407329413978 690.9619667350238 607.521233793626
80.0 80.71257206905311 680.1427193217202 599.4301472526671
81.0 80.70901369412332 680.2896197535774 599.5806060594541
82.0 83.25842565308606 694.0787429916137 610.8203173385277
83.0 81.17263918789923 684.6323502923428 603.4597111044436
84.0 82.51838993536893 688.1061516046715 605.5877616693026
85.0 82.51270178343385 689.3372585513638 606.8245567679299
86.0 81.75133560024512 685.2269270130606 603.4755914128155
87.0 81.77842965635137 684.898693496727 603.1202638403757
88.0 82.28886799483774 686.9452171400158 604.6563491451781
89.0 79.46955996059966 676.4558654078251 596.9863054472255
90.0 80.24812162950021 679.8080651040896 599.5599434745893
91.0 79.03082466977249 673.7460000695473 594.7151753997748
92.0 77.28385036383252 668.1631217218183 590.8792713579857
93.0 77.31895363374602 667.7328309784669 590.4138773447209
94.0 77.88872293377167 669.7531158647311 591.8643929309594
95.0 80.55984015223563 681.2357423209634 600.6759021687278
96.0 77.82174445070179 670.3382756010296 592.5165311503278
97.0 81.58947872097779 684.8335611784992 603.2440824575215
98.0 76.17728490287695 663.7500401284513 587.5727552255743
99.0 80.15754952228578 677.9945149294002 597.8369654071144
100.0 81.19212073618947 684.6166026649179 603.4244819287284
101.0 81.71024074162388 684.999239915829 603.2889991742051
102.0 78.36210021792562 672.6735903187895 594.3114901008639
103.0 79.86092705655713 678.7839337063252 598.9230066497681
104.0 81.76118749138355 685.0404905130078 603.2793030216242
105.0 82.25828072801197 687.1091030483007 604.8508223202887
106.0 80.56070484179838 681.0847725715062 600.5240677297078
107.0 82.68463808309189 689.4723355788175 606.7876974957256
108.0 82.18473740692158 689.3178938779374 607.1331564710159
109.0 79.45291023083452 676.6930264613371 597.2401162305026
110.0 79.59846159222568 675.8201235115928 596.2216619193671
111.0 80.70072790334873 680.3007525203667 599.6000246170179
112.0 83.99780504691322 693.0956121670873 609.097807120174
113.0 79.00343514218384 674.0352607178513 595.0318255756675
114.0 80.6024803433248 680.6143534855594 600.0118731422346
115.0 81.09918109035778 683.1986945959764 602.0995135056186
116.0 82.11800751169882 687.0966258611255 604.9786183494266
117.0 80.10870383048527 678.3052217144718 598.1965178839865
118.0 81.30429225595877 681.9519170677305 600.6476248117718
119.0 77.31923856042474 667.7230909088369 590.4038523484121
120.0 80.14402600654913 678.0800194584495 597.9359934519004
121.0 84.45953585195517 696.1340369266697 611.6745010747145
122.0 81.4411691467956 685.2476942654698 603.8065251186742
123.0 81.26423037234485 682.4382577769995 601.1740274046547
124.0 82.33322552897011 686.8290681842298 604.4958426552597
125.0 77.88822436995034 669.7634332447531 591.8752088748028
126.0 83.02515309650969 687.8888620129405 604.8637089164308
127.0 79.55356781721237 676.3530552762474 596.799487459035
128.0 83.56593953404152 690.2674916298117 606.7015520957702
129.0 77.87656462975849 669.9168166076352 592.0402519778767
130.0 82.49900041462298 689.0752010520409 606.576200637418
131.0 84.26785627763486 695.0338104517931 610.7659541741583
132.0 82.77384382398052 689.2061492371519 606.4323054131714
133.0 82.87619044803706 688.7148768263315 605.8386863782944
134.0 82.94947522900103 688.6171075632617 605.6676323342607
135.0 78.4604298109959 671.729405369668 593.2689755586721
136.0 83.56810915388679 690.308380760476 606.7402716065892
137.0 77.25780157091258 668.2191845303772 590.9613829594646
138.0 80.73889943056729 679.8448528352702 599.1059534047029
139.0 81.2436488851988 682.4456296617635 601.2019807765647
140.0 78.46011360336558 671.7368851228154 593.2767715194498
141.0 76.74269672468148 665.828846580595 589.0861498559135
142.0 77.88969414908575 669.7285321639432 591.8388380148574
143.0 78.45484351771707 671.8221397664076 593.3672962486905
144.0 78.44631858897678 671.9424541044617 593.4961355154849
145.0 84.46793737560238 695.6640503908288 611.1961130152264
146.0 81.88199564812266 683.8555953083389 601.9735996602163
147.0 79.60092471487563 675.7684667232076 596.167542008332
148.0 79.01737696819536 673.9376129261226 594.9202359579272
149.0 76.17848689224007 663.7223273722996 587.5438404800595
150.0 77.31863630772597 667.7386150905471 590.4199787828211
151.0 82.50506217010738 689.3447128919173 606.83965072181
152.0 79.58254978766214 676.0404116330496 596.4578618453875
153.0 80.80373823859432 683.6276411785824 602.8239029399881
154.0 82.78635108876063 689.5107259175987 606.7243748288381
155.0 79.53085226528975 676.4092572332979 596.8784049680081
156.0 80.12922632651499 678.2951296828702 598.1659033563552
157.0 81.71482917978101 684.9533449715858 603.2385157918048
158.0 73.3292112484301 653.7225734655282 580.3933622170981
159.0 81.32975157938295 684.463495726583 603.1337441472001
160.0 77.31825326806809 667.7501414957241 590.431888227656
161.0 78.38726900276632 672.4405954652781 594.0533264625118
162.0 75.57266810849851 662.1680723651199 586.5954042566214
163.0 69.34603047464937 639.7221464237468 570.3761159490975
164.0 76.74855009832489 665.7303997587609 588.981849660436
165.0 81.63544559003554 685.4433634032178 603.8079178131822
166.0 78.74798568411236 675.4832177299853 596.735232045873
167.0 80.02917573057632 679.032163870325 599.0029881397487
168.0 72.75965193356718 651.726965082394 578.9673131488269
169.0 70.48319925560459 643.7299401135181 573.2467408579135
170.0 79.86361124919851 678.8832123638156 599.019601114617
171.0 75.5944529752753 661.9296618554923 586.335208880217
172.0 79.85827428392079 679.0196902151046 599.1614159311838
173.0 79.85419067753974 680.4651758584924 600.6109851809526
174.0 78.41901163608467 672.2911315615999 593.8721199255152
175.0 68.20909992316207 635.7221391521657 567.5130392290036
176.0 73.89847291361723 655.7315614698477 581.8330885562304
177.0 77.30298131162538 667.9761084188528 590.6731271072274
178.0 77.11446579557343 668.9954458011781 591.8809800056047
179.0 75.51551963905076 662.574414578922 587.0588949398713
180.0 77.24969544156904 668.3721155425961 591.1224201010271
181.0 76.72859833544604 666.037018451618 589.308420116172
182.0 76.14991566109668 666.4406695076921 590.2907538465954
183.0 69.34481915642651 639.74976205071 570.4049428942835
184.0 79.97960033793923 679.2490627301449 599.2694623922056
185.0 65.93660787461696 627.7221384725038 561.7855305978868
186.0 71.6213063812527 647.7239628587963 576.1026564775436
187.0 75.95920025441707 665.1882334450127 589.2290331905956
188.0 74.45307371365491 658.0147379779194 583.5616642642645
189.0 76.37950687272918 666.9491128797064 590.5696060069772
190.0 75.53138432460601 662.4523563666841 586.9209720420781
191.0 68.77734757821519 637.7272276646183 568.9498800864031
192.0 78.93616934350335 674.6595393097311 595.7233699662277
193.0 72.7544407440652 651.8289924677075 579.0745517236423
194.0 74.94251513594257 660.7362391732935 585.793724037351
195.0 76.02728511898506 664.7295522193977 588.7022671004127
196.0 71.0507809728445 645.7598617420329 574.7090807691884
197.0 74.46290701457773 657.8359884978602 583.3730814832825
198.0 72.55824440146966 653.0307038077754 580.4724594063057
199.0 72.67773845060101 652.5954680176227 579.9177295670217
200.0 72.19040046370891 649.72602562946 577.535625165751
201.0 64.23324467690541 621.7259926706136 557.4927479937082
202.0 75.50355350401323 662.7561587321885 587.2526052281753
203.0 68.20830475902954 635.743993164516 567.5356884054865
204.0 71.48289027286238 648.5254386045496 577.0425483316873
205.0 74.3742070481971 658.6074547438798 584.2332476956827
206.0 68.77750037905795 637.7224134752628 568.9449130962049
207.0 69.89226691508155 642.0724375544572 572.1801706393757
208.0 70.97232622402622 646.5027530954061 575.5304268713799
209.0 67.62778664806893 633.904256619587 566.2764699715181
210.0 63.66582071580283 619.7221912939383 556.0563705781355
211.0 72.66340989367663 652.6428390568404 579.9794291631638
212.0 71.47223266240645 648.6753025463369 577.2030698839305
213.0 75.47090514965867 664.7199842171315 589.2490790674728
214.0 74.09218418998625 658.9725131000785 584.8803289100923
215.0 68.20904721083551 635.7239676234377 567.5149204126022
216.0 75.93998478462072 665.4948541623519 589.5548693777312
217.0 70.47306431416814 643.9196255958829 573.4465612817147
218.0 70.74005592027842 646.7427665120636 576.0027105917852
219.0 66.4925054809833 629.9279710115372 563.4354655305539
220.0 74.18744575311946 658.6161947343953 584.4287489812758
221.0 71.59439723926221 648.1514570162149 576.5570597769527
222.0 72.87916374913576 655.443455813086 582.5642920639503
223.0 70.77955551145295 646.4980330470056 575.7184775355527
224.0 61.96377074675418 613.7222015076796 551.7584307609254
225.0 72.73140859304409 652.1779919121505 579.4465833191065
226.0 69.20657430642313 640.5435525277845 571.3369782213613
227.0 71.83993427219346 650.9907867666237 579.1508524944303
228.0 70.78542058820591 646.3969501421599 575.611529553954
229.0 67.07155168944278 631.7496107726654 564.6780590832226
230.0 60.82953710310536 609.722228993904 548.8926918907987
231.0 68.77609000812243 637.7566071446062 568.9805171364838
232.0 67.0605981506569 631.9278317797086 564.8672336290517
233.0 63.09831437999661 617.7243034038722 554.6259890238755
234.0 70.20408503940256 644.5723783367145 574.3682932973119
235.0 70.33550833091723 644.6424977845369 574.3069894536197
236.0 69.32261174056689 640.0999958813258 570.7773841407589
237.0 71.11210342271357 649.1266792865954 578.0145758638818
238.0 70.41883319828956 644.5565541066111 574.1377209083216
239.0 70.18833050891757 645.4452185284503 575.2568880195327
240.0 70.74741517660608 646.7767804687042 576.0293652920981
241.0 66.49976316688185 629.8289899753574 563.3292268084756
242.0 66.80808844529389 632.3455603075857 565.5374718622918
243.0 69.89355971545466 642.074418949959 572.1808592345043
244.0 68.7679751133477 637.9043582916923 569.1363831783446
245.0 71.41560888187349 649.2461678481931 577.8305589663196
246.0 70.14541989438395 645.1529014217295 575.0074815273456
247.0 65.36870483999771 625.7239392008725 560.3552343608748
248.0 67.00266708758183 632.3590517408069 565.3563846532251
249.0 67.62341709663518 634.0011323169895 566.3777152203544
250.0 65.90721867952031 628.0574454082737 562.1502267287534
251.0 66.58163416573867 632.921706446322 566.3400722805834
252.0 68.5312701108112 639.3466874833278 570.8154173725166
253.0 70.02294190075295 645.3795441805267 575.3566022797737
254.0 64.20416138325409 622.0513610401888 557.8471996569347
255.0 63.35176505139717 621.9883027736149 558.6365377222177
256.0 67.90297312142914 636.8957069443404 568.9927338229113
257.0 63.40075564403698 620.3552353978212 556.9544797537843
258.0 63.64323237286135 620.0943193991368 556.4510870262754
259.0 65.86184400729832 628.4009857290477 562.5391417217494
260.0 66.93850070786478 632.4653354491164 565.5268347412517
261.0 63.52437058817406 620.5577873501192 557.0334167619451
262.0 65.28875270164807 626.4841872160366 561.1954345143885
263.0 61.96368917614003 613.7251199416327 551.7614307654927
264.0 67.28489814330808 635.7557554325132 568.4708572892051
265.0 63.29916536944886 620.8777078477809 557.578542478332
266.0 64.15786732488424 622.4178915990552 558.2600242741709
267.0 61.39525751791761 611.7540758670067 550.3588183490891
268.0 60.26169263052206 607.7454266666958 547.4837340361737
269.0 63.66239222127188 619.7971199615292 556.1347277402574
270.0 56.29603584343414 593.7230332212247 537.4269973777905
271.0 67.27967125268109 635.3505019730345 568.0708307203534
272.0 63.05661858122247 618.2217151323719 555.1650965511494
273.0 62.23516345166675 616.711244632838 554.4760811811713
274.0 63.09544318379529 617.7925979932124 554.6971548094171
275.0 64.2535085511891 625.2187303629555 560.9652218117664
276.0 59.69017318890882 605.8445238812948 546.154350692386
277.0 65.33745004189415 626.2440720940382 560.906622052144
278.0 65.70372186971202 629.3674355376812 563.6637136679692
279.0 60.19249883718757 608.3689601150108 548.1764612778233
280.0 60.24822228830655 607.93830259276 547.6900803044535
281.0 60.53855376197006 610.6613369129493 550.1227831509793
282.0 60.22967405461807 608.2043272387263 547.9746531841083
283.0 61.74219772646462 615.840935388291 554.0987376618264
284.0 57.96343592778347 600.1057690341134 542.14233310633
285.0 61.95258366939786 613.9399958908165 551.9874122214187
286.0 58.98613805099412 604.57967222218 545.5935341711859
287.0 60.80569465865882 610.1353600399674 549.3296653813086
288.0 62.67142868684482 619.3859933496731 556.7145646628283
289.0 55.16284396737218 589.7398912109363 534.5770472435641
290.0 60.22255789036739 608.2558392217695 548.0332813314022
291.0 62.86249255184263 619.4834503626624 556.6209578108197
292.0 54.03112459075539 585.7260031132938 531.6948785225384
293.0 52.33219897777382 579.7500670865356 527.4178681087618
294.0 57.85929410589174 600.4995638504239 542.6402697445322
295.0 59.97713861627603 611.3202460501512 551.3431074338751
296.0 58.28418228153996 603.3472055145338 545.0630232329938
297.0 58.97128393246154 604.8183262190718 545.8470422866102
298.0 57.38897134791059 598.2693835490559 540.8804122011453
299.0 59.49998687885872 607.1892524518924 547.6892655730337
300.0 52.89315244177884 581.8276842535782 528.9345318117994
301.0 52.33054706792955 579.7902584230374 527.4597113551079
302.0 61.03808451524698 613.9961299106591 552.9580453954121
303.0 53.99503967977415 586.1712442272344 532.1762045474603
304.0 57.10825864335657 598.9890628387795 541.8808041954229
305.0 57.52560337461306 601.816208478579 544.290605103966
306.0 56.92855047521811 599.1582546931758 542.2297042179577
307.0 52.89796592390205 581.7535671625882 528.8556012386861
308.0 57.94143566588277 604.0195282658304 546.0780925999477
309.0 54.36615806749127 589.2489578757543 534.8827998082631
310.0 46.67923208728027 559.722242793066 513.0430107057857
311.0 52.30417225657918 580.0506753978003 527.7465031412211
312.0 56.21048043032681 597.0281198532328 540.817639422906
313.0 51.76678392563994 577.7462613229988 525.9794773973588
314.0 51.77017694466907 580.1141743475459 528.3439974028768
315.0 53.96263207736358 586.3634998082383 532.4008677308747
316.0 49.79576861624334 572.4781578204729 522.6823892042296
317.0 52.89106665645051 581.8783376643084 528.9872710078578
318.0 54.86022117900441 591.8894193666741 537.0291981876697
319.0 47.24421759250256 561.7234697151158 514.4792521226132
320.0 51.19486722919688 575.8528502029375 524.6579829737406
321.0 50.62967308884876 573.8395996846587 523.2099265958099
322.0 53.61947761478098 587.2597638134753 533.6402861986943
323.0 49.80166539792063 572.4276084095311 522.6259430116104
324.0 53.38816624308484 587.8321908617878 534.4440246187029
325.0 51.62394437189749 578.9668180745113 527.3428737026138
326.0 50.58601593685982 574.3645041485528 523.778488211693
327.0 51.63730408235291 579.1458926044112 527.5085885220583
328.0 47.80744155603489 563.7712387670411 515.9637972110063
329.0 50.47729975823568 574.7942135027824 524.3169137445467
330.0 48.36534293731649 565.8918521852535 517.526509247937
331.0 52.01015692132938 581.9289790573558 529.9188221360264
332.0 49.92714689614153 572.6144715496727 522.6873246535312
333.0 50.04387827884555 572.1534214365608 522.1095431577152
334.0 49.94382786554269 573.0799137577184 523.1360858921757
335.0 42.13451337482697 544.0512933641204 501.9167799892934
336.0 49.90437928013233 574.7383252074112 524.8339459272788
337.0 43.85440161155381 549.7611342920192 505.9067326804654
338.0 48.26416490107888 566.8237000726129 518.5595351715341
339.0 43.2906552740366 547.7511218069857 504.4604665329491
340.0 47.09728415895807 562.6193608635512 515.5220767045931
341.0 46.5167953570303 560.7509746180853 514.234179261055
342.0 48.07028234834501 566.9620522872202 518.8917699388752
343.0 46.06826072862183 558.3148476510054 512.2465869223835
344.0 49.69756495390251 573.4747824105572 523.7772174566547
345.0 48.79704696764921 571.4535488047935 522.6565018371443
346.0 43.22608228073277 548.2915504017028 505.06546812097
347.0 43.85204995958715 549.8112404788781 505.959190519291
348.0 46.09192354138923 558.0914059066721 511.9994823652828
349.0 45.53850956190344 555.9722113160343 510.4337017541308
350.0 47.1559403086206 562.7291427144561 515.5732024058355
351.0 44.2840609015605 552.4849674745079 508.2009065729474
352.0 44.89366790386084 554.6500153451849 509.7563474413241
353.0 44.20017709808803 553.802905892731 509.6027287946429
354.0 45.22748676525652 559.2141738029794 513.9866870377228
355.0 46.79828052085067 564.0582831880234 517.2600026671727
356.0 42.13684444218 544.1091496877418 501.9723052455618
357.0 40.47238945697551 537.7713258208218 497.2989363638463
358.0 45.67329370656744 560.0652043399097 514.3919106333423
359.0 44.26696963258197 552.7343691895938 508.4673995570118
360.0 41.01666584627383 540.1222433868754 499.1055775406015
361.0 40.30387581536 538.8430524207243 498.5391766053643
362.0 39.91092186230078 535.7490682464341 495.8381463841333
363.0 43.92938539289865 553.6292176784288 509.6998322855302
364.0 36.54831756010746 523.741269775432 487.1929522153245
365.0 41.9418109657379 545.2074246607586 503.2656136950207
366.0 42.54274251830777 547.1053156075233 504.5625730892155
367.0 34.32729699110887 515.7240601559819 481.396763164873
368.0 43.28737214019647 551.4540349528325 508.166662812636
369.0 41.09958628260942 543.6690867632396 502.5695004806301
370.0 38.22712451008119 529.7288844795657 491.5017599694845
371.0 39.86461397313715 536.3611869549015 496.4965729817644
372.0 39.34432005059321 533.8504811205846 494.5061610699914
373.0 40.32122605314974 539.1308225817852 498.8095965286355
374.0 40.87937193157387 540.8171811704627 499.9378092388889
375.0 40.1578341119956 538.8105819956208 498.6527478836252
376.0 39.85941802315039 536.5086902576691 496.6492722345187
377.0 39.87808026166797 538.5568206554553 498.6787403937873
378.0 39.01765156900225 535.6537356716032 496.636084102601
379.0 39.17809842720203 535.2919294154003 496.1138309881983
380.0 38.61691758367498 532.8919203464204 494.2750027627455
381.0 39.71312293143352 537.5715198407721 497.8583969093386
382.0 38.75823746469799 532.2470421095456 493.4888046448476
383.0 38.06351083556478 530.7787946824388 492.715283846874
384.0 38.13792949258204 530.6765332624771 492.538603769895
385.0 37.80163959863596 531.3469364832831 493.5452968846471
386.0 34.8721848638725 517.8791821472698 483.0069972833973
387.0 38.90809660657359 536.7578150564878 497.8497184499142
388.0 35.24062108794502 520.9305795900115 485.6899585020665
389.0 37.04153288166367 526.7470849653151 489.7055520836514
390.0 35.62489408053675 522.8611401845866 487.2362461040499
391.0 37.85866384532219 532.436062794985 494.5773989496628
392.0 35.96210115116761 522.2551783842561 486.2930772330885
393.0 35.09142096667276 521.0340628854626 485.9426419187898
394.0 39.16135336103285 539.7878456701707 500.6264923091379
395.0 36.36319122729555 525.5528591081958 489.1896678809002
396.0 35.31987686599233 522.5086215550563 487.1887446890639
397.0 35.82020941988751 523.4541261623059 487.6339167424184
398.0 34.09963504994995 510.6503369723445 476.5507019223945
399.0 34.4113170744758 514.8361155313325 480.4247984568567
400.0 31.45555656432025 500.0214586433689 468.5659020790487
401.0 34.82776831156934 521.6440242514216 486.8162559398523
402.0 34.36884990165512 518.0491361219561 483.680286220301
403.0 34.23922359914875 516.8695991940208 482.630375594872
404.0 32.96308194783293 507.4363814852419 474.473299537409
405.0 33.99860101107086 519.2420836743561 485.2434826632852
406.0 32.28455605045852 506.2423733702933 473.9578173198347
407.0 33.35849171797615 517.5483357065002 484.189843988524
408.0 33.57117098704367 515.6950617347361 482.1238907476924
409.0 32.81654446469136 511.6556891795662 478.8391447148748
410.0 33.21411301160838 512.1690609419687 478.9549479303603
411.0 32.78449930654901 510.766384347026 477.981885040477
412.0 32.84665525731558 515.6361534279277 482.7894981706121
413.0 33.03657253236222 515.5429760540588 482.5064035216966
414.0 32.41694712377061 512.4024373060915 479.9854901823209
415.0 32.5154895190998 512.6015109455047 480.0860214264049
416.0 32.66328743002864 515.3434261905019 482.6801387604732
417.0 33.47485202195717 516.1989934788058 482.7241414568486
418.0 26.03704467388292 477.739054049419 451.702009375536
419.0 28.13443476793093 488.4074201144943 460.2729853465633
420.0 29.8421345300225 494.9837920825092 465.1416575524867
421.0 32.36406274831404 514.5659811912502 482.2019184429362
422.0 27.93185359971055 485.8177283427562 457.8858747430456
423.0 27.81055939205214 486.8661331849236 459.0555737928714
424.0 28.41091190181901 488.0606709473078 459.6497590454888
425.0 20.96167106416669 453.7221486461715 432.7604775820048
426.0 27.42610059697885 484.1489130907549 456.7228124937761
427.0 30.55478285797858 501.9101317918891 471.3553489339105
428.0 28.24978951540793 488.8704023850166 460.6206128696086
429.0 27.43659442805579 484.0412647526062 456.6046703245504
430.0 30.54966179323783 501.3782939844533 470.8286321912154
431.0 25.11977396765723 473.8116844020309 448.6919104343736
432.0 25.11558251456785 473.8674161003571 448.7518335857892
433.0 26.33580012231236 480.595305477841 454.2595053555286
434.0 26.01790257711932 478.0925619807301 452.0746594036108
435.0 22.52052426566499 461.9215696916133 439.4010454259483
436.0 23.36468628874205 465.7742858735477 442.4095995848056
437.0 27.45699556978667 487.5826799520472 460.1256843822605
438.0 23.36054663803498 465.8628135667406 442.5022669287056
439.0 25.92043596356314 479.1696926278428 453.2492566642797
440.0 26.44771270672736 482.3386054831768 455.8908927764495
441.0 26.61434596111612 484.3432879163154 457.7289419551993
442.0 22.52953462341218 461.7587548908041 439.229220267392
443.0 22.000617632653 460.7991233987782 438.7985057661252
444.0 26.87862490361044 483.3366060789055 456.457981175295
445.0 22.52818720762791 461.7964309231945 439.2682437155665
446.0 23.85385201255404 470.9979389511693 447.1440869386153
447.0 23.61078498800316 468.7170706259697 445.1062856379665
448.0 16.71757820022663 427.7223554887144 411.0047772884877
449.0 20.22673033108885 449.8870251883323 429.6602948572435
450.0 25.02374795193915 475.3140462657397 450.2902983138005
451.0 22.65786141505171 466.808445692147 444.1505842770953
452.0 21.54880828322727 459.5480370846841 437.9992288014568
453.0 17.61997739954138 433.7555530109067 416.1355756113653
454.0 18.53007754958619 440.2306477474125 421.7005701978263
455.0 18.8148196186405 442.5737988878519 423.7589792692114
456.0 14.93177463563207 416.3154978472248 401.3837232115927
457.0 20.22054153987894 450.0681012386147 429.8475596987357
458.0 13.51171918325841 405.7413296131864 392.229610429928
459.0 14.08406388005236 409.8901996749075 395.8061357948552
460.0 17.60055988706968 434.2066651787159 416.6061052916462
461.0 15.41037780304622 421.1931025538395 405.7827247507933
462.0 19.1295539216922 444.9679877130283 425.8384337913361
463.0 18.18813903347698 438.6772783964274 420.4891393629504
464.0 16.08940900715287 424.6492629329812 408.5598539258284
465.0 15.94409719751112 426.0326756347261 410.088578437215
466.0 17.34097361828077 436.7455539628965 419.4045803446157
467.0 15.09450958147641 419.7069279996715 404.6124184181951
468.0 13.05139069452411 405.9522089089908 392.9008182144667
469.0 14.39124830903869 417.0795633136466 402.6883150046079
470.0 15.76938466520677 427.6064292256713 411.8370445604646
471.0 15.0099974611391 422.6074467264084 407.5974492652693
472.0 12.60970457629517 400.7801988840701 388.170494307775
473.0 10.66738151537177 385.834152017319 375.1667705019472
474.0 13.12797465905293 405.5910366920258 392.4630620329729
475.0 10.66392690310281 385.9539141636642 375.2899872605614
476.0 13.06858522957696 410.3774895399006 397.3089043103236
477.0 13.60803698073633 410.9887921448871 397.3807551641507
478.0 13.56277296727067 413.7635113763242 400.2007384090536
479.0 10.60553322128882 387.2459245677113 376.6403913464225
480.0 11.65934849982528 401.8630611803738 390.2037126805485
481.0 7.68168981668717 359.7898504604391 352.1081606437519
482.0 9.587018824724876 378.1033968835528 368.5163780588279
483.0 11.45207931356137 400.1233911106261 388.6713117970647
484.0 9.962574820885837 384.8363098144628 374.873734993577
485.0 8.789644265114437 373.3821889181396 364.5925446530252
486.0 7.7806818969086 363.6141916206074 355.8335097236988
487.0 9.967991801811498 387.2147473566112 377.2467555547997
488.0 10.24236737411776 392.400059000192 382.1576916260742
489.0 9.478379397543141 387.8457986499715 378.3674192524284
490.0 9.737714815340985 386.9424874549711 377.2047726396301
491.0 10.38386186385772 395.2777727689744 384.8939109051167
492.0 6.577075916134897 354.7869480021983 348.2098720860634
493.0 7.5349832199062 368.0478826834699 360.5128994635637
494.0 6.83475709610916 360.1889916036961 353.3542345075869
495.0 6.868639778244239 352.8605939629814 345.9919541847372
496.0 6.518195932110132 354.0869493542929 347.5687534221828
497.0 7.62042620074929 370.7184378035002 363.0980116027509
498.0 6.726648179153141 354.3150827009087 347.5884345217556
499.0 5.550529096650318 328.7400228190745 323.1894937224242
500.0 5.157668322925581 327.441859763233 322.2841914403074
501.0 4.962810798061563 332.0725689060841 327.1097581080226
502.0 6.118425385863852 350.0602982176605 343.9418728317966
503.0 6.554438225331908 364.8007426871799 358.246304461848
504.0 5.678160503414859 351.1288100551488 345.4506495517339
505.0 4.21263122271041 326.2506041090794 322.037972886369
506.0 5.249795572883803 342.6597484812723 337.4099529083885
507.0 4.437959192998879 321.9632553815202 317.5252961885213
508.0 4.048473865703154 321.3972766334452 317.3488027677421
509.0 3.497510340589874 312.1277545490218 308.6302442084319
510.0 4.742540617565436 342.4258354927303 337.6832948751648
511.0 4.403262671291187 333.2488261368089 328.8455634655177
512.0 4.134750552500821 334.8594219341168 330.724671381616
513.0 3.353634093037512 317.5347941202692 314.1811600272317
514.0 3.399197838479957 325.4477829763687 322.0485851378887
515.0 3.167842214651884 318.7076484747987 315.5398062601468
516.0 3.247953622529897 327.5351005125355 324.2871468900056
517.0 2.850523665897332 314.5157190872388 311.6651954213415
518.0 3.104029900748372 321.3902833595434 318.286253458795
519.0 2.515634815967394 311.7114954568105 309.1958606408431
520.0 2.438833845047968 309.3546767588269 306.9158429137789
521.0 2.347054421071964 314.5032855553952 312.1562311343232
522.0 2.367333833427035 315.6419792530065 313.2746454195794
523.0 2.323403270692871 314.1396354468077 311.8162321761148
524.0 2.112799976868374 306.0605686619556 303.9477686850872
525.0 2.039405851911809 312.8663688854295 310.8269630335177
526.0 1.796509404175453 308.4750161171706 306.6785067129951
527.0 1.650295375544722 304.7257027519699 303.0754073764252
528.0 1.648003090420061 308.0474924821983 306.3994893917783
529.0 1.525123615334877 308.0306747561756 306.5055511408407
530.0 1.385312844112944 308.0989584145406 306.7136455704276
531.0 1.480066586093787 306.3518847105401 304.8718181244463
532.0 1.200444372527265 302.8800946180459 301.6796502455187
533.0 1.110378628617518 303.7126948642285 302.602316235611
534.0 0.9623670385599844 300.865634292037 299.903267253477
535.0 0.9083611795269813 302.2998920561949 301.3915308766679
536.0 0.8919484551925553 298.8998752885126 298.0079268333201
537.0 0.7389490519029526 300.1417718994228 299.4028228475199
538.0 0.6880842097832212 299.0863578518505 298.3982736420673
539.0 0.7044640445440299 298.7370025088578 298.0325384643137
540.0 0.597046514725644 299.6689290724696 299.071882557744
541.0 0.4734727751638148 297.4510320913992 296.9775593162354
542.0 0.4472097813331409 296.7638674851607 296.3166577038276
543.0 0.3304236851342117 294.3363039765237 294.0058802913895
544.0 0.2681529420779143 294.0747046452662 293.8065517031883
545.0 0.2616380612520195 292.94624700908 292.684608947828
546.0 0.2619321469387792 292.5462900890732 292.2843579421344
547.0 0.1529098008473838 292.7497021829354 292.596792382088
548.0 0.1852368129005947 290.1378608990075 289.9526240861069
549.0 0.09303242298645015 289.0214581682069 288.9284257452205
550.0 0.1036852070638686 289.0726200620924 288.9689348550286
551.0 0.1267940734296004 288.5851322609092 288.4583381874796
552.0 0.05276642620483254 288.1875749097947 288.1348084835899
553.0 0 286.0443113936768 286.0443113936768
554.0 0.06798952083386192 285.7247352329151 285.6567457120812
555.0 0.1115022188801951 284.6528628653425 284.5413606464623
556.0 0.05062302507234159 284.5220254084389 284.4714023833665
557.0 0.09540955529534145 283.684262420099 283.5888528648036
558.0 0.1394002248389815 283.2517783439608 283.1123781191218
559.0 0.1426870824488964 282.0071980267805 281.8645109443316
560.0 0.2555592334680627 281.6254494135937 281.3698901801256
561.0 0.2146423223879176 281.5431371234891 281.3284948011012
562.0 0.3075792734749602 280.1091667410034 279.8015874675285
563.0 0.3767044876141521 278.2964328305448 277.9197283429307
564.0 0.4643508971675298 276.1914137209983 275.7270628238307
565.0 0.5953339682031658 275.8259830092104 275.2306490410072
566.0 0.6791629140044158 276.0548943341686 275.3757314201642
567.0 0.7421387236855725 274.456696435481 273.7145577117954
568.0 0.8884525278951779 273.070060695827 272.1816081679318
569.0 0.9211842395083508 273.6656906780978 272.7445064385894
570.0 0.9667357570116036 273.2567236262034 272.2899878691918
571.0 1.290354342520999 270.0161838765159 268.7258295339949
572.0 1.324718208501163 270.5669479980536 269.2422297895525
573.0 1.616482444450665 268.4445445945733 266.8280621501226
574.0 1.821475987133976 264.8652061592902 263.0437301721562
575.0 1.976288747715783 265.7610280912844 263.7847393435687
576.0 1.988215367073548 266.6206761692982 264.6324608022247
577.0 2.350320304775713 264.1638961455139 261.8135758407381
578.0 2.646882369247533 264.6500970109285 262.003214641681
579.0 3.09276165475373 257.3314891177815 254.2387274630278
580.0 3.315683469273152 252.1935465082124 248.8778630389393
581.0 3.653778850772779 262.5887843859948 258.935005535222
582.0 3.743514305360114 262.6558195090832 258.9123052037231
583.0 4.106865559794736 253.626966930306 249.5201013705113
584.0 5.06777298524595 242.1662322692099 237.0984592839639
585.0 6.647484038559266 219.8093921889128 213.1619081503536
586.0 6.220249748115596 221.2562916642885 215.0360419161729
587.0 6.591606647249653 229.2496729959158 222.6580663486662
588.0 6.658555376700599 226.482616290771 219.8240609140704
591.0 8.897539992140501 205.722137 196.8245970078595
