0.0 72.19945326900716 754.7449175923104 682.5454643233033
1.0 68.18197664282433 736.1092250095018 667.9272483666775
2.0 68.8198817171359 742.1185444009835 673.2986626838476
3.0 64.13942209552152 717.8062897204037 653.6668676248822
4.0 68.15544272265305 740.6573547949957 672.5019120723426
5.0 65.79341648005086 727.7118755404346 661.9184590603838
6.0 64.06003623000509 719.1284743641293 655.0684381341242
7.0 65.91452482896238 730.6294134967115 664.7148886677491
8.0 65.79586195545126 733.0538405202126 667.2579785647613
9.0 64.73699033069867 727.5462533171514 662.8092629864527
10.0 64.25086740997288 722.8243914448543 658.5735240348814
11.0 63.71768844214039 722.5578894590018 658.8402010168614
12.0 63.4179693776033 718.8349024197767 655.4169330421734
13.0 60.99027854863913 704.0773983936851 643.0871198450459
14.0 62.24055222358159 711.5812395020973 649.3406872785158
15.0 62.11368491132992 712.9456886784871 650.8320037671571
16.0 63.29872241655052 720.7019893969898 657.4032669804393
17.0 62.59751652806278 714.3810043323922 651.7834878043294
18.0 62.9260005510897 720.0920454745713 657.1660449234816
19.0 63.32230497178242 722.698712934357 659.3764079625746
20.0 60.38001893911584 703.5916960560888 643.2116771169729
21.0 63.15187264255124 721.476009660159 658.3241370176077
22.0 62.94524925297766 720.4682442215839 657.5229949686062
23.0 61.16254619270558 709.6481704082616 648.485624215556
24.0 61.89024333166429 714.7123004143094 652.8220570826451
25.0 61.99514995825967 716.9219547133406 654.926804755081
26.0 61.70643334700187 710.8186174334768 649.1121840864749
27.0 61.76018548997679 714.6686359128447 652.9084504228679
28.0 62.32533196778227 719.2701536414683 656.9448216736861
29.0 61.52593027533563 712.2544760319941 650.7285457566585
30.0 61.65098913996327 714.5662416959859 652.9152525560226
31.0 60.67808996107126 707.7180662266292 647.039976265558
32.0 59.86105800325477 702.680837365903 642.8197793626483
33.0 59.75893862795684 702.5905699313097 642.8316313033529
34.0 60.19890705663061 705.7623377786096 645.563430721979
35.0 60.84724515160159 706.362310023121 645.5150648715195
36.0 57.41222187666827 688.2010996242642 630.7888777475959
37.0 60.19353073045717 705.8119326670641 645.618401936607
38.0 55.64882651154171 679.785078778465 624.1362522669233
39.0 58.77067140297402 697.7758110156297 639.0051396126557
40.0 56.98037301944545 685.8913814722765 628.911008452831
41.0 60.62406290361772 708.4097708365898 647.7857079329721
42.0 59.22835982827807 700.1811250004709 640.9527651721928
43.0 58.94706034565924 699.2710179226761 640.3239575770169
44.0 60.61814879957859 712.2328670982585 651.6147182986799
45.0 58.90795407263027 698.4085694848405 639.5006154122102
46.0 58.89611864179009 699.0850152504001 640.1888966086101
47.0 59.72240590703445 704.1591242528209 644.4367183457864
48.0 58.00883353015181 694.7013575321605 636.6925240020086
49.0 58.77992801028018 697.8689802358779 639.0890522255977
50.0 58.87441890018732 699.4548100090596 640.5803911088723
51.0 59.83812117650637 705.8463500738765 646.0082288973701
52.0 57.99654869352406 695.0060158743018 637.0094671807778
53.0 56.95837824488173 686.4569403758242 629.4985621309425
54.0 57.5583305204181 692.4822902235496 634.9239597031315
55.0 60.30646953504836 712.0204172912132 651.7139477561649
56.0 56.76437887169754 686.9475327705196 630.1831538988221
57.0 59.07456766582303 702.1815393035127 643.1069716376897
58.0 58.52083064280099 701.5495271343623 643.0286964915614
59.0 57.79514250204965 694.745305826514 636.9501633244644
60.0 57.30043608182868 689.7519842675418 632.4515481857131
61.0 57.27426440696959 690.0157520394996 632.74148763253
62.0 57.55299436212378 693.4626263429605 635.9096319808367
63.0 56.92256198810632 686.9650959513953 630.042533963289
64.0 55.165874104391 678.5059437699297 623.3400696655387
65.0 58.3944308119519 701.3018624614149 642.907431649463
66.0 57.15791291235292 691.9101210705774 634.7522081582245
67.0 58.41226719578262 700.5143366913565 642.1020694955739
68.0 56.93949479082258 691.9065704577479 634.9670756669253
69.0 55.64580544045617 679.89782056801 624.2520151275538
70.0 57.65247152397667 696.3193161167725 638.6668445927958
71.0 55.98646139755598 683.2528253480366 627.2663639504807
72.0 55.63199007601515 680.2585202402124 624.6265301641972
73.0 57.54529064316299 696.0317207798018 638.4864301366389
74.0 55.73010524933447 682.9031396652331 627.1730344158986
75.0 57.70742934128394 698.1795968926867 640.4721675514028
76.0 57.99775796990982 697.8647129642906 639.8669549943807
77.0 56.48496854476594 688.1698368348689 631.684868290103
78.0 57.10212322744648 691.8443681768002 634.7422449493537
79.0 57.50935166843034 693.2330386034994 635.7236869350691
80.0 55.54003613783289 681.2667355508705 625.7266994130376
81.0 55.50531798958382 681.8955519584301 626.3902339688463
82.0 57.04363520630109 695.8401918258916 638.7965566195905
83.0 55.6505905470459 685.4453141784215 629.7947236313756
84.0 56.78772839865721 689.610918963758 632.8231905651008
85.0 56.66925578383647 690.7983364127836 634.1290806289471
86.0 56.16754464281917 687.6385373266835 631.4709926838644
87.0 56.24139760411799 686.9539377347704 630.7125401306524
88.0 56.62737441722343 688.7278701983836 632.1004957811602
89.0 54.52668453605466 677.1584965342206 622.6318119981659
90.0 55.08458625141727 680.385362274431 625.3007760230138
91.0 54.30603663139444 674.0554631674485 619.7494265360541
92.0 52.8754571742492 669.0735937311749 616.1981365569257
93.0 52.97925932757398 667.9287882110964 614.9495288835224
94.0 53.41699271746911 670.0477239284801 616.630731211011
95.0 55.25663900899707 682.7289216005044 627.4722825915073
96.0 53.26868499821753 671.2072501353151 617.9385651370975
97.0 56.06362674062167 686.3570083660203 630.2933816253986
98.0 52.0891639280543 663.9399505918124 611.8507866637581
99.0 55.12959674966142 679.067989688694 623.9383929390325
100.0 55.67310575612479 685.4002394544333 629.7271336983085
101.0 56.17372468733242 686.6245827259033 630.4508580385709
102.0 53.63393539420908 673.9302958298787 620.2963604356697
103.0 54.73963248783294 679.6494804302014 624.9098479423685
104.0 56.20773450213993 687.1234733198296 630.9157388176897
105.0 56.58174916602779 688.7730258086045 632.1912766425767
106.0 55.26722218098272 682.7189133297742 627.4516911487915
107.0 56.84611530398826 690.8465566802285 634.0004413762402
108.0 56.33599397622167 690.1821135148579 633.8461195386362
109.0 54.47103532205961 677.8147085015285 623.3436731794689
110.0 54.72924857385667 676.4457377119337 621.716489138077
111.0 55.50361300061229 681.654184625183 626.1505716245707
112.0 57.92863942212662 695.2111351250887 637.2824957029621
113.0 54.24063642535952 674.5273034268798 620.2866670015203
114.0 55.37821402149812 681.6480858645859 626.2698718430878
115.0 55.67464329226379 684.5683864393484 628.8937431470846
116.0 56.44635445948319 688.2669271079817 631.8205726484985
117.0 55.05135582321073 679.2009176731603 624.1495618499495
118.0 56.03310438043489 682.8001902978825 626.7670859174476
119.0 52.98459282692065 667.7537668554204 614.7691740284998
120.0 55.11511511329549 678.8372766271892 623.7221615138937
121.0 58.1520884575274 698.2792938904215 640.1272054328941
122.0 55.88562919275765 686.0928804274845 630.2072512347268
123.0 55.91636429598535 684.0652761067216 628.1489118107362
124.0 56.69616577918799 688.2417370529505 631.5455712737625
125.0 53.41464371498431 670.0698365634927 616.6551928485084
126.0 57.37907503319063 688.8223251930134 631.4432501598228
127.0 54.60842599838577 677.5254776407215 622.9170516423357
128.0 57.73425716316121 691.7683828921847 634.0341257290235
129.0 53.37893341676547 670.4654113713228 617.0864779545574
130.0 56.70862677988816 689.6339435601027 632.9253167802146
131.0 58.09111978880165 696.0127732651941 637.9216534763925
132.0 56.96442294473159 690.6122972560446 633.647874311313
133.0 57.13471978805602 689.7223016357441 632.5875818476881
134.0 57.200685814397 690.2704903818428 633.0698045674458
135.0 53.8698233446788 671.8142942908428 617.944470946164
136.0 57.72874808620886 691.8843693819242 634.1556212957153
137.0 52.85704574736945 668.6541375418833 615.7970917945138
138.0 55.61529694636301 680.3886576570087 624.7733607106457
139.0 55.9075304394345 683.645813281856 627.7382828424215
140.0 53.86762967345525 671.856570990589 617.9889413171337
141.0 52.51318577684998 666.2100084306522 613.6968226538022
142.0 53.42584080687983 669.8249776367038 616.3991368298239
143.0 53.84630162753502 672.1742913170639 618.3279896895289
144.0 53.81482842060749 672.6344512200764 618.8196227994689
145.0 58.22806963394923 697.1773860923092 638.9493164583599
146.0 56.50189592263731 684.456845934107 627.9549500114697
147.0 54.74494100111278 676.121562241305 621.3766212401922
148.0 54.26058944081032 674.59755853964 620.3369690988296
149.0 52.09829025470776 663.7297023208316 611.6314120661239
150.0 52.97934145012616 667.8741581136588 614.8948166635326
151.0 56.67324296915141 690.3589873204091 633.6857443512577
152.0 54.67803061781994 677.030338878641 622.352308260821
153.0 55.33261533528029 684.4985307619666 629.1659154266863
154.0 56.93771155713626 691.2044950259359 634.2667834687996
155.0 54.58310481764606 677.4816612104586 622.8985563928125
156.0 55.06321850005067 679.5017118231261 624.4384933230755
157.0 56.18806387102589 686.3793523995944 630.1912885285685
158.0 49.88373143714015 653.7356917361174 603.8519602989773
159.0 55.81690648398248 685.7988920191269 629.9819855351444
160.0 52.97429145112437 668.018509211287 615.0442177601626
161.0 53.68573524204278 673.6545661005114 619.9688308584686
162.0 51.54445113708848 663.0718191069754 611.5273679698869
163.0 46.79020961377629 639.7231436270009 592.9329340132246
164.0 52.53755182438126 665.8585429759195 613.3209911515382
165.0 56.0535381806508 686.9318484983 630.8783103176492
166.0 53.81020926368081 676.5025770537173 622.6923677900365
167.0 54.87015310076409 680.6682379967757 625.7980848960116
168.0 49.43921325855956 651.7993480213704 602.3601347628109
169.0 47.66972411040454 643.8369334136795 596.167209303275
170.0 54.72450894368328 679.9797791175064 625.2552701738231
171.0 51.6013389212296 662.5388324101286 610.937493488899
172.0 54.6947416662375 680.4152777877561 625.7205361215186
173.0 54.58250274005263 681.3174141400436 626.734911399991
174.0 53.72732955112932 673.7274828290497 620.0001532779204
175.0 45.90749042212031 635.7224326516803 589.81494222956
176.0 50.32230074451698 655.8519596976368 605.5296589531198
177.0 52.91878688461327 668.7650337564441 615.8462468718309
178.0 52.61576301425239 669.8284343259725 617.2126713117201
179.0 51.44133360509653 663.5378742031287 612.0965405980322
180.0 52.81459570944106 669.4193962583789 616.6048005489379
181.0 52.4609409795315 666.9445118691582 614.4835708896267
182.0 51.79910732626155 667.1553403291498 615.3562330028882
183.0 46.78152647980003 639.9112909273265 593.1297644475265
184.0 54.78259658534381 681.2801789060357 626.4975823206919
185.0 44.14351576657137 627.7224335973771 583.5789178308057
186.0 48.55626731290337 647.7563907410044 599.200123428101
187.0 51.68297955673605 666.3683727336823 614.6853931769463
188.0 50.69024052611237 659.0997267937709 608.4094862676585
189.0 52.00223260339529 667.7138048638292 615.7115722604339
190.0 51.46761061692738 663.5178404043489 612.0502297874215
191.0 46.34635572753375 637.7963266846469 591.4499709571132
192.0 54.07539530252977 676.1747743965921 622.0993790940623
193.0 49.41149968796649 652.28898517365 602.8774854856835
194.0 50.95686369733249 662.3838456555591 611.4269819582266
195.0 51.80028239453079 665.9206274784774 614.1203450839466
196.0 48.10245039023968 646.0253298569945 597.9228794667548
197.0 50.73602810804836 658.3809171228928 607.6448890148445
198.0 49.06492123131762 654.0729150346152 605.0079938032976
199.0 49.23360220677421 653.6455022408591 604.4119000340848
200.0 48.99722553020348 649.7946036660455 600.797378135842
201.0 42.8199360629776 621.7772520918594 578.9573160288818
202.0 51.3955214356683 664.1926758937428 612.7971544580745
203.0 45.8989621860342 635.9473687815182 590.048406595484
204.0 48.30799931779801 649.2599635202596 600.9519642024616
205.0 50.54543362075233 659.7407966527026 609.1953630319503
206.0 46.34848772133378 637.7359159732258 591.387428251892
207.0 47.1441447169739 642.9828005885631 595.8386558715892
208.0 47.91626967882929 647.6505414995052 599.7342718206759
209.0 45.42182899612589 634.3008304964889 588.879001500363
210.0 42.38132142057309 619.7261258459119 577.3448044253388
211.0 49.20917845746189 653.8599365496607 604.6507580921988
212.0 48.27221222746777 649.6967793672266 601.4245671397588
213.0 51.20622982346844 665.5974961070268 614.3912662835583
214.0 50.22227093689839 659.6819298741658 609.4596589372674
215.0 45.9064704085262 635.7562497497846 589.8497793412584
216.0 51.60619920682619 667.4790868349038 615.8728876280776
217.0 47.6179953634852 644.7435743989156 597.1255790354304
218.0 47.66118912506135 647.3679964999134 599.7068073748521
219.0 44.53119935893475 630.5622711142633 586.0310717553285
220.0 50.35053761492675 659.5759918215912 609.2254542066645
221.0 48.44795311156416 649.3635094280608 600.9155563164967
222.0 49.20844185921727 656.2579802906219 607.0495384314046
223.0 47.72603485891909 647.1732594081559 599.4472245492368
224.0 41.06086869011317 613.7256999265658 572.6648312364527
225.0 49.32597764274741 653.4502091696837 604.1242315269363
226.0 46.53585201011134 641.3485828110713 594.8127308009599
227.0 48.47729139030818 651.7065932744443 603.2293018841361
228.0 47.75236581700967 646.7504073669436 598.9980415499339
229.0 45.01575729176279 631.9489291025241 586.9331718107613
230.0 40.18106257726854 609.725855962122 569.5447933848535
231.0 46.33651157214853 638.0255918375455 591.6890802653969
232.0 44.97160715404603 632.5893501235043 587.6177429694583
233.0 41.93992167722992 617.762905237965 575.8229835607351
234.0 47.26718971383976 645.3244385818538 598.057248868014
235.0 47.39640151550314 645.566456467753 598.1700549522499
236.0 46.69230402226392 641.2403535734142 594.5480495511503
237.0 47.85082637875324 649.8450402223478 601.9942138435946
238.0 47.47290061316568 646.0680277989823 598.5951271858167
239.0 47.15009450217802 646.7017629718989 599.5516684697208
240.0 47.65994269795063 647.5770164099308 599.9170737119801
241.0 44.55059798452165 630.4503300544672 585.8997320699456
242.0 44.67623789551825 632.4947584064663 587.8185205109481
243.0 47.13809076821418 643.2520419596374 596.1139511914232
244.0 46.29768562997446 638.6631514450253 592.3654658150509
245.0 48.13839263266714 650.7808434254833 602.6424507928162
246.0 47.13025121310244 646.4025019105969 599.2722506974945
247.0 43.70178242466967 625.7577784098632 582.0559959851935
248.0 44.86107024089093 633.2070489400905 588.3459786991995
249.0 45.39212682854671 634.9185879183081 589.5264610897614
250.0 44.06067462235803 628.6428956398923 584.5822210175343
251.0 44.36806648708472 633.3502241017359 588.9821576146511
252.0 45.882762833227 640.7319875257985 594.8492246925715
253.0 46.98549986034299 646.4308792843 599.445379423957
254.0 42.74139564475081 622.5749010158944 579.8335053711436
255.0 41.83457683699221 622.0887710015772 580.254194164585
256.0 45.42069440108627 638.2692564660013 592.848562064915
257.0 42.02857606039769 620.585669152327 578.5570930919293
258.0 42.28567373429296 621.1938933718075 578.9082196375146
259.0 43.96960346633652 629.2693609290483 585.2997574627118
260.0 44.78735268803848 633.1979453141549 588.4105926261164
261.0 42.12494746793296 621.3139474283137 579.1889999603807
262.0 43.50857092152367 627.5539581424407 584.045387220917
263.0 41.05913345018261 613.785162481367 572.7260290311844
264.0 44.84631983804208 637.0739473000187 592.2276274619766
265.0 41.85888970605283 621.4195060140094 579.5606163079565
266.0 42.64233966885598 623.3898715158247 580.7475318469687
267.0 40.6102455908521 611.9740097761759 571.3637641853238
268.0 39.73263868986498 607.9465654500192 568.2139267601542
269.0 42.35747666056401 620.2467267864333 577.8892501258693
270.0 36.66514504847025 593.7431137577995 557.0779687093292
271.0 44.86683936579118 636.9807874176294 592.1139480518383
272.0 41.81970802881385 619.0858737001098 577.266165671296
273.0 41.06109810488226 617.5359560875458 576.4748579826635
274.0 41.9171917050217 618.2848886675549 576.3676969625332
275.0 42.50272208212028 626.049858201616 583.5471361194957
276.0 39.26379785961715 606.5236649362361 567.2598670766189
277.0 43.56634552709967 627.8938160483195 584.3274705212199
278.0 43.68212336398163 630.9920458344955 587.3099224705139
279.0 39.5709867476239 609.4089635321283 569.8379767845044
280.0 39.68451909764423 608.6064827817782 568.9219636841339
281.0 39.75216548681025 611.46535041821 571.7131849313997
282.0 39.62209710496128 609.3557965656299 569.7336994606686
283.0 40.61639934086706 616.3186105948121 575.7022112539451
284.0 37.88827357714094 600.8301288235276 562.9418552463866
285.0 40.99808370030574 614.9262357308057 573.9281520305
286.0 38.59995239116798 605.404125782587 566.8041733914191
287.0 40.06803559612983 611.6666041691094 571.5985685729795
288.0 41.28386402619433 620.5878979839557 579.3040339577614
289.0 35.78064949011614 589.9153744892037 554.1347249990876
290.0 39.60364411812818 609.6290785999295 570.0254344818013
291.0 41.44704889094659 621.6664428477092 580.2193939567626
292.0 34.9081913484601 585.7825130854397 550.8743217369796
293.0 33.58560726292977 579.9071943059787 546.321587043049
294.0 37.73594810904967 601.355543977391 563.6195958683413
295.0 39.07003262691683 612.3910339907967 573.3210013638799
296.0 37.92468066659015 604.6752345297799 566.7505538631898
297.0 38.53801876004562 606.3579191508189 567.8199003907733
298.0 37.4022852362846 599.7174175206508 562.3151322843662
299.0 38.89471904396226 608.8744891318851 569.9797700879228
300.0 34.00481895004197 582.1888330065517 548.1840140565097
301.0 33.57202162186079 580.2226515233324 546.6506299014716
302.0 39.95290530271139 615.9725710898128 576.0196657871014
303.0 34.79839264014285 587.0830302558033 552.2846376156604
304.0 37.03659967829186 600.2309152682058 563.194315589914
305.0 37.22376794645038 603.4267068246986 566.2029388782482
306.0 36.83469542707283 600.1636756542463 563.3289802271735
307.0 34.02187096081804 581.9886461520985 547.9667751912804
308.0 37.48536030937421 605.4846724777066 567.9993121683324
309.0 34.91619115485484 590.4005894590411 555.4843983041862
310.0 29.21364826881728 559.7272682688493 530.513620000032
311.0 33.51308825488057 580.6161458483216 547.103057593441
312.0 36.22230242891198 598.5041598281787 562.2818573992667
313.0 33.14591758376379 577.9958855204418 544.849967936678
314.0 32.93330351751095 580.4815191994013 547.5482156818904
315.0 34.73632160270832 587.6127858144617 552.8764642117534
316.0 31.45902527891249 572.8945212330112 541.4354959540987
317.0 33.98769309075275 582.5892758697057 548.601582778953
318.0 35.1926300588351 593.7387976277667 558.5461675689316
319.0 29.6504327489466 561.7573706869382 532.1069379379916
320.0 32.67968301623506 576.4478961334551 543.7682131172201
321.0 32.24718591144569 574.2830515040345 542.0358655925888
322.0 34.2814300750914 588.4676481282882 554.1862180531968
323.0 31.46628289596835 573.0099116460352 541.5436287500669
324.0 33.98004491524826 588.9266906227919 554.9466457075436
325.0 32.8373239827074 580.320750812624 547.4834268299166
326.0 32.12132446128348 575.6517319462399 543.5304074849564
327.0 32.80410966974446 581.3617260087186 548.5576163389742
328.0 30.07104229249662 564.1778349542656 534.106792661769
329.0 31.96057140431707 576.2135539466877 544.2529825423706
330.0 30.47980896989258 566.5762234046242 536.0964144347316
331.0 32.97674739489631 583.7126760399855 550.7359286450892
332.0 31.56424447751471 573.8012213377212 542.2369768602065
333.0 31.72748548729793 573.5353655854375 541.8078800981396
334.0 31.50036098695648 575.3074958640451 543.8071348770886
335.0 25.63833114735256 544.5466379880228 518.9083068406703
336.0 31.35865941366588 575.6677196423115 544.3090602286456
337.0 27.01370821328188 550.0688377652591 523.0551295519772
338.0 30.2497316340126 568.4287188178347 538.1789871838221
339.0 26.58081853065746 547.969207951821 521.3883894211636
340.0 29.37793268846079 563.5500864274222 534.1721537389614
341.0 28.90755825054385 561.7954501961075 532.8878919455636
342.0 30.01970342374173 568.8481749748882 538.8284715511465
343.0 28.62663501765387 559.6593153584914 531.0326803408375
344.0 31.20128456523818 575.6304644008814 544.4291798356432
345.0 30.40695171127432 573.3109844769833 542.9040327657089
346.0 26.44083638143673 549.0723464193496 522.6315100379129
347.0 26.99793477428553 550.4077122542469 523.4097774799614
348.0 28.67448373944922 559.4831479246479 530.8086641851987
349.0 28.26049617163892 557.4034461006837 529.1429499290448
350.0 29.38112305041376 565.1980961661509 535.8169731157371
351.0 27.22059316672312 553.2951225236524 526.0745293569293
352.0 27.66164028978033 556.3029226058265 528.6412823160462
353.0 26.95979797211557 555.8095621256494 528.8497641535339
354.0 27.64258986852517 560.1523715526537 532.5097816841285
355.0 28.87093482802294 566.3544520098916 537.4835171818686
356.0 25.62059480116725 545.099688738329 519.4790939371617
357.0 24.39377674569691 538.1566426412653 513.7628658955684
358.0 27.99418045051255 562.5392375145972 534.5450570640847
359.0 27.15691744600825 554.2226003630453 527.065682917037
360.0 24.73681024030165 541.6801879225725 516.9433776822708
361.0 24.08334641503684 540.0021401186978 515.9187937036609
362.0 23.96509217016846 536.0433744072302 512.0782822370617
363.0 26.71225940975084 554.9277824708088 528.215523061058
364.0 21.37327076749274 523.9051848188192 502.5319140513265
365.0 25.29285018009825 546.5831529414377 521.2903027613395
366.0 25.76040706349266 549.0337963432327 523.27338927974
367.0 19.67047855304739 515.7682143417624 496.097735788715
368.0 26.20388672451312 552.9019650187933 526.6980782942801
369.0 24.52032335066312 544.8053355206371 520.2850121699739
370.0 22.67075072336273 529.8746754024979 507.2039246791352
371.0 23.81556507105533 537.8727346802812 514.0571696092258
372.0 23.49758304453073 534.7834445940422 511.2858615495115
373.0 24.05051180861118 540.9839044544137 516.9333926458025
374.0 24.51772632835819 542.5449396209107 518.0272132925525
375.0 23.92995644867872 540.0100126825561 516.0800562338774
376.0 23.76444389712154 539.0556295853679 515.2911856882463
377.0 23.63784325272812 540.0014472551341 516.363604002406
378.0 22.95471101714457 537.0710485969342 514.1163375797896
379.0 23.14116520840188 537.300053563115 514.1588883547131
380.0 22.76436213975083 534.3944620599562 511.6300999202054
381.0 23.50975392035167 539.8598659393184 516.3501120189667
382.0 22.96255781401339 534.2934571670333 511.3308993530199
383.0 22.3568872421223 532.0985784914122 509.7416912492899
384.0 22.4240049432921 532.6645334548282 510.2405285115361
385.0 22.02226882193751 532.5901519891074 510.5678831671699
386.0 20.0499097115117 518.653503200328 498.6035934888163
387.0 22.69847252190061 539.1482760938617 516.449803571961
388.0 20.1576401643174 522.2268910590797 502.0692508947623
389.0 21.55288663403661 529.4662056299454 507.9133189959088
390.0 20.42121430044495 523.7484157272353 503.3272014267903
391.0 21.93268370545679 535.0425545314172 513.1098708259604
392.0 20.80129993838572 524.4276897576195 503.6263898192337
393.0 19.99203590182981 522.1377823106173 502.1457464087875
394.0 22.73459888878462 541.5217553883812 518.7871564995965
395.0 20.91353259276872 528.3146346487701 507.4011020560014
396.0 20.10768279920601 523.7697089368452 503.6620261376392
397.0 20.52271224434184 525.8076401165107 505.2849278721688
398.0 19.69682146204107 516.1103079605845 496.4134864985435
399.0 19.66728354402316 519.393921154078 499.7266376100549
400.0 17.88408433466456 501.8542499446575 483.9701656099929
401.0 19.64196810358951 522.9977034155902 503.3557353120006
402.0 19.46536278790391 519.4843109787977 500.0189481908938
403.0 19.38654064301117 519.3233847688385 499.9368441258273
404.0 18.74370737510181 512.4168343223745 493.6731269472727
405.0 18.95010112612155 520.6885562486476 501.738455122526
406.0 18.15123734195287 510.0421279266639 491.890890584711
407.0 18.40952837424829 518.7634454228876 500.3539170486393
408.0 18.7547133541607 518.245658688207 499.4909453340463
409.0 18.26366233658818 514.8180262485119 496.5543639119238
410.0 18.52244239391391 518.338377473653 499.8159350797391
411.0 18.27726316217737 514.8370147345192 496.5597515723418
412.0 17.99919041399187 517.4715283150275 499.4723379010356
413.0 18.18948019462395 517.9107451895333 499.7212649949093
414.0 17.80248757128418 514.6094961542248 496.8070085829406
415.0 17.88186227379447 515.0898763986837 497.2080141248892
416.0 17.83212305427308 517.031316608255 499.1991935539819
417.0 18.57710933598727 519.5825478687709 501.0054385327837
418.0 14.00730843457747 478.2181112412117 464.2108028066342
419.0 15.33507312699004 489.1729318770275 473.8378587500375
420.0 16.45384774627222 500.5181081844822 484.06426043821
421.0 17.55047325318546 516.8681762463183 499.3177029931328
422.0 15.32033947482774 487.6196678750899 472.2993284002622
423.0 15.0570979968742 489.5479604915218 474.4908624946476
424.0 15.5786938626829 492.0404769236882 476.4617830610053
425.0 10.62395061544404 453.7323686482847 443.1084180328406
426.0 14.88577197474888 486.9260580036874 472.0402860289385
427.0 16.54315944237724 508.1908346780383 491.6476752356611
428.0 15.3411192070268 492.2116196213547 476.8705004143279
429.0 14.90931393804183 486.7726602952168 471.8633463571749
430.0 16.56052966219509 508.7045058542088 492.1439761920137
431.0 13.33280122680452 475.2452036747665 461.912402447962
432.0 13.32902498030265 474.9956050179849 461.6665800376823
433.0 14.04986044648812 482.0872409761101 468.037380529622
434.0 13.89888125013608 480.5466990168442 466.6478177667081
435.0 11.56439405332145 462.8601392337773 451.2957451804558
436.0 12.14930157074649 466.6510349638944 454.501733393148
437.0 14.59071469678986 491.0189636920038 476.4282489952139
438.0 12.12498632050485 467.102910438069 454.9779241175642
439.0 13.64547237961612 482.8135600663531 469.168087686737
440.0 13.95615132294636 485.8111981820405 471.8550468590941
441.0 13.93247389731655 488.1631089352826 474.230635037966
442.0 11.59660213193775 462.6951998539193 451.0985977219816
443.0 11.07470945432324 462.2829259793533 451.2082165250301
444.0 14.24437459343042 489.3588717383237 475.1144971448932
445.0 11.58214850710364 463.0718194381164 451.4896709310128
446.0 12.19743487868976 472.4121242516312 460.2146893729414
447.0 12.12419001149593 470.6233426114053 458.4991525999094
448.0 8.310334380115955 427.8113106290309 419.5009762489149
449.0 10.11724198575225 451.6495128978306 441.5322709120784
450.0 12.96247127833402 480.4266490110514 467.4641777327174
451.0 11.23908802488586 468.949092246133 457.7100042212471
452.0 10.63964528152631 462.5192498753967 451.8796045938704
453.0 8.727470718555362 435.2427362946679 426.5152655761126
454.0 9.095366073142265 442.8204092351885 433.7250431620462
455.0 9.202909001495374 444.8875067638844 435.684597762389
456.0 7.270867588581603 420.0130146001183 412.7421470115367
457.0 10.04461752611692 453.5420148909227 443.4973973648057
458.0 6.748778177131051 406.9495662280285 400.2007880508975
459.0 6.960601627729582 412.5366272969825 405.5760256692529
460.0 8.589340515327157 438.0121384802384 429.4227979649113
461.0 7.331640097750082 425.7763370923536 418.4446969946035
462.0 9.24797295898162 449.8899759050655 440.6420029460839
463.0 8.800363754394181 443.2167633538607 434.4163995994665
464.0 7.694336507279953 431.5669413039834 423.8726047967034
465.0 7.457100410462692 430.7776682695671 423.3205678591044
466.0 8.009689214428263 441.6402441533372 433.6305549389089
467.0 7.072425893374747 425.3918621955101 418.3194363021354
468.0 6.055029135211475 412.0975048443857 406.0424757091742
469.0 6.541836700816647 422.837338303659 416.2955016028423
470.0 7.102916811760288 432.6654105980426 425.5624937862823
471.0 6.756122438380379 426.919930319471 420.1638078810907
472.0 5.940885853869795 411.0705736232987 405.1296877694289
473.0 5.314427883193218 392.4640447991775 387.1496169159842
474.0 6.094118932740461 414.3297184413042 408.2355995085637
475.0 5.26417369030104 393.6056325353497 388.3414588450486
476.0 5.666941685658544 416.8463335413191 411.1793918556605
477.0 6.070628719262361 420.8025492301529 414.7319205108905
478.0 5.923986185589951 419.3316049971422 413.4076188115522
479.0 4.898360831028766 399.4019687633971 394.5036079323684
480.0 4.853954556612446 409.4375382141412 404.5835836575287
481.0 4.31104909402901 371.7522614113781 367.441212317349
482.0 4.622379418266442 392.7673451362786 388.1449657180122
483.0 4.752745128986909 408.5236103973627 403.7708652683758
484.0 4.355531032741791 397.3392263770361 392.9836953442943
485.0 3.992201839347017 391.7049894069395 387.7127875675925
486.0 3.744293872220877 382.6743466176097 378.9300527453889
487.0 4.187693127748816 399.850110437214 395.6624173094652
488.0 4.102828323730319 401.4671635245331 397.3643352008028
489.0 3.709829376801049 396.4801836659443 392.7703542891433
490.0 3.838083279943186 400.9377462411351 397.0996629611919
491.0 4.015023118176206 404.1100578724081 400.0950347542319
492.0 3.381585544853389 374.3691815062586 370.9875959614052
493.0 3.071476550533298 386.3174663099387 383.2459897594054
494.0 2.907587497246447 380.037595564218 377.1300080669716
495.0 3.25926890293294 386.718847605704 383.4595787027711
496.0 2.796229545554405 383.1109418632084 380.314712317654
497.0 2.928064506022228 388.0326371105815 385.1045726045592
498.0 2.895149413594762 387.2923713737257 384.3972219601309
499.0 2.766707056019914 384.2222207901686 381.4555137341486
500.0 2.563463880803176 381.1730838660873 378.6096199852841
501.0 2.430719869569206 375.814421288657 373.3837014190878
502.0 2.470346975404971 384.6182544847359 382.1479075093309
503.0 2.300978843676462 382.0030534236929 379.7020745800165
504.0 1.997636372528788 379.3196416281828 377.322005255654
505.0 1.914960376012587 373.214019134146 371.2990587581334
506.0 1.925276294682841 377.4314007904976 375.5061244958147
507.0 1.963210930481601 379.3009730977325 377.3377621672509
508.0 1.615715366508091 371.9951886739284 370.3794733074203
509.0 1.644496977068147 373.4452439181295 371.8007469410614
510.0 1.673594829325616 376.2536730558505 374.5800782265249
511.0 1.480933791537529 372.5357296200016 371.0547958284641
512.0 1.387571119194749 374.222558281319 372.8349871621242
513.0 1.272538162033386 369.5680729388795 368.2955347768462
514.0 1.166422766860536 370.1790062277075 369.012583460847
515.0 1.153051324032316 368.804951263883 367.6518999398507
516.0 1.090977365238457 367.6408078808221 366.5498305155837
517.0 0.9931744724174029 367.1991917028728 366.2060172304554
518.0 0.9327965587438762 367.598663982661 366.6658674239172
519.0 0.8939700217456044 365.3603308234995 364.4663608017539
520.0 0.7583852984611537 365.2206637471326 364.4622784486715
521.0 0.7017478835413517 362.0281559688097 361.3264080852684
522.0 0.6910859702670888 363.2986098141663 362.6075238438992
523.0 0.5377582132560918 363.932867941323 363.3951097280669
524.0 0.5786354307489093 363.5403222513945 362.9616868206456
525.0 0.4898811040016391 362.6000915317875 362.1102104277859
526.0 0.4169234746415078 360.5862536037065 360.169330129065
527.0 0.3516294177074394 359.3924780883616 359.0408486706542
528.0 0.3661793957286072 357.9237620497929 357.5575826540643
529.0 0.2453373976024736 358.0640042212815 357.818666823679
530.0 0.255370661768669 356.3296758407789 356.0743051790102
531.0 0.2154441797624304 356.8401420827891 356.6246979030267
532.0 0.170095719745008 356.7055926844638 356.5354969647188
533.0 0.06386159298378513 354.5273998713455 354.4635382783617
534.0 0.1313681292945634 353.699633496019 353.5682653667244
535.0 0.06822947408725608 352.4137924123358 352.3455629382485
536.0 0.1235544500256489 353.4272086398067 353.3036541897811
537.0 0.01797081200293008 351.4701423375326 351.4521715255297
538.0 0.05889646033215853 351.4178956393197 351.3589991789876
539.0 0.04023584509038924 350.0374427712679 349.9972069261775
540.0 0.0679170193498134 347.5468581312598 347.47894111191
541.0 0 347.5824899276303 347.5824899276303
542.0 0.01054076454666247 348.0252980031837 348.0147572386371
543.0 0.08756757400530701 346.2381545350052 346.1505869609999
544.0 0.1106122026397387 343.6779985866922 343.5673863840525
545.0 0.1360130517001047 344.0654084561922 343.9293954044921
546.0 0.1363272302225996 344.3076148707075 344.1712876404849
547.0 0.1406964096863773 342.2782918726763 342.13759546299
548.0 0.1726149799535275 343.7841501665186 343.6115351865651
549.0 0.2751401027962684 340.89907711077 340.6239370079737
550.0 0.3774453493446433 338.1991885744032 337.8217432250585
551.0 0.364521280503554 340.3709772772957 340.0064559967922
552.0 0.3906168114903908 338.6950876337983 338.3044708223079
553.0 0.5600204117814712 336.1502338740138 335.5902134622323
554.0 0.5190387999176669 338.1022429609269 337.5832041610092
555.0 0.7045447591181494 335.9364902997993 335.2319455406812
556.0 0.7136598997244633 335.2696184964347 334.5559585967102
557.0 0.8082989508026424 334.2601613282783 333.4518623774757
558.0 0.9864640506721925 331.7792960228732 330.792831972201
559.0 0.9928244504220858 332.7937639288663 331.8009394784443
560.0 1.212208909303954 332.5643241152753 331.3521152059714
561.0 1.255582065420258 328.718760133834 327.4631780684137
562.0 1.476555701307582 327.0850270390042 325.6084713376966
563.0 1.592874207646892 328.4493275634835 326.8564533558366
564.0 1.772632447830628 330.6042876041368 328.8316551563061
565.0 1.909960232594052 328.289638822329 326.379678589735
566.0 2.101846093899234 330.890575173025 328.7887290791258
567.0 2.213080301873725 328.0885885802063 325.8755082783326
568.0 2.656363310824472 320.721798930977 318.0654356201525
569.0 2.683484016265775 327.716692941837 325.0332089255712
570.0 2.902673738614541 324.8649127492815 321.962239010667
571.0 2.866919617634841 330.6961911756671 327.8292715580322
572.0 3.394768560035089 313.8961094830005 310.5013409229654
573.0 3.53520408848443 326.7520678526588 323.2168637641744
574.0 3.801491610012739 322.4666457249236 318.6651541149109
575.0 3.693381133466469 343.9353086634313 340.2419275299648
576.0 5.053892293706447 296.0499910699321 290.9960987762256
577.0 5.352074394774915 298.9922350676904 293.6401606729155
578.0 4.340367988278018 349.3727677458617 345.0323997575836
579.0 5.224762086960683 326.2918644457156 321.067102358755
580.0 8.898222400087355 259.3308558066697 250.4326334065823
581.0 6.549498415871815 295.4396960024588 288.890197586587
582.0 7.932635024825044 277.028818268613 269.096183243788
583.0 9.68289928769361 260.3040697625782 250.6211704748846
584.0 11.53501350630082 252.2145549902788 240.6795414839779
585.0 15.5505225144671 224.6452673035409 209.0947447890737
586.0 14.89582585220505 227.6649243129612 212.7690984607562
587.0 14.76633260141899 232.0978664069874 217.3315338055684
588.0 15.05174531054942 229.8560305370021 214.8042852264527
591.0 19.50752619303792 205.722137 186.2146108069621
