0.0 67.27511827285285 754.9952779734769 687.7201597006241
1.0 63.47783056504024 736.279080951944 672.8012503869038
2.0 64.03233517872747 742.6624268150561 678.6300916363287
3.0 59.65029534403925 717.8625304898077 658.2122351457685
4.0 63.37934755530191 741.2723074934319 677.89295993813
5.0 61.17704027775966 728.2256500006275 667.0486097228679
6.0 59.54696491561226 719.5886453703919 660.0416804547796
7.0 61.25494650410041 731.3105735826877 670.0556270785873
8.0 61.09903834423961 733.60002837154 672.5009900273004
9.0 60.10687489828851 728.1053909206876 667.9985160223991
10.0 59.68307552844533 723.5714833062146 663.8884077777693
11.0 59.14764131806383 723.0550416384406 663.9074003203768
12.0 58.89766599061566 719.5690477136452 660.6713817230296
13.0 56.65908941638664 704.2757015319785 647.6166121155919
14.0 57.81245886875066 712.1901060397951 654.3776471710444
15.0 57.66514914674677 713.2831643466002 655.6180151998534
16.0 58.74663973619393 721.6905286822173 662.9438889460233
17.0 58.13168676918561 715.13575388115 657.0040671119644
18.0 58.38069953052495 720.6510770379131 662.2703775073882
19.0 58.74197925062198 723.5002551664941 664.7582759158721
20.0 56.04504890830289 704.0517959118975 648.0067470035946
21.0 58.58552265191686 722.5253402984247 663.9398176465079
22.0 58.39224238844225 721.3447594655489 662.9525170771066
23.0 56.74800158457294 710.1593636824509 653.411362097878
24.0 57.40979287513993 715.3257443329819 657.915951457842
25.0 57.48354578355197 717.4705033752806 659.9869575917286
26.0 57.27961440372083 711.7257068471812 654.4460924434603
27.0 57.27688994262627 715.4872832750753 658.2103933324491
28.0 57.78105427545962 720.1360772901903 662.3550230147307
29.0 57.07389554426202 713.2819482253685 656.2080526811064
30.0 57.16731972147539 715.4234863108078 658.2561665893324
31.0 56.28225413205959 708.6364383053193 652.3541841732597
32.0 55.53003538193287 703.407618127474 647.8775827455412
33.0 55.42871737200031 703.1823953142916 647.7536779422912
34.0 55.82592364779962 706.5852314502467 650.7593078024471
35.0 56.47431862364815 707.2986111143319 650.8242924906837
36.0 53.26549893388562 688.4364468680002 635.1709479341146
37.0 55.81960728619719 706.6532207833028 650.8336134971056
38.0 51.60333919361575 679.8350702179965 628.2317310243807
39.0 54.49924770244412 698.1868213990332 643.6875736965891
40.0 52.86272374285669 686.0052035362913 633.1424797934346
41.0 56.21644940762488 709.406079907953 653.1896305003281
42.0 54.92589999094004 700.8428565308489 645.9169565399089
43.0 54.6527757169872 700.0967797748897 645.4440040579025
44.0 56.15394268304953 713.0915193448357 656.9375766617862
45.0 54.62742083420846 699.0513931050147 644.4239722708062
46.0 54.60490968718975 699.768363350954 645.1634536637643
47.0 55.36546601426079 705.1061323266345 649.7406663123737
48.0 53.77124523758236 695.2308778596114 641.459632622029
49.0 54.50642640975174 698.3981711630483 643.8917447532966
50.0 54.57662551898161 700.2350322494961 645.6584067305145
51.0 55.45845903031118 706.6788544012465 651.2203953709353
52.0 53.75550069616574 695.3648451661017 641.609344469936
53.0 52.82995150795244 686.8499189888347 634.0199674808823
54.0 53.34659217963492 693.1169456394035 639.7703534597686
55.0 55.84164036476608 712.7627162107728 656.9210758460067
56.0 52.62677141713042 687.17996797386 634.5531965567296
57.0 54.73849419807826 703.0065479464239 648.2680537483456
58.0 54.18822309136048 702.05961848893 647.8713953975695
59.0 53.55290603330527 695.3878512742137 641.8349452409085
60.0 53.12592744241548 690.3784988012515 637.2525713588361
61.0 53.09505060126459 690.6894291570195 637.594378555755
62.0 53.32579948831115 694.1776661153408 640.8518666270297
63.0 52.78522172465607 687.458785069632 634.673563344976
64.0 51.13049172650979 678.8180840356076 627.6875923090978
65.0 54.06342117846271 701.8407616988882 647.7773405204255
66.0 52.94933497490329 692.4640276690369 639.5146926941336
67.0 54.09263749452951 701.1498848867939 647.0572473922644
68.0 52.72687697959926 692.5612714000018 639.8343944204026
69.0 51.59796986125102 680.038235782876 628.440265921625
70.0 53.38581243753122 696.7725171296639 643.3867046921327
71.0 51.89097583557408 683.7208106244222 631.8298347888481
72.0 51.5773364978543 680.5681270179769 628.9907905201226
73.0 53.28049026047759 696.5980498384629 643.3175595779853
74.0 51.63760212041836 683.1518289597789 631.5142268393606
75.0 53.41296860613168 698.723192186313 645.3102235801814
76.0 53.71167152319181 698.5075863021247 644.7959147789329
77.0 52.32314612711529 688.6290779376767 636.3059318105614
78.0 52.8912933676405 692.7211484578005 639.82985509016
79.0 53.28421216883423 694.0581486751972 640.773936506363
80.0 51.46774631083474 681.7239285761007 630.2561822652659
81.0 51.42215118063879 682.4743846229792 631.0522334423404
82.0 52.7747819023682 696.3186465343317 643.5438646319635
83.0 51.51839180590723 685.7322044303413 634.213812624434
84.0 52.60766337458418 690.231560566396 637.6238971918118
85.0 52.47036827861185 691.3036518747226 638.8332835961108
86.0 52.00703974306165 688.3503318061324 636.3432920630708
87.0 52.0927044726286 687.6118004900648 635.5190960174362
88.0 52.4579989796188 689.3685847061097 636.9105857264909
89.0 50.50222506444861 677.4275411443502 626.9253160799015
90.0 51.01978220314507 680.6944782290191 629.674696025874
91.0 50.32538699162161 674.2582770593568 623.9328900677352
92.0 48.94733379587935 669.381388493064 620.4340546971846
93.0 49.07115175458399 668.0684205766027 618.9972688220187
94.0 49.48336864036872 670.2236839893809 620.7403153490122
95.0 51.15833463576715 683.1480407659724 631.9897061302052
96.0 49.31459749253915 671.4901344866002 622.175536994061
97.0 51.92194626846207 686.9205433222224 634.9985970537603
98.0 48.22784427832938 664.0427392039034 615.814894925574
99.0 51.08409683611596 679.5363933021623 628.4522964660463
100.0 51.5422013031303 685.6462748201999 634.1040735170696
101.0 52.02986344439082 687.1599426321599 635.130079187769
102.0 49.64383839025653 674.29188878424 624.6480503939835
103.0 50.68074921030439 679.9437672256358 629.2630180153314
104.0 52.05616217545147 687.7546308816388 635.6984687061874
105.0 52.41165208536937 689.3209551569877 636.9093030716183
106.0 51.16880877817863 683.1948019531417 632.0259931749631
107.0 52.64955337612861 691.2961551207443 638.6466017446157
108.0 52.14268282406239 690.5039395155403 638.3612566914779
109.0 50.43524902398306 678.1661885252537 627.7309395012707
110.0 50.71830429018441 676.7495643995821 626.0312601093976
111.0 51.42471688013895 682.1399261133591 630.7152092332202
112.0 53.68104986073144 695.8966420570498 642.2155921963184
113.0 50.25215732886602 674.6884186190422 624.4362612901762
114.0 51.29858283215053 681.9851326203353 630.6865497881848
115.0 51.55522661860973 684.9537164474194 633.3984898288097
116.0 52.28324034757192 688.6168092289613 636.3335688813894
117.0 51.00372891545015 679.5189899116256 628.5152609961755
118.0 51.94598824910482 683.1435164173122 631.1975281682074
119.0 49.07997063639744 667.7805355049244 618.700564868527
120.0 51.07422216995947 679.1113458251175 628.0371236551581
121.0 53.86285040499827 698.8079543231416 644.9451039181434
122.0 51.7474366862271 686.3483707965617 634.6009341103346
123.0 51.80710837919682 684.5938943244606 632.7867859452638
124.0 52.53655324118723 688.679014359825 636.1424611186377
125.0 49.48078369601379 670.224270264529 620.7434865685152
126.0 53.22105246617325 689.2621931757507 636.0411407095774
127.0 50.57912438845332 677.8632216547233 627.2840972662699
128.0 53.53644521672854 692.3225367730493 638.7860915563208
129.0 49.43816067862811 670.6784878659425 621.2403271873144
130.0 52.53014325912432 689.816303503936 637.2861602448117
131.0 53.8365425672012 696.3387800369699 642.5022374697687
132.0 52.77342079796756 691.0204778209327 638.2470570229651
133.0 52.9603661353613 690.033710876358 637.0733447409967
134.0 53.01761903194039 690.7824732887451 637.7648542568047
135.0 49.91731559179741 671.8675763849801 621.9502607931827
136.0 53.52925230797555 692.4154362888402 638.8861839808646
137.0 48.93637690668981 668.7614419899134 619.8250650832236
138.0 51.55884254104502 680.6338902910737 629.0750477500286
139.0 51.80556161262066 684.0194489098024 632.2138872971817
140.0 49.91437739769257 671.9200587598718 622.0056813621792
141.0 48.62376907212925 666.3616737793422 617.7379047072129
142.0 49.49647686227038 669.8884273905238 620.3919505282535
143.0 49.88735269463998 672.3220776638575 622.4347249692175
144.0 49.84761994281026 672.9031521691484 623.0555322263381
145.0 53.95763999200364 697.5546925401275 643.5970525481238
146.0 52.39750662912597 684.7214968902772 632.3239902611513
147.0 50.73997508772437 676.3022691179444 625.5622940302201
148.0 50.27063577679201 674.8605064731056 624.5898706963136
149.0 48.24093496488982 663.7367400339676 615.4958050690778
150.0 49.07250733068388 667.9462510839879 618.8737437533041
151.0 52.48258337233014 690.6421383922715 638.1595550199413
152.0 50.65695558338026 677.4107662659022 626.753810682522
153.0 51.21027846065853 684.7224196939321 633.5121412332735
154.0 52.73714476283002 691.6473456203086 638.9102008574785
155.0 50.55412049557471 677.8164894499727 627.262368954398
156.0 51.01067712622458 679.8958851619526 628.8852080357281
157.0 52.04896740786137 686.7899003144085 634.7409329065471
158.0 46.14320706689961 653.7467543846052 607.6035473177056
159.0 51.68100950412606 686.2022529688215 634.5212434646955
160.0 49.06467275495389 668.168141652434 619.1034688974801
161.0 49.70036374700234 674.0445071470512 624.3441434000488
162.0 47.68662381180477 663.3588351190389 615.6722113072341
163.0 43.2137716914775 639.7243576812361 596.5105859897586
164.0 48.65428014442448 665.9431580475423 617.2888779031178
165.0 51.90427494051879 687.3196345339269 635.4153595934081
166.0 49.78502535724995 676.7372671601145 626.9522418028645
167.0 50.79666729464221 681.1307535065995 630.3340862119573
168.0 45.72084666197864 651.8466421405184 606.1257954785397
169.0 44.04424191965809 643.9046918784634 599.8604499588053
170.0 50.66009813805655 680.3182451038665 629.65814696581
171.0 47.75277457220376 662.7737679681245 615.0209933959208
172.0 50.62289695199921 680.8118884022509 630.1889914502517
173.0 50.49646069715358 681.5730831222445 631.0766224250909
174.0 49.74074845618638 674.2204738716511 624.4797254154647
175.0 42.37789466782866 635.7228259797669 593.3449313119383
176.0 46.55611800741085 655.9289719144456 609.3728539070348
177.0 48.99598948401599 669.0691838898468 620.0731944058308
178.0 48.67316239253938 670.0265107014939 621.3533483089545
179.0 47.57517463978756 663.7927577775833 616.2175831377958
180.0 48.88007896295957 669.7658471214126 620.885768158453
181.0 48.55842833644126 667.2728327533023 618.7144044168611
182.0 47.88433571294518 667.3634427192649 619.4791070063197
183.0 43.20160497994621 639.9870155996886 596.7854106197424
184.0 50.69780705837747 681.8501063919784 631.1522993336009
185.0 40.70759396734711 627.7228664991068 587.0152725317596
186.0 44.88553717546869 647.7794587548548 602.8939215793861
187.0 47.77764353195762 666.6615485892123 618.8839050572547
188.0 46.87846339872156 659.49768828086 612.6192248821385
189.0 48.08199683974098 667.9393240874511 619.8573272477102
190.0 47.60163831434156 663.845070416989 616.2434321026474
191.0 42.79190100945202 637.8398383871548 595.0479373777028
192.0 50.05732860090732 676.660221894834 626.6028932939267
193.0 45.68434122264251 652.4778003790089 606.7934591563664
194.0 47.09915752830894 662.8588831737981 615.7597256454892
195.0 47.90304362822252 666.2697798653444 618.3667362371219
196.0 44.45012544413733 646.158799569352 601.7086741252146
197.0 46.9369081272707 658.6196848409033 611.6827767136326
198.0 45.305205460281 654.3318976349809 609.0266921746999
199.0 45.48282794289536 653.9058171670227 608.4229892241273
200.0 45.30233388444077 649.8421172186759 604.5397833342351
201.0 39.45322061347451 621.8089255182342 582.3557049047597
202.0 47.51771920549566 664.6018098387943 617.0840906332987
203.0 42.36508211269304 636.0588688991859 593.6937867864928
204.0 44.60948738933205 649.4844058985752 604.8749185092431
205.0 46.7223705114254 660.063101609296 613.3407310978706
206.0 42.79518621533204 637.7489974225162 594.9538112071842
207.0 43.52193010934033 643.2771949329564 599.7552648236161
208.0 44.23525345371185 647.9824223588055 603.7471689050937
209.0 41.90535419314271 634.4311887976455 592.5258346045028
210.0 39.03901942377349 619.7304429326732 580.6914235088997
211.0 45.454226797983 654.2029866433171 608.7487598453341
212.0 44.56607104557902 649.9925179996476 605.4264469540686
213.0 47.30566326194067 665.844749840741 618.5390865788003
214.0 46.3959865834407 659.9036676565009 613.5076810730602
215.0 42.376199255632 635.7787955877711 593.4025963321391
216.0 47.68120955390219 668.02120261945 620.3399930655478
217.0 43.97620467367896 645.0765567072786 601.1003520335996
218.0 43.98166730426814 647.5526466378757 603.5709793336075
219.0 41.05683723969009 630.7851396155555 589.7283023758654
220.0 46.52697774724774 659.9078302077755 613.3808524605278
221.0 44.74857954010124 649.783782378272 605.0352028381708
222.0 45.41851626148631 656.455026452749 611.0365101912627
223.0 44.05001992881208 647.4142037639968 603.3641838351847
224.0 37.78887205045734 613.7291734233501 575.9403013728928
225.0 45.57834427715954 653.8776159757931 608.2992716986336
226.0 42.92939190288967 641.5960036587383 598.6666117558486
227.0 44.74477757977901 651.9014517734973 607.1566741937183
228.0 44.08391928038154 646.8776207963402 602.7937015159587
229.0 41.52875491458703 632.0480123341883 590.5192574196013
230.0 36.95593480622753 609.7290945631208 572.7731597568933
231.0 42.77774577388505 638.1715949579239 595.3938491840388
232.0 41.47324974067336 632.8359763213426 591.3627265806692
233.0 38.62032524919442 617.7895144874687 579.1691892382743
234.0 43.61196105012389 645.5773734067994 601.9654123566755
235.0 43.73928639914709 645.8445289085733 602.1052425094262
236.0 43.08868015126937 641.6472101759757 598.5585300247063
237.0 44.13679918290766 650.0490812012702 605.9122820183625
238.0 43.80827128367822 646.4984581378381 602.6901868541598
239.0 43.47186149031787 647.0269942871841 603.5551327968662
240.0 43.97684760708828 647.8191464741984 603.8422988671101
241.0 41.07780468187845 630.7339965665643 589.6561918846859
242.0 41.17627386618781 632.5456126022415 591.3693387360537
243.0 43.51072663890526 643.6902120318457 600.1794853929404
244.0 42.72757782599372 638.9714534174923 596.2438755914986
245.0 44.41321695600763 651.1754090182936 606.7621920622859
246.0 43.45620791412812 646.7279549855027 603.2717470713746
247.0 40.28856813965234 625.7830104446241 585.4944423049718
248.0 41.35170453933631 633.4604803341496 592.1087757948132
249.0 41.86434227885488 635.2708761943076 593.4065339154527
250.0 40.60830683350879 628.8339650420934 588.2256582085846
251.0 40.85002680849992 633.4830508051752 592.6330239966753
252.0 42.27490157356822 641.0931258230208 598.8182242494526
253.0 43.30901375909884 646.737686951636 603.4286731925372
254.0 39.36060050367042 622.7316205933687 583.3710200896983
255.0 38.44835266680259 622.1234993493912 583.6751466825886
256.0 41.84237571020506 638.704175762972 596.8618000527669
257.0 38.66745010808524 620.6763675516796 582.0089174435944
258.0 38.91723002098353 621.5645739829022 582.6473439619187
259.0 40.50593020691971 629.5324938747487 589.026563667829
260.0 41.27701447551999 633.4544039267266 592.1773894512066
261.0 38.75332914125316 621.540810302833 582.7874811615798
262.0 40.06328971159982 627.8789272686951 587.8156375570953
263.0 37.78593986603681 613.8291851761685 576.0432453101316
264.0 41.27803066629543 637.4091353954378 596.1311047291423
265.0 38.48219789046581 621.5760882598471 583.0938903693813
266.0 39.24672864882188 623.6976239831779 584.450895334356
267.0 37.35701799821019 612.0879239362764 574.7309059380662
268.0 36.52677533397543 608.0533937009847 571.5266183670092
269.0 39.00549601772934 620.463461861811 581.4579658440816
270.0 33.62720378693948 593.758585190478 560.1313814035386
271.0 41.29944557285294 637.4271770236911 596.1277314508382
272.0 38.47668031049735 619.3532498201797 580.8765695096824
273.0 37.72997812018618 617.8012188617237 580.0712407415376
274.0 38.58785421025499 618.5324699445478 579.9446157342928
275.0 39.06538958672654 626.3117360245595 587.246346437833
276.0 36.07089308429585 606.8218223779343 570.7509292936384
277.0 40.11492778804151 628.4838020449983 588.3688742569568
278.0 40.18684225859497 631.4474509099363 591.2606086513413
279.0 36.33889381227045 609.7683321369795 573.4294383247091
280.0 36.46687222181886 608.8723223779513 572.4054501561324
281.0 36.49256037272468 611.732722421834 575.2401620491093
282.0 36.39139852689437 609.7369437987808 573.3455452718865
283.0 37.2973330931671 616.5252349838131 579.227901890646
284.0 34.76069199594988 601.0594283710827 566.2987363751329
285.0 37.70415807202496 615.3438297506186 577.6396716785937
286.0 35.41423052863862 605.6501558143289 570.2359252856903
287.0 36.80787083087167 612.2521278144737 575.4442569836021
288.0 37.90951088835847 620.9540072048753 583.0444963165168
289.0 32.78630675200216 590.0188509698881 557.232544217886
290.0 36.3677203705282 610.1298874063298 573.7621670358016
291.0 38.05695247622176 622.3032197163584 584.2462672401367
292.0 31.96328041554641 585.8207786492182 553.8574982336718
293.0 30.70883661134683 579.9794837131164 549.2706471017696
294.0 34.59769516659008 601.6550377039825 567.0573425373925
295.0 35.78607181865454 612.6831609525576 576.8970891339031
296.0 34.73894543065115 605.0314506947819 570.2925052641308
297.0 35.33525856905125 606.8499518288688 571.5146932598175
298.0 34.28208858406637 600.2293783833252 565.9472897992588
299.0 35.65964206268986 609.3456489668483 573.6860069041585
300.0 31.09955505734782 582.3330678988632 551.2335128415153
301.0 30.68937152183003 580.4274985598046 549.7381270379745
302.0 36.62662954014055 616.507502179611 579.8808726394705
303.0 31.8303844828061 587.3842807757745 555.5538962929684
304.0 33.90416688997601 600.605767019992 566.701600130016
305.0 34.04571498258972 603.8571383431874 569.8114233605977
306.0 33.70072643593865 600.4720907994515 566.7713643635128
307.0 31.1199829915642 582.1202592892154 551.0002762976512
308.0 34.28076065386127 605.8541235266915 571.5733628728302
309.0 31.90013352880912 590.6963905839101 558.796257055101
310.0 26.57481417189067 559.7322820972723 533.1574679253816
311.0 30.62368855371636 580.8118751626703 550.1881866089539
312.0 33.10343191298348 598.8954499501305 565.792018037147
313.0 30.29073820872878 578.1436102863194 547.8528720775906
314.0 30.03763518938857 580.6199257631214 550.5822905737328
315.0 31.75814557553091 588.0965324499646 556.3383868744337
316.0 28.65523915561111 573.0221363335716 544.3668971779605
317.0 31.07492956361327 582.9079109417322 551.832981378119
318.0 32.12926078599651 594.2143751439928 562.0851143579963
319.0 26.9875144933981 561.7844355921852 534.7969210987871
320.0 29.83983470916881 576.7234894704125 546.8836547612437
321.0 29.43397298061597 574.470741195432 545.036768214816
322.0 31.28422067874918 588.8572089897163 557.5729883109671
323.0 28.66006437306993 573.2538271027453 544.5937627296754
324.0 30.97207657926751 589.2217314787257 558.2496548994581
325.0 29.94080358233529 580.7079415509076 550.7671379685723
326.0 29.28394589955198 576.0740419959475 546.7900960963955
327.0 29.88979893852658 581.9714136846037 552.0816147460771
328.0 27.37673390089131 564.3968682187534 537.0201343178621
329.0 29.11189522064745 576.6987269964262 547.5868317757788
330.0 27.75508983781752 566.8656385059082 539.1105486680907
331.0 30.03076020792973 584.1806874536772 554.1499272457474
332.0 28.74625215354233 574.2326464566208 545.4863943030785
333.0 28.91518646082698 574.0726258619386 545.1574394011117
334.0 28.65704391683369 575.970858670677 547.3138147538433
335.0 23.17282685603701 544.6883113062954 521.5154844502584
336.0 28.51037892953474 575.9811861386709 547.4708072091362
337.0 24.48578632637098 550.2344640522522 525.7486777258812
338.0 27.49223492571286 568.9190409730555 541.4268060473426
339.0 24.07829519613681 548.0830382187686 524.0047430226318
340.0 26.68196846400446 563.8571558670901 537.1751874030856
341.0 26.23060229561364 562.1424713214701 535.9118690258565
342.0 27.25137498038767 569.4884219849216 542.237047004534
343.0 25.97667572075863 560.1262166524894 534.1495409317308
344.0 28.34851261648365 576.3117470410723 547.9632344245887
345.0 27.57832220752951 573.8191096607198 546.2407874531903
346.0 23.91854667393116 549.3355829139034 525.4170362399723
347.0 24.46372651554681 550.7089044323101 526.2451779167633
348.0 26.02705751728953 560.0727206863927 534.0456631691031
349.0 25.63774877076614 558.0416404010138 532.4038916302477
350.0 26.65643254786214 566.0596888480035 539.4032563001414
351.0 24.64624383266755 553.6090954551113 528.9628516224438
352.0 25.04691173063853 556.8656095048818 531.8186977742433
353.0 24.34247639480028 556.2877166948201 531.9452403000198
354.0 24.97180196341659 560.4294761001374 535.4576741367208
355.0 26.12282205180357 566.9867571987471 540.8639351469435
356.0 23.14486207531981 545.4761007442474 522.3312386689276
357.0 22.00511003628999 538.3700479276884 516.3649378913984
358.0 25.28987369332009 563.2158058284823 537.9259321351622
359.0 24.56585969907161 554.7902546994748 530.2243950004032
360.0 22.29767912250657 542.2601504798073 519.9624713573007
361.0 21.66116741912865 540.364275387848 518.7031079687194
362.0 21.60195055882168 536.2267002941306 514.6247497353089
363.0 24.10509700821347 555.3273947209402 531.2222977127267
364.0 19.15417301919953 523.9943508548487 504.8401778356492
365.0 22.78956449071573 547.0037256693843 524.2141611786685
366.0 23.22593040268536 549.6469003273694 526.4209699246841
367.0 17.54842605341586 515.8017651247894 498.2533390713736
368.0 23.61875505335703 553.4099896475724 529.7912345942154
369.0 22.03283208318904 545.1282783325478 523.0954462493587
370.0 20.38131511870072 529.9898069828472 509.6084918641465
371.0 21.42015280898987 538.4031563680917 516.9830035591018
372.0 21.14420263852455 535.2690887366509 514.1248860981264
373.0 21.61169889548918 541.5365312358984 519.9248323404092
374.0 22.06202019707441 543.1677756465485 521.1057554494741
375.0 21.5045336954596 540.4930430881036 518.988509392644
376.0 21.34752035461595 539.997309794269 518.6497894396531
377.0 21.20786791200605 540.5214044435276 519.3135365315215
378.0 20.55924751836257 537.482178110774 516.9229305924114
379.0 20.74362220572006 537.9099143151435 517.1662921094234
380.0 20.4055018107008 534.9125041009953 514.5070022902945
381.0 21.07887941565137 540.5251349463438 519.4462555306925
382.0 20.60599701577959 535.1204715777954 514.5144745620158
383.0 20.0266245744606 532.587290310431 512.5606657359704
384.0 20.08468471617306 533.3670444632708 513.2823597470978
385.0 19.68008609302954 533.0077759412457 513.3276898482161
386.0 17.88779255233063 519.0308305787111 501.1430380263804
387.0 20.26629635506445 539.783548232551 519.5172518774865
388.0 17.94288527370882 522.67717196674 504.7342866930312
389.0 19.24701915878874 530.3718799396689 511.1248607808802
390.0 18.18815719098801 524.120933231291 505.932776040303
391.0 19.55012191022707 535.7541578913754 516.2040359811484
392.0 18.56013263497582 525.3012343450531 506.7411017100773
393.0 17.77669693696951 522.509797837543 504.7331009005734
394.0 20.26804408592704 542.061238576506 521.7931944905789
395.0 18.61599170206738 529.128195303655 510.5122036015876
396.0 17.86868727191209 524.2670427526869 506.3983554807749
397.0 18.25782831690883 526.5049374556228 508.247109138714
398.0 17.55610970015047 518.0488980979027 500.4927883977523
399.0 17.4821277756281 520.5975016929152 503.1153739172871
400.0 15.93802510742075 502.7671296914364 486.8291045840157
401.0 17.40784593207812 523.4537603249099 506.0459143928318
402.0 17.28011456649909 520.1219540717067 502.8418395052077
403.0 17.20125463340367 520.1248207454128 502.9235661120092
404.0 16.64733368390948 513.9185054683911 497.2711717844817
405.0 16.73993757719159 521.1911795303105 504.451241953119
406.0 16.08389139991405 511.2464765399283 495.1625851400142
407.0 16.22104162381689 519.1421721798535 502.9211305560366
408.0 16.57659630063711 518.977927847293 502.4013315466559
409.0 16.12897026539247 515.6419034577632 499.5129331923707
410.0 16.33542949335397 519.5891659243263 503.2537364309724
411.0 16.14039187521015 515.9458944808254 499.8055026056153
412.0 15.82266119514597 518.0254343642913 502.2027731691453
413.0 16.00853948661494 518.5560178338865 502.5474783472716
414.0 15.66530373189838 515.2603409200498 499.5950371881514
415.0 15.73800396020567 515.8306369590756 500.0926329988699
416.0 15.65979723877253 517.5739973734094 501.9142001346369
417.0 16.37409779694723 520.6106613070951 504.2365635101479
418.0 12.361497204755 478.6642358872357 466.3027386824807
419.0 13.54356825787165 489.7737576276921 476.2301893698204
420.0 14.49710386629674 502.6871169481158 488.1900130818191
421.0 15.37541395935669 517.5378208852155 502.1624069258588
422.0 13.54676003391619 488.9716167140615 475.4248566801453
423.0 13.25014539552994 490.934844280318 477.6846988847881
424.0 13.73611616771816 494.2696919278782 480.5335757601601
425.0 9.297960921429107 453.7560450512295 444.4580841298004
426.0 13.11350201311959 488.6301132160635 475.5166112029439
427.0 14.47729929363386 509.6626617814145 495.1853624877806
428.0 13.49586100569877 493.9555362767032 480.4596752710044
429.0 13.13961328086524 488.4926230416626 475.3530097607973
430.0 14.48387439582932 510.626943146257 496.1430687504277
431.0 11.71704052241454 476.3433934334703 464.6263529110558
432.0 11.718647893076 475.8513035709433 464.1326556778673
433.0 12.34206614251401 483.1936066187423 470.8515404762283
434.0 12.20858353462026 482.1251261902016 469.9165426555813
435.0 10.11223525388864 463.3415737150233 453.2293384611347
436.0 10.64753202416774 467.3626816337334 456.7151496095656
437.0 12.75142349961319 492.8598767180807 480.1084532184675
438.0 10.61494676498915 467.9745199127728 457.3595731477837
439.0 11.91664318914517 484.45292870008 472.5362855109348
440.0 12.18541488853666 487.6775834843395 475.4921685958029
441.0 12.12769012361769 489.7810399051674 477.6533497815498
442.0 10.14508016985116 463.5434364291131 453.3983562592619
443.0 9.622962872368239 462.8912452108489 453.2682823384806
444.0 12.41969072602248 491.887004996846 479.4673142708235
445.0 10.1234604230939 464.105028835706 453.9815684126121
446.0 10.60838528295725 473.3367850776592 462.7283997947019
447.0 10.55848626194894 471.897058129881 461.338571867932
448.0 7.337999764078701 427.9928119142454 420.6548121501667
449.0 8.807307232564858 452.7803760110343 443.9730687784695
450.0 11.2554049001469 482.5956506100365 471.3402457098896
451.0 9.687072957577868 469.9281375880441 460.2410646304662
452.0 9.174501597896971 463.583391527177 454.4088899292801
453.0 7.641301907780636 436.6777042388482 429.0364023310675
454.0 7.901524779356303 444.1008039754475 436.1992791960912
455.0 7.980429453790116 446.0684622001504 438.0880327463603
456.0 6.387403543612158 421.9938484017966 415.6064448581844
457.0 8.699503986065123 455.461022492728 446.7615185066629
458.0 6.058983395882968 408.2375939759804 402.1786105800975
459.0 6.185509635273325 414.4609091222511 408.2753994869777
460.0 7.454338436702078 440.1255641972232 432.6712257605211
461.0 6.359532255085428 428.1673226680273 421.8077904129419
462.0 7.944838069949838 451.8978716552684 443.9530335853186
463.0 7.589963537779679 445.3636926970249 437.7737291592453
464.0 6.634998071789772 434.7048008197141 428.0698027479243
465.0 6.414568501899008 432.7614777314542 426.3469092295552
466.0 6.814881931841961 443.2198436209425 436.4049616891006
467.0 6.101086817794022 427.9282430034885 421.8271561856945
468.0 5.265749093248234 414.9939454024858 409.7281963092375
469.0 5.600412714201108 425.4358840382143 419.8354713240132
470.0 6.028438332398276 434.3776110959752 428.3491727635769
471.0 5.762950945882396 428.6227780145984 422.859827068716
472.0 5.149581857747573 416.0935608036461 410.9439789458985
473.0 4.783896025532006 399.1732295391117 394.3893335135797
474.0 5.264786571789907 418.1772391086878 412.9124525368979
475.0 4.715750560476771 400.2344407510509 395.5186901905741
476.0 4.801836230640982 419.4946191971378 414.6927829664968
477.0 5.146319552434529 424.2437767398349 419.0974571874004
478.0 5.028628268122593 421.548203804293 416.5195755361704
479.0 4.26172843489486 405.110281792862 400.8485533579671
480.0 4.083951239150564 412.6569222566756 408.572971017525
481.0 4.025480928234519 385.879373437478 381.8538925092435
482.0 4.054388253577811 402.2357593795468 398.181371125969
483.0 3.993277945448083 411.9700882715601 407.976810326112
484.0 3.746995230793481 402.3259946487044 398.5789994179109
485.0 3.440132091904364 399.6944916940622 396.2543596021579
486.0 3.312006381814853 392.5277047311738 389.2156983493589
487.0 3.532805991546255 405.6576330737978 402.1248270822516
488.0 3.435283860896334 405.5624303737906 402.1271465128943
489.0 3.109060648482232 400.9075855171038 397.7985248686216
490.0 3.172082947267053 405.2243994393521 402.0523164920851
491.0 3.307973850606554 407.9574568202754 404.6494829696689
492.0 3.022198197821882 390.5745289429127 387.5523307450908
493.0 2.588758043703942 394.0347341472776 391.4459761035737
494.0 2.514053965391645 388.2239316990748 385.7098777336831
495.0 2.747236654121531 397.5079905280852 394.7607538739637
496.0 2.346759446552088 392.1147799074735 389.7680204609214
497.0 2.422575303011007 395.0805799458338 392.6580046428228
498.0 2.385009091779155 396.004311307766 393.6193022159869
499.0 2.293776503439439 393.9249941484794 391.63121764504
500.0 2.136553508225347 390.6201320696849 388.4835785614596
501.0 2.064290494486366 387.5586498222394 385.494359327753
502.0 1.996058915866253 393.1240987911188 391.1280398752526
503.0 1.876204561301933 389.1352215123054 387.2590169510034
504.0 1.606804186743813 386.6233641609641 385.0165599742203
505.0 1.591474522390957 383.4802766008814 381.8888020784904
506.0 1.560396433298432 384.9048803469699 383.3444839136715
507.0 1.558236016193103 388.1557617458825 386.5975257296894
508.0 1.316673360235268 380.9706391173665 379.6539657571312
509.0 1.306845301393565 384.3896698066701 383.0828245052766
510.0 1.308843985909885 385.374223076224 384.0653790903141
511.0 1.179549302075865 380.5015165904603 379.3219672883844
512.0 1.050948197083058 383.0667727715022 382.0158245744191
513.0 0.9984524428802453 379.2226125121058 378.2241600692256
514.0 0.8862135562470207 379.1825092243451 378.296295668098
515.0 0.8846450259015744 378.9239020661627 378.0392570402612
516.0 0.8351262466739569 378.3647241660804 377.5295979194065
517.0 0.7477179814946361 377.2414101546674 376.4936921731728
518.0 0.6877136676800548 376.6791321157561 375.9914184480761
519.0 0.6733609326885084 375.4499891403495 374.776628207661
520.0 0.544091085854352 374.5723628917911 374.0282718059367
521.0 0.5251699410456986 372.7207223959342 372.1955524548885
522.0 0.4994864086510572 373.3080087070668 372.8085222984157
523.0 0.3429333915427816 372.8125092007039 372.4695758091611
524.0 0.3866238609288854 372.9185226857022 372.5318988247733
525.0 0.3125227829189731 371.7053677083086 371.3928449253896
526.0 0.2681383778635826 369.7833908259354 369.5152524480718
527.0 0.2233024386360984 368.161051861177 367.9377494225409
528.0 0.2481710577197561 368.333178626312 368.0850075685923
529.0 0.1326562559335566 367.2058003451515 367.073144089218
530.0 0.1632707693425608 366.1868554613428 366.0235846920002
531.0 0.1221030390809616 365.8126879163328 365.6905848772518
532.0 0.07542865088947653 365.8965524423091 365.8211237914197
533.0 0.002927675737879776 363.486318869846 363.4833911941081
534.0 0.07763042100772538 363.4821730551249 363.4045426341171
535.0 0.03568544753683531 361.8382683776018 361.802582930065
536.0 0.07685373934894971 362.7546249133228 362.6777711739738
537.0 0 360.6718363516746 360.6718363516746
538.0 0.03884214808342151 361.0684206543512 361.0295785062678
539.0 0.04758118100892372 358.7966200104161 358.7490388294072
540.0 0.1055227691328688 357.4042591036553 357.2987363345224
541.0 0.04418338329937013 356.2276600755206 356.1834766922212
542.0 0.04341627511510426 357.3348030431012 357.2913867679861
543.0 0.1401850348695827 356.6973288254438 356.5571437905742
544.0 0.2069402419544024 353.5860799153102 353.3791396733558
545.0 0.2318471936460303 353.190709004131 352.958861810485
546.0 0.2294959695085013 353.274028590464 353.0445326209555
547.0 0.2630948549834962 351.4302615524386 351.1671666974551
548.0 0.2742986002811654 352.6911455763961 352.4168469761149
549.0 0.4195840037697068 350.1643062797885 349.7447222760188
550.0 0.5614124119170588 347.9213251363962 347.3599127244791
551.0 0.5187578161007676 349.4905514879425 348.9717936718417
552.0 0.5693482680491004 347.9988430400299 347.4294947719808
553.0 0.7781382617919901 345.6770500425417 344.8989117807497
554.0 0.7113233065736049 347.0358784017478 346.3245550951742
555.0 0.9321612543750701 344.8671268855334 343.9349656311584
556.0 0.9458813127058708 344.9988321500241 344.0529508373183
557.0 1.065422912314223 342.8351925869484 341.7697696746342
558.0 1.285921384740407 340.0159216318089 338.7300002470685
559.0 1.272451331471302 341.6851332240783 340.412681892607
560.0 1.485935988751637 343.0562881064885 341.5703521177369
561.0 1.598560779006536 337.9544239125493 336.3558631335428
562.0 1.850803005448154 335.7741474190955 333.9233444136474
563.0 1.951327641107791 336.6796446475752 334.7283170064674
564.0 2.092045306071946 339.9518078167708 337.8597625106989
565.0 2.275742897660512 336.5758050632722 334.3000621656116
566.0 2.398874624304157 343.4306939551632 341.031819330859
567.0 2.572599932141908 338.1829703218421 335.6103703897002
568.0 3.151079320236292 328.4763503556955 325.3252710354592
569.0 3.019055046370851 342.5869548603701 339.5678998139993
570.0 3.304054019800972 336.9610746369349 333.6570206171339
571.0 3.21616623883918 337.9680974746673 334.7519312358281
572.0 4.028606900412664 318.0656714632237 314.0370645628111
573.0 3.912283999273195 339.7132578160494 335.8009738167762
574.0 4.312708131392735 326.5601253642986 322.2474172329059
575.0 3.828419736053937 354.0899039707783 350.2614842347244
576.0 5.995564348699383 298.27522648504 292.2796621363406
577.0 6.258538287515193 300.586872931311 294.3283346437958
578.0 4.418899156904228 357.3322760715454 352.9133769146412
579.0 5.714932342508631 328.2994778106811 322.5845454681725
580.0 10.46340061562463 259.7480249893158 249.2846243736911
581.0 7.538830634105053 295.602960008053 288.064129373948
582.0 9.218432180528808 277.307034001372 268.0886018208432
583.0 11.24430368712083 260.8459167897373 249.6016131026164
584.0 13.24620022351119 252.6842335730647 239.4380333495535
585.0 17.73670904899687 225.0599752286475 207.3232661796507
586.0 17.02494085982504 228.3231541419234 211.2982132820983
587.0 16.82980662213876 232.3797732103234 215.5499665881846
588.0 17.15309075036083 230.1494725676225 212.9963818172616
591.0 22.04059889691976 205.722137 183.6815381030802
