0.0 42.98862705314766 732.4242504217522 689.4356233686045
3.0 40.28261384066851 705.8589198814207 665.5763060407522
6.0 40.10478992565371 722.4373161068661 682.3325261812124
9.0 39.49812966714002 722.5006344006502 683.0025047335102
12.0 38.55854353690908 710.5028488101279 671.9443052732188
15.0 38.53109824510388 716.1075629295687 677.5764646844648
18.0 38.2413941228807 718.0436809101398 679.8022867872591
21.0 37.3236698887272 699.8345325005835 662.5108626118563
24.0 36.32292299330381 685.0254062765607 648.7024832832569
27.0 37.24699177770766 709.3311810025953 672.0841892248876
30.0 36.47624707528142 693.7739039004491 657.2976568251676
33.0 36.9427434984165 709.7592630919208 672.8165195935043
36.0 36.37286781802939 698.1811152323133 661.8082474142839
39.0 36.30378122753777 702.5328907225465 666.2291094950087
42.0 36.23590869964445 703.0237513733207 666.7878426736762
45.0 36.05646923789963 702.779064305969 666.7225950680694
48.0 35.95896191173403 703.2918306454248 667.3328687336907
51.0 34.86189797366334 678.3455494130046 643.4836514393412
54.0 35.0317308984674 689.3732821547447 654.3415512562773
57.0 33.56756779769361 662.2736097823411 628.7060419846475
60.0 34.98890796805609 693.4256041667965 658.4366961987404
63.0 34.69106898250698 691.3829120061541 656.6918430236472
66.0 34.57477056849456 689.4911685754236 654.916398006929
69.0 34.38949013089813 687.5020147757566 653.1125246448585
72.0 34.14439198090161 684.5981087082451 650.4537167273435
75.0 34.45993460302689 690.9739319477492 656.5139973447223
78.0 34.1892049581695 688.5706927776284 654.3814878194589
81.0 32.86557698949259 661.0405048050162 628.1749278155236
84.0 33.78237974761183 679.5892812282466 645.8069014806348
87.0 33.17118186117973 670.7542198777253 637.5830380165455
90.0 33.26523838097419 672.4456409591118 639.1804025781376
93.0 33.40348391755254 676.2874450654445 642.8839611478919
96.0 33.33055709551515 677.5655525727004 644.2349954771853
99.0 33.0728749609505 671.7469640092138 638.6740890482633
102.0 33.35177874001205 676.4339869971698 643.0822082571577
105.0 33.07347563823347 670.0598604301129 636.9863847918794
108.0 32.29281065137317 655.0892098226329 622.7963991712597
111.0 33.4529298674196 673.4733219752843 640.0203921078647
114.0 33.56801528472593 675.0751889498085 641.5071736650826
117.0 33.43101947563101 674.4074258229433 640.9764063473123
120.0 33.50593709736357 673.7325804906005 640.2266433932369
123.0 33.61684893556292 675.0966739268275 641.4798249912646
126.0 33.79725993362117 674.5829923768085 640.7857324431873
129.0 33.8993966455112 676.2666463782144 642.3672497327032
132.0 33.50061665408752 670.3180350981199 636.8174184440324
135.0 34.23205852297375 678.7538830550251 644.5218245320513
138.0 33.30394922987392 666.9023026826756 633.5983534528017
141.0 33.07186989375669 667.4117272250765 634.3398573313199
144.0 32.49029315075261 656.8645661307131 624.3742729799604
147.0 32.89866587922513 665.1118670550674 632.2132011758423
150.0 31.51401998168105 645.5623088114227 614.0482888297416
153.0 32.51081613413519 657.3885220867529 624.8777059526177
156.0 32.29414390415732 660.6785818388788 628.3844379347214
159.0 33.13623952047734 672.0000088134948 638.8637692930175
162.0 30.98029402189045 645.9672673904384 614.986973368548
165.0 31.57759186693154 649.128939366513 617.5513474995815
168.0 31.34457892244714 652.7761919293807 621.4316130069335
171.0 31.27975992511138 653.6503568020498 622.3705968769384
174.0 30.49577410806002 642.2388440338617 611.7430699258017
177.0 31.08337179141132 654.5636809992243 623.480309207813
180.0 31.550280642015 661.6490739258506 630.0987932838356
183.0 29.06505163330786 633.2116780628496 604.1466264295417
186.0 30.40204468172041 650.462326861798 620.0602821800776
189.0 29.32596054721254 636.1824470763103 606.8564865290977
192.0 28.48386066768704 630.3527476625147 601.8688869948277
195.0 27.0489256756196 613.1404305925233 586.0915049169037
198.0 23.76496359157754 589.8419925442772 566.0770289526997
201.0 28.21422598909408 627.9424909312023 599.7282649421082
204.0 27.50679074725302 620.208657089055 592.7018663418019
207.0 28.55234327157196 638.5000682441007 609.9477249725287
210.0 27.37238641731499 622.9325991862899 595.5602127689749
213.0 26.7013066984884 612.4145756281881 585.7132689296997
216.0 28.14519014526591 632.900707490312 604.7555173450461
219.0 27.47257328965838 626.2030812287623 598.7305079391039
222.0 26.71095927894208 618.5812841256767 591.8703248467347
225.0 27.81291075977504 630.9586227956399 603.1457120358649
228.0 26.25801397163033 616.2541531128317 589.9961391412014
231.0 26.27596525754327 619.4794186430031 593.2034533854598
234.0 27.06805473653192 626.0261135505613 598.9580588140294
237.0 25.48907921879847 611.1000674584542 585.6109882396557
240.0 26.80835454493102 626.2845660914438 599.4762115465127
243.0 25.69303673554349 613.0606293157545 587.367592580211
246.0 24.6124485458683 605.3461645885629 580.7337160426946
249.0 25.71004612946419 616.6313048834728 590.9212587540086
252.0 25.44398333726979 615.9637791268429 590.5197957895731
255.0 22.75644335549426 586.3375575629173 563.581114207423
258.0 25.03422629170736 615.7187431792823 590.6845168875749
261.0 24.53497855078504 613.8893132450393 589.3543346942543
264.0 23.23681406328007 595.5490693798124 572.3122553165324
267.0 24.52192302074983 614.3531121234706 589.8311891027208
270.0 23.38627457324408 602.2770616550641 578.89078708182
273.0 22.40233535084528 591.9424225608054 569.5400872099601
276.0 23.08057186144671 603.7446495174866 580.6640776560399
279.0 22.39910183930454 595.3395954672155 572.9404936279109
282.0 21.68261428372123 583.645367463355 561.9627531796338
285.0 22.28216131492432 598.7688339378717 576.4866726229473
288.0 22.12935357754519 598.3437313402631 576.2143777627179
291.0 20.83702125812511 586.6780329258305 565.8410116677054
294.0 20.49164677341119 577.1347941135319 556.6431473401208
297.0 20.66085401032868 586.915253805087 566.2543997947583
300.0 20.67866886162041 591.3902239350673 570.7115550734469
303.0 20.15308543232508 586.3669739288694 566.2138884965443
306.0 20.43600408435798 593.3955383014901 572.9595342171321
309.0 18.1827123866643 564.1662715973053 545.983559210641
312.0 18.67398993412147 572.8313760094214 554.1573860752999
315.0 17.93371283702397 568.1290997831951 550.1953869461711
318.0 18.32443251289251 574.2565699139312 555.9321374010386
321.0 16.86320080082673 556.5387965260018 539.6755957251751
324.0 17.34337541449211 565.8538605298038 548.5104851153117
327.0 17.41500536398295 573.2211938847977 555.8061885208147
330.0 16.79326138955279 568.2135796921715 551.4203183026187
333.0 15.95001216329987 555.946997213373 539.9969850500732
336.0 15.12318714929689 546.1273232622065 531.0041361129096
339.0 15.06845409347978 549.5594874944596 534.4910334009798
342.0 14.01897073637804 535.6844760290301 521.6655052926521
345.0 15.30865923495862 561.0049915551053 545.6963323201467
348.0 14.25546305120935 547.5153466747523 533.259883623543
351.0 13.2188002178135 531.1055214389131 517.8867212210996
354.0 13.15563358976927 536.2058784906697 523.0502449009004
357.0 13.46461362994966 545.8325753737697 532.3679617438201
360.0 13.11220836134649 545.7245023322999 532.6122939709534
363.0 12.29081406637486 532.7318780672715 520.4410640008966
366.0 11.86932656758223 528.9661432404231 517.0968166728409
369.0 11.35646653418133 526.4962756776133 515.1398091434319
372.0 11.54027793772053 533.7894619415532 522.2491840038327
375.0 11.2750862284045 529.9313134001635 518.656227171759
378.0 11.22739729074724 536.7698636418684 525.5424663511212
381.0 10.90455697923149 533.4635010258766 522.5589440466452
384.0 10.28504686293698 525.7326071744489 515.4475603115119
387.0 10.05017334090645 527.486328995399 517.4361556544926
390.0 9.588845182197771 525.2333532863577 515.6445081041599
393.0 9.470346691210079 525.7160902463687 516.2457435551586
396.0 9.32505339802708 527.3627548920508 518.0377014940237
399.0 8.887329502220773 523.7440929941772 514.8567634919564
402.0 8.592800104056888 521.0678740412748 512.4750739372179
405.0 8.324109230030089 522.2587916971999 513.9346824671698
408.0 8.195273339501227 523.4070031694123 515.211729829911
411.0 7.785171172096715 519.9481416992504 512.1629705271536
414.0 7.5713175582807 519.5286443702792 511.9573268119985
417.0 7.196436478392905 513.026367009805 505.8299305314121
420.0 7.064408719865291 515.686355786919 508.6219470670537
423.0 6.029780771598011 478.3995150428445 472.3697342712465
426.0 6.339654329208148 503.2636847547335 496.9240304255254
429.0 6.313798079453315 511.8879201080819 505.5741220286286
432.0 6.022204551231676 508.824702097213 502.8024975459814
435.0 5.532390911014017 496.7050638690221 491.1726729580081
438.0 5.416535916342584 501.6108330171466 496.194297100804
441.0 4.991284922642185 492.419731601919 487.4284466792768
444.0 4.989764617478998 498.8651500681025 493.8753854506235
447.0 4.431762704227236 479.1076979217155 474.6759352174882
450.0 4.435659716109046 492.3143449302527 487.8786852141436
453.0 3.85770205000819 472.6806513976916 468.8229493476834
456.0 3.636675258091364 469.7901119304678 466.1534366723764
459.0 3.408308252637618 468.0333664500476 464.62505819741
462.0 3.296115598520346 472.4928655747845 469.1967499762642
465.0 2.930448942378737 465.1133075886066 462.1828586462279
468.0 2.611892319781589 459.0819387688407 456.4700464490591
471.0 2.429356920050383 457.9247305610937 455.4953736410433
474.0 2.238939023278852 455.8186506388639 453.579711615585
477.0 2.062639775595251 454.3194823181942 452.256842542599
480.0 1.722893128728056 450.518447359268 448.7955542305399
483.0 1.529404976558982 447.2002549409051 445.6708499643461
486.0 1.328337187790343 445.2988457906562 443.9705086028659
489.0 1.134923078582747 442.1649444827452 441.0300214041624
492.0 0.9476591477595792 440.2401162324796 439.29245708472
495.0 0.7716718101917244 437.256716954041 436.4850451438493
498.0 0.6081974589299643 435.7915603742642 435.1833629153342
501.0 0.5040251660213962 433.4291527770196 432.9251276109982
504.0 0.3400761705796311 431.4996133492434 431.1595371786637
507.0 0.2271941254753575 428.4482003383245 428.2210062128491
510.0 0.1534837543929503 426.1169303883892 425.9634466339962
513.0 0.08524838435331294 423.9742650428651 423.8890166585118
516.0 0 421.7736308744245 421.7736308744245
519.0 0.01629124575406779 419.5428904920013 419.5265992462473
522.0 0.00657992818224018 416.1970905082933 416.190510580111
525.0 0.05531680252453577 414.1025021387777 414.0471853362531
528.0 0.07863076297262261 412.1325575799653 412.0539268169926
531.0 0.1794965061662196 409.063893997251 408.8843974910848
534.0 0.3037036636380366 406.8216478295135 406.5179441658755
537.0 0.4877113022821355 404.0322018366267 403.5444905343446
540.0 0.7338509919985504 400.8006738153463 400.0668228233477
543.0 0.9499027806899328 400.0081700043325 399.0582672236426
546.0 1.303497762932084 395.7731741260934 394.4696763631613
549.0 1.707678398340906 393.9310750257026 392.2233966273617
552.0 2.116247675462652 390.6531590827986 388.5369114073359
555.0 2.585368926138023 388.7705388547856 386.1851699286476
558.0 3.138312792413812 391.3538629351105 388.2155501426967
561.0 4.117900853357442 374.0969750338293 369.9790741804719
564.0 4.354439651175621 378.7524812665038 374.3980416153282
567.0 5.281023089198616 368.5689043859637 363.2878812967651
570.0 6.431675332779373 357.6910412306764 351.259365897897
573.0 6.513620846467189 362.0518421112663 355.5382212647991
576.0 7.548687809124575 361.5859620863951 354.0372742772705
579.0 11.12512816275329 329.4875657066312 318.3624375438779
582.0 18.47635138118004 277.3479610967764 258.8716097155964
585.0 29.28142337742075 231.4880045387414 202.2065811613206
588.0 30.25811951755362 230.9657993040019 200.7076797864483
591.0 37.22288397011845 205.722137 168.4992530298815
