0.0 29.4309978956472 747.7325856023243 718.3015877066771
3.0 27.7143558914347 736.4580086810668 708.7436527896321
6.0 26.82356279253689 742.0152168708117 715.1916540782748
9.0 26.20989049696235 740.8124085071227 714.6025180101604
12.0 25.6855218625165 735.9918426714566 710.3063208089401
15.0 25.4446464097512 737.7574777931911 712.3128313834399
18.0 25.11864268062734 736.4064729643313 711.287830283704
21.0 24.82616114636311 730.3693540675872 705.5431929212241
24.0 24.52153654424274 721.7469076993941 697.2253711551513
27.0 24.48846919305486 730.1887092539195 705.7002400608647
30.0 24.25541431959781 725.0592639228782 700.8038496032804
33.0 24.18493481025718 728.897566866489 704.7126320562318
36.0 24.00562498598947 725.0156015778911 701.0099765919017
39.0 23.85291974626635 724.0281931691335 700.1752734228671
42.0 23.74059854189375 724.3297311947316 700.5891326528379
45.0 23.60372952173516 722.8658183821987 699.2620888604635
48.0 23.50321955378064 722.328145165185 698.8249256114043
51.0 23.26298493865132 714.8685483490704 691.6055634104191
54.0 23.11948884351505 714.8280439583159 691.7085551148009
57.0 22.82695562271224 702.1332718247281 679.3063162020159
60.0 22.96721677001182 714.5561205463454 691.5889037763335
63.0 22.79918959883951 711.4613385370275 688.662148938188
66.0 22.7467872569172 710.5542749304388 687.8074876735216
69.0 22.65942581526892 708.7094010467016 686.0499752314327
72.0 22.556887728933 706.1631383892023 683.6062506602694
75.0 22.60169185039129 709.331707670983 686.7300158205917
78.0 22.47442603352241 706.1960769694197 683.7216509358973
81.0 22.22384705563598 694.4661333883305 672.2422863326945
84.0 22.39265376613841 702.4218707739999 680.0292170078615
87.0 22.20589655438902 695.7593438881955 673.5534473338065
90.0 22.20879459167388 696.6293782199526 674.4205836282788
93.0 22.20575720766623 697.3335068458232 675.127749638157
96.0 22.1643197572394 695.3142968046527 673.1499770474133
99.0 22.14344569634582 692.2433491528928 670.0999034565469
102.0 22.25603088800258 693.6695545100033 671.4135236220007
105.0 22.23644642738851 690.1936165496681 667.9571701222796
108.0 22.12867695084331 681.2286860980528 659.1000091472095
111.0 22.52727850690941 690.7244354426743 668.1971569357649
114.0 22.58407833509955 691.0274966897919 668.4434183546924
117.0 22.55562929146715 687.6882920205089 665.1326627290418
120.0 22.64659116249259 687.5739765042464 664.9273853417538
123.0 22.75834541645879 686.6013892267005 663.8430438102417
126.0 22.91319164551185 688.2399449339586 665.3267532884467
129.0 22.97297875637649 688.2006132926428 665.2276345362663
132.0 22.86664160328735 683.1764307784994 660.3097891752121
135.0 23.19492771858386 690.2658331439655 667.0709054253816
138.0 22.80314667285964 681.0941175495733 658.2909708767136
141.0 22.59958815109247 678.8923965259858 656.2928083748934
144.0 22.46187844760182 672.7867246545217 650.3248462069199
147.0 22.50754088024701 678.1248150400778 655.6172741598308
150.0 22.03773318974484 663.406438133566 641.3687049438212
153.0 22.40500926148974 675.0802761227467 652.6752668612569
156.0 22.13412250027383 672.9167150750304 650.7825925747566
159.0 22.42500997992533 682.5415979685973 660.1165879886719
162.0 21.4988662836007 660.7455443292647 639.246678045664
165.0 21.89731608419257 666.9862699954412 645.0889539112486
168.0 21.51621792374277 666.4559357444208 644.939717820678
171.0 21.40755032423873 666.8686214366594 645.4610711124207
174.0 21.10654777464548 659.8763162689674 638.7697684943219
177.0 21.22172450953232 665.134839127489 643.9131146179567
180.0 21.35273975137575 670.921727274822 649.5689875234463
183.0 20.24101867839305 645.3975608921892 625.1565422137962
186.0 20.74057788120887 660.5297131603803 639.7891352791715
189.0 20.31218519030374 649.984660254463 629.6724750641593
192.0 19.81364088048515 641.3053366236049 621.4916957431198
195.0 19.24541074988393 625.3390357797205 606.0936250298366
198.0 17.21646591232227 592.9015942648497 575.6851283525274
201.0 19.60351849771588 640.9581249504592 621.3546064527433
204.0 19.24463813859353 635.1975763272606 615.9529381886671
207.0 19.46316681632147 647.5464369786701 628.0832701623486
210.0 18.99291762884183 635.6316781489213 616.6387605200795
213.0 18.85378441556494 626.7267823456564 607.8729979300915
216.0 19.24877633437899 645.2423609151353 625.9935845807563
219.0 18.93982303887183 637.8821152045042 618.9422921656324
222.0 18.57649923012476 629.7863099310904 611.2098107009656
225.0 19.00820610566972 643.3809799959074 624.3727738902377
228.0 18.19908820555171 628.0626248738009 609.8635366682492
231.0 18.07918075062543 629.4249686452349 611.3457878946095
234.0 18.48902077709173 638.5753214552112 620.0863006781194
237.0 17.70299008988185 621.9563465677237 604.2533564778418
240.0 18.24593138677925 636.98965478167 618.7437233948908
243.0 17.76419194064063 625.9153951462041 608.1512032055634
246.0 17.10732863603936 615.3374816996732 598.2301530636338
249.0 17.57132380047466 629.235891286096 611.6645674856213
252.0 17.30600528634366 628.7844382165885 611.4784329302449
255.0 16.13429804339967 599.8786984573617 583.7444004139621
258.0 16.94823718980851 626.4847702081083 609.5365330182998
261.0 16.5542760569918 623.3010729076592 606.7467968506674
264.0 16.1182896777903 609.1448731154626 593.0265834376723
267.0 16.47428462430764 625.3283494039892 608.8540647796815
270.0 15.88235051622852 615.6851243718372 599.8027738556087
273.0 15.37163019396313 607.047585772403 591.6759555784398
276.0 15.5008367787691 615.7653296281262 600.2644928493571
279.0 15.19131822703065 609.9587595860885 594.7674413590578
282.0 14.97717032085177 603.5523762684405 588.5752059475887
285.0 14.91658028557035 611.7233853941931 596.8068051086227
288.0 14.73847581230128 612.4828215693803 597.744345757079
291.0 14.0451166206747 600.4623702149278 586.4172535942531
294.0 13.98461627667823 599.8324620776455 585.8478458009673
297.0 13.78340981599766 602.4376021671711 588.6541923511734
300.0 13.62376374263704 604.1078255196342 590.4840617769971
303.0 13.31955799970369 600.1879323452802 586.8683743455765
306.0 13.29273194224584 604.740735312379 591.4480033701331
309.0 12.3685698920209 583.2802635354816 570.9116936434608
312.0 12.42398888696795 590.3049206925129 577.880931805545
315.0 11.95448347213498 583.7627760542374 571.8082925821024
318.0 11.98479438860827 590.7197880634921 578.7349936748839
321.0 11.35589053519956 576.8739725343988 565.5180819991992
324.0 11.36483492725983 584.230357465438 572.8655225381782
327.0 11.16115386858214 586.6611488660633 575.4999949974811
330.0 10.77428020909408 581.9529836987001 571.178703489606
333.0 10.42253408191663 575.2158813528697 564.7933472709531
336.0 10.00316634878721 569.1170285222172 559.1138621734299
339.0 9.828909000076297 569.7888709722467 559.9599619721704
342.0 9.422301914764349 560.6685346586284 551.2462327438641
345.0 9.56454372688284 575.9337820618839 566.369238335001
348.0 9.096215367657508 566.9930331852142 557.8968178175567
351.0 8.689603027501732 559.3914138314292 550.7018108039275
354.0 8.475836680538101 559.4035817555559 550.9277450750178
357.0 8.353373704581478 564.7232548071147 556.3698811025332
360.0 8.038002717328393 562.3851810577164 554.347178340388
363.0 7.735132790988887 556.1962350845044 548.4611022935155
366.0 7.460281217822224 553.7694359599259 546.3091547421037
369.0 7.112467621165994 549.5581821119785 542.4457144908125
372.0 6.94372274123187 553.7920497928954 546.8483270516635
375.0 6.764551253756206 553.5289369108176 546.7643856570614
378.0 6.529322495967583 553.7871761007939 547.2578536048263
381.0 6.309024266093248 552.4452098925566 546.1361856264634
384.0 5.994430189687341 548.1386770528959 542.1442468632086
387.0 5.730320530733791 546.9449846366322 541.2146641058984
390.0 5.384396735162725 543.830614752964 538.4462180178013
393.0 5.241497362664692 544.1895111360289 538.9480137733642
396.0 5.0284852842711 544.2611160904345 539.2326308061634
399.0 4.743930112687793 541.5532030697927 536.8092729571049
402.0 4.523844364918646 540.3740467205686 535.8502023556499
405.0 4.262003804588532 538.8061250554968 534.5441212509082
408.0 4.083948573863918 538.9943900590755 534.9104414852116
411.0 3.797325207788093 536.6920356020665 532.8947103942785
414.0 3.601981092532238 536.005119714059 532.4031386215268
417.0 3.377708839595346 534.4855025134732 531.1077936738779
420.0 3.192663542472002 534.3039125399473 531.1112489974753
423.0 2.935628748892405 531.3512303480211 528.4156015991287
426.0 2.761273195419328 531.3394535018979 528.5781803064786
429.0 2.558645259515528 531.2382564087856 528.6796111492701
432.0 2.359053252667701 529.9228535575705 527.5638003049028
435.0 2.142418034068987 528.072306621285 525.929888587216
438.0 1.966089895627721 527.1812907901398 525.2152008945121
441.0 1.76928485440497 525.5308223439897 523.7615374895848
444.0 1.614232233358621 525.4844773548584 523.8702451214998
447.0 1.431956148153098 523.7544069655732 522.3224508174201
450.0 1.282249811625863 522.8573156437774 521.5750658321516
453.0 1.127623371361007 521.0480343885132 519.9204110171522
456.0 0.9841793028596792 519.7882689309554 518.8040896280957
459.0 0.8512787322376515 518.4449107384557 517.5936320062181
462.0 0.7263949435176263 517.2586779814903 516.5322830379727
465.0 0.6032272786706889 515.1660459901469 514.5628187114762
468.0 0.4957471568128676 513.1114588389875 512.6157116821747
471.0 0.4068164862513726 511.4970964011404 511.0902799148891
474.0 0.3197198225133725 509.7981126841768 509.4783928616634
477.0 0.2456526581762762 507.8579714773825 507.6123188192062
480.0 0.15848628848091 504.0884211361299 503.929934847649
483.0 0.1107221116089034 501.7004855954804 501.5897634838715
486.0 0.06925820558342949 498.7973188572517 498.7280606516683
489.0 0.04634339440031804 496.0630856232037 496.0167422288034
492.0 0.02310437037421173 492.4608414145535 492.4377370441793
495.0 0.01593383913029939 489.5414598957215 489.5255260565912
498.0 0 485.4067707751294 485.4067707751294
501.0 0.03629501947453961 482.3402047647239 482.3039097452493
504.0 0.03546945803999105 477.6782679749847 477.6427985169447
507.0 0.09815657524661359 474.1788926245821 474.0807360493354
510.0 0.1737491518570717 470.3985458600078 470.2247967081508
513.0 0.223352598344436 467.0521513051316 466.8287987067871
516.0 0.3243685235255988 462.7400850352359 462.4157165117103
519.0 0.4601760939099727 459.6074241903265 459.1472480964165
522.0 0.6341063617460024 456.2064035872557 455.5722972255097
525.0 0.8154359499550232 452.9802945843261 452.1648586343711
528.0 1.002568775610294 448.8760892622956 447.8735204866854
531.0 1.232352803737225 447.0682399366302 445.835887132893
534.0 1.564337346249428 441.9434199358361 440.3790825895866
537.0 1.823868640733168 441.6488957985367 439.8250271578036
540.0 2.332897968072452 435.8819813906151 433.5490834225426
543.0 2.61894951896095 433.8216195814126 431.2026700624516
546.0 3.110239338646346 433.3237724648651 430.2135331262187
549.0 3.785911851381843 425.7665481403839 421.9806362890021
552.0 4.23770215317751 428.0616030000547 423.8239008468772
555.0 5.063797218385898 416.4463039968717 411.3825067784858
558.0 4.995209821463955 433.012626185813 428.0174163643491
561.0 7.797042501283523 389.6112894076502 381.8142469063667
564.0 7.597471474697166 401.8701633123665 394.2726918376693
567.0 9.601799967927335 374.6341435879306 365.0323436200032
570.0 11.46968481835243 361.6052298973182 350.1355450789658
573.0 11.39482853260501 363.6572056762382 352.2623771436332
576.0 12.55989400041882 361.7182135809064 349.1583195804876
579.0 18.07304297653904 329.6947939868675 311.6217510103285
582.0 28.65731049830787 277.5875199950658 248.9302094967579
585.0 42.52949769314856 232.1720223014652 189.6425246083166
588.0 43.59862032781154 231.2768516860731 187.6782313582616
591.0 52.32306183080658 205.722137 153.3990751691934
