0.0 28.99561886152255 748.5629497964086 719.5673309348861
3.0 27.29613133959938 738.0980931896882 710.8019618500888
6.0 26.39386861953166 742.9992860673138 716.6054174477822
9.0 25.7813477600871 741.7464645379643 715.9651167778772
12.0 25.26481287078444 737.1583344529372 711.8935215821527
15.0 25.02032351726047 738.7673088755708 713.7469853583103
18.0 24.69633960159995 737.3118761324917 712.6155365308917
21.0 24.41426927520013 731.6526756425411 707.238406367341
24.0 24.12472058550708 723.5785692513266 699.4538486658195
27.0 24.07652575818422 731.2154953109638 707.1389695527796
30.0 23.85234814194664 726.4041827506032 702.5518346086566
33.0 23.77491296594937 729.8493257948374 706.074412828888
36.0 23.60233384259229 726.1895529616528 702.5872191190605
39.0 23.45128774447792 725.1027631342268 701.6514753897489
42.0 23.33826470550919 725.3249694752529 701.9867047697437
45.0 23.20389511197801 723.8486250913507 700.6447299793727
48.0 23.10423123226781 723.2826126170479 700.1783813847801
51.0 22.87702767123205 716.3526602282087 693.4756325569766
54.0 22.73362261875153 716.0131634762211 693.2795408574696
57.0 22.46345094139615 704.2588258026434 681.7953748612472
60.0 22.5817110197322 715.596463566588 693.0147525468558
63.0 22.41916389781389 712.5087252227905 690.0895613249766
66.0 22.36836097670524 711.6039650458443 689.235604069139
69.0 22.28427966944277 709.774182970022 687.4899033005792
72.0 22.18628104372611 707.2719893805224 685.0857083367963
75.0 22.22542681463675 710.2300484808946 688.0046216662579
78.0 22.10378890256738 707.1066784575377 685.0028895549703
81.0 21.87407686546995 696.0675820436187 674.1935051781487
84.0 22.02880569726241 703.4721071698806 681.4433014726182
87.0 21.85398873700793 697.0216178495765 675.1676291125686
90.0 21.85538318257283 697.7611259777349 675.905742795162
93.0 21.85118703230933 698.2875450045208 676.4363579722114
96.0 21.81348894424727 696.2350574460288 674.4215685017815
99.0 21.79822976433949 693.2727341333869 671.4745043690474
102.0 21.90849625856527 694.5459024175962 672.6374061590309
105.0 21.89529445827615 691.1718966696565 669.2766022113804
108.0 21.80373797716479 682.6221169897561 660.8183790125913
111.0 22.1857648644089 691.6089513962658 669.4231865318569
114.0 22.24219095190805 691.8178808091028 669.5756898571948
117.0 22.21998600197978 688.4388427346064 666.2188567326267
120.0 22.31135223018389 688.3031867339368 665.9918345037529
123.0 22.42518766182999 687.279147985172 664.853960323342
126.0 22.57722268021011 688.9487787101272 666.3715560299171
129.0 22.63725269088457 688.848797199756 666.2115445088714
132.0 22.54003696793945 683.9286208197772 661.3885838518378
135.0 22.85578569562765 690.8718360734328 668.0160503778051
138.0 22.48031347413005 681.8592879054047 659.3789744312746
141.0 22.28058769927363 679.5648889292851 657.2843012300115
144.0 22.15384694646827 673.6916906071624 651.5378436606942
147.0 22.18974821164789 678.8591409820291 656.6693927703812
150.0 21.74624401890428 664.5749832039308 642.8287391850265
153.0 22.09255715917187 675.9996389090898 653.9070817499179
156.0 21.82539682559915 673.6465497794186 651.8211529538194
159.0 22.09896622663281 683.0799717364165 660.9810055097837
162.0 21.21159629329992 661.6552359574793 640.4436396641793
165.0 21.59894133213541 668.0591779102026 646.4602365780672
168.0 21.21843400773648 667.1960575173792 645.9776235096427
171.0 21.10882613089224 667.5689844012704 646.4601582703782
174.0 20.820157584652 660.7987519416127 639.9785943569607
177.0 20.92597693907294 665.7556368204085 644.8296598813356
180.0 21.04648823419517 671.4374550214006 650.3909667872054
183.0 19.98021276157703 646.2520184358187 626.2718056742417
186.0 20.45257508541859 661.1347431044334 640.6821680190148
189.0 20.04288781325888 650.8661999772264 630.8233121639675
192.0 19.55975338115755 642.1076361736715 622.5478827925139
195.0 19.02008034649605 626.4730696362941 607.4529892897981
198.0 17.0487841127875 593.3380521870361 576.2892680742486
201.0 19.34984852055301 641.8013435495623 622.4514950290093
204.0 19.00095158003702 636.1924979295124 617.1915463494754
207.0 19.19715653923858 648.0970800350804 628.8999234958418
210.0 18.74812803005544 636.4304348243072 617.6823067942518
213.0 18.62515504963337 627.818157882242 609.1930028326087
216.0 18.98659397024759 645.8872597348238 626.9006657645762
219.0 18.69078568834135 638.6055756514953 619.914789963154
222.0 18.34188786349547 630.5842416145203 612.2423537510248
225.0 18.74904023814861 644.0488998988622 625.2998596607136
228.0 17.96704016335649 628.816760387009 610.8497202236525
231.0 17.84447387458333 630.0508039318409 612.2063300572576
234.0 18.23787690146351 639.256853803606 621.0189769021425
237.0 17.48143612132148 622.7347916081952 605.2533554868737
240.0 17.99737035724697 637.6008054569902 619.6034350997432
243.0 17.53526626779856 626.7627575413667 609.2274912735681
246.0 16.89711199142199 616.065736849824 599.168624858402
249.0 17.33593463064509 629.9512824525537 612.6153478219086
252.0 17.07102978755627 629.4295606730193 612.358530885463
255.0 15.95088356472962 600.9845462328624 585.0336626681328
258.0 16.71693165358319 627.0987037956025 610.3817721420193
261.0 16.32825246924414 623.8587238402001 607.5304713709559
264.0 15.9176128103308 610.101801495251 594.1841886849202
267.0 16.24426497011671 625.9348739126905 609.6906089425737
270.0 15.66915868874457 616.4396547010453 600.7704960123007
273.0 15.17355828485939 607.9239674162608 592.7504091314014
276.0 15.28688645596432 616.4051715182362 601.1182850622719
279.0 14.9875010059697 610.7815774884482 595.7940764824785
282.0 14.78462520990838 604.7329113866623 589.9482861767539
285.0 14.70903941482444 612.4399227888003 597.7308833739758
288.0 14.52918689110121 613.1884897927088 598.6593029016076
291.0 13.85694152025223 601.29605933266 587.4391178124078
294.0 13.79720855554632 600.9836003918669 587.1863918363206
297.0 13.59107109967706 603.2384051712111 589.647334071534
300.0 13.42811891936255 604.7764317441838 591.3483128248213
303.0 13.13062292680048 600.9291012111799 587.7984782843794
306.0 13.09533804987123 605.3475183289804 592.2521802791091
309.0 12.20912644357619 584.4695860544752 572.260459610899
312.0 12.25169116309612 591.2694001813225 579.0177090182263
315.0 11.79356677754531 584.730793072412 572.9372262948666
318.0 11.81101237348793 591.5589397307138 579.7479273572259
321.0 11.20652874662721 578.0932925072719 566.8867637606447
324.0 11.20195787730995 585.1731816780192 573.9712238007093
327.0 10.99353074087488 587.3991972031942 576.4056664623194
330.0 10.61472259319508 582.7281900825444 572.1134674893493
333.0 10.274703883752 576.2487670288982 565.9740631451462
336.0 9.865810435717786 570.3326439230744 560.4668334873567
339.0 9.69004945816112 570.917315354042 561.2272658958809
342.0 9.299352976048383 562.2489868460862 552.9496338700378
345.0 9.413990520969278 576.7195234479087 567.3055329269394
348.0 8.961283602028006 568.0562831546095 559.0949995525815
351.0 8.567818495635627 560.8151269916909 552.2473084960553
354.0 8.353767600170496 560.6806570718039 552.3268894716334
357.0 8.221391756566295 565.6921238510867 557.4707320945204
360.0 7.909896102104421 563.2651631664643 555.3552670643599
363.0 7.617730971382252 557.4258683382157 549.8081373668334
366.0 7.346861945071897 555.0536398089047 547.7067778638328
369.0 7.006276142203218 550.8585344362248 543.8522582940216
372.0 6.829562788001742 554.7881597791376 547.9585969911359
375.0 6.650500844753893 554.5747531015381 547.9242522567842
378.0 6.414499848424414 554.671322258731 548.2568224103066
381.0 6.196274090816178 553.3607772453134 547.1645031544972
384.0 5.889028133064884 549.197380536845 543.3083524037801
387.0 5.626741130607901 547.9187673517502 542.2920262211423
390.0 5.286034337634435 544.7752475134064 539.489213175772
393.0 5.14219723124405 545.13069584896 539.988498617716
396.0 4.928738336330323 545.1097982861772 540.1810599498469
399.0 4.648685360251561 542.4446680120414 537.7959826517898
402.0 4.430396043144959 541.2664947023631 536.8360986592181
405.0 4.171049609587354 539.6500259776243 535.4789763680369
408.0 3.992358569377202 539.783900027854 535.7915414584768
411.0 3.709508601510392 537.4865943038929 533.7770857023825
414.0 3.515099359015717 536.7851429733951 533.2700436143794
417.0 3.293231671311503 535.289726240278 531.9964945689665
420.0 3.108219497125272 535.0659592612049 531.9577397640797
423.0 2.856057912347931 532.2996493583834 529.4435914460355
426.0 2.681533910470245 532.1460590070732 529.4645250966029
429.0 2.47881747399357 531.9375697881219 529.4587523141283
432.0 2.281304702197596 530.6348024355389 528.3534977333413
435.0 2.067665649557376 528.8534028765639 526.7857372270065
438.0 1.892705665590497 527.9325411040484 526.0398354384579
441.0 1.698560403024429 526.3497818876894 524.651221484665
444.0 1.543402264102909 526.1998470861475 524.6564448220446
447.0 1.363946805653591 524.5536132747216 523.189666469068
450.0 1.215653706208704 523.6440300156365 522.4283763094278
453.0 1.06401986338119 521.947974190516 520.8839543271348
456.0 0.9226454252993463 520.7122390058867 519.7895935805873
459.0 0.7919796179578543 519.4047119121614 518.6127322942035
462.0 0.6690758687146524 518.2284486405044 517.5593727717898
465.0 0.5494933470492512 516.2476598977948 515.6981665507455
468.0 0.4455600889770098 514.3013917755269 513.8558316865499
471.0 0.3594391114238995 512.7395072458186 512.3800681343947
474.0 0.2753184761123287 511.0886268064167 510.8133083303043
477.0 0.2046954119904756 509.2058186071282 509.0011231951377
480.0 0.1242424028836501 505.6372012302175 505.5129588273339
483.0 0.08079490154709498 503.3240594649901 503.243264563443
486.0 0.04459087409400597 500.5322772435824 500.4876863694884
489.0 0.02665965106410173 497.9033945363242 497.8767348852601
492.0 0.01003291578003149 494.4055277144557 494.3954947986757
495.0 0.008247243042580399 491.565500400689 491.5572531576464
498.0 0 487.4699763063311 487.4699763063311
501.0 0.04208947777991129 484.4280233436291 484.3859338658492
504.0 0.05000065215039196 479.7698749130069 479.7198742608565
507.0 0.1193486101273656 476.2888117165181 476.1694631063907
510.0 0.2022091562606461 472.4675245118835 472.2653153556228
513.0 0.2583004713610483 468.991340577187 468.7330401058259
516.0 0.3675836889585224 464.6858079129233 464.3182242239648
519.0 0.5096315320078573 461.4320601952736 460.9224286632657
522.0 0.6902601523467751 458.0341988902582 457.3439387379114
525.0 0.878067452936949 454.7108963037174 453.8328288507805
528.0 1.073324988784689 450.5204051771391 449.4470801883544
531.0 1.306950769479733 448.6872793420052 447.3803285725255
534.0 1.649209887797278 443.5149398322489 441.8657299444516
537.0 1.909849333449058 443.1422204193489 441.2323710858999
540.0 2.43063608109572 437.3847630282675 434.9541269471718
543.0 2.721273031193268 435.1210154816756 432.3997424504823
546.0 3.214389037613623 434.6504960348777 431.436106997264
549.0 3.905535921596873 427.0547069612959 423.1491710396991
552.0 4.353932898841609 429.2742044257864 424.9202715269447
555.0 5.203614374151667 417.3816509867674 412.1780366126158
558.0 5.104059256042198 433.7089497766404 428.6048905205982
561.0 7.992816663095181 389.9705838305542 381.977767167459
564.0 7.769667447535372 402.4690467904836 394.6993793429482
567.0 9.829253975612529 374.7558070415904 364.9265530659778
570.0 11.72511638017221 361.6685635503682 349.943447170196
573.0 11.64630828037296 363.6837676507321 352.0374593703591
576.0 12.81721664286968 361.7186608761935 348.9014442333238
579.0 18.40072329134034 329.6967272946499 311.2960040033096
582.0 29.10249832952097 277.5920130734405 248.4895147439195
585.0 43.08580266094887 232.1898756556492 189.1040729947004
588.0 44.15861647459419 231.2848305857345 187.1262141111403
591.0 52.94731881737828 205.722137 152.7748181826217
