0.0 26.71679617934592 753.4646271254062 726.7478309460603
3.0 25.0861895825546 747.0083583447581 721.9221687622035
6.0 24.14142143375475 748.6807177164356 724.5392962826809
9.0 23.53674867304744 747.195573037596 723.6588243645486
12.0 23.05619109373361 743.7098138441923 720.6536227504587
15.0 22.79684171334297 744.516213549367 721.719371836024
18.0 22.48711553848582 742.5778794838649 720.090763945379
21.0 22.25087965529666 738.6789111350161 716.4280314797195
24.0 22.02697527119242 733.3211880285489 711.2942127573564
27.0 21.92032267478394 737.1213281419595 715.2010054671755
30.0 21.73550906625281 733.7508211295583 712.0153120633055
33.0 21.63170350584084 735.3650758893034 713.7333723834626
36.0 21.48939535268446 732.7481251084473 711.2587297557629
39.0 21.35017943371421 731.2758043691028 709.9256249353886
42.0 21.23605807270666 731.0353350057921 709.7992769330855
45.0 21.11571141595232 729.526604254885 708.4108928389327
48.0 21.02159625284155 728.8179538592304 707.7963576063889
51.0 20.85052970532615 724.2307012776038 703.3801715722777
54.0 20.71589260556979 722.6993840512378 701.983491445668
57.0 20.53986067256482 715.4011372891592 694.8612766165943
60.0 20.57051698591374 721.5617398410136 700.9912228550998
63.0 20.43759393380959 718.5864673260514 698.1488733922418
66.0 20.39567162830405 717.6527805569976 697.2571089286936
69.0 20.32915206275025 715.8987888148038 695.5696367520535
72.0 20.25460068769535 713.6497150313447 693.3951143436493
75.0 20.26968347968829 715.4477592572844 695.1780757775961
78.0 20.17840035035315 712.4418049880638 692.2634046377106
81.0 20.04194789615153 704.774970891172 684.7330229950205
84.0 20.13667489129487 709.4198473005565 689.2831724092617
87.0 20.02032638772003 704.1605546777919 684.1402282900719
90.0 20.01792028514372 704.15872021152 684.1407999263763
93.0 20.01306750285523 703.7708455784134 683.7577780755581
96.0 19.99663800389297 701.6415819078511 681.6449439039581
99.0 20.00887797940201 699.2094047223736 679.2005267429716
102.0 20.11134815096027 699.6845836328366 679.5732354818764
105.0 20.13008669334819 696.8066138332288 676.6765271398807
108.0 20.1141408702422 690.4450270956458 670.3308862254036
111.0 20.42154882874614 696.7670959294087 676.3455471006625
114.0 20.47916129984279 696.4335793496149 675.9544180497721
117.0 20.4921624915045 692.9611515184695 672.468989026965
120.0 20.58662334754965 692.6668315668192 672.0802082192696
123.0 20.71340928675237 691.4172664092641 670.7038571225117
126.0 20.84940806931881 693.1316318041985 672.2822237348797
129.0 20.91264851568785 692.7394144659715 671.8267659502837
132.0 20.86183012371385 688.469759511155 667.6079293874411
135.0 21.11397771067276 694.4828702689937 673.3688925583209
138.0 20.82262280827704 686.4177242811956 665.5951014729185
141.0 20.64679615553975 683.6894456449364 663.0426494893967
144.0 20.57257891608501 679.1037441742195 658.5311652581345
147.0 20.56081989276574 683.2429297581358 662.68210986537
150.0 20.24661880382157 671.5672765996226 651.320657795801
153.0 20.48717061604283 681.3051981152932 660.8180274992503
156.0 20.2462142463917 678.0804631662218 657.8342489198301
159.0 20.43159629663238 686.2813543779191 665.8497580812867
162.0 19.74399215998498 667.191206259584 647.447214099599
165.0 20.06544008086175 674.3098538146733 654.2444137338115
168.0 19.69932052638639 671.6255836076808 651.9262630812944
171.0 19.58598979066274 671.7467749626037 652.160785171941
174.0 19.3579347025585 666.1433174562608 646.7853827537023
177.0 19.42188096849161 669.5752204156559 650.1533394471642
180.0 19.48852632198659 674.5701699541913 655.0816436322047
183.0 18.65923834375497 651.6967646670439 633.037526323289
186.0 18.99162866941806 664.8592149679301 645.867586298512
189.0 18.67498306949535 656.2701713641049 637.5951882946096
192.0 18.27848547884126 647.2911405791712 629.01265510033
195.0 17.8824823176076 634.101962708372 616.2194803907644
198.0 16.25199887985909 597.0882303570145 580.8362314771554
201.0 18.06895011686641 647.0600946426739 628.9911445258074
204.0 17.76974835241694 642.31934604964 624.5495976972231
207.0 17.85898409645411 651.5246022644522 633.6656181679981
210.0 17.51786261092962 641.3623186512415 623.8444560403119
213.0 17.47252603161057 634.7490469352196 617.276520903609
216.0 17.66668244459292 649.7358948891707 632.0692124445777
219.0 17.43989024303793 643.0631703765776 625.6232801335396
222.0 17.16702096946718 635.6768655981971 618.50984462873
225.0 17.4449833102946 648.0131784089426 630.568195098648
228.0 16.80823628323785 633.5335375670697 616.7253012838318
231.0 16.67557172527693 633.9991525548381 617.3235808295612
234.0 16.97744631026798 643.3059697116113 626.3285234013433
237.0 16.37909269163823 627.7045951715818 611.3255024799436
240.0 16.75329553117705 641.3189015415199 624.5656060103428
243.0 16.39059501643903 631.9643167102807 615.5737216938417
246.0 15.85856372811319 620.8312919644809 604.9727282363677
249.0 16.16075453895055 634.260601152013 618.0998466130625
252.0 15.90089561460303 633.2395911360903 617.3386955214873
255.0 15.04575656352636 608.1883084549394 593.142551891413
258.0 15.56765998449921 630.8351096795408 615.2674496950415
261.0 15.20983911771197 627.3063090127665 612.0964698950545
264.0 14.92394215946929 616.0984756346636 601.1745334751943
267.0 15.10244442999992 629.5942641203905 614.4918196903906
270.0 14.61472590977196 620.9726894837794 606.3579635740075
273.0 14.19777408745928 613.2477875771043 599.050013489645
276.0 14.23226541273608 620.2685935207998 606.0363281080637
279.0 13.98225057748275 615.715767593113 601.7335170156303
282.0 13.8294901944867 611.6036403799391 597.7741501854524
285.0 13.68709377804389 616.7259779469621 603.0388841689183
288.0 13.4983686087262 617.3134389218513 603.8150703131251
291.0 12.93710987224542 606.3568345449941 593.4197246727486
294.0 12.87226124815088 607.4434190531055 594.5711578049546
297.0 12.65005477848866 607.9536267980531 595.3035720195645
300.0 12.47329176268779 608.7772282263907 596.3039364637029
303.0 12.21011045374646 605.3732635688293 593.1631531150829
306.0 12.13301889139727 608.9902548722913 596.857235980894
309.0 11.43523321208711 591.5314690524498 580.0962358403627
312.0 11.41518637624031 596.9473809396878 585.5321945634475
315.0 11.01878479239048 590.6324816496915 579.6136968573011
318.0 10.97081937543017 596.4731682220855 585.5023488466553
321.0 10.48712366792007 585.3099671573285 574.8228434894085
324.0 10.41819862306133 590.6788670020611 580.2606683789997
327.0 10.19036183857055 591.8188625029263 581.6285006643557
330.0 9.854491990124693 587.4013010649588 577.5468090748341
333.0 9.570470279817147 582.3081302436675 572.7376599638504
336.0 9.213269840128443 577.3439076903975 568.1306378502691
339.0 9.031860297868785 577.5252705271692 568.4934102293004
342.0 8.713589425245098 571.3142710639327 562.6006816386876
345.0 8.703224207317603 581.3713739281305 572.6681497208129
348.0 8.327046286985155 574.2615940263729 565.9345477393878
351.0 7.994644661516981 568.7869055216225 560.7922608601055
354.0 7.783223717901638 568.0323523074404 560.2491285895387
357.0 7.606779164955662 571.3146265131501 563.7078473481944
360.0 7.319210816068852 568.4977089388115 561.1784981227426
363.0 7.074697316305644 564.450849640356 557.3761523240504
366.0 6.823928437004113 562.3721006278359 555.5481721908318
369.0 6.522060730093747 558.3956128936285 551.8735521635347
372.0 6.3119629682174 560.5894682431554 554.277505274938
375.0 6.132368097879738 560.5102703412261 554.3779022433464
378.0 5.896959517881946 559.8651406134029 553.968181095521
381.0 5.689320441551937 558.6648638677945 552.9755434262426
384.0 5.417909881276371 555.2332238751095 549.8153139938331
387.0 5.168166184484359 553.5728721886828 548.4047060041984
390.0 4.856898126089467 550.3314723228825 545.474574196793
393.0 4.708201882368503 550.6174513179543 545.9092494355858
396.0 4.495322846593091 550.1035032981987 545.6081804516056
399.0 4.238664843059574 547.6565754956013 543.4179106525417
402.0 4.030350767144742 546.4512330156009 542.4208822484562
405.0 3.786127069639935 544.6244842853708 540.8383572157308
408.0 3.605792487807702 544.4496007889756 540.8438083011679
411.0 3.343593650376304 542.1636832828879 538.8200896325116
414.0 3.154877458934527 541.3643065646544 538.2094291057198
417.0 2.945714844852494 539.9288765257254 536.9831616808729
420.0 2.762268062631574 539.4780648505723 536.7157967879407
423.0 2.532425499601736 537.3035464663496 534.7711209667479
426.0 2.360531203702044 536.6610193138238 534.3004881101217
429.0 2.160488648419931 535.9691522164522 533.8086635680323
432.0 1.974153461904155 534.693562019177 532.7194085572729
435.0 1.775311677207455 533.1331233445002 531.3578116672928
438.0 1.608683173902356 532.0941295926019 530.4854464186995
441.0 1.427498985993351 530.7320440155934 529.3045450296
444.0 1.274755071134789 530.1306911420027 528.8559360708679
447.0 1.108755129123935 528.7584976317172 527.6497425025933
450.0 0.9684894681450334 527.8158840127562 526.8473945446112
453.0 0.8305593556517099 526.4847381849214 525.6541788292697
456.0 0.6999168818952179 525.3397276732392 524.639810791344
459.0 0.5805841071140164 524.1666297741102 523.5860456669962
462.0 0.4682903698456434 523.0285240196916 522.560233649846
465.0 0.3653615283768655 521.4896241367066 521.1242626083297
468.0 0.2778852930215641 519.9908441372593 519.7129588442377
471.0 0.2056807379163927 518.6590526962512 518.4533719583348
474.0 0.1364704665419716 517.2309385005184 517.0944680339765
477.0 0.08294163831239479 515.6413532679522 515.5584116296398
480.0 0.0331733213066816 513.0440246540183 513.0108513327116
483.0 0.0109435428410459 511.1427908250492 511.1318472822082
486.0 0 508.9414492178128 508.9414492178128
489.0 0.006021636506435307 506.8679142362434 506.861892599737
492.0 0.02183963083062188 504.0448213159139 504.0229816850832
495.0 0.0468972865211307 501.6677771263934 501.6208798398723
498.0 0.07849311202898523 498.0725738635789 497.9940807515499
501.0 0.1510560980746635 495.3140620740202 495.1630059759455
504.0 0.2055039371633585 491.0382973572284 490.832793420065
507.0 0.310331271755963 487.8044657265236 487.4941344547676
510.0 0.4335924299974562 484.0145502080596 483.5809577780621
513.0 0.5291218437127616 479.9983011523549 479.4691793086422
516.0 0.6829962356074595 475.9081800039469 475.2251837683394
519.0 0.8630305992238737 472.1071896154217 471.2441590161978
522.0 1.080178623263403 468.7899307556451 467.7097521323817
525.0 1.306856776312273 464.9436311971052 463.636774420793
528.0 1.54951189901802 460.334118419879 458.784606520861
531.0 1.8056354677147 458.2248989486781 456.4192634809634
534.0 2.205162981214649 453.0198878863417 450.8147249051271
537.0 2.476071268653965 451.7979880479192 449.3219167792653
540.0 3.060116414755575 446.3830321724764 443.3229157577208
543.0 3.384110497304291 442.6442101951333 439.260099697829
546.0 3.887354688377027 442.0554380041602 438.1680833157831
549.0 4.66189508080917 435.0741428537124 430.4122477729033
552.0 5.098429470083671 435.6935685595395 430.5951390894559
555.0 6.0837619817859 423.2252094704443 417.1414474886584
558.0 5.826864895481406 436.8527808446873 431.0259159492059
561.0 9.202977898446799 391.7690177899522 382.5660398915054
564.0 8.842819419275661 405.4064091343561 396.5635897150804
567.0 11.22115141699354 375.3608110641641 364.1396596471706
570.0 13.27277321292576 361.9693906698532 348.6966174569274
573.0 13.17333447897885 363.8142461602099 350.6409116812311
576.0 14.37719282945834 361.7203344311971 347.3431416017388
579.0 20.34762288970572 329.705067459922 309.3574445702163
582.0 31.69560617157065 277.6137970404211 245.9181908688504
585.0 46.28962223980899 232.2816581273221 185.9920358875131
588.0 47.38305408654817 231.3256839624177 183.9426298758695
591.0 56.52544570122034 205.722137 149.1966912987796
