0.0 25.31105656164756 756.8556856827665 731.5446291211189
3.0 23.70496888925887 752.4108293832891 728.7058604940302
6.0 22.74858826079362 752.4970227278065 729.7484344670129
9.0 22.149973579615 750.9096076403304 728.7596340607154
12.0 21.68709611039532 747.9577700271393 726.2706739167439
15.0 21.42230369877626 748.3211870366674 726.8988833378911
18.0 21.12388025297274 746.1636380035601 725.0397577505873
21.0 20.90856549324007 743.1002877213191 722.191722228079
24.0 20.71339541578705 739.0917116405899 718.3783162248029
27.0 20.58757779033495 741.0719905334813 720.4844127431464
30.0 20.42119674186075 738.3543880322727 717.933191290412
33.0 20.30919348083533 739.0969122100707 718.7877187292354
36.0 20.18123416845214 736.9820005312155 716.8007663627633
39.0 20.05109748758255 735.3879193995322 715.3368219119497
42.0 19.93874437518107 734.8567487304654 714.9180043552844
45.0 19.82739207483022 733.3518439440691 713.5244518692389
48.0 19.73752359316014 732.5629028464959 712.8253792533357
51.0 19.59160828161696 728.9929846285504 709.4013763469335
54.0 19.46745976301396 727.0576863577837 707.5902265947697
57.0 19.3306137729804 721.8109492655609 702.4803354925805
60.0 19.32979527603538 725.5340370460478 706.2042417700124
63.0 19.21491201921319 722.682424708763 703.4675126895498
66.0 19.17890813142151 721.7034396219836 702.5245314905621
69.0 19.12319579305549 719.9883001592676 700.8651043662121
72.0 19.0622302714396 717.8941857213862 698.8319554499466
75.0 19.06803863546455 718.9958880003064 699.9278493648419
78.0 18.99529768118062 716.1020288576987 697.1067311765181
81.0 18.90195315306565 710.1372753588282 691.2353222057625
84.0 18.97201862194704 713.3315929640119 694.3595743420649
87.0 18.88663402409721 708.7959194261777 689.9092854020805
90.0 18.88570058350831 708.3439259174982 689.4582253339899
93.0 18.88496711239967 707.4642048578891 688.5792377454894
96.0 18.88217737384896 705.359128062209 686.47695068836
99.0 18.90937199526426 703.1914790000307 684.2821070047665
102.0 19.01090407425211 703.2193341791913 684.2084301049392
105.0 19.0475730954368 700.5940817019966 681.5465086065598
108.0 19.06873346444532 695.4463208975626 676.3775874331173
111.0 19.34206785108384 700.2841252757439 680.9420574246601
114.0 19.40335042396281 699.6006586066145 680.1973081826517
117.0 19.43881699454206 696.1813305550052 676.7425135604632
120.0 19.53620511218682 695.7583163352768 676.2221112230899
123.0 19.67222557521184 694.4189777574154 674.7467521822035
126.0 19.79824015500696 696.0411643359318 676.2429241809249
129.0 19.86491182958533 695.5070009395274 675.6420891099421
132.0 19.83994761823664 691.7028631889884 671.8629155707518
135.0 20.05693616077923 697.0320079605342 676.975071799755
138.0 19.81386196167499 689.6236846291116 669.8098226674367
141.0 19.65524661616752 686.7005402504622 667.0452936342947
144.0 19.60767553388632 682.9115426864133 663.303867152527
147.0 19.57134239848236 686.3209669826557 666.7496245841733
150.0 19.32513644609127 676.3906233040813 657.06548685799
153.0 19.50817725552708 684.8615817335736 665.3534044780465
156.0 19.28785017768526 681.2635774365044 661.9757272588192
159.0 19.42421863159089 688.5397063954401 669.1154877638492
162.0 18.85044828356974 671.1567541000203 652.3063058164506
165.0 19.12703792256962 678.4849816429686 659.357943720399
168.0 18.77938315660189 674.7629091561446 655.9835259995427
171.0 18.6651329198013 674.6946488086112 656.0295158888099
174.0 18.46972485307016 669.7576485809957 651.2879237279256
177.0 18.51453481995633 672.3810794705788 653.8665446506225
180.0 18.55093248411962 676.8387946059216 658.287862121802
183.0 17.85866571255646 655.8239052423827 637.9652395298262
186.0 18.11229167317239 667.5913785152971 649.4790868421247
189.0 17.84553147374495 660.1627076794751 642.3171762057302
192.0 17.50442984155842 651.292180619283 633.7877507777246
195.0 17.18495478042971 640.1251287720817 622.940173991652
198.0 15.79033406398967 601.2512283814135 585.4608943174238
201.0 17.29531871315396 650.9508236335047 633.6555049203507
204.0 17.02315295504618 646.7447722753224 629.7216193202762
207.0 17.05929952188843 654.0859399948233 637.0266404729349
210.0 16.77844709840583 644.9811970039548 628.2027499055489
213.0 16.77079537090455 639.9012520218971 623.1304566509925
216.0 16.87676209861911 652.4627756608473 635.5860135622282
219.0 16.69008027999767 646.3233247236307 629.6332444436331
222.0 16.46143716349959 639.5434608634412 623.0820236999416
225.0 16.66461681062272 650.7897514104804 634.1251345998577
228.0 16.1153061598401 637.0516111654317 620.9363050055916
231.0 15.9804410874074 636.9975265842188 621.0170854968114
234.0 16.22437596269051 646.1387176681954 629.9143417055049
237.0 15.72036457855153 631.4798700950422 615.7595055164906
240.0 16.0121509338547 644.0071410650817 627.994990131227
243.0 15.70434379306029 635.7089388582945 620.0045950652342
246.0 15.24111756569454 624.5941943680843 609.3530768023897
249.0 15.46028654696624 637.3288682175736 621.8685816706074
252.0 15.2066313352764 635.9061304937839 620.6994991585075
255.0 14.49934465418751 613.7079565456931 599.2086118915056
258.0 14.88672694886255 633.5414252656519 618.6546983167894
261.0 14.54997030652874 629.8596571529248 615.309686846396
264.0 14.32891458706722 620.5133219324969 606.1844073454297
267.0 14.4267996207178 632.2146425151248 617.787842894407
270.0 13.98988648639801 624.1887540804145 610.1988675940165
273.0 13.61837769933945 617.0712691432117 603.4528914438722
276.0 13.6109273940439 623.0474294127652 609.4365020187213
279.0 13.38651985162562 619.1996851499025 605.8131652982769
282.0 13.25576370788609 616.1940273208535 602.9382636129674
285.0 13.084374858235 619.7493284025374 606.6649535443024
288.0 12.89118816712608 620.1508488759595 607.2596607088334
291.0 12.3948487154255 609.9758819547804 597.5810332393549
294.0 12.32064322600233 611.6002432056065 599.2795999796042
297.0 12.09667143121811 611.2211012563004 599.1244298250823
300.0 11.91482031872925 611.618306497503 599.7034861787738
303.0 11.67099420384311 608.5270180187935 596.8560238149503
306.0 11.57174662522427 611.5860806325977 600.0143340073734
309.0 10.97532509534486 596.3733137312202 585.3979886358754
312.0 10.92309170671926 600.8457146407232 589.9226229340039
315.0 10.56408183857382 594.8523455331967 584.2882636946229
318.0 10.48059798450626 599.8506184174245 589.3700204329182
321.0 10.06109927278816 590.2420077187241 580.180908445936
324.0 9.960709993829637 594.4398606076917 584.4791506138621
327.0 9.726087635462991 594.9460187919211 585.2199311564581
330.0 9.416033339530213 590.7313815141338 581.3153481746036
333.0 9.16050550247655 586.4536351866746 577.2931296841981
336.0 8.831404815468166 582.0225940397004 573.1911892242322
339.0 8.648303790335944 582.0062326056833 573.3579288153474
342.0 8.363658884035066 577.1703398457739 568.8066809617389
345.0 8.296636121035033 584.6147266662744 576.3180905452394
348.0 7.960966194560605 578.4663974849241 570.5054312903635
351.0 7.658883862879465 573.8920424978913 566.2331586350118
354.0 7.451820746902958 572.8963094014673 565.4444886545643
357.0 7.256423126244813 575.1187619638687 567.8623388376239
360.0 6.985748579599331 572.1629280079807 565.1771794283813
363.0 6.7626955354358 569.0712497674098 562.308554231974
366.0 6.523222542367257 567.1593037415124 560.6360811991452
369.0 6.244459961115933 563.4117906092214 557.1673306481054
372.0 6.022262418723877 564.543399091753 558.5211366730291
375.0 5.842064087488617 564.436076667391 558.5940125799024
378.0 5.610487668631369 563.4421320301499 557.8316443615185
381.0 5.409195713128125 562.2630398290212 556.8538441158931
384.0 5.156942987555497 559.231413759072 554.0744707715165
387.0 4.916905478758754 557.4070490231434 552.4901435443847
390.0 4.624659325504731 554.1644215764787 549.539762250974
393.0 4.473426719277528 554.3570233155763 549.8835965962987
396.0 4.263434603473149 553.5589240881258 549.2954894846527
399.0 4.020579801523941 551.230514530355 547.2099347288311
402.0 3.818841333000759 549.9883487607357 546.169507427735
405.0 3.585177685960714 548.0734082598093 544.4882305738485
408.0 3.405452160621686 547.6994968395433 544.2940446789216
411.0 3.156369309703417 545.4134555788107 542.2570862691073
414.0 2.971857460628472 544.5359372921917 541.5640798315633
417.0 2.770648072452075 543.0948956856939 540.3242476132418
420.0 2.589404594960675 542.4981106805309 539.9087060855703
423.0 2.371630396793614 540.4702071869123 538.0985767901187
426.0 2.20336171368432 539.6610037036878 537.4576419900035
429.0 2.007305626795514 538.7288877363635 536.721582109568
432.0 1.828058700499024 537.4414899086194 535.6134312081204
435.0 1.637874738347114 535.9233043646515 534.2854296263044
438.0 1.47708637885675 534.8277237066561 533.3506373277993
441.0 1.303388686765585 533.5074361931657 532.2040475064001
444.0 1.154256904496583 532.6961117009449 531.5418547964483
447.0 0.995837860631919 531.3864516550633 530.3906137944313
450.0 0.8608405534984945 530.4206262231745 529.559785669676
453.0 0.7303306862606151 529.1727428118039 528.4424121255433
456.0 0.6061869311652569 528.0462119263393 527.4400249951741
459.0 0.4935480055402046 526.9094212861537 526.4158732806135
462.0 0.3878924102228655 525.7710558634517 525.3831634532288
465.0 0.2937141672782814 524.3911378837758 524.0974237164975
468.0 0.2147900329323325 523.0634791045781 522.8486890716458
471.0 0.1504298107721359 521.8236766726424 521.6732468618703
474.0 0.0896981640053475 520.4909548323924 520.401256668387
477.0 0.04563402979156411 519.046694787617 519.0010607578254
480.0 0.01080788526365373 516.9137964110931 516.9029885258294
483.0 0 515.2396696323119 515.2396696323119
486.0 0.002209377530277779 513.3503365095517 513.3481271320215
489.0 0.02073234787626732 511.5685903499518 511.5478580020756
492.0 0.05354843202111362 509.1718221134481 509.1182736814269
495.0 0.09325852557869227 507.0729988313925 506.9797403058138
498.0 0.146901157033184 503.9368609755747 503.7899598185415
501.0 0.236974912069175 501.4436845745885 501.2067096625193
504.0 0.3180252652981839 497.639104691109 497.3210794258108
507.0 0.4436502778910556 494.6771533193524 494.2335030414614
510.0 0.5915665553290413 491.1317796384968 490.5402130831678
513.0 0.7141886589120906 487.0153637400987 486.3011750811866
516.0 0.8946795592982361 483.2192256561987 482.3245460969005
519.0 1.101103136346356 479.269781879041 478.1686787426946
522.0 1.340769762005971 476.0852616655771 474.7444919035712
525.0 1.594703170170049 471.9932348202914 470.3985316501213
528.0 1.869357380751725 467.2363639449672 465.3670065642155
531.0 2.141637533665394 464.8654219827811 462.7237844491157
534.0 2.576905068550198 459.8741782664346 457.2972731978844
537.0 2.860187724379414 457.7833579233023 454.9231701989229
540.0 3.481775262561318 452.8048381249928 449.3230628624314
543.0 3.83583565276561 447.8942490965619 444.0584134437963
546.0 4.347060811659 446.9981169450603 442.6510561334013
549.0 5.168367141102186 441.2013176339261 436.0329504928239
552.0 5.61035430328161 439.6056594856618 433.9953051823802
555.0 6.680866255602105 427.9469851367631 421.266118881161
558.0 6.343616651195348 438.3729829377595 432.0293662865642
561.0 10.03560747696011 392.7719885171683 382.7363810402082
564.0 9.582833384959427 406.9734691741996 397.3906357892402
567.0 12.17540438705956 375.6969127584737 363.5215083714141
570.0 14.3277062446685 362.1259698551382 347.7982636104697
573.0 14.21594858590512 363.8859975562432 349.6700489703381
576.0 15.44141539971612 361.7209408881706 346.2795254884545
579.0 21.65803847470157 329.7088229231625 308.050784448461
582.0 33.41717631057606 277.6254347554746 244.2082584448985
585.0 48.39946695639229 232.3348819669172 183.9354150105249
588.0 49.5062790337398 231.3492316394898 181.84295260575
591.0 58.87395291957949 205.722137 146.8481840804205
