0.0 23.32446042516873 762.0126710810726 738.6882106559039
3.0 21.73433913877968 759.6238744482411 737.8895353094614
6.0 20.77613600947987 758.1507645454707 737.3746285359909
9.0 20.1870451390559 756.4826207353075 736.2955755962516
12.0 19.74438919450808 754.0732275149211 734.3288383204131
15.0 19.47632397534442 753.9118414443525 734.435517469008
18.0 19.1959962295714 751.5605932246545 732.3645969950831
21.0 19.00272095602144 749.3406784474 730.3379574913785
24.0 18.83587156753127 746.701855084604 727.8659835170728
27.0 18.69950547393367 746.908506437402 728.2090009634683
30.0 18.55345382919312 744.8230389846869 726.2695851554937
33.0 18.43797483200242 744.672861331631 726.2348864996286
36.0 18.32576994508954 743.0705147747773 724.7447448296878
39.0 18.20943494372167 741.4231459131244 723.2137109694028
42.0 18.10267572398454 740.5245429787881 722.4218672548036
45.0 18.00404392745384 739.043974531227 721.0399306037732
48.0 17.92109086819816 738.1512969460612 720.230206077863
51.0 17.80196689843772 735.5196372805743 717.7176703821366
54.0 17.69579362141985 733.3538968504194 715.6581032289995
57.0 17.59635281217316 730.0198629182783 712.4235101061051
60.0 17.57303934473664 731.3783829154156 713.8053435706789
63.0 17.48236898257642 728.7415918517077 711.2592228691313
66.0 17.4554036553481 727.6817783274266 710.2263746720785
69.0 17.41475480439104 726.0082729723399 708.5935181679488
72.0 17.37159623864333 724.1013974422343 706.729801203591
75.0 17.37144409514072 724.3333642603951 706.9619201652544
78.0 17.32378953220338 721.633687281463 704.3098977492596
81.0 17.27558942801371 717.4875836271567 700.211994199143
84.0 17.3247690320883 719.0539140713803 701.729145039292
87.0 17.276040437023 715.4221070316991 698.1460665946761
90.0 17.28188684730212 714.4181169853132 697.136230138011
93.0 17.29187241740684 712.9978441846111 695.7059717672042
96.0 17.30804825859794 710.9812849942149 693.6732367356169
99.0 17.35410165012909 709.0832205383962 691.7291188882671
102.0 17.45884225416691 708.5823278717723 691.1234856176053
105.0 17.51866138199882 706.2328439130868 688.714182531088
108.0 17.58068204186814 702.4724070319583 684.8917249900902
111.0 17.82034822708541 705.5737129111868 687.7533646841014
114.0 17.89068980049139 704.4166821756236 686.5259923751323
117.0 17.95707108606147 701.2116370471403 683.2545659610789
120.0 18.06016773699086 700.5855538207588 682.5253860837679
123.0 18.21006692309549 699.1948161365079 680.9847492134124
126.0 18.32352804833341 700.5221804285317 682.1986523801983
129.0 18.39641435194427 699.851038446014 681.4546240940697
132.0 18.40305285523189 696.7378826793229 678.334829824091
135.0 18.57777935578746 701.0186857134899 682.4409063577024
138.0 18.3961356058975 694.5953177777016 676.1991821718041
141.0 18.26377384812457 691.5177334244267 673.2539595763021
144.0 18.24569405653156 688.7830085860008 670.5373145294693
147.0 18.18276226135544 691.0659295095543 672.8831672481989
150.0 18.01451759641862 683.524717476146 665.5101998797274
153.0 18.12993611568123 690.1183948269082 671.988458711227
156.0 17.94212925977966 686.2580514081962 668.3159221484166
159.0 18.01939848499251 692.0775044466428 674.0581059616503
162.0 17.58831307941936 677.3290407189117 659.7407276394924
165.0 17.80023871253765 684.5226578622016 666.7224191496639
168.0 17.48920759459432 679.663095377196 662.1738877826017
171.0 17.37591218548537 679.2877334196972 661.9118212342118
174.0 17.22023914114468 675.1715309775778 657.9512918364331
177.0 17.24564583811172 676.9070976789656 659.6614518408539
180.0 17.24537233127502 680.467960766158 663.222588434883
183.0 16.72627769498296 662.5278195910765 645.8015418960936
186.0 16.88434336064393 671.9858913996541 655.1015480390102
189.0 16.67581632578965 666.2142077665215 649.5383914407318
192.0 16.41100466745428 657.89767006233 641.4866653948757
195.0 16.1769971657657 649.8551892934241 633.6781921276584
198.0 15.13058293904945 610.9083461872461 595.7777632481967
201.0 16.2046817578782 657.1704837070533 640.9658019491751
204.0 15.96559488041162 653.6137868904091 637.6481920099975
207.0 15.94681964760778 658.2970125536368 642.350192906029
210.0 15.7399226792631 650.7743614201952 635.0344387409321
213.0 15.76845668701301 647.9671243154397 632.1986676284267
216.0 15.77703955595043 656.7491557960324 640.972116240082
219.0 15.64104969355929 651.5212061299968 635.8801564364375
222.0 15.4678318469295 645.8345661400654 630.3667342931359
225.0 15.57820953011309 655.0902916706964 639.5120821405833
228.0 15.14410066306278 642.750929544131 627.6068288810682
231.0 15.01183125264524 641.9807981595306 626.9689669068854
234.0 15.17638200407245 650.5057164654553 635.3293344613828
237.0 14.79476388528996 637.6305669318084 622.8358030465185
240.0 14.98235826704663 648.2780640341186 633.295705767072
243.0 14.74098583438315 641.5163176835692 626.775331849186
246.0 14.37361828527154 630.983999070931 616.6103807856595
249.0 14.484422642139 642.1247258814329 627.6403032392939
252.0 14.24441543342186 640.0638889155354 625.8194734821135
255.0 13.71376114118278 622.5371745634138 608.823413422231
258.0 13.9426765151492 637.8576563869859 623.9149798718367
261.0 13.63746132688366 634.0231325150816 620.385671188198
264.0 13.48767371923388 627.4397299165752 613.9520561973413
267.0 13.49149625638293 636.3507093801563 622.8592131237734
270.0 13.12039470432385 629.2000895186326 616.0796948143088
273.0 12.80653955252438 623.0610158383422 610.2544762858178
276.0 12.75121374791297 627.4660643394611 614.7148505915481
279.0 12.55563891952088 624.5856363726743 612.0299974531534
282.0 12.4452049781875 622.845653609441 610.4004486312535
285.0 12.24883337031639 624.4377828163578 612.1889494460415
288.0 12.05173050973297 624.4857977368648 612.4340672271318
291.0 11.63859524315561 615.612288152912 603.9736929097564
294.0 11.54703219411183 617.5246530061143 605.9776208120024
297.0 11.32902139939473 616.2265767874178 604.8975553880231
300.0 11.14439902673241 616.0816733721722 604.9372743454398
303.0 10.92464901612056 613.4530785948089 602.5284295786884
306.0 10.8001652194097 615.6738424474665 604.8736772280568
309.0 10.32391941056654 603.5318836935656 593.207964282999
312.0 10.23611489676561 606.7035652508632 596.4674503540976
315.0 9.926085459003563 601.3639901800924 591.4379047210888
318.0 9.80208371759158 604.9798312807993 595.1777475632077
321.0 9.457159742787501 597.5112581209874 588.0540983781999
324.0 9.324721920142958 600.1022183419754 590.7774964218324
327.0 9.087032468757254 599.8157500103913 590.7287175416341
330.0 8.811394319407414 595.9369222876577 587.1255279682503
333.0 8.58808206754476 592.6678769948092 584.0797949272644
336.0 8.2936780842053 588.8747209926197 580.5810429084144
339.0 8.110148397559285 588.6234772773136 580.5133288797543
342.0 7.859998825843613 585.2990262611649 577.4390274353213
345.0 7.738889903263962 589.6023738628722 581.8634839596082
348.0 7.450825607381229 584.7031129594843 577.2522873521031
351.0 7.183298942553559 581.1057747767507 573.9224758341971
354.0 6.984477518658819 579.9196775470775 572.9352000284186
357.0 6.773195875778068 580.7956755024051 574.0224796266271
360.0 6.527524021896933 577.8066025250192 571.2790785031222
363.0 6.32582361951655 575.744004882878 569.4181812633615
366.0 6.100826410513122 574.0188250167166 567.9179986062035
369.0 5.852224567421347 570.6599047042506 564.8076801368293
372.0 5.623782100256011 570.4901925111025 564.8664104108465
375.0 5.443566607169618 570.2193346425411 564.7757680353715
378.0 5.220751804904458 568.8697924421251 563.6490406372207
381.0 5.028504850899246 567.6718874393173 562.6433825884181
384.0 4.799593115813811 565.1043724506542 560.3047793348404
387.0 4.574832368342847 563.1451751253845 558.5703427570417
390.0 4.309433979517344 559.981815994102 555.6723820145847
393.0 4.155886917669229 559.977988889642 555.8221019719728
396.0 3.95294271846823 558.8363763564028 554.8834336379346
399.0 3.728617388665902 556.6446889802345 552.9160715915686
402.0 3.53674180929208 555.3374466246926 551.8007048154005
405.0 3.318926054775965 553.3489846415059 550.0300585867299
408.0 3.142265892702894 552.6986643150179 549.556398422315
411.0 2.9119218763459 550.4137493663839 547.501827490038
414.0 2.734365548933787 549.4067239503949 546.6723584014612
417.0 2.544715475280825 547.9284549551539 545.3837394798731
420.0 2.368271441051523 547.1178011289942 544.7495296879427
423.0 2.166731529835594 545.1637527553044 542.9970212254688
426.0 2.005144879713252 544.1924685289115 542.1873236491982
429.0 1.817213857307271 542.9746301497352 541.1574162924279
432.0 1.648338605065259 541.6445198207239 539.9961812156586
435.0 1.470389934768618 540.1111287975119 538.6407388627433
438.0 1.318561264786103 538.9362954824503 537.6177342176642
441.0 1.155459638636992 537.5924754791814 536.4370158405444
444.0 1.013538970404597 536.5478442157598 535.5343052453552
447.0 0.865643154944616 535.2391501761652 534.3735070212206
450.0 0.7385454714786651 534.211059452549 533.4725139810703
453.0 0.6181898916199285 532.974520588278 532.3563306966581
456.0 0.5033255984996061 531.8268615047305 531.3235359062309
459.0 0.4000746112484866 530.6878464825382 530.2877718712897
462.0 0.3040544614711906 529.5133642796198 529.2093098181486
465.0 0.2211010147284226 528.2461285382185 528.0250275234901
468.0 0.1529887515318535 527.0457547634991 526.8927660119672
471.0 0.09908629039769412 525.8716883914021 525.7726021010044
474.0 0.04967007789456251 524.6111983789984 524.5615283011038
477.0 0.01779536227805034 523.3038724773211 523.2860771150431
480.0 0 521.6284443063694 521.6284443063694
483.0 0.003301087166413558 520.1974940742985 520.1941929871321
486.0 0.02130352322603934 518.6354138931059 518.6141103698799
489.0 0.05489381325208231 517.1571243532424 517.1022305399903
492.0 0.1076556273562613 515.2587577176799 515.1511020903236
495.0 0.1654719079031124 513.4852633404408 513.3197914325377
498.0 0.245410611630663 511.0007308521269 510.7553202404963
501.0 0.3574195659704363 508.9023226145979 508.5449030486274
504.0 0.4707377971085317 505.8553792566727 505.3846414595642
507.0 0.6226832750954505 503.353283253992 502.7305999788966
510.0 0.802199506142711 500.350776464133 499.5485769579903
513.0 0.9631159223201481 496.4516384389981 495.488522516678
516.0 1.17768350526862 493.2218184547705 492.0441349495019
519.0 1.422007328262054 489.4123667194227 487.9903593911606
522.0 1.691842615840088 486.5405283609394 484.8486857450993
525.0 1.986459592820099 482.3537369367135 480.3672773438934
528.0 2.307334276295251 477.6759274524115 475.3685931761163
531.0 2.605715445319265 474.9255529987802 472.3198375534609
534.0 3.088259152718219 470.5744250206556 467.4861658679374
537.0 3.399964151378543 467.0384379311893 463.6384737798107
540.0 4.069639936924264 462.8162890501119 458.7466491131876
543.0 4.479883517883765 456.2623055604908 451.782422042607
546.0 5.007008102331966 454.6853224855995 449.6783143832676
549.0 5.878086167180668 451.4336580209587 445.5555718537781
552.0 6.359243488442877 445.1123204245499 438.7530769361071
555.0 7.533805744349037 436.7458312051504 429.2120254608014
558.0 7.12764595842396 440.0813275078467 432.9536815494227
561.0 11.27535742876247 394.0390852249547 382.7637277961922
564.0 10.68483655783298 408.8418585847906 398.1570220269576
567.0 13.59587789978937 376.1225865436063 362.526708643817
570.0 15.89393726063668 362.3131803056924 346.4192430450557
573.0 15.7654220126883 363.9767969832379 348.2113749705496
576.0 17.02250361576902 361.7214644766428 344.6989608608738
579.0 23.59080059081716 329.7127440851642 306.1219434943471
582.0 35.93721821329875 277.6396153559195 241.7023971426208
585.0 51.47373834497156 232.4047126611019 180.9309743161304
588.0 52.5999825207453 231.3799386911007 178.7799561703554
591.0 62.2897387278742 205.722137 143.4323982721258
