0.0 8.515114202382581 805.493802396525 796.9786881941424
3.0 6.873407409625384 804.4947697500386 797.6213623404132
6.0 6.00888270230022 802.5165848818312 796.507702179531
9.0 5.488560047520028 800.9395148048297 795.4509547573097
12.0 5.143810039912869 799.2012701121746 794.0574600722618
15.0 4.92461109651826 797.8646811760185 792.9400700795002
18.0 4.77256684637069 796.0956331815731 791.3230663352024
21.0 4.665822108586453 794.6802507876329 790.0144286790464
24.0 4.581421066968801 793.4423045186096 788.8608834516408
27.0 4.515373652019123 792.168124829849 787.6527511778299
30.0 4.459222490100968 790.8693972462193 786.4101747561183
33.0 4.410435882592259 789.5482057352624 785.1377698526702
36.0 4.371455827556856 788.292283998664 783.9208281711072
39.0 4.344857998566425 787.0058389978255 782.660980999259
42.0 4.32523932364511 785.5355475984408 781.2103082747956
45.0 4.313886810829517 784.1804609623249 779.8665741514953
48.0 4.305903445375222 782.7465053377486 778.4406018923734
51.0 4.302647783190803 781.1419834899537 776.8393357067629
54.0 4.311889319303976 779.6232412917212 775.3113519724172
57.0 4.331809708563513 778.0095293978284 773.6777196892649
60.0 4.365707843171535 776.5388806651784 772.1731728220069
63.0 4.406727578417139 774.8493468514202 770.442619273003
66.0 4.464553659203755 773.3933017149555 768.9287480557517
69.0 4.527984402915821 771.8828210095562 767.3548366066404
72.0 4.598432353684374 770.1760488606227 765.5776165069384
75.0 4.672900610557588 768.634148514106 763.9612479035484
78.0 4.760759656865704 766.9953974556572 762.2346377987915
81.0 4.849275421774337 765.4122393215279 760.5629638997536
84.0 4.951193975328261 763.8774243948555 758.9262304195273
87.0 5.050497297961896 762.072439874423 757.0219425764611
90.0 5.171536027893764 760.2876899934442 755.1161539655504
93.0 5.305607149378934 758.5923114681964 753.2867043188175
96.0 5.447280475762894 756.7253141743035 751.2780336985406
99.0 5.612610444223393 754.9809836820708 749.3683732378474
102.0 5.806793498130492 753.5784976310747 747.7717041329442
105.0 6.003390461512672 751.7886670446357 745.785276583123
108.0 6.20703616729259 750.169179784044 743.9621436167514
111.0 6.435578005336664 749.3656723213035 742.9300943159668
114.0 6.642070255276392 747.4452070398326 740.8031367845562
117.0 6.846625763469607 746.2758083178759 739.4291825544063
120.0 7.038865772801979 744.6700589000618 737.6311931272598
123.0 7.2577189253891 744.4477548430171 737.190035917628
126.0 7.4058059023416 742.9112060780801 735.5054001757385
129.0 7.535603994693356 742.0132064927273 734.4776024980339
132.0 7.642539035485632 741.1512525561413 733.5087135206557
135.0 7.736111302053517 740.9005072887889 733.1643959867354
138.0 7.772390041413349 739.4807711437811 731.7083811023677
141.0 7.813173225229819 737.3243367878741 729.5111635626443
144.0 7.840469706172121 737.2626823074833 729.4222126013112
147.0 7.853679200694213 734.4114820276783 726.5578028269841
150.0 7.870918669340676 733.3306788208313 725.4597601514907
153.0 7.858823706248718 732.4378769958286 724.5790532895799
156.0 7.8479605011148 730.949375955037 723.1014154539222
159.0 7.856389891074499 728.8985997018586 721.0422098107841
162.0 7.836907529664948 727.9364117955759 720.099504265911
165.0 7.833856378541587 727.3093358666763 719.4754794881348
168.0 7.810859860359027 724.6415796991329 716.8307198387739
171.0 7.788134764021773 722.5258843394065 714.7377495753847
174.0 7.782824246398879 721.1812935816142 713.3984693352153
177.0 7.769889967865627 720.91805217406 713.1481622061943
180.0 7.755830732282974 718.9077961980112 711.1519654657282
183.0 7.744027472662872 717.1846990237537 709.4406715510908
186.0 7.745971753279846 715.5647616831583 707.8187899298784
189.0 7.698892420297632 713.8837421201327 706.1848496998351
192.0 7.717267968306104 712.2753546273696 704.5580866590635
195.0 7.68171456508455 709.9313636759842 702.2496491108997
198.0 7.664134430989898 707.218590994065 699.5544565630752
201.0 7.68507445922573 708.0823291521694 700.3972546929437
204.0 7.622384003850228 705.5572773798449 697.9348933759947
207.0 7.627074381544576 703.8866167955501 696.2595424140055
210.0 7.625521031284846 702.9261823112627 695.3006612799778
213.0 7.641163146022413 702.3788398046921 694.7376766586697
216.0 7.626042965707182 699.9007981735117 692.2747552078045
219.0 7.647763163553894 698.7987265101295 691.1509633465757
222.0 7.62553115232165 697.7197295676017 690.09419841528
225.0 7.578557336345532 696.2629596667203 688.6844023303748
228.0 7.561079913466792 693.8977584249941 686.3366785115273
231.0 7.520912181170741 692.7379169073243 685.2170047261536
234.0 7.469137425412717 691.3734428871121 683.9043054616994
237.0 7.469604199028227 689.7534143127111 682.2838101136829
240.0 7.385799538049025 689.6520695004952 682.2662699624462
243.0 7.353698512586654 688.0863534881652 680.7326549755785
246.0 7.287974083199564 687.4473427299744 680.1593686467749
249.0 7.18370076071396 685.473556854183 678.2898560934691
252.0 7.140435371648013 682.9352879647397 675.7948525930917
255.0 6.976101185523067 681.7551514931938 674.7790503076707
258.0 6.930343502808939 681.1105361622627 674.1801926594538
261.0 6.836655671405904 678.4421303024139 671.605474631008
264.0 6.764765594145458 678.087006890421 671.3222412962755
267.0 6.63487453979238 676.8955392140686 670.2606646742762
270.0 6.541084254089023 674.4461201653458 667.9050359112567
273.0 6.430460911793067 672.3562445962045 665.9257836844115
276.0 6.33271374207068 671.4330351779564 665.1003214358857
279.0 6.204793957154713 670.5036077048319 664.2988137476772
282.0 6.141189108702451 669.2606534933738 663.1194643846713
285.0 6.017415210677048 667.5013579892562 661.4839427785791
288.0 5.890655232844999 665.406866954255 659.51621172141
291.0 5.76553986060751 663.3022262830823 657.5366864224748
294.0 5.640834346145316 662.2174235193217 656.5765891731764
297.0 5.529581534828032 660.7859506885462 655.2563691537182
300.0 5.407992320185461 659.1630891327328 653.7550968125473
303.0 5.282151860583104 657.8299319915838 652.5477801310007
306.0 5.165992330395098 656.0656357949758 650.8996434645807
309.0 5.037050943811673 653.8159496540596 648.7788987102479
312.0 4.91019239639457 652.8874531481579 647.9772607517634
315.0 4.788709035837798 651.0033280372566 646.2146190014188
318.0 4.661130640036683 649.1630256703307 644.501895030294
321.0 4.525989299024513 647.2334108549071 642.7074215558826
324.0 4.400464254659633 645.9798713901205 641.5794071354608
327.0 4.253349092174354 643.980249708292 639.7269006161177
330.0 4.138579250813118 642.286519006171 638.1479397553578
333.0 4.023726446938237 640.7580583568163 636.7343319098781
336.0 3.886204162519856 638.7715117263027 634.8853075637828
339.0 3.759450251091657 637.1754551157377 633.4160048646461
342.0 3.621275258994979 635.40435421332 631.783078954325
345.0 3.498011897105012 633.9403194193042 630.4423075221991
348.0 3.369421683753778 632.1440600517577 628.7746383680039
351.0 3.239394555834964 630.3503823606426 627.1109878048077
354.0 3.121964726118416 628.7123276620881 625.5903629359696
357.0 2.983383853335687 626.7898868371568 623.8065029838211
360.0 2.866553497648493 625.2844091178296 622.4178556201811
363.0 2.746160410645751 623.6378176434747 620.891657232829
366.0 2.619295913984848 621.7902070120773 619.1709110980925
369.0 2.509501972531736 620.0721650591729 617.5626630866412
372.0 2.380145784812125 618.2109260054747 615.8307802206625
375.0 2.268428972433524 616.4163071471066 614.147878174673
378.0 2.14643900644418 614.6182987567627 612.4718597503186
381.0 2.036301233487486 613.0332711780933 610.9969699446058
384.0 1.922795191285769 611.2718216921778 609.3490265008921
387.0 1.811678462378145 609.4601614588658 607.6484829964877
390.0 1.695913888176817 607.5842472859128 605.888333397736
393.0 1.59180279656361 606.0310952309041 604.4392924343405
396.0 1.484687005294298 604.2669368802304 602.7822498749361
399.0 1.37876494300941 602.4082651951073 601.0295002520978
402.0 1.277748353779493 600.677197693323 599.3994493395435
405.0 1.174567520965591 598.8825681541978 597.7080006332322
408.0 1.075414249634658 597.1897272660352 596.1143130164005
411.0 0.9758666651965448 595.1778240173174 594.2019573521209
414.0 0.8835941181408526 593.4640729555847 592.5804788374439
417.0 0.7911684196880427 591.7126358785743 590.9214674588862
420.0 0.7011030648238385 589.8271507418358 589.126047677012
423.0 0.6145247283202538 588.003598352059 587.3890736237388
426.0 0.534801974210269 586.2917334830405 585.7569315088303
429.0 0.4551917870292592 584.2503804894632 583.7951887024339
432.0 0.3803038588052699 582.4801301284204 582.0998262696151
435.0 0.3099314180982774 580.5397086660037 580.2297772479054
438.0 0.2491420716836372 578.7379137654131 578.4887716937294
441.0 0.1897627113830702 576.7485085715825 576.5587458601994
444.0 0.1400004466308363 574.9540063130437 574.8140058664129
447.0 0.09300239782087848 572.9849403303857 572.8919379325649
450.0 0.05661631366953403 571.0830286000703 571.0264122864008
453.0 0.03253694926151371 569.2250492876888 569.1925123384272
456.0 0.01048595280582727 567.3635729803249 567.3530870275191
459.0 0 565.4854120992876 565.4854120992876
462.0 0.001646028678227163 563.5379435534213 563.5362975247431
465.0 0.01096906097209874 561.7364283028617 561.7254592418896
468.0 0.03393370984944186 559.9116310510512 559.8776973412017
471.0 0.07048158804434744 558.1258071604942 558.0553255724498
474.0 0.1177191026265984 556.2514356827601 556.1337165801335
477.0 0.1799561309993449 554.444057663988 554.2641015329886
480.0 0.2572259128307082 552.7392381559374 552.4820122431067
483.0 0.3530053228413737 551.0356585111044 550.682653188263
486.0 0.4657379373229419 549.3837390676851 548.9180011303621
489.0 0.5915762261509226 547.7865024348029 547.194926208652
492.0 0.7449945079329104 546.1814070211367 545.4364125132037
495.0 0.9091758876903959 544.4094071194448 543.5002312317544
498.0 1.100862446817555 542.8506276589484 541.7497652121309
501.0 1.32213525305887 541.3111485392562 539.9890132861973
504.0 1.561449080831602 539.8510088828542 538.2895598020226
507.0 1.833360412451478 538.3366553634104 536.5032949509589
510.0 2.136961163318263 537.0814645295643 534.9445033662461
513.0 2.46851375656373 535.4566984548573 532.9881846982936
516.0 2.822465265689139 533.9906790604135 531.1682137947244
519.0 3.229572781668613 532.8069973820358 529.5774246003672
522.0 3.643342363678467 531.1223100570878 527.4789676934094
525.0 4.138810914846328 529.6782861362175 525.5394752213711
528.0 4.658578459809795 528.4651822273101 523.8066037675004
531.0 5.178102424933404 525.4355492615686 520.2574468366351
534.0 5.771222375278524 526.321241648791 520.5500192735125
537.0 6.417768617408217 522.7166230436682 516.29885442626
540.0 7.317551914884427 521.4565437030897 514.1389917882052
543.0 8.04834997029124 522.1132644463569 514.0649144760656
546.0 8.873773680658013 515.0997197071793 506.2259460265213
549.0 9.793026569892422 516.7288925323313 506.9358659624389
552.0 11.44602438629542 503.0773056024403 491.6312812161449
555.0 12.52703376497856 495.194603326861 482.6675695618824
558.0 14.12706519404124 445.4634712792813 431.3364060852401
561.0 21.67292560193695 399.4384426296399 377.765517027703
564.0 20.00835361793966 414.5547796451883 394.5464260272486
567.0 25.49500970997568 378.0336165949114 352.5386068849357
570.0 28.92452294124847 363.0126922115965 334.088169270348
573.0 28.6866811012591 364.4148612520569 335.7281801507978
576.0 30.19681802369244 361.7221237564135 331.5253057327211
579.0 39.36703476472348 329.7212696713252 290.3542349066018
582.0 56.05723040891055 277.6934640611201 221.6362336522096
585.0 75.68225414476763 232.7614869165956 157.079232771828
588.0 76.96106010466662 231.5314689467049 154.5704088420382
591.0 89.0408653642855 205.722137 116.6812716357145
