0.0 7.526407276348321 808.5262275157016 800.9998202393533
3.0 5.882086204930948 807.4674917321912 801.5854055272603
6.0 5.022191995429297 805.5463655027464 800.5241735073171
9.0 4.506404198285841 803.9585313908221 799.4521271925362
12.0 4.167570416072488 802.2363480381772 798.0687776221047
15.0 3.953171386397993 800.8864193089059 796.933247922508
18.0 3.807929838945858 799.1643381523678 795.3564083134219
21.0 3.706790690170125 797.7410679282271 794.034277238057
24.0 3.627351532734011 796.4864406339375 792.8590891012035
27.0 3.566433906234273 795.225036080261 791.6586021740267
30.0 3.515566164112765 793.9367356627817 790.421169498669
33.0 3.472203224143264 792.6198502664832 789.14764704234
36.0 3.438456518556573 791.3470062565498 787.9085497379933
39.0 3.417224306188852 790.0667242414354 786.6494999352466
42.0 3.403769488123839 788.6106124929772 785.2068430048534
45.0 3.398159427456229 787.2530358535777 783.8548764261214
48.0 3.396297705040351 785.8042743095391 782.4079766044987
51.0 3.399847754634204 784.2143377020971 780.8144899474629
54.0 3.415600007678778 782.7013824641241 779.2857824564453
57.0 3.442484260005358 781.0933326270091 777.6508483670037
60.0 3.482836735987947 779.6087981986079 776.12596146262
63.0 3.531198211855473 777.9411981387603 774.4099999269048
66.0 3.595523277606195 776.4690901623207 772.8735668847145
69.0 3.665671258654331 774.9596498961215 771.2939786374671
72.0 3.743683164485908 773.265040707354 769.5213575428681
75.0 3.825074813186025 771.712613644631 767.887538831445
78.0 3.920261760009429 770.0942242634914 766.173962503482
81.0 4.015935471477474 768.5016152816242 764.4856798101468
84.0 4.124854207289139 766.9621361102825 762.8372819029934
87.0 4.232287926724347 765.1573493880628 760.9250614613384
90.0 4.361431085191446 763.3877082575471 759.0262771723557
93.0 4.503257278619723 761.7181314645927 757.214874185973
96.0 4.653516230617663 759.8476667185344 755.1941504879168
99.0 4.82700112031465 758.1031946903054 753.2761935699908
102.0 5.02798610455581 756.7082189427755 751.6802328382197
105.0 5.233048387865795 754.9255674147627 749.6925190268969
108.0 5.444509335567646 753.2914206329189 747.8469112973513
111.0 5.677573003504123 752.4353792059017 746.7578062023976
114.0 5.89296400317648 750.6014445230285 744.708480519852
117.0 6.103349474003191 749.4477125440524 743.3443630700492
120.0 6.303303507729389 747.8258630712464 741.522559563517
123.0 6.523979998774063 747.6284599760826 741.1044799773085
126.0 6.679238923725718 746.1056986165336 739.4264596928079
129.0 6.813474759614794 745.1854832374155 738.3720084778007
132.0 6.924642146611517 744.276398013147 737.3517558665355
135.0 7.019800651786327 743.9735465258109 736.9537458740246
138.0 7.062115364233523 742.6344430239672 735.5723276597337
141.0 7.112191006613032 740.5183252664716 733.4061342598586
144.0 7.14001401305564 740.3861289960691 733.2461149830134
147.0 7.165171160267308 737.6763595305114 730.5111883702441
150.0 7.187119695195302 736.5822715519383 729.395151856743
153.0 7.179248695888058 735.4756728837556 728.2964241878676
156.0 7.174549256549725 734.0499746396126 726.8754253830629
159.0 7.191996553848699 731.9024881345456 724.7104915806969
162.0 7.17595391214438 731.203689230129 724.0277353179846
165.0 7.17626332393181 730.2576483418419 723.0813850179101
168.0 7.164079704805388 727.8104676927968 720.6463879879914
171.0 7.150297232427715 725.6936037623408 718.5433065299131
174.0 7.150638035212779 724.3776132577463 717.2269752225335
177.0 7.139071661274884 723.9743432648088 716.8352716035339
180.0 7.133612840800511 721.9344074302943 714.8007945894938
183.0 7.128485689239249 720.4960513656886 713.3675656764494
186.0 7.137762494377884 718.689839016119 711.5520765217411
189.0 7.09768094943194 717.0011418172028 709.9034608677708
192.0 7.122763571682277 715.498495575037 708.3757320033547
195.0 7.097159300037961 713.1121571822891 706.0149978822512
198.0 7.090570199424738 710.6345131954738 703.5439429960491
201.0 7.108524985543868 711.2176659788006 704.1091409932567
204.0 7.056185732040615 708.7700236415768 701.7138379095362
207.0 7.067791854553816 707.2116879796857 700.1438961251319
210.0 7.070243739905872 706.2884296136889 699.218185873783
213.0 7.088844534003245 705.485028653985 698.3961841199817
216.0 7.083983440092515 703.1306257672673 696.0466423271748
219.0 7.110430968685271 702.0626787114919 694.9522477428067
222.0 7.09288278234351 700.8986075917022 693.8057248093587
225.0 7.05213969239988 699.348540173158 692.2964004807581
228.0 7.044028927998129 697.2896363879157 690.2456074599176
231.0 7.008653531542092 696.1177904869586 689.1091369554165
234.0 6.962998669443969 694.5247707374686 687.5617720680246
237.0 6.970075705987963 693.0402538967873 686.0701781907994
240.0 6.886871095474702 692.6988300827247 685.81195898725
243.0 6.861082637464961 691.242325102373 684.381242464908
246.0 6.797689067633704 690.6473724181422 683.8496833505085
249.0 6.701706964218726 688.5400634238322 681.8383564596135
252.0 6.668594376265692 686.234753034429 679.5661586581633
255.0 6.508595959703898 685.0512545217813 678.5426585620774
258.0 6.465615662434933 684.3076452321527 677.8420295697177
261.0 6.382757158260674 681.7143976783901 675.3316405201294
264.0 6.312457599323915 681.1827576381125 674.8703000387885
267.0 6.187182310190578 679.9561830297054 673.7690007195149
270.0 6.10310764806056 677.6647342766976 671.5616266286371
273.0 6.001060313515282 675.5124601390306 669.5113998255153
276.0 5.906712079769401 674.65030897193 668.7435968921606
279.0 5.78238330643408 673.6411754263181 667.858792119884
282.0 5.723941946841106 672.3419136912659 666.6179717444248
285.0 5.606941566410926 670.6811454988699 665.074203932459
288.0 5.488688027094407 668.5383370852069 663.0496490581124
291.0 5.371846031284785 666.5124148423824 661.1405688110976
294.0 5.251404044566065 665.3541796129994 660.1027755684333
297.0 5.145650282718359 663.9870643563354 658.8414140736171
300.0 5.030579314263404 662.3129296837233 657.2823503694599
303.0 4.909972443376112 660.9421493625022 656.0321769191261
306.0 4.800936688509004 659.1416758102876 654.3407391217786
309.0 4.680736671129149 657.0342882963767 652.3535516252475
312.0 4.5574641359506 656.0313204684612 651.4738563325106
315.0 4.443466718641584 654.1633218656307 649.7198551469891
318.0 4.323247724904059 652.3039347935416 647.9806870686376
321.0 4.195713697890789 650.3995985488065 646.2038848509157
324.0 4.075072423406901 649.1140910022353 645.0390185788284
327.0 3.935870159687547 647.1129061839593 643.1770360242718
330.0 3.827682201846188 645.4926868995605 641.6650046977143
333.0 3.718907386020067 643.9450104390524 640.2261030530323
336.0 3.589224343202037 641.98341578196 638.3941914387579
339.0 3.468775590025066 640.3741821450367 636.9054065550117
342.0 3.337622210454996 638.5804096053362 635.2427873948812
345.0 3.220098035998111 637.1104090399493 633.8903110039511
348.0 3.098633205557996 635.3107924043857 632.2121591988277
351.0 2.97564828271009 633.545938535287 630.5702902525769
354.0 2.864772582126063 631.8795467607784 629.0147741786523
357.0 2.733744768933792 629.9880286017151 627.2542838327813
360.0 2.622855947334502 628.4743030845081 625.8514471371736
363.0 2.509013779017883 626.8134149876164 624.3044012085985
366.0 2.389534187356988 624.9486593824204 622.5591251950634
369.0 2.286561402610122 623.2511546703613 620.9645932677511
372.0 2.164548185694282 621.4134927594409 619.2489445737467
375.0 2.060032004060008 619.6134560450061 617.5534240409461
378.0 1.945204972447957 617.8120158838219 615.866810911374
381.0 1.841389739774009 616.215725087689 614.374335347915
384.0 1.734920349226111 614.4542323956614 612.7193120464353
387.0 1.631061511249996 612.6437384842339 611.0126769729839
390.0 1.522724685292635 610.8077744234501 609.2850497381575
393.0 1.424875532157028 609.220990477961 607.796114945804
396.0 1.324851148643778 607.4488111924993 606.1239600438555
399.0 1.226378268010457 605.6068424384983 604.3804641704878
402.0 1.132351574719396 603.8622285620722 602.7298769873528
405.0 1.036394759922825 602.0658067970561 601.0294120371333
408.0 0.944061604563615 600.3666374993459 599.4225758947822
411.0 0.8526466862282313 598.3698810790675 597.5172343928392
414.0 0.7673153899592659 596.6483153762704 595.8809999863112
417.0 0.6819961865967381 594.8864308860885 594.2044346994918
420.0 0.5996423315854838 592.9804048977394 592.3807625661539
423.0 0.5204612520555345 591.1655760144574 590.6451147624019
426.0 0.4477739820959108 589.422997446732 588.9752234646361
429.0 0.3765286358969852 587.3875437745641 587.0110151386671
432.0 0.308914594551458 585.6013945419617 585.2924799474103
435.0 0.2465368401985201 583.6567494434966 583.4102126032981
438.0 0.1932420569570086 581.8267838471381 581.633541790181
441.0 0.1421291954208262 579.8260813545129 579.683952159092
444.0 0.09985485069347004 578.0141159089552 577.9142610582617
447.0 0.06110868831068136 576.0247389434334 575.9636302551228
450.0 0.03275869081939839 574.0906220148882 574.0578633240688
453.0 0.01656341248392244 572.2079465703838 572.1913831578999
456.0 0.002435149991132646 570.3151011575283 570.3126660075372
459.0 0 568.4021852347156 568.4021852347156
462.0 0.01004381470915704 566.4203137427308 566.4102699280216
465.0 0.02719420379035786 564.5745621781084 564.547367974318
468.0 0.05814683329060902 562.7044212019955 562.6462743687049
471.0 0.1025831251572782 560.8689654480765 560.7663823229192
474.0 0.1581233736716638 558.9496555824746 558.791532208803
477.0 0.2284616260182581 557.0873924221208 556.8589307961026
480.0 0.3134648610175637 555.3248766360732 555.0114117750556
483.0 0.417072899128565 553.5530319554657 553.1359590563372
486.0 0.5374691831872742 551.8407712808062 551.303302097619
489.0 0.6707820855250757 550.188803640108 549.5180215545829
492.0 0.8318366997769833 548.5237784039294 547.6919417041525
495.0 1.004434735755705 546.6815852460573 545.6771505103016
498.0 1.203733352398201 545.0576542846638 543.8539209322656
501.0 1.432653857613129 543.4566479519447 542.0239940943316
504.0 1.679293781936602 541.9632667647583 540.2839729828217
507.0 1.958953789890379 540.3910523976183 538.432098607728
510.0 2.269300946259277 539.0919426728575 536.8226417265983
513.0 2.609240524032389 537.4496251276078 534.8403846035754
516.0 2.971074400061567 535.9298671530338 532.9587927529723
519.0 3.384938386293934 534.7608801238384 531.3759417375445
522.0 3.807870246222483 532.9788010312741 529.1709307850516
525.0 4.311517672623496 531.5804224763128 527.2689048036893
528.0 4.838634498431905 530.3875860428865 525.5489515444546
531.0 5.373408453956789 527.3127455216667 521.9393370677099
534.0 5.965172027446417 528.2432825926245 522.2781105651781
537.0 6.629712562197726 524.7064180292022 518.0767054670045
540.0 7.537999787809194 523.7892524922145 516.2512527044053
543.0 8.2685925020889 524.6711972570181 516.4026047549292
546.0 9.129137736921563 516.8708179331245 507.7416801962029
549.0 10.0426881618217 519.7994890910255 509.7568009292038
552.0 11.75976891512932 506.6673623875281 494.9075934723988
555.0 12.88542662522002 495.8378184431366 482.9523918179166
558.0 14.70570897904523 445.6273314582462 430.921622479201
561.0 22.4802238051449 399.6422578796992 377.1620340745543
564.0 20.74416630590158 414.6801159931902 393.9359496872886
567.0 26.41029335257642 378.1121683791368 351.7018750265604
570.0 29.91870247177379 363.0376828716833 333.1189803999095
573.0 29.67386723444777 364.4356653301668 334.7617980957191
576.0 31.20199443294244 361.7221266461186 330.5201322131762
579.0 40.54800541219065 329.7213901422848 289.1733847300942
582.0 57.53161330724945 277.6952714464462 220.1636581391968
585.0 77.43225361252548 232.7784283382095 155.346174725684
588.0 78.72179353226992 231.5383156054136 152.8165220731437
591.0 90.96339461555605 205.722137 114.7587423844439
