0.0 3.684609338707749 830.9661508552275 827.2815415165197
3.0 2.027035430946019 829.5928880502626 827.5658526193166
6.0 1.196487251194631 827.8771676614198 826.6806804102252
9.0 0.7155546362889496 826.2260912882825 825.5105366519936
12.0 0.4179883294171605 824.66063402261 824.2426456931929
15.0 0.2407677985365952 823.2141846081749 822.9734168096383
18.0 0.1410340979079323 821.7281428675381 821.5871087696301
21.0 0.08145197835525209 820.3283253956435 820.2468734172882
24.0 0.04011858490804171 819.0172355477616 818.9771169628535
27.0 0.01655418243918418 817.7669438633738 817.7503896809346
30.0 0.003442274442041843 816.5538185254531 816.550376251011
33.0 0 815.2330706188844 815.2330706188844
36.0 0.006141650410471516 813.9269964177549 813.9208547673444
39.0 0.0241279236050672 812.6719499926736 812.6478220690686
42.0 0.05470958393147327 811.2905342636717 811.2358246797402
45.0 0.09235278514607093 809.8736446279252 809.7812918427792
48.0 0.1364123464509556 808.4324970158594 808.2960846694084
51.0 0.1889553795526807 806.8977139329059 806.7087585533532
54.0 0.2527220565281811 805.3875763617574 805.1348543052292
57.0 0.3300252326565639 803.8495303413351 803.5195051086786
60.0 0.4196301639345292 802.2899397772429 801.8703096133084
63.0 0.520015282959356 800.7352834666425 800.2152681836831
66.0 0.6336647256655092 799.2250521248572 798.5913873991917
69.0 0.7541869304235625 797.6542061897119 796.9000192592884
72.0 0.8855246970626479 796.1359262496215 795.2504015525588
75.0 1.020587429137812 794.4048284834277 793.3842410542899
78.0 1.167608461299696 792.9318736291936 791.7642651678939
81.0 1.31740077635486 791.2713076630595 789.9539068867046
84.0 1.478086104314126 789.7357760568023 788.2576899524882
87.0 1.645461783217336 787.958637576733 786.3131757935157
90.0 1.833183942622819 786.2617444227444 784.4285604801216
93.0 2.030342762811962 784.665191464537 782.634848701725
96.0 2.243402577875473 782.8579298066082 780.6145272287328
99.0 2.476854565750221 781.1407819449627 778.6639273792125
102.0 2.726510090409289 779.8839621768031 777.1574520863938
105.0 2.99448342102955 778.044253537089 775.0497701160595
108.0 3.265922460398048 776.2804374151857 773.0145149547876
111.0 3.536894344110114 775.2376108193346 771.7007164752245
114.0 3.807153867362589 773.9706370726351 770.1634832052725
117.0 4.059761602245423 772.881860356198 768.8220987539526
120.0 4.315732257025345 771.4602557673126 767.1445235102873
123.0 4.553634688495948 770.8244588882507 766.2708241997547
126.0 4.755549756808746 769.7218914718026 764.9663417149939
129.0 4.923178909910705 768.8500385359226 763.9268596260119
132.0 5.075767540671191 767.2629145573759 762.1871470167047
135.0 5.186460671030392 766.8047472177963 761.6182865467659
138.0 5.269151347203615 765.5765977749803 760.3074464277767
141.0 5.386384216041421 763.4145064727939 758.0281222567524
144.0 5.427754234130193 762.7976335749634 757.3698793408332
147.0 5.510830284034437 762.0635020344338 756.5526717503993
150.0 5.576086421657286 760.2481194339894 754.6720330123321
153.0 5.618266664500718 758.4520650012999 752.8337983367992
156.0 5.661262707150644 756.6180813522355 750.9568186450848
159.0 5.742834658973202 755.0138570045441 749.2710223455709
162.0 5.734209903498944 755.0074388135894 749.2732289100904
165.0 5.789408707121411 752.6174874238794 746.828078716758
168.0 5.835902841179576 751.1960953586619 745.3601925174823
171.0 5.887728526458075 749.0513477459083 743.1636192194502
174.0 5.928261355210588 747.9334736256561 742.0052122704455
177.0 5.943613024280021 746.6201117892136 740.6764987649336
180.0 5.996928974279149 745.0187477415128 739.0218187672337
183.0 6.023143867884974 744.0338393833991 738.0106955155141
186.0 6.10261822466645 741.6370508093385 735.534432584672
189.0 6.110936581147651 740.2127442085635 734.1018076274158
192.0 6.182916660111083 738.5023310225212 732.3194143624101
195.0 6.234159812139527 736.0833236069121 729.8491637947726
198.0 6.281655228341028 735.1602511233849 728.8785958950439
201.0 6.311443276709559 733.7619954246844 727.4505521479749
204.0 6.325384575638056 731.8227065466 725.4973219709619
207.0 6.37336620314163 731.0949755311268 724.7216093279852
210.0 6.408147227414981 729.791817046207 723.383669818792
213.0 6.471741142549935 728.0908293786927 721.6190882361428
216.0 6.52494951403446 726.7664923605699 720.2415428465354
219.0 6.575519761031987 726.6787884480063 720.1032686869744
222.0 6.610725556833499 724.3150538281956 717.7043282713621
225.0 6.624178455059443 722.1916254212359 715.5674469661765
228.0 6.646000436439171 722.3676453305428 715.7216448941037
231.0 6.660412447811733 720.0103916950227 713.349979247211
234.0 6.671189309336334 718.1818746973598 711.5106853880235
237.0 6.723003309238228 716.6364885499585 709.9134852407203
240.0 6.663839632873485 715.6255900079581 708.9617503750846
243.0 6.675430933465511 714.4233585965852 707.7479276631197
246.0 6.635124633368578 713.3774462669778 706.7423216336092
249.0 6.600177599327232 711.8181021774287 705.2179245781015
252.0 6.62161468656929 710.1785786845369 703.5569639979676
255.0 6.496591490280282 708.8398950538526 702.3433035635723
258.0 6.483286819219022 707.6435185110117 701.1602316917926
261.0 6.474140736651861 705.2585643634441 698.7844236267923
264.0 6.428999037063973 704.404267580674 697.97526854361
267.0 6.3387631630012 703.1639083213385 696.8251451583373
270.0 6.310013758173538 701.7198603191368 695.4098465609632
273.0 6.284108270266269 698.8368966129906 692.5527883427243
276.0 6.208648799586729 698.0454156558324 691.8367668562457
279.0 6.119840629336359 696.7033067406744 690.583466111338
282.0 6.099873383768404 695.5506505260484 689.45077714228
285.0 6.021544038564349 694.5248798121033 688.503335773539
288.0 5.97277721274576 691.9213750250428 685.948597812297
291.0 5.915031705416142 689.7817189007836 683.8666871953674
294.0 5.829650796800173 688.6078361053759 682.7781853085757
297.0 5.75531915156404 687.8872851169823 682.1319659654183
300.0 5.696729775512463 685.6668455957442 679.9701158202317
303.0 5.622237072508325 683.7312307862975 678.1089937137892
306.0 5.561348449866244 682.5362171835296 676.9748687336633
309.0 5.496167165831674 680.7006400960431 675.2044729302115
312.0 5.405192791670863 679.4849743931495 674.0797816014786
315.0 5.349119254454021 677.354751247686 672.005631993232
318.0 5.282773845419119 675.5669183433907 670.2841444979716
321.0 5.207334117858076 673.9814331811914 668.7740990633333
324.0 5.128855423928434 672.2553797690763 667.1265243451478
327.0 5.049032377178054 670.1930007596515 665.1439683824734
330.0 4.983282203950775 668.8024272838017 663.8191450798509
333.0 4.919502496149025 667.4000704986171 662.4805680024681
336.0 4.846661390151569 665.4246584221818 660.5779970320302
339.0 4.772800524874034 663.8395972838719 659.0667967589979
342.0 4.695170944506886 662.037310946632 657.3421400021251
345.0 4.621508591576623 660.3895744468819 655.7680658553053
348.0 4.553740747692675 658.5776861105889 654.0239453628962
351.0 4.479116647438112 657.0023149412819 652.5231982938438
354.0 4.419518963451792 655.2172488186375 650.7977298551857
357.0 4.338937299742056 653.6663253363044 649.3273880365623
360.0 4.276361919913151 651.8577570089581 647.5813950890449
363.0 4.210704441345149 650.2396563745805 646.0289519332354
366.0 4.147595999844026 648.2798294022556 644.1322334024116
369.0 4.093521497577278 646.6562400376651 642.5627185400878
372.0 4.024015791665442 644.8958003563777 640.8717845647123
375.0 3.971356187574458 643.2244206504838 639.2530644629093
378.0 3.910812794317457 641.3197399939932 637.4089271996757
381.0 3.854377349877163 639.7120186170431 635.8576412671659
384.0 3.799689283627497 637.9828457804586 634.1831564968311
387.0 3.750025136913079 636.1216259767988 632.3716008398857
390.0 3.693392349844905 634.4252447388142 630.7318523889693
393.0 3.64397221347517 632.7832843255644 629.1393121120892
396.0 3.598653830577564 630.8385195253467 627.2398656947692
399.0 3.552088875891002 629.218042556463 625.665953680572
402.0 3.510866814640359 627.4270676749447 623.9162008603043
405.0 3.470554411266128 625.4422964167144 621.9717420054483
408.0 3.428283891953456 623.795362450648 620.3670785586945
411.0 3.395151570782945 621.9169603086633 618.5218087378804
414.0 3.361531121618394 620.1917108134226 616.8301796918042
417.0 3.329603879057767 618.404504919935 615.0749010408773
420.0 3.306039594540183 616.4217827900832 613.115743195543
423.0 3.281417644075981 614.5780211683049 611.2966035242289
426.0 3.263649021154132 612.72257822257 609.4589292014159
429.0 3.253264610391512 610.7338649266204 607.4806003162289
432.0 3.240457869293752 608.9324665771722 605.6920087078785
435.0 3.237262758829633 606.9966036552263 603.7593408963967
438.0 3.242554722201242 605.0082060617463 601.7656513395451
441.0 3.253297718723707 602.9742041827057 599.720906463982
444.0 3.267897781591304 601.1104046329727 597.8425068513814
447.0 3.291604621187357 599.0790167436457 595.7874121224584
450.0 3.325473085698596 597.0255944380689 593.7001213523703
453.0 3.370421062564405 594.983970178353 591.6135491157886
456.0 3.417293865441707 593.0161166029125 589.5988227374707
459.0 3.477218659121718 590.9977011087926 587.5204824496709
462.0 3.552169875908488 588.9085534649395 585.356383589031
465.0 3.631930223373601 586.8377520301016 583.205821806728
468.0 3.726647423142751 584.7329366182932 581.0062891951504
471.0 3.834316121374414 582.6906444709073 578.8563283495329
474.0 3.955083814846485 580.6302198143071 576.6751359994606
477.0 4.09130298740337 578.4684463811311 574.3771433937278
480.0 4.239273370097934 576.4574635023161 572.2181901322182
483.0 4.409376753600002 574.2183633221078 569.8089865685078
486.0 4.593582730568904 572.1458309241228 567.5522481935539
489.0 4.788130793722623 570.2172534287826 565.42912263506
492.0 5.012890441359953 568.1847405084565 563.1718500670965
495.0 5.256384110888855 565.8917866582838 560.635402547395
498.0 5.520564790332752 563.8093196184136 558.2887548280808
501.0 5.814816373758557 561.7188328579909 555.9040164842323
504.0 6.120951057061794 559.886161778509 553.7652107214472
507.0 6.465941481227003 557.8878397376488 551.4218982564218
510.0 6.833766209033962 556.1301075016725 549.2963412926386
513.0 7.239858413059939 554.2432395130781 547.0033811000182
516.0 7.66887014658006 552.1972988326253 544.5284286860453
519.0 8.134904467258719 550.76383960749 542.6289351402313
522.0 8.642255192478953 547.9586549403751 539.3163997478962
525.0 9.203440717850099 546.6888901233844 537.4854494055343
528.0 9.787057210059651 545.2348860826572 535.4478288725976
531.0 10.43855678262463 542.1194735311696 531.6809167485449
534.0 11.02365768324913 542.6112439403123 531.5875862570632
537.0 11.82537024215219 538.3453593915646 526.5199891494125
540.0 12.73584855353813 541.5457774674949 528.8099289139567
543.0 13.47192213647746 540.8139167335258 527.3419945970484
546.0 14.71792008979143 525.268591629311 510.5506715395196
549.0 15.35435308735703 542.5484576163026 527.1941045289456
552.0 17.61895352042577 521.5594426840287 503.9404891636029
555.0 19.35923717390514 497.918920109395 478.5596829354899
558.0 22.84141447037832 446.540070145915 423.6986556755367
561.0 32.30316277055409 400.8102888518876 368.5071260813335
564.0 30.04863535221125 415.256863448489 385.2082280962777
567.0 37.04613139935846 378.5768224793839 341.5306910800254
570.0 41.14449714855679 363.18384936432 322.0393522157632
573.0 40.84823903589385 364.5693641683117 323.7211251324179
576.0 42.51198737944288 361.7221352086782 319.2101478292353
579.0 53.15886503526597 329.7218800280447 276.5630149927787
582.0 72.31353789947194 277.7051974353139 205.391659535842
585.0 94.25192508411331 232.8857109419721 138.6337858578588
588.0 95.62210939199062 231.5804494787622 135.9583400867716
591.0 109.0617988088876 205.722137 96.66033819111241
