0.0 3.583963503885258 837.6494187113058 834.0654552074206
3.0 1.924249013724167 836.176790040535 834.2525410268108
6.0 1.101656590317214 834.4746461370265 833.3729895467093
9.0 0.6313715907440122 832.8164770923405 832.1851055015965
12.0 0.3450323280824393 831.3119641853719 830.9669318572895
15.0 0.1794734146312024 829.8317027868293 829.6522293721981
18.0 0.0920860505622615 828.3952104122998 828.3031243617375
21.0 0.04455091065705306 827.0195526228553 826.9750017121983
24.0 0.01475802312400823 825.7029001651879 825.6881421420639
27.0 0.002341610629927104 824.4474609979586 824.4451193873286
30.0 0 823.2599396747144 823.2599396747144
33.0 0.008578318520364281 821.9213521523104 821.91277383379
36.0 0.02656899489248246 820.6274034656719 820.6008344707794
39.0 0.05603378450710991 819.3885105818888 819.3324767973817
42.0 0.09939129432928273 818.011742628782 817.9123513344527
45.0 0.1503700329301296 816.5617117092046 816.4113416762745
48.0 0.2077475490370286 815.1556120057893 814.9478644567523
51.0 0.2747036419633817 813.6149603072318 813.3402566652684
54.0 0.3527204612700751 812.1108708043932 811.7581503431231
57.0 0.4445788282304722 810.5927056714766 810.1481268432461
60.0 0.5491940119057667 809.0227570257506 808.4735630138449
63.0 0.6644967939713456 807.4871298192496 806.8226330252783
66.0 0.7928149563717357 805.9909167866169 805.1981018302452
69.0 0.928833002969805 804.3838852577373 803.4550522547675
72.0 1.074821077943408 802.9351493630973 801.8603282851539
75.0 1.227200658713304 801.1144892402322 799.8872885815189
78.0 1.3886149088838 799.7099769801637 798.3213620712799
81.0 1.554980524503075 798.0120702948066 796.4570897703035
84.0 1.731095178063495 796.464095466385 794.7330002883215
87.0 1.91597750631977 794.7177143048752 792.8017367985554
90.0 2.120628212484152 793.0602518294401 790.9396236169559
93.0 2.334105066365761 791.4498072224957 789.11570215613
96.0 2.56545682177954 789.643195529922 787.0777387081425
99.0 2.816574531919335 787.9300730305697 785.1134984986504
102.0 3.079376920609391 786.7990245884795 783.7196476678701
105.0 3.366687832918367 784.9076363352487 781.5409485023303
108.0 3.656839959280176 783.0830505515247 779.4262105922445
111.0 3.939840226917208 782.0137973946786 778.0739571677614
114.0 4.223599033136201 780.8375839443537 776.6139849112175
117.0 4.488037291733447 779.8316552298397 775.3436179381063
120.0 4.758218093413135 778.6527066382782 773.8944885448651
123.0 5.005379191292914 777.7127339719209 772.707354780628
126.0 5.218824941506091 776.6564062690404 771.4375813275343
129.0 5.395593144981487 775.8491019294984 770.4535087845169
132.0 5.565136483616036 774.0020588839321 768.4369224003161
135.0 5.681201937003825 773.4877268294072 767.8065248924034
138.0 5.7756841939123 772.2944756670916 766.5187914731793
141.0 5.914216745605756 769.9798935677245 764.0656768221187
144.0 5.961786892138805 769.3202713764494 763.3584844843106
147.0 6.0491123318829 769.293334870554 763.2442225386711
150.0 6.133558734012393 766.9722544146936 760.8386956806812
153.0 6.1917658046895 765.3461843883627 759.1544185836732
156.0 6.252927225438025 763.2690921499001 757.016164924462
159.0 6.348302951894645 761.9818018545363 755.6334989026417
162.0 6.338560762551434 762.2742689166656 755.9357081541142
165.0 6.417986541259151 759.3804519767281 752.9624654354689
168.0 6.476632578699787 758.2253314163004 751.7486988376007
171.0 6.549025299669682 755.9170014369573 749.3679761372876
174.0 6.598212117579108 755.2793747199398 748.6811626023606
177.0 6.62687592197623 753.6862941350919 747.0594182131157
180.0 6.694709245695964 752.1622896219775 745.4675803762815
183.0 6.731312362621551 750.8793423646055 744.1480300019839
186.0 6.832327111830171 748.7506202885936 741.9182931767634
189.0 6.853639795449483 747.2974989780923 740.4438591826428
192.0 6.943784298093239 745.0816857069641 738.1379014088708
195.0 7.016057791609051 743.0335531051472 736.0174953135381
198.0 7.070642115673456 742.4423829829315 735.371740867258
201.0 7.116240796645586 740.4261227143855 733.3098819177399
204.0 7.148024238187582 738.4234678100348 731.2754435718472
207.0 7.201881834321222 737.9552005995084 730.7533187651871
210.0 7.250117227029817 736.3451414894518 729.095024262422
213.0 7.329066299345053 734.832958550203 727.5038922508579
216.0 7.392593786432697 734.0692196244634 726.6766258380307
219.0 7.440615725069306 734.9280960123113 727.487480287242
222.0 7.500024376969083 731.9651260868019 724.4651017098328
225.0 7.535787819471172 729.0757567838078 721.5399689643367
228.0 7.553472350742683 729.8331469063074 722.2796745555647
231.0 7.592075886504695 726.8691030891117 719.277027202607
234.0 7.619374431091615 725.0641400031156 717.444765572024
237.0 7.686139108296914 723.428400298962 715.7422611906651
240.0 7.634296325094236 722.775249828092 715.1409535029977
243.0 7.658297408555753 721.2029273635114 713.5446299549557
246.0 7.627300927284299 720.1325821378861 712.5052812106018
249.0 7.603375146568662 719.2425587659642 711.6391836193955
252.0 7.641403546292309 717.2113934748254 709.5699899285331
255.0 7.527472660129177 715.8533467654058 708.3258741052766
258.0 7.52421908113343 714.9612562875161 707.4370372063827
261.0 7.538440077022969 711.9890032161508 704.4505631391279
264.0 7.499168181550618 711.4974183443071 703.9982501627565
267.0 7.419530520352116 710.2119376205553 702.7924071002032
270.0 7.402575156003569 709.0009877842029 701.5984126281993
273.0 7.402227010092233 706.3028708707589 698.9006438606667
276.0 7.335977158510369 704.7691307256925 697.4331535671822
279.0 7.257324237054376 703.7727384520404 696.5154142149861
282.0 7.247767774267137 702.5346436820456 695.2868759077785
285.0 7.176248742832797 701.9812092911953 694.8049605483625
288.0 7.15252309675891 698.8873198920351 691.7347967952762
291.0 7.114656251994797 696.5076994635631 689.3930432115683
294.0 7.038536585239794 695.480927814133 688.4423912288932
297.0 6.967878409734473 695.3113872915292 688.3435088817948
300.0 6.930353507029374 692.7270868349202 685.7967333278908
303.0 6.874555041641067 690.3508915737416 683.4763365321006
306.0 6.821593114333911 689.7143632159824 682.8927701016485
309.0 6.772824352441304 687.8078714818994 681.0350471294581
312.0 6.692310261866136 686.5069256992168 679.8146154373506
315.0 6.655556572015424 684.2732768017617 677.6177202297463
318.0 6.604944184423657 682.4416549151156 675.836710730692
321.0 6.542163351338475 681.1072988244897 674.5651354731512
324.0 6.479852589836451 679.0886452142513 672.6087926244148
327.0 6.41803969180061 677.0251551262135 670.6071154344129
330.0 6.364544551655935 675.5678447313189 669.203300179663
333.0 6.311584760469321 674.511318509245 668.1997337487757
336.0 6.256683401605789 672.3421057841169 666.0854223825111
339.0 6.196577144960918 670.741116691902 664.5445395469411
342.0 6.133841654073167 669.1503717182393 663.0165300641661
345.0 6.075707985112324 667.1702434351906 661.0945354500783
348.0 6.023319990492428 665.4710021050126 659.4476821145201
351.0 5.962343669798552 663.8731759958315 657.9108323260329
354.0 5.918327432707361 662.1111332708212 656.1928058381138
357.0 5.850563888846921 660.6731274501282 654.8225635612813
360.0 5.804105211051271 658.812014617825 653.0079094067737
363.0 5.752559149272654 657.1813529691295 651.4287938198568
366.0 5.706839605444455 655.177105741051 649.4702661356065
369.0 5.666897772919376 653.5753823504157 647.9084845774964
372.0 5.612613139007289 651.844025471623 646.2314123326157
375.0 5.574352186090367 650.2355386601846 644.6611864740942
378.0 5.530806018981402 648.2670117133917 642.7362056944103
381.0 5.488447881899903 646.6542592080539 641.165811326154
384.0 5.448812024922612 644.9570156981131 639.5082036731905
387.0 5.415737683513485 643.0585933205305 637.642855637017
390.0 5.373830893965478 641.3971961933558 636.0233652993903
393.0 5.338734212953604 639.7847438958692 634.4460096829156
396.0 5.311108001951717 637.7290894821199 632.4179814801682
399.0 5.278368257300256 636.2097988141313 630.931430556831
402.0 5.253067642235964 634.405983163925 629.152915521689
405.0 5.230881600650136 632.3074196018052 627.0765380011551
408.0 5.203017299989759 630.6940691418145 625.4910518418247
411.0 5.186368008687109 628.8731843838197 623.6868163751326
414.0 5.168026364318424 627.1645733727433 621.9965470084249
417.0 5.151996184166079 625.3810742228308 620.2290780386648
420.0 5.146250051157733 623.3883223804321 618.2420723292743
423.0 5.138339117566538 621.493170963366 616.3548318457994
426.0 5.137152210708238 619.6621288718126 614.5249766611043
429.0 5.144781173897057 617.6523165865386 612.5075354126416
432.0 5.148047261902903 615.8873554250636 610.7393081631607
435.0 5.162364980371934 613.9533997736225 608.7910347932506
438.0 5.185883083048687 611.9335395031306 606.747656420082
441.0 5.215301762702527 609.8655712262348 604.6502694635323
444.0 5.246843942394711 608.0274195839551 602.7805756415603
447.0 5.289094529046437 606.0222649775438 600.7331704484974
450.0 5.34200745709819 603.9395438451744 598.5975363880762
453.0 5.406158571097657 601.8332194155102 596.4270608444125
456.0 5.471185250889623 599.8947182027956 594.4235329519059
459.0 5.549949344604904 597.8797879171662 592.3298385725613
462.0 5.644555068047358 595.7837878944123 590.139232826365
465.0 5.743948173645154 593.6891210493321 587.9451728756869
468.0 5.858927209459799 591.5103399944041 585.6514127849443
471.0 5.986044817313299 589.4872410405806 583.5011962232673
474.0 6.126527800012824 587.4446779472527 581.3181501472399
477.0 6.283936072446545 585.2031032600696 578.9191671876231
480.0 6.451504513290435 583.1934121273724 576.7419076140819
483.0 6.644010432854356 580.8339101215692 574.1898996887148
486.0 6.848991050914965 578.6950142277062 571.8460231767912
489.0 7.062889267998401 576.7511640780129 569.6882748100145
492.0 7.308400478816636 574.6621678389517 567.353767360135
495.0 7.575356792768395 572.2676556120505 564.6922988192821
498.0 7.861261036632562 570.0913166253701 562.2300555887375
501.0 8.177653705829743 567.8927841090696 559.7151304032399
504.0 8.503927735662548 565.8842125395848 557.3802848039223
507.0 8.87046801670412 563.8290761709965 554.9586081542924
510.0 9.258211654331441 561.9291970997648 552.6709854454333
513.0 9.685284608081174 560.0078708457232 550.322586237642
516.0 10.13742684770237 557.811416954593 547.6739901068907
519.0 10.62164245369883 556.1526083099944 545.5309658562955
522.0 11.16048183381945 553.0321500447551 541.8716682109356
525.0 11.73794442664039 551.8461937677515 540.1082493411111
528.0 12.34100445396689 550.1600276305328 537.8190231765659
531.0 13.02535466558578 547.3842398407791 534.3588851751933
534.0 13.61248252703068 547.6120641763009 533.9995816492702
537.0 14.46362435888878 542.5088245835732 528.0452002246844
540.0 15.34455028785461 547.7241451786801 532.3795948908255
543.0 16.10086735219066 545.3649570023347 529.264089650144
546.0 17.51134050518752 527.1089681973646 509.5976276921771
549.0 17.97881513012665 548.2361726852673 530.2573575551406
552.0 20.47207321742698 523.3505479960704 502.8784747786434
555.0 22.44994452391245 498.1758142578129 475.7258697339004
558.0 26.4299228818495 446.7381389383858 420.3082160565363
561.0 36.39189390721917 401.0685630548943 364.6766691476751
564.0 33.98665904890336 415.3517775276943 381.3651184787909
567.0 41.38019939848397 378.6829955662473 337.3027961677634
570.0 45.65565554476376 363.2174473779613 317.5617918331975
573.0 45.34414554412058 364.603367414808 319.2592218706874
576.0 47.04895678763994 361.7221359134073 314.6731791257674
579.0 58.08257646795169 329.7219474607144 271.6393709927627
582.0 77.88265216571451 277.7072715820396 199.8246194163251
585.0 100.4263152187791 232.9124799428127 132.4861647240336
588.0 101.8208376952004 231.5905672862036 129.7697295910032
591.0 115.6169445651617 205.722137 90.10519243483826
