0.0 3.432192699736643 849.7923526500264 846.3601599502897
3.0 1.771109875654509 848.1079677481922 846.3368578725377
6.0 0.9628683666952975 846.4034924244737 845.4406240577784
9.0 0.5119993542213335 844.7486493747552 844.2366500205338
12.0 0.2445890701650123 843.3650225497281 843.1204334795631
15.0 0.1009925067894586 841.8290135164972 841.7280210097078
18.0 0.03488965149341763 840.4891661673487 840.4542765158553
21.0 0.008689774098833557 839.1568465968636 839.1481568227647
24.0 0 837.83113277354 837.83113277354
27.0 0.00796489093557521 836.5670830640045 836.5591181730689
30.0 0.02449684954366599 835.4451253808972 835.4206285313536
33.0 0.05546513599858117 834.0572575282171 834.0017923922185
36.0 0.09466123466296264 832.7919784487752 832.6973172141123
39.0 0.1444342066405354 831.6109235595105 831.46648935287
42.0 0.2111074930431481 830.2139732687903 830.0028657757471
45.0 0.2871594017830576 828.6972779604852 828.4101185587022
48.0 0.3678158423253341 827.3704303538778 827.0026145115525
51.0 0.4612956511355898 825.7929804167262 825.3316847655906
54.0 0.564962884235035 824.317795506596 823.752832622361
57.0 0.6829590292648009 822.8139410780112 822.1309820487464
60.0 0.8148489983077828 821.2665753334012 820.4517263350934
63.0 0.9569593272756358 819.7472768710488 818.7903175437732
66.0 1.111517756978713 818.2907160227279 817.1791982657491
69.0 1.276702530909918 816.5924556286081 815.3157530976981
72.0 1.447570227532711 815.2960678874768 813.8484976599441
75.0 1.633739586752776 813.277080183434 811.6433405966812
78.0 1.819499727335287 812.0309125255568 810.2114127982216
81.0 2.017184752298951 810.2167118400618 808.1995270877629
84.0 2.221891176236076 808.6063848391269 806.3844936628908
87.0 2.437556671692868 806.9686776707158 804.5311209990229
90.0 2.671606696958867 805.457053702961 802.7854470060021
93.0 2.915318736708918 803.7857709659289 800.87045222922
96.0 3.180773720572232 801.8416623985654 798.6608886779932
99.0 3.464054147136568 800.1155306075998 796.6514764604632
102.0 3.746298892462292 799.4575598769343 795.711260984472
105.0 4.070110745556818 797.4548216905731 793.3847109450163
108.0 4.396286407132703 795.4208792226876 791.0245928155549
111.0 4.702105962476414 794.2406014462809 789.5384954838045
114.0 5.008907673245873 793.1562423319192 788.1473346586733
117.0 5.291789469739721 792.4829940919295 787.1912046221898
120.0 5.579548152281234 792.1662152692814 786.5866671170001
123.0 5.850961485352295 790.6465900541882 784.7956285688359
126.0 6.087519738544538 789.1310043313605 783.0434845928159
129.0 6.279433180500398 788.4339592359883 782.1545260554879
132.0 6.484956775128812 786.2952287678932 779.8102719927644
135.0 6.613783757881754 785.3810601256231 778.7672763677413
138.0 6.726283476132652 784.7176381837021 777.9913547075695
141.0 6.909179482294028 781.7413018297116 774.8321223474175
144.0 6.968240778493193 781.114465399842 774.1462246213488
147.0 7.045397337711812 782.6748890445264 775.6294917068146
150.0 7.180924685412441 778.6924776935275 771.511553008115
153.0 7.262019254783852 777.6727906870244 770.4107714322405
156.0 7.358711715863561 775.7631815740579 768.4044698581944
159.0 7.475121626450628 774.426381678499 766.9512600520483
162.0 7.445332021952535 777.2843133394214 769.8389813174689
165.0 7.590956086945461 771.5233933624755 763.93243727553
168.0 7.663959073898262 771.1187339634368 763.4547748895385
171.0 7.779902897215683 768.1542809005702 760.3743780033545
174.0 7.823927930635625 769.9560815200461 762.1321535894105
177.0 7.880016694782936 768.6806560507128 760.8006393559299
180.0 7.980078413600545 765.7838849381007 757.8038065245002
183.0 8.04556511552806 763.4820502269116 755.4364851113835
186.0 8.167563716317868 764.0137019446869 755.846138228369
189.0 8.217369106615806 761.8160855058797 753.5987163992639
192.0 8.363778535522888 756.5818077650253 748.2180292295024
195.0 8.455009179478879 757.0111987276943 748.5561895482155
198.0 8.523622494230138 755.4992952631415 746.9756727689114
201.0 8.608934794622691 752.9338465667938 744.3249117721711
204.0 8.679658975396344 749.9967503793555 741.3170914039592
207.0 8.737898360435114 750.0473787182288 741.3094803577936
210.0 8.81912270265767 747.6705671094422 738.8514444067845
213.0 8.916144809213173 747.3378496236331 738.4217048144199
216.0 8.96231828464085 752.4321674982891 743.4698492136483
219.0 8.964881162836543 758.3110642696136 749.3461831067771
222.0 9.101290398096214 750.1965405863905 741.0952501882942
225.0 9.216539227846113 742.1374374905456 732.9208982626994
228.0 9.217374849067687 743.2821046412033 734.0647297921356
231.0 9.315290514956414 739.0062138937261 729.6909233787697
234.0 9.373594866268313 737.0160582041459 727.6424633378776
237.0 9.467167067202948 735.6397938890089 726.1726268218059
240.0 9.410932935789148 737.1661420676174 727.7552091318282
243.0 9.474621455605898 733.512615916601 724.0379944609952
246.0 9.459675427575182 732.5696426664067 723.1099672388315
249.0 9.434458129025344 733.7967076138018 724.3622494847765
252.0 9.517082360300983 730.2955573980835 720.7784750377825
255.0 9.423796467977241 728.905929776626 719.4821333086488
258.0 9.376151553393142 740.6928645954249 731.3167130420318
261.0 9.506223614456911 723.8477099557991 714.3414863413422
264.0 9.46533551790537 724.581908251325 715.1165727334197
267.0 9.406952716056123 723.0726173272834 713.6656646112273
270.0 9.405860779436422 722.3056777117441 712.8998169323076
273.0 9.423745119794654 724.4853446559892 715.0615995361946
276.0 9.41891387283184 716.540279142911 707.1213652700792
279.0 9.337349455061973 718.5178261420114 709.1804766869494
282.0 9.359786149413017 715.1087488082604 705.7489626588474
285.0 9.273804850712283 718.3335068999947 709.0597020492825
288.0 9.321976691759221 711.5960891060152 702.2741124142559
291.0 9.328111296268075 708.4196731224328 699.0915618261647
294.0 9.263926198004692 707.8986119972402 698.6346857992355
297.0 9.174822209171042 710.9718830028878 701.7970607937167
300.0 9.19248179119513 706.1378161794296 696.9453343882344
303.0 9.186298106365817 702.0648666013157 692.8785684949499
306.0 9.130529582122069 703.1104316936078 693.9799021114857
309.0 9.108361245307411 702.1385783726926 693.0302171273852
312.0 9.056380863192746 699.1846239038706 690.1282430406778
315.0 9.055152852813789 697.1124026284907 688.0572497756769
318.0 9.03681675971185 694.7590995692457 685.7222828095339
321.0 8.988196304762845 694.3739359023835 685.3857395976207
324.0 8.96477340984287 691.3918256628448 682.427052253002
327.0 8.934726555181672 689.4981287234157 680.563402168234
330.0 8.906738984628346 687.6554116270133 678.7486726423849
333.0 8.853894109936825 689.4602878981692 680.6063937882324
336.0 8.846391626255645 684.8893584150569 676.0429667888012
339.0 8.812265769686467 683.1656205354012 674.3533547657148
342.0 8.760206035132273 684.2684496371374 675.5082436020051
345.0 8.750411535137891 679.2404555949385 670.4900440598006
348.0 8.721390033169124 678.0546257564487 669.3332357232796
351.0 8.687791527418096 676.0836743609356 667.3958828335175
354.0 8.670295625120411 674.5746029162628 665.9043072911424
357.0 8.623502717186271 673.2962423070111 664.6727395898248
360.0 8.606125873247355 671.5673147112309 662.9611888379836
363.0 8.581132003923239 669.8233003048369 661.2421683009137
366.0 8.568374076858699 667.6892757477638 659.1209016709051
369.0 8.55384060116372 666.0834052812233 657.5295646800596
372.0 8.525848130311517 664.5273510992057 656.0015029688942
375.0 8.512323105941163 663.0251563585117 654.5128332525706
378.0 8.501549320212689 660.8792278901641 652.3776785699514
381.0 8.485360008411225 659.1831981114121 650.6978381030009
384.0 8.472037782802097 657.5931716417506 649.1211338589485
387.0 8.470026338489028 655.6288975005924 647.1588711621034
390.0 8.453469747937961 654.1428924677948 645.6894227198568
393.0 8.443346146325309 652.6433045820105 644.1999584356852
396.0 8.451609823577971 650.1864459561696 641.7348361325916
399.0 8.441511792993081 648.87242256761 640.4309107746169
402.0 8.445550477887957 647.0326408593468 638.5870903814589
405.0 8.459495384078516 644.641164358841 636.1816689747625
408.0 8.456806862147254 643.1329942958205 634.6761874336733
411.0 8.468692962975266 641.4236670684159 632.9549741054406
414.0 8.4771419639754 639.857026356878 631.3798843929026
417.0 8.490319696628943 637.9983466937627 629.5080269971338
420.0 8.516909488445992 636.0406852525225 627.5237757640765
423.0 8.541043669723919 633.9776477868946 625.4366041171707
426.0 8.568694469624441 632.3076171890177 623.7389227193933
429.0 8.610223357396106 630.1540371623354 621.5438138049393
432.0 8.641322195891277 628.5471191105003 619.9057969146091
435.0 8.687659733660131 626.5751437138695 617.8874839802093
438.0 8.745004112994069 624.4976686494741 615.75266453648
441.0 8.80974162720091 622.2786160576164 613.4688744304155
444.0 8.870739130394048 620.6105356302939 611.7397964998998
447.0 8.944712494520848 618.9332835741417 609.9885710796209
450.0 9.03412296862846 616.5432234905741 607.5091005219457
453.0 9.134916940409963 614.2880030271282 605.1530860867182
456.0 9.231979673703408 612.4386717909561 603.2066921172527
459.0 9.344724105160647 610.4606872456454 601.1159631404848
462.0 9.475435160698364 608.3085934847501 598.8331583240517
465.0 9.610148619393433 606.3403524748175 596.730203855424
468.0 9.764556189312186 603.8601549559915 594.0955987666793
471.0 9.925483931401954 602.0468513176733 592.1213673862713
474.0 10.10111926630351 600.0709470939903 589.9698278276868
477.0 10.29935547025845 597.6025811705395 587.303225700281
480.0 10.50197067430984 595.6731277351106 585.1711570608008
483.0 10.73747366065752 593.1893557599745 582.4518820993169
486.0 10.98176475687655 590.9086896843048 579.9269249274283
489.0 11.23054480285456 589.029832474877 577.7992876720224
492.0 11.51422280786554 586.9843983695961 575.4701755617306
495.0 11.82650544400305 584.3266786306123 572.5001731866093
498.0 12.15364533640142 582.0384616770335 569.8848163406321
501.0 12.51198831347095 579.7677744262911 567.2557861128201
504.0 12.88056174142405 577.1730643694562 564.2925026280321
507.0 13.28639985899934 575.1976692488484 561.911269389849
510.0 13.71372672458109 573.0151944920727 559.3014677674916
513.0 14.17882584843497 571.1746132738949 556.99578742546
516.0 14.67655591338117 568.6746734095181 553.998117496137
519.0 15.20061926526542 566.3643764837796 551.1637572185142
522.0 15.8031398323547 562.8013317401988 546.9981919078441
525.0 16.40664326605902 562.0270728266749 545.6204295606159
528.0 17.0529549879818 559.5103364583328 542.457381470351
531.0 17.78233780399562 558.450394387559 540.6680565835634
534.0 18.37957743350299 558.1275670453648 539.7479896118618
537.0 19.3481828516713 550.2375793769323 530.889396525261
540.0 20.12208093199324 560.0799893043889 539.9579083723956
543.0 20.96213067975361 553.4226783387504 532.4605476589968
546.0 22.73377210293236 530.3356442498641 507.6018721469317
549.0 22.8225125330093 555.9576048267605 533.1350922937512
552.0 25.81333003738232 525.2539779632897 499.4406479259073
555.0 28.24916563065543 498.5212795934446 470.2721139627891
558.0 33.1350712956499 447.040981390281 413.9059100946311
561.0 44.0052769731046 401.4635126465041 357.4582356733995
564.0 41.32961343056189 415.4743183429642 374.1447049124023
567.0 49.44281271493648 378.847539884101 329.4047271691645
570.0 54.0417742923087 363.270384719528 309.2286104272193
573.0 53.70250447727004 364.6597511844902 310.9572467072202
576.0 55.48271820124506 361.7221365515678 306.2394183503227
579.0 67.21950398380296 329.7220264665422 262.5025224827392
582.0 88.19299805147445 277.7103320462292 189.5173339947547
585.0 111.8366242145985 232.9563599546949 121.1197357400964
588.0 113.2757623245225 231.6067292946288 118.3309669701063
591.0 127.7201175319785 205.722137 78.00201946802145
