0.0 3.359786503959334 856.4318783174656 853.0720918135062
3.0 1.699417320962976 854.6351957108235 852.9357783898605
6.0 0.8991509571344102 852.9180694811675 852.0189185240331
9.0 0.4588710411923696 851.2781617106328 850.8192906694404
12.0 0.2010461547669061 849.9579434198934 849.7568972651265
15.0 0.06983923637062939 848.4075476983752 848.3377084620045
18.0 0.01472521588913722 847.1313435405198 847.1166183246306
21.0 0 845.8143713249827 845.8143713249827
24.0 0.002970329314585671 844.4859310644051 844.4829607350905
27.0 0.02220316911253562 843.2174055062082 843.1952023370956
30.0 0.04859181617444611 842.1446371575873 842.0960453414129
33.0 0.09224212846550375 840.7261013007988 840.6338591723333
36.0 0.1429109979670765 839.4742153617489 839.3313043637818
39.0 0.2033666263006628 838.340127093665 838.1367604673644
42.0 0.2830942487339027 836.9159603277328 836.6328660789989
45.0 0.3733628713739132 835.3711838942438 834.9978210228699
48.0 0.4662803045893978 834.0850470341871 833.6187667295977
51.0 0.57467106451403 832.4758136622865 831.9011425977724
54.0 0.6921872765482536 831.0272559492098 830.3350686726616
57.0 0.8245722471690135 829.5092077565245 828.6846355093555
60.0 0.9711125824671399 828.0125904907797 827.0414779083125
63.0 1.127926696245486 826.4881039378919 825.3601772416465
66.0 1.296612315127262 825.0596477152258 823.7630354000986
69.0 1.478580378996055 823.288443052868 821.8098626738719
72.0 1.661960128694167 822.1007919203677 820.4388317916735
75.0 1.86818975646535 819.9513846652662 818.0831949088009
78.0 2.066194159223404 818.7997613558351 816.7335671966117
81.0 2.282046039933708 816.8981213044532 814.6160752645195
84.0 2.503082933479917 815.2185575153857 812.7154745819058
87.0 2.734728932051626 813.6779434441512 810.9432145120995
90.0 2.983637702215581 812.3059167747494 809.3222790725338
93.0 3.244506923831081 810.5814975904597 807.3369906666286
96.0 3.530278441120637 808.444382825429 804.9141043843084
99.0 3.831399483470366 806.7012379217614 802.869838438291
102.0 4.120142999938105 806.4758587933846 802.3557157934465
105.0 4.464755174335802 804.425663510055 799.9609083357192
108.0 4.812658148945887 802.1828400972545 797.3701819483086
111.0 5.132170265459269 800.8658959628376 795.7337256973784
114.0 5.45102252847302 799.846144011395 794.395121482922
117.0 5.740988168885073 799.5063979643433 793.7654097954583
120.0 6.030673110368976 800.020029507913 793.989356397544
123.0 6.318885801099122 798.3094203914292 791.9905345903301
126.0 6.57431345151948 795.9237862822839 789.3494728307645
129.0 6.773880411021148 795.2715088073688 788.4976283963477
132.0 6.999358318489328 793.4012363836544 786.401878065165
135.0 7.139617251450255 791.9380013012396 784.7983840497894
138.0 7.255364512740077 792.2149992586828 784.9596347459428
141.0 7.47019612289278 788.1758064852715 780.7056103623787
144.0 7.534766012832756 787.7154242434675 780.1806582306348
147.0 7.593482811624188 790.546571179882 782.9530883682578
150.0 7.772245660800545 784.8866284135068 777.1143827527062
153.0 7.86156036748331 784.1944758590343 776.332915491551
156.0 7.971382899681798 783.5979343485805 775.6265514488987
159.0 8.104924992742986 781.0268955926831 772.9219705999401
162.0 8.032636013127677 788.2990623671177 780.26642635399
165.0 8.248237265670344 777.937794668784 769.6895574031137
168.0 8.322778879962363 778.1723545785785 769.8495756986161
171.0 8.46839022643427 774.6318440835315 766.1634538570972
174.0 8.48625572371016 779.0004121182054 770.5141563944953
177.0 8.543576387486795 780.8383684881585 772.2947921006717
180.0 8.684848819931498 773.8547851417364 765.1699363218049
183.0 8.775194015655288 770.598091769733 761.8228977540777
186.0 8.875174046797956 775.9533456462206 767.0781715994226
189.0 8.949296660134851 772.6309935844774 763.6816969243425
192.0 9.161952368171999 762.552314720428 753.390362352256
195.0 9.237214249894797 766.2172377014182 756.9800234515234
198.0 9.328513578734847 762.4516995772047 753.1231859984699
201.0 9.436064806594267 760.2678431268941 750.8317783202998
204.0 9.538483839265218 756.0610967036968 746.5226128644316
207.0 9.595498266824588 756.4028089947349 746.8073107279103
210.0 9.700687848794925 753.5107548705443 743.8100670217494
213.0 9.796495363684581 754.3853854221795 744.5888900584949
216.0 9.743262885324254 774.5841455656644 764.8408826803402
219.0 9.671913287864915 785.2979973172004 775.6260840293355
222.0 9.924905622201995 765.6338763924076 755.7089707702056
225.0 10.14302379832199 749.8003198311311 739.6572960328091
228.0 10.13518488498853 750.5285501209612 740.3933652359727
231.0 10.27555647417065 745.3708157059879 735.0952592318173
234.0 10.35291598395829 743.155546876981 732.8026308930227
237.0 10.45712830388516 742.3859374418257 731.9288091379405
240.0 10.37636682997552 746.5123183982845 736.135951568309
243.0 10.48308376438364 740.3414371945695 729.8583534301858
246.0 10.47620313850508 739.4095481524435 728.9333450139384
249.0 10.43259844391704 742.3583693764805 731.9257709325634
252.0 10.55146751786852 737.8221796949111 727.2707121770426
255.0 10.46946772976562 736.4935298146156 726.0240620848499
258.0 10.18444667515668 783.8424739179598 773.6580272428031
261.0 10.60263668233584 730.1360596285239 719.533422946188
264.0 10.55085980825313 731.8113756112616 721.2605158030084
267.0 10.50614886002091 730.1048064760546 719.5986576160337
270.0 10.51096707289974 729.5160031376661 719.0050360647664
273.0 10.47081802236394 741.9511761710394 731.4803581486755
276.0 10.57976088909629 722.6774589301674 712.0976980410711
279.0 10.46166381393704 729.3630286569421 718.901364843005
282.0 10.53021671649885 721.8408462331856 711.3106295166867
285.0 10.39038180886379 731.4169985447519 721.0266167358881
288.0 10.52202508948177 718.6117845691154 708.0897594796337
291.0 10.55922365817389 714.738428445033 704.1792047868591
294.0 10.49710527920337 714.6944960470111 704.1973907678077
297.0 10.36028982098842 722.8796285671528 712.5193387461643
300.0 10.43561646534601 714.1825916330217 703.7469751676757
303.0 10.47278613017671 708.2885008031199 697.8157146729432
306.0 10.40141856409411 710.726260373326 700.3248418092319
309.0 10.37656412767543 712.8265128818542 702.4499487541788
312.0 10.36460310884034 705.9932666389587 695.6286635301184
315.0 10.3797754090612 704.419998507416 694.0402230983548
318.0 10.38495575276647 701.3521424504627 690.9671866976962
321.0 10.3354505109631 701.9001637223404 691.5647132113773
324.0 10.34174173320327 698.0715450155533 687.7298032823501
327.0 10.32704389674227 696.4667605109303 686.139716614188
330.0 10.31685498491665 694.194125389282 683.8772704043653
333.0 10.22511177587803 702.0917224738704 691.8666106979924
336.0 10.2790007724662 691.7592085338673 681.4802077614011
339.0 10.26038609930534 689.8954965435493 679.635110444244
342.0 10.17376935623326 697.7115998845101 687.5378305282768
345.0 10.23382356278109 685.706675890173 675.4728523273919
348.0 10.2129410728283 685.0245033227618 674.8115622499335
351.0 10.19850860299611 682.5476048852889 672.3490962822928
354.0 10.1928181665499 681.3839345598182 671.1911163932683
357.0 10.15671231810888 680.1446338145475 669.9879214964386
360.0 10.15343419787311 678.6771395898684 668.5237053919953
363.0 10.14413922120988 676.812088211824 666.6679489906141
366.0 10.15057254632195 674.5758870977737 664.4253145514517
369.0 10.15038097904647 672.89646821841 662.7460872393636
372.0 10.13496888968617 671.5739390505178 661.4389701608317
375.0 10.13450755612133 670.0836300290689 659.9491224729476
378.0 10.14320210645374 667.7993765477627 657.6561744413089
381.0 10.14229022776818 666.0004952857104 655.8582050579422
384.0 10.1425202240601 664.5029878966021 654.360467672542
387.0 10.15788623902683 662.5413697151912 652.3834834761644
390.0 10.15330766108656 661.3180442941686 651.164736633082
393.0 10.15592924761184 659.9200002115911 649.7640709639793
396.0 10.18785595106506 656.9945397917886 646.8066838407236
399.0 10.18878503231483 655.7937891252629 645.605004092948
402.0 10.20920386662254 653.9390563110618 643.7298524444393
405.0 10.24538291271384 651.3187933128535 641.0734104001397
408.0 10.25551290722939 649.9358280692332 639.6803151620038
411.0 10.28249247624221 648.2443654997714 637.9618730235292
414.0 10.30387669374478 646.9404698372701 636.6365931435253
417.0 10.33441270559854 644.8599482907654 634.5255355851668
420.0 10.37818015771969 643.0001962790781 632.6220161213584
423.0 10.42141492636217 640.7803837473563 630.3589688209941
426.0 10.46332568954838 639.29567157361 628.8323458840616
429.0 10.52495666052848 636.9713698304292 626.4464131699008
432.0 10.56975905020636 635.5623137982536 624.9925547480472
435.0 10.63429122649163 633.4960144115534 622.8617231850618
438.0 10.71074145679115 631.360640374708 620.6498989179168
441.0 10.79626037323722 629.0024362350558 618.2061758618186
444.0 10.87169721388846 627.5453155636123 616.6736183497239
447.0 10.95804879908195 626.7410308957276 615.7829820966457
450.0 11.07241110348478 623.495838573763 612.4234274702782
453.0 11.19437381347887 621.170068799979 609.9756949865002
456.0 11.30848408468178 619.3505171527354 608.0420330680536
459.0 11.43949109882842 617.4314584050963 605.9919673062679
462.0 11.59080661153156 615.1689752337775 603.5781686222459
465.0 11.74276122621387 613.5729193310646 601.8301581048507
468.0 11.92224225570541 610.6252224447941 598.7029801890887
471.0 12.09954588091046 609.0814938494056 596.9819479684951
474.0 12.29408325220169 607.1275216682916 594.8334384160899
477.0 12.51679266506014 604.4413797340866 591.9245870690265
480.0 12.73793331528784 602.5893801793331 589.8514468640452
483.0 12.99719676178674 600.2038626495736 587.2066658877869
486.0 13.26450974280206 597.7430284347549 584.4785186919529
489.0 13.53180256378972 595.9333118831277 582.401509319338
492.0 13.83526908229543 594.109433157221 580.2741640749255
495.0 14.17510428563872 591.1201890130191 576.9450847273804
498.0 14.52553647891018 588.7972884441551 574.2717519652449
501.0 14.90690875709662 586.5914533072234 571.6845445501268
504.0 15.30403069483093 583.426914457599 568.1228837627681
507.0 15.73022206740395 581.6288099915351 565.8985879241312
510.0 16.18149028691942 579.2414620767729 563.0599717898535
513.0 16.66632831294229 577.5664104898633 560.9000821769211
516.0 17.19166851743622 574.7941261514003 557.6024576339641
519.0 17.74296221647124 571.9734286302141 554.2304664137428
522.0 18.38299554228894 568.2694758587 549.886480316411
525.0 18.99689009551299 567.9296516667134 548.9327615712004
528.0 19.67445329241995 564.6227138727797 544.9482605803598
531.0 20.41202449349906 565.4226813955154 545.0106569020163
534.0 21.01930323971507 564.6322658071447 543.6129625674296
537.0 22.07607473588523 554.4214370294176 532.3453622935324
540.0 22.75740451259358 567.0767377324551 544.3193332198615
543.0 23.67622348884295 557.5573901760577 533.8811666872147
546.0 25.67831476973195 532.1076612285898 506.4293464588579
549.0 25.53580706112234 558.8238204978249 533.2880134367025
552.0 28.83498337893703 525.8664490649826 497.0314656860455
555.0 31.53091173564921 498.674305709019 467.1433939733697
558.0 36.91528582016719 447.1824059954462 410.267120175279
561.0 48.28443740708729 401.6469657849524 353.3625283778651
564.0 45.46183024863442 415.5220731778874 370.060242929253
567.0 53.97051255157078 378.92472431711 324.9542117655393
570.0 58.74811309864747 363.2957974617994 304.547684363152
573.0 58.39354536863848 364.6881090082094 306.2945636395709
576.0 60.21560252327684 361.722136720885 301.5065341976082
579.0 72.33912921865989 329.7220542192335 257.3829250005736
582.0 93.95798466289203 277.7116998971927 183.7537152343007
585.0 118.2063215828494 232.9781868192076 114.7718652363583
588.0 119.6701815695825 231.6145491404968 111.9443675709143
591.0 134.4711782114942 205.722137 71.25095878850582
