0.0 3.319387696774939 860.6274171197322 857.3080294229572
3.0 1.659947871350612 858.7723329795387 857.1123851081881
6.0 0.8648273547589958 857.0432324072141 856.1784050524551
9.0 0.4311952955519788 855.4199263720947 854.9887310765428
12.0 0.1791953913308469 854.1350273730244 853.9558319816935
15.0 0.05590178960108972 852.587381162181 852.5314793725799
18.0 0.00747546267097144 851.3559068725665 851.3484314098956
21.0 0 850.0430518268398 850.0430518268398
24.0 0.0103962924058557 848.7150509437788 848.704654651373
27.0 0.03681809138007323 847.4444627920708 847.4076447006907
30.0 0.06924045385721445 846.4069557877616 846.3377153339044
33.0 0.1210968219892496 844.970730360855 844.8496335388658
36.0 0.1790132804708832 843.7247752558265 843.5457619753556
39.0 0.2460403069730552 842.6237250323845 842.3776847254114
42.0 0.3342160153107846 841.1776029691524 840.8433869538416
45.0 0.4336352914072849 839.6230045780056 839.1893692865984
48.0 0.5341842195167686 838.3577391298741 837.8235549103574
51.0 0.6522168416856261 836.7263502157887 836.0741333741031
54.0 0.7784122571345329 835.298255205709 834.5198429485745
57.0 0.9200553217285025 833.7597475179197 832.8396921961912
60.0 1.075623748987648 832.3151476642354 831.2395239152477
63.0 1.2418449921959 830.7787287543582 829.5368837621623
66.0 1.41937789014796 829.3731407293717 827.9537628392238
69.0 1.612399276104451 827.5428919292763 825.9304926531719
72.0 1.803200716414262 826.4383061366993 824.635105420285
75.0 2.022827443364913 824.1943338612028 822.1715064178378
78.0 2.22819638264386 823.1009123182674 820.8727159356236
81.0 2.456024558658576 821.1395822754741 818.6835577168155
84.0 2.687831285724352 819.396422294507 816.7085910087826
87.0 2.929158115176854 817.9306245727093 815.0014664575324
90.0 3.186789404005432 816.6774085398098 813.4906191358044
93.0 3.458842433511783 814.9126178729504 811.4537754394386
96.0 3.75859921224719 812.5988721681959 808.8402729559487
99.0 4.071152251363763 810.8456106951909 806.7744584438272
102.0 4.361850691441247 810.9545311958112 806.5926805043699
105.0 4.719861162197392 808.8930490095806 804.1731878473832
108.0 5.082701025008698 806.4683987189417 801.385697693933
111.0 5.411674025970443 805.0265985901242 799.6149245641538
114.0 5.737794176428023 804.0850443127614 798.3472501363334
117.0 6.030491733899047 804.0376880005715 798.0071962666724
120.0 6.31698453458698 805.2807529579841 798.9637684233972
123.0 6.616454874889541 803.5440940599618 796.9276391850722
126.0 6.889054606836585 800.2232868182565 793.3342322114199
129.0 7.093309792338694 799.5928774740487 792.49956768171
132.0 7.32909428411966 798.2886971858529 790.9596029017332
135.0 7.479604796186082 796.3434654242862 788.8638606281001
138.0 7.591688870136844 797.6892660696799 790.0975771995431
141.0 7.833715480906473 792.2765685911316 784.4428531102252
144.0 7.900428442570352 792.1466235699783 784.246195127408
147.0 7.94097104547165 795.970011028077 788.0290399826054
150.0 8.156418643504894 788.7535346461721 780.5971160026672
153.0 8.249679720392829 788.1964295564139 779.9467498360211
156.0 8.35837995150519 789.6427883487455 781.2844083972403
159.0 8.511888018751849 785.0970312744985 776.5851432557466
162.0 8.385730119003756 797.3463338251827 788.960603706179
165.0 8.673639418663991 781.8550357792303 773.1813963605664
168.0 8.745928004349465 782.5903974713242 773.8444694669747
171.0 8.913301877955665 778.6088041611243 769.6955022831687
174.0 8.901193666423416 785.0838194383773 776.1826257719538
177.0 8.935697660424488 792.1256468569965 783.189949196572
180.0 9.131383721742008 779.3072533368399 770.1758696150979
183.0 9.242650947430374 775.2040315089643 765.9613805615339
186.0 9.298915380587178 786.1234431383124 776.8245277577252
189.0 9.394927759801768 781.6895445282702 772.2946167684685
192.0 9.679062708521224 766.1846744653932 756.505611756872
195.0 9.726211395136935 772.8928301676227 763.1666187724858
198.0 9.845273794981692 766.7504153052656 756.9051415102839
201.0 9.964026277249069 765.188607538003 755.2245812607539
204.0 10.0936462516718 759.7906487689167 749.6970025172449
207.0 10.14858392663843 760.305489191174 750.1569052645355
210.0 10.27146977787576 757.0586981960779 746.7872284182021
213.0 10.36027531850447 758.914690159497 748.5544148409925
216.0 10.14261068659165 799.1707131473933 789.0281024608016
219.0 10.00806501810702 810.2312644070632 800.2231993889561
222.0 10.40470853918399 778.4351084709998 768.0303999318158
225.0 10.73284891475472 754.8756858028407 744.1428368880859
228.0 10.72233907617232 755.0506707601513 744.328331683979
231.0 10.89402256433652 749.2485131992644 738.3544906349279
234.0 10.98464009908143 746.8617478354796 735.8771077363982
237.0 11.09206543425613 746.7233806137095 735.6313151794534
240.0 10.98154063246646 753.2088858947409 742.2273452622744
243.0 11.12946429252382 744.7121216439331 733.5826573514093
246.0 11.12792130097726 743.702364885296 732.5744435843187
249.0 11.06414891793009 747.918160005046 736.8540110871159
252.0 11.21071655897902 742.7747025182756 731.5639859592965
255.0 11.13535032787741 741.5773998729032 730.4420495450258
258.0 10.48594559277087 825.0582716233952 814.5723260306243
261.0 11.30785893614681 734.0415420848327 722.7336831486859
264.0 11.24461505515746 736.3819080880207 725.1372930328633
267.0 11.20955273290853 734.5392225785214 723.3296698456128
270.0 11.21753554885063 733.9905450426324 722.7730094937818
273.0 11.07761854395993 757.9603588926082 746.8827403486482
276.0 11.32687035027808 726.4255172223198 715.0986468720418
279.0 11.15766945486382 738.1474567594053 726.9897873045415
282.0 11.28054815796236 726.0140362051971 714.7334880472347
285.0 11.06861311442665 742.433650605729 731.3650374913023
288.0 11.28956176589827 723.0726692250968 711.7831074591985
291.0 11.35006647334405 718.6485817805063 707.2985153071623
294.0 11.28676167624891 719.0085962574342 707.7218345811853
297.0 11.08880741510356 732.8589011298058 721.7700937147022
300.0 11.22453605857362 719.7323832541954 708.5078471956218
303.0 11.29924901561601 712.15643245268 700.857183437064
306.0 11.21092784850043 715.6847745010218 704.4738466525213
309.0 11.16341454007837 722.0586924814701 710.8952779413918
312.0 11.2022703569847 710.2133824478067 699.011112090822
315.0 11.22488424417275 709.1814612183242 697.9565769741514
318.0 11.24897898111643 705.4471939811918 694.1982150000754
321.0 11.19404076622027 706.7743083614637 695.5802675952435
324.0 11.22352550402028 702.2822195996959 691.0586940956756
327.0 11.21690506798864 700.9799100557397 689.763004987751
330.0 11.22036503581055 698.3210049508564 687.1006399150458
333.0 11.06352732220605 714.3183434554132 703.2548161332072
336.0 11.19525894392711 696.1102924620018 684.9150335180747
339.0 11.18727026171459 694.1210005957823 682.9337303340677
342.0 11.03286682861091 711.3419763651453 700.3091095365343
345.0 11.18444083898812 689.7439882148215 678.5595473758334
348.0 11.16612327000745 689.4785069012582 678.3123836312508
351.0 11.16667928356323 686.5302773312433 675.3635980476801
354.0 11.16657864893547 685.6941125753722 674.5275339264367
357.0 11.1371681916187 684.457608594966 673.3204404033473
360.0 11.14138420435763 683.2437511085722 672.1023669042146
363.0 11.14271967816527 681.2742230724249 670.1315033942596
366.0 11.16187031403182 678.9616538807368 667.799783566705
369.0 11.17127615816325 677.1931216238484 666.0218454656852
372.0 11.16255374556965 676.0982216700187 664.935667924449
375.0 11.17048623339853 674.569855051396 663.3993688179975
378.0 11.19224930130867 672.183799174591 660.9915498732823
381.0 11.20159441176753 670.300927877864 659.0993334660964
384.0 11.20998460040524 668.8744464721257 657.6644618717205
387.0 11.23629225198531 666.9492469552762 655.7129547032909
390.0 11.23774060455317 666.0253965329475 654.7876559283943
393.0 11.24795503228718 664.7085871084965 653.4606320762093
396.0 11.29762570655352 661.304674806234 650.0070490996805
399.0 11.3050651777022 660.1722913697782 648.867226192076
402.0 11.33594293828644 658.3198843479656 646.9839414096792
405.0 11.38742708777022 655.5191022834708 644.1316751957006
408.0 11.40498076223288 654.2698034714491 642.8648227092162
411.0 11.44162059965013 652.5430421702213 641.1014215705712
414.0 11.46956574256172 651.5657393195818 640.0961735770201
417.0 11.51265366388175 649.176160758242 637.6635070943603
420.0 11.5667360025332 647.4337609173708 635.8670249148376
423.0 11.62296346466475 645.0747379950178 633.451774530353
426.0 11.67293549504464 643.7610683649831 632.0881328699384
429.0 11.74829040741899 641.2803987712303 629.5321083638113
432.0 11.80065611525742 640.0817937867508 628.2811376714934
435.0 11.87739249562841 637.8890410249527 626.0116485293243
438.0 11.96633910766282 635.6922290513489 623.7258899436861
441.0 12.0657725886488 633.2306999775702 621.1649273889214
444.0 12.1492331616652 631.9712129712463 619.8219798095811
447.0 12.23718220110212 632.5369156438342 620.2997334427321
450.0 12.37362897861739 627.9295090490922 615.5558800704749
453.0 12.50930416592275 625.5880594502082 613.0787552842854
456.0 12.63422654768251 623.7521833156716 611.1179567679891
459.0 12.77648497421425 621.9050771686089 609.1285921943946
462.0 12.94160114555786 619.5113750508144 606.5697739052566
465.0 13.10199422242209 618.4383585828799 605.3363643604579
468.0 13.30039032709122 614.9103416219776 601.6099512948863
471.0 13.48660557551405 613.6275791984302 600.1409736229161
474.0 13.69315463816498 611.6576906558455 597.9645360176805
477.0 13.93260068391477 608.7797288393357 594.8471281554209
480.0 14.16514530295521 606.9859958269866 592.8208505240313
483.0 14.43866798178722 604.8007132284508 590.3620452466636
486.0 14.72173313254128 602.1314359676752 587.409702835134
489.0 15.0004985643687 600.3597726542723 585.3592740899036
492.0 15.31507183580467 598.8356622351376 583.5205903993329
495.0 15.67443178536386 595.4757035352583 579.8012717498944
498.0 16.03981212511251 593.1410083807559 577.1011962556434
501.0 16.43537351713192 591.0295749091471 574.5942013920152
504.0 16.85368186465938 587.3716579120616 570.5179760474022
507.0 17.29182659227709 585.744006331938 568.4521797396609
510.0 17.75936410491816 583.195480251818 565.4361161468998
513.0 18.25580258932943 581.6905451185564 563.4347425292269
516.0 18.80022147171045 578.6577730501251 559.8575515784146
519.0 19.3713669371496 575.4547924843644 556.0834255472148
522.0 20.0357815132956 571.7013177245254 551.6655362112298
525.0 20.65401171486516 571.7264476625406 551.0724359476754
528.0 21.35554994696852 567.7716040805413 546.4160541335728
531.0 22.08848052625878 570.1683964163585 548.0799158900997
534.0 22.70471520416388 568.938251077105 546.2335358729411
537.0 23.82907291863713 556.9968240308641 533.167751112227
540.0 24.43869303461869 571.4093633122531 546.9706702776344
543.0 25.42094869391626 560.0169160258246 534.5959673319083
546.0 27.57992478671153 533.2390467250413 505.6591219383298
549.0 27.28670549690143 560.2304168766832 532.9437113797818
552.0 30.79131728926564 526.1588104897331 495.3674932004675
555.0 33.65454520483513 498.7631215341408 465.1085763293056
558.0 39.35617549541526 447.2647845714305 407.9086090760153
561.0 51.04265573853103 401.7532277470416 350.7105720085106
564.0 48.12714182073739 415.5471206903235 367.4199788695861
567.0 56.88735663414027 378.9695958623259 322.0822392281856
570.0 61.77886262643164 363.3108092507199 301.5319466242882
573.0 61.41454544543954 364.7052723243387 303.2907268788992
576.0 63.26335682412193 361.7221367926482 298.4587799685263
579.0 75.63299126065622 329.7220679464887 254.0890766858325
582.0 97.66252540777852 277.7124742399695 180.049948832191
585.0 122.2955870201023 232.9913191670251 110.6957321469227
588.0 123.7752417265623 231.6191766420921 107.8439349155298
591.0 138.8032265586558 205.722137 66.91891044134417
