0.0 3.187851788050986 876.4948535823288 873.3070017942778
3.0 1.533610039723552 874.6029096587205 873.0692996189969
6.0 0.7592140191171418 872.7937554253265 872.0345414062093
9.0 0.3498199760338315 871.30539378027 870.9555738042362
12.0 0.1189781287460333 870.0873347594051 869.9683566306591
15.0 0.02504970051206818 868.683659660746 868.6586099602339
18.0 0 867.6318457994453 867.6318457994453
21.0 0.0206750705896123 866.2847917129464 866.2641166423568
24.0 0.05949189668865318 864.9848586244272 864.9253667277386
27.0 0.1135885540129779 863.7301175648978 863.6165290108848
30.0 0.1673968137130671 862.8312666953754 862.6638698816623
33.0 0.2514882942351158 861.3740972938244 861.1226089995893
36.0 0.3372870086255741 860.1195413721958 859.7822543635702
39.0 0.4280498235091323 859.1248618900313 858.6968120665222
42.0 0.5499822697899284 857.5989181815431 857.0489359117532
45.0 0.6845417106065779 856.0912556486385 855.4067139380319
48.0 0.8139371267642471 854.8406711221637 854.0267339953995
51.0 0.9701471192294425 853.1532529738478 852.1831058546183
54.0 1.128685347922931 851.8075996788255 850.6789143309026
57.0 1.307802418504765 850.1057024340041 848.7979000154993
60.0 1.494095298242135 849.0428152739237 847.5487199756816
63.0 1.698093601497294 847.3384938859085 845.6404002844112
66.0 1.907859175084934 846.1246599396633 844.2168007645784
69.0 2.147569039575212 843.9348258430885 841.7872568035133
72.0 2.361578767231462 843.3011876575412 840.9396088903097
75.0 2.639024698969514 840.5103409980642 837.8713162990947
78.0 2.869975975306321 839.6258365897055 836.7558606143992
81.0 3.146973994621634 837.4542622071518 834.3072882125302
84.0 3.425197803267513 835.2553373228553 831.8301395195878
87.0 3.6998094305878 834.0737165638329 830.3739071332451
90.0 3.982657944829817 833.5764738898541 829.5938159450243
93.0 4.299781969747804 831.7100146964929 827.4102327267451
96.0 4.666178367393116 828.2528620935893 823.5866837261962
99.0 5.022357300844423 826.6345321463219 821.6121748454775
102.0 5.302459747250944 828.0156168849323 822.7131571376814
105.0 5.710494787121135 826.2222113444104 820.5117165572892
108.0 6.143773075068795 822.661747212577 816.5179741375082
111.0 6.517850951746997 820.4820770829411 813.9642261311941
114.0 6.863115779187982 820.5294453232124 813.6663295440244
117.0 7.144282566491249 822.5613835670452 815.4171010005539
120.0 7.359697090032146 829.687368444328 822.3276713542959
123.0 7.70331142371665 827.4484235397381 819.7451121160214
126.0 8.121230931668521 816.5656460923859 808.4444151607174
129.0 8.342681095716716 815.9963906782606 807.6537095825439
132.0 8.541016647269316 823.6358515582305 815.0948349109612
135.0 8.743478490722193 822.8020047297518 814.0585262390296
138.0 8.748484524512746 832.5011194009399 823.7526348764272
141.0 9.262261588588942 808.1033959949575 798.8411344063686
144.0 9.263709354288828 818.7085339241827 809.4448245698939
147.0 9.1993454334671 822.2322952906554 813.0329498571883
150.0 9.680552763100077 803.2392303258432 793.5586775627432
153.0 9.789913545550504 802.1514963969481 792.3615828513976
156.0 9.609472292040352 837.3986287732929 827.7891564812526
159.0 10.11971832723949 799.5130479578844 789.3933296306449
162.0 9.369437186792171 849.3104395548295 839.9410023680373
165.0 10.3634980789962 795.2985433094163 784.9350452304201
168.0 10.39633602138164 798.5456781819519 788.1493421605703
171.0 10.6740115662741 792.440066232958 781.7660546666839
174.0 10.42095873459725 808.6246041204358 798.2036453858386
177.0 9.809262122580221 868.0636809565339 858.2544188339537
180.0 10.78833551410456 803.090516102014 792.3021805879095
183.0 11.04394247476112 793.1767103504237 782.1327678756626
186.0 10.48304314823257 842.6529839621512 832.1699408139186
189.0 10.73020913248341 833.7739513741636 823.0437422416802
192.0 11.73597652399094 778.7369177018518 767.0009411778608
195.0 11.46269428121989 803.3537832334662 791.8910889522463
198.0 11.86428678234212 782.1203375698475 770.2560507875053
201.0 11.96814562396554 786.1859118705199 774.2177662465543
204.0 12.28893179227301 773.1705823302342 760.8816505379611
207.0 12.32866954395516 774.1050429991682 761.776373455213
210.0 12.53949763766742 769.3217362863864 756.782238648719
213.0 12.54084146116316 776.0559984709017 763.5151570097385
216.0 10.38751669193916 903.5424067861768 893.1548900942376
219.0 10.29305510546933 888.0569815713607 877.7639264658914
222.0 11.74145737518112 834.2033550710831 822.461897695902
225.0 12.97728614623336 775.0801904974216 762.1029043511882
228.0 12.99967607428338 771.4623379998702 758.4626619255869
231.0 13.331042669637 762.4788515064862 749.1478088368492
234.0 13.48196313469637 759.4256827638079 745.9437196291115
237.0 13.55337789778939 763.6585568787937 750.1051789810044
240.0 13.1678675228961 783.5128540949008 770.3449865720047
243.0 13.63642873808045 761.3299620779169 747.6935333398365
246.0 13.66668092283573 759.1095105485419 745.4428296257061
249.0 13.45616610526764 768.4271460679799 754.9709799627123
252.0 13.72757127425481 762.8565188291168 749.1289475548619
255.0 13.6606342755164 763.562000385884 749.9013661103676
258.0 10.30309761804513 904.5822137390584 894.2791161210133
261.0 14.07124641078382 748.2740498260953 734.2028034153115
264.0 13.92862864604232 753.1805478307467 739.2519191847044
267.0 13.93628424414354 751.0746316417599 737.1383473976164
270.0 13.96191064306645 749.6694603148016 735.7075496717352
273.0 12.68581496452177 828.3678605959753 815.6820456314535
276.0 14.26451554358438 739.4674590022874 725.202943458703
279.0 13.50258658940737 785.8545084233913 772.3519218339839
282.0 14.20654814714935 740.9418106142012 726.7352624670519
285.0 13.21674890947932 798.2981081428604 785.0813592333811
288.0 14.26061040175071 739.8895370524988 725.6289266507481
291.0 14.44508051489605 732.6844240488121 718.2393435339161
294.0 14.34971381728453 735.4216258064943 721.0719119892097
297.0 13.46211186826691 788.6730498485913 775.2109379803244
300.0 14.18310159152117 745.8230842508247 731.6399826593035
303.0 14.53180244250518 726.3080334369034 711.7762309943983
306.0 14.30930758433407 735.5617826832334 721.2524750988993
309.0 13.75813297348057 780.9218881595729 767.1637551860923
312.0 14.46375791904008 725.1643043115435 710.7005463925034
315.0 14.47235333469912 728.0399832066072 713.5676298719081
318.0 14.61653845406257 720.2072416724479 705.5907032183854
321.0 14.49023917726527 725.7336290756383 711.243389898373
324.0 14.64900564840842 718.077060274503 703.4280546260946
327.0 14.64790479086658 719.2695857910097 704.6216810001431
330.0 14.73230535143811 714.0478683792491 699.3155630278109
333.0 13.58161898277609 795.2687574351054 781.6871384523293
336.0 14.74516939738989 712.6212798101633 697.8761104127734
339.0 14.78762229444972 709.74978206858 694.9621597741302
342.0 13.50881761979841 801.0107110974271 787.5018934776287
345.0 14.88689092723959 704.5530682834523 689.6661773562127
348.0 14.85085911670977 706.6581426921776 691.8072835754678
351.0 14.94356716325872 700.6338833632085 685.6903161999498
354.0 14.94082903135635 701.9726643416228 687.0318353102665
357.0 14.93809949476169 700.6394311697103 685.7013316749486
360.0 14.95273794949377 701.0648006977279 686.1120627482342
363.0 15.00268638176836 698.398525259336 683.3958388775677
366.0 15.07543281183432 695.7190310523591 680.6435982405248
369.0 15.12914318582263 693.2862267076484 678.1570835218258
372.0 15.12836102227206 693.8621241937784 678.7337631715063
375.0 15.17589072427849 691.4501000851903 676.2742093609118
378.0 15.25361025515422 688.6573195857538 673.4037093305996
381.0 15.30710699774247 686.4509998431715 671.143892845429
384.0 15.34287778434088 685.3391852349357 669.9963074505949
387.0 15.40601477521036 684.0305242680483 668.6245094928379
390.0 15.39968090539728 686.4856973113147 671.0860164059174
393.0 15.43348979005233 685.7039690181292 670.2704792280769
396.0 15.59628893482213 677.6179124382346 662.0216235034125
399.0 15.62577833902975 676.6814520271316 661.0556736881018
402.0 15.69511976114396 675.0948688979416 659.3997491367976
405.0 15.81763633989288 671.2488544022676 655.4312180623748
408.0 15.85060694304095 671.4220725125313 655.5714655694904
411.0 15.9321432746582 668.7214783946358 652.7893351199776
414.0 15.94732227659942 672.1485344765199 656.2012121999205
417.0 16.07753940871746 665.1926755532077 649.1151361444903
420.0 16.16025270430169 664.5901208999469 648.4298681956452
423.0 16.27762158240397 661.1646798031517 644.8870582207477
426.0 16.34526518063338 661.131372510742 644.7861073301086
429.0 16.48525235332306 657.5737080070295 641.0884556537064
432.0 16.5457520892629 658.6655913442206 642.1198392549577
435.0 16.68511008998152 654.6461892994264 637.9610792094449
438.0 16.82798072100898 651.8646277552715 635.0366470342625
441.0 16.98610994612411 649.0910622283644 632.1049522822403
444.0 17.08558476113491 649.20405597929 632.1184712181551
447.0 16.96752897500615 676.2711850632358 659.3036560882297
450.0 17.40191118652834 645.0384546115276 627.6365434249993
453.0 17.58656574557783 643.3403425961542 625.7537768505764
456.0 17.75922322992411 640.6783680444399 622.9191448145158
459.0 17.93658562125155 639.7807342820743 621.8441486608227
462.0 18.16819652077823 635.971946557028 617.8037500362498
465.0 18.29281896229946 643.1030363210708 624.8102173587713
468.0 18.63508295216184 631.1958489566288 612.560766004467
471.0 18.83360680787129 632.1206589742869 613.2870521664157
474.0 19.09228658438456 629.3320158167979 610.2397292324134
477.0 19.41036217050702 625.1703526364163 605.7599904659093
480.0 19.68348358674103 623.650616383267 603.967132796526
483.0 19.98631296606636 624.3924207024835 604.4061077364172
486.0 20.35172684838589 619.3908331057703 599.0391062573844
489.0 20.67536922024692 617.3617967443472 596.6864275241003
492.0 20.99874373164158 619.6309751080516 598.63223137641
495.0 21.47081489882506 612.2653187556802 590.7945038568551
498.0 21.89336484301461 610.0486938073043 588.1553289642897
501.0 22.33503309369486 608.7743881825675 586.4393550888726
504.0 22.87019080921616 601.970974794179 579.1007839849628
507.0 23.34235469758211 601.3935975424744 578.0512428448923
510.0 23.88285942012634 598.0040600092831 574.1212005891568
513.0 24.41003692714727 597.844927481602 573.4348905544548
516.0 25.04990750899291 592.6730196920365 567.6231121830436
519.0 25.72033725392655 587.6436690616052 561.9233318076787
522.0 26.47940737504626 583.9267256826126 557.4473183075663
525.0 27.09087460615486 585.9027588599839 558.811884253829
528.0 27.92607701893632 578.5401209585791 550.6140439396427
531.0 28.53663389431853 589.6392966407482 561.1026627464297
534.0 29.22224061376098 585.1810769136416 555.9588362998806
537.0 30.7043087074051 565.858200041045 535.1538913336399
540.0 30.95523330225453 585.830565180131 554.8753318778764
543.0 32.27432291288934 567.9568335737387 535.6825106608494
546.0 35.09509398093405 537.5663311741118 502.4712371931777
549.0 34.22426242976434 563.5383695186396 529.3141070888753
552.0 38.56445140371268 526.8619931696833 488.2975417659706
555.0 42.08017909404962 499.0628620834254 456.9826829893758
558.0 49.00585503286808 447.537667727058 398.53181269419
561.0 61.91523122644352 402.1000914494281 340.1848602229846
564.0 58.64527618042514 415.6158555883805 356.9705794079553
567.0 68.37464293149127 379.1164881810567 310.7418452495654
570.0 73.70688506316298 363.3616243635941 289.6547393004311
573.0 73.30483999854742 364.7657490627755 291.4609090642281
576.0 75.25768675522478 361.7221369319889 286.4644501767641
579.0 88.5765933619397 329.7221020377339 241.1455086757942
582.0 112.1901391387476 277.7148956290094 165.5247564902617
585.0 138.3065349002167 233.0371366566823 94.73060175646565
588.0 139.8475302567801 231.6348184099081 91.78728815312802
591.0 155.7512620994716 205.722137 49.97087490052834
