0.0 3.174730228992766 878.2249591373939 875.0502289084012
3.0 1.521021139179325 876.3514665470952 874.8304454079159
6.0 0.7490484366610092 874.5292112893147 873.7801628526537
9.0 0.3421394488682798 873.0635627116507 872.7214232627824
12.0 0.1135961578465177 871.844412464397 871.7308163065505
15.0 0.02268055377466247 870.4717285403684 870.4490479865937
18.0 0 869.4373908395064 869.4373908395064
21.0 0.02386779770714194 868.0820549080855 868.0581871103783
24.0 0.06579336323911902 866.788288646943 866.7224952837039
27.0 0.1229297986965969 865.5392022108064 865.4162724121098
30.0 0.1789397114844584 864.6536007409996 864.4746610295152
33.0 0.2666131556002376 863.2011344567609 862.9345213011607
36.0 0.3555370628170177 861.9415392882566 861.5860022254395
39.0 0.4488191780689526 860.9525263302682 860.5037071521993
42.0 0.5745914165591583 859.4229936347757 858.8484022182165
45.0 0.712957529358939 857.928811736555 857.215854207196
48.0 0.8455721139992184 856.6715252779687 855.8259531639695
51.0 1.006071819085245 854.9854544320185 853.9793826129332
54.0 1.16810341758623 853.6460082627826 852.4779048451964
57.0 1.351625339347094 851.9208789799685 850.5692536406214
60.0 1.540754934048746 850.9193184890033 849.3785635549546
63.0 1.74923567989746 849.1790072808654 847.429771600968
66.0 1.962271155546304 848.0031627586374 846.0408916030911
69.0 2.207699039682081 845.7581649827529 843.5504659430708
72.0 2.423599224888149 845.1961027134339 842.7725034885457
75.0 2.708291060837351 842.3136723111579 839.6053812503206
78.0 2.941806566025993 841.457062737255 838.515256171229
81.0 3.224526581356895 839.265577645684 836.0410510643271
84.0 3.50860286402444 836.9907378624715 833.482134998447
87.0 3.78658400562073 835.8250149254067 832.038430919786
90.0 4.071113972285254 835.4441316033381 831.3730176310529
93.0 4.393303939947167 833.5933296909883 829.2000257510411
96.0 4.768807401867273 829.954954291226 825.1861468893587
99.0 5.129513568102412 828.3980122033561 823.2684986352537
102.0 5.406965065647828 829.850527682171 824.4435626165231
105.0 5.820040598934247 828.130251234845 822.3102106359107
108.0 6.262807975706821 824.401650978196 818.1388430024892
111.0 6.642943515840978 822.123636023708 815.480692507867
114.0 6.988659397924263 822.3835436784893 815.394884280565
117.0 7.265336204796725 824.7779792956284 817.5126430908316
120.0 7.463316200089588 833.0911868458243 825.6278706457347
123.0 7.813383295201393 830.4474697236048 822.6340864284034
126.0 8.259017394983737 818.3394869540851 810.0804695591013
129.0 8.482298293393278 817.7786220367374 809.2963237433442
132.0 8.661090369159966 827.3656459756225 818.7045556064626
135.0 8.864595977502954 827.7741516866434 818.9095557091405
138.0 8.84608963317386 838.2489140591297 829.4028244259559
141.0 9.42244308050377 809.8393539260342 800.4169108455304
144.0 9.395315461031957 823.9168029530679 814.521487492036
147.0 9.324473374277994 825.7251443700641 816.4006709957861
150.0 9.853225914284839 804.8055354204445 794.9523095061596
153.0 9.965582088099347 803.5335476219603 793.5679655338609
156.0 9.694290670823947 846.0884677115185 836.3941770406945
159.0 10.30221549407538 800.9639897187795 790.6617742247041
162.0 9.428807655227821 855.4366661828905 846.0078585276626
165.0 10.55653792766747 796.6053257257702 786.0487877981027
168.0 10.58152352585673 800.1728117108297 789.591288184973
171.0 10.87436473277409 793.8004462002561 782.926081467482
174.0 10.58187515153517 810.9918233932114 800.4099482416763
177.0 9.823588612328069 876.1768763329032 866.3532877205751
180.0 10.96244587828287 805.9400638532811 794.9776179749982
183.0 11.24272914094451 795.1559740165659 783.9132448756214
186.0 10.56066023292026 848.6095020831495 838.0488418502293
189.0 10.82917174551585 839.6584242358189 828.829252490303
192.0 11.97083458733201 779.9773540865572 768.0065194992252
195.0 11.63708196273198 806.7709746144292 795.1338926516973
198.0 12.0911883841398 783.6881490103412 771.5969606262014
201.0 12.18478919006618 788.6521890451845 776.4673998551183
204.0 12.53786177150395 774.5593258644382 762.0214640929343
207.0 12.57550323185536 775.5043198351534 762.928816603298
210.0 12.79817180071339 770.5336478950195 757.7354760943061
213.0 12.7831654153518 777.8522600978037 765.0690946824519
216.0 10.324432065715 908.3068802801711 897.9824482144561
219.0 10.26753136004495 891.400582419251 881.133051059206
222.0 11.84321389365488 838.8199806853823 826.9767667917274
225.0 13.22245417255284 777.2566426331844 764.0341884606316
228.0 13.2538861565183 773.1496229579788 759.8957368014605
231.0 13.60741045767649 763.7532385557146 750.1458280980381
234.0 13.76585998409951 760.6389043935884 746.8730444094889
237.0 13.82684933980089 765.5115579338114 751.6847085940105
240.0 13.39238171478245 786.9496942847477 773.5573125699652
243.0 13.91561681933315 763.0919160807018 749.1762992613686
246.0 13.95135792010533 760.6538538200385 746.7024958999332
249.0 13.71809257633335 770.4610782196131 756.7429856432797
252.0 14.00284470040674 765.1148176516347 751.1119729512279
255.0 13.9336821506206 766.1928857730372 752.2592036224166
258.0 10.2413189467901 906.0932697128856 895.8519507660955
261.0 14.38215599623468 749.7589094270528 735.3767534308181
264.0 14.22750269134997 754.9074458564095 740.6799431650596
267.0 14.2400483862078 752.8290549804955 738.5890065942877
270.0 14.26925459609584 751.2047378097624 736.9354832136665
273.0 12.80298173942368 833.2546877223405 820.4517059829168
276.0 14.59659178554625 740.7608681358415 726.1642763502953
279.0 13.72008328926529 791.2768411716938 777.5567578824285
282.0 14.53479584416231 742.4610960540095 727.9263002098472
285.0 13.40455059678213 803.7440689170381 790.3395183202559
288.0 14.5911235915147 741.6759800451763 727.0848564536616
291.0 14.79319582287596 734.1233079583511 719.3301121354751
294.0 14.69085091199715 737.1938707402597 722.5030198282626
297.0 13.67215223286572 794.760540739968 781.0883885071023
300.0 14.49782145476198 749.1745848803926 734.6767634256306
303.0 14.89490386907657 727.7964804310394 712.9015765619628
306.0 14.64947877988261 737.8054632616893 723.1559844818067
309.0 13.98588981106186 787.8770463503006 773.8911565392388
312.0 14.82935152370179 726.6592956784403 711.8299441547385
315.0 14.83059894562576 730.1190590116096 715.2884600659838
318.0 14.99400155223125 721.7237631157271 706.7297615634958
321.0 14.85392088645741 727.7887340640746 712.9348131776172
324.0 15.03130257440879 719.7668331173053 704.7355305428965
327.0 15.02692371998687 721.3948919180905 706.3679681981036
330.0 15.12413022519875 715.7771460457948 700.6530158205961
333.0 13.77440910767226 803.1257507960646 789.3513416883923
336.0 15.14026742844956 714.4157342595842 699.2754668311347
339.0 15.18967303530711 711.3953635623288 696.2056905270217
342.0 13.68803396779815 808.8642426074495 795.1762086396514
345.0 15.30137860231017 706.1030443879711 690.8016657856609
348.0 15.25997464273247 708.5448751341204 693.2849004913879
351.0 15.36745262038656 702.0583171563333 686.6908645359467
354.0 15.36121680464087 703.7222746463185 688.3610578416776
357.0 15.36159761904602 702.3775106844349 687.0159130653888
360.0 15.37500675470316 703.039252415588 687.6642456608849
363.0 15.43140630358097 700.2604620231673 684.8290557195863
366.0 15.51061241308395 697.5342276627767 682.0236152496927
369.0 15.57021874974801 695.0076512540998 679.4374325043518
372.0 15.5677808082933 695.8561545508164 680.2883737425231
375.0 15.62126826456109 693.23906855569 677.6178002911289
378.0 15.70571059783032 690.4107784044409 674.7050678066106
381.0 15.76449213536438 688.1835620948232 672.4190699594588
384.0 15.80289541343956 687.1045027484052 671.3016073349656
387.0 15.86907540463826 685.92696324718 670.0578878425417
390.0 15.85619028524268 689.1039861694094 673.2477958841668
393.0 15.89178095224661 688.4245157407849 672.5327347885383
396.0 16.0748702876481 679.3808161617058 663.3059458740577
399.0 16.10659467810755 678.4551701315234 662.3485754534159
402.0 16.1797083575358 676.9407521402246 660.7610437826888
405.0 16.31164075317468 672.9389826906937 656.6273419375191
408.0 16.34393806958196 673.4171120628331 657.0731739932511
411.0 16.43222618743191 670.4724983602224 654.0402721727905
414.0 16.43827496351439 674.9487803859985 658.5105054224841
417.0 16.58623826306745 666.8863178097154 650.3000795466479
420.0 16.67030103634233 666.4980853540636 649.8277843177213
423.0 16.79613614945177 662.8797927787512 646.0836566292994
426.0 16.86375754877604 663.0708913261095 646.2071337773334
429.0 17.01255151453912 659.338421236547 642.3258697220079
432.0 17.07007770687969 660.9347388843695 643.8646611774898
435.0 17.21961641124954 656.4724851858092 639.2528687745596
438.0 17.36941965709441 653.5806031927101 636.2111835356157
441.0 17.5343771479905 650.8044335967398 633.2700564487493
444.0 17.63356956514759 651.1353688919601 633.5017993268125
447.0 17.44502297817454 684.5164389203273 667.0714159421528
450.0 17.96037656364863 646.9258334742797 628.9654569106311
453.0 18.14919220814348 645.4233395051604 627.2741472970169
456.0 18.32869791837849 642.5396973753017 624.2109994569232
459.0 18.50831176755527 641.8627549634523 623.354443195897
462.0 18.74965883949398 637.7622899842038 619.0126311447099
465.0 18.85568253860548 646.9147847230484 628.0591021844429
468.0 19.2287672823655 632.9692922786056 613.7405249962401
471.0 19.42511394117381 634.3207465246448 614.895632583471
474.0 19.69115103047611 631.2971635525433 611.6060125220672
477.0 20.01988733605018 626.9316235168754 606.9117361808252
480.0 20.29714019092132 625.4475745002189 605.1504343092976
483.0 20.59821872319139 626.8291703516463 606.2309516284549
486.0 20.97667894281211 621.3407650599395 600.3640861171274
489.0 21.30591573721024 619.2059981580242 597.900082420814
492.0 21.62382497499175 622.2971558105079 600.6733308355162
495.0 22.11508127148002 614.1044598994648 591.9893786279848
498.0 22.5437247373383 611.9313616501478 589.3876369128095
501.0 22.98922913066774 610.7936723621287 587.804443231461
504.0 23.5420211900568 603.5090208912752 579.9669997012184
507.0 24.01646119561345 603.0753063719786 579.0588451763652
510.0 24.56623296295975 599.5824798608829 575.0162468979231
513.0 25.09474227859382 599.6545697852051 574.5598275066113
516.0 25.74857641294116 594.1013003819822 568.352723969041
519.0 26.43253611852144 588.8440564301046 562.4115203115832
522.0 27.20200247739846 585.1455872256177 557.9435847482192
525.0 27.81000329208671 587.3719575689164 559.5619542768296
528.0 28.66479214379688 579.5724649906079 550.907672846811
531.0 29.24966185665442 591.7692863287272 562.5196244720727
534.0 29.94781048987858 586.8178028947277 556.8699924048492
537.0 31.47921077295083 566.715330370736 535.2361195977852
540.0 31.68369947794076 587.1433348676873 555.4596353897466
543.0 33.0481479293139 568.6816236133529 535.633475684039
546.0 35.9465171298316 538.0352675375709 502.0887504077393
549.0 35.01349506923106 563.7608622210297 528.7473671517987
552.0 39.44934835115879 526.9128296774792 487.4634813263204
555.0 43.0379826588348 499.0928711287438 456.054888469909
558.0 50.09970024176781 447.5642810319831 397.4645807902153
561.0 63.14486450842534 402.1333497668743 338.9884852584489
564.0 59.83587493764104 415.621423073847 355.7855481362059
567.0 69.67282386045298 379.1305726842192 309.4577488237662
570.0 75.05415438979885 363.3666662051982 288.3125118153993
573.0 74.64790431768696 364.7719576533969 290.1240533357099
576.0 76.61238699841854 361.7221369397313 285.1097499413127
579.0 90.03676825271746 329.7221045264187 239.6853362737012
582.0 113.8263124195323 277.7151181958142 163.8888057762819
585.0 140.107468295978 233.0418016073074 92.93433331132944
588.0 141.6553175141554 231.6363635997534 89.98104608559796
591.0 157.6563740772197 205.722137 48.06576292278024
