0.0 3.104047618708946 887.9372080738229 884.833160455114
3.0 1.452167766415537 886.2462758417424 884.7941080753269
6.0 0.6945971284906339 884.328939818498 883.6343426900074
9.0 0.3006558028135893 883.0163478973061 882.7156920944925
12.0 0.08533758244201594 881.7598557734997 881.6745181910577
15.0 0.009897918407604712 880.6116314405746 880.601733522167
18.0 0 879.6490567455773 879.6490567455773
21.0 0.04237150903760992 878.237332616745 878.1949611077074
24.0 0.1015877442189074 876.9902323199597 876.8886445757408
27.0 0.1756191420038407 875.7903926958606 875.6147735538567
30.0 0.2436003906306154 874.9639025664004 874.7203021757698
33.0 0.3512131406970906 873.5703393058976 873.2191261652006
36.0 0.4581604734157802 872.261981172825 871.8038206994092
39.0 0.5656515766736474 871.2660764355367 870.700424858863
42.0 0.7131262953390311 869.7638762495492 869.0507499542102
45.0 0.8723786374333118 868.3641867158713 867.4918080784379
48.0 1.023707304049862 867.0305909257472 866.0068836216974
51.0 1.20822044628552 865.4038206142021 864.1956001679166
54.0 1.389925520357198 864.0655818473487 862.6756563269915
57.0 1.599359588670139 862.2277017021916 860.6283421135215
60.0 1.801593767938663 861.6315074889876 859.829913721049
63.0 2.037418648365075 859.6102214759452 857.5728028275801
66.0 2.266944004996347 858.7286692873718 856.4617252823754
69.0 2.547446513542796 856.1182088744553 853.5707623609125
72.0 2.770503499383732 856.0527424246357 853.2822389252519
75.0 3.101161516302476 852.4522156911059 849.3510541748034
78.0 3.347573141454938 851.8538408736911 848.5062677322361
81.0 3.663607388181151 849.5406512336754 845.8770438454943
84.0 3.984673481768051 846.7280697566943 842.7433962749262
87.0 4.281772933951555 845.4895046588576 841.207731724906
90.0 4.570294247379659 845.8539782155684 841.2836839681888
93.0 4.919168388557975 844.4030990593852 839.4839306708272
96.0 5.35553212556722 839.4430846129862 834.087552487419
99.0 5.737271746751919 838.6809150396209 832.943643292869
102.0 5.999886412158837 839.7830944007995 833.7832079886407
105.0 6.437456070690009 838.6575654863263 832.2201094156362
108.0 6.94187677793838 833.8729253955712 826.9310486176328
111.0 7.360651344412548 831.0416411964406 823.680989852028
114.0 7.697303842031808 832.9985845672239 825.301280725192
117.0 7.929678206240112 838.0857446215104 830.1560664152702
120.0 7.962015008851015 856.3112469103353 848.3492319014843
123.0 8.383126292902638 847.6325999228588 839.2494736299562
126.0 9.042574296026746 828.0580853094193 819.0155110133926
129.0 9.275725679209204 827.5762980951733 818.3005724159641
132.0 9.243635722721845 851.0284122957795 841.7847765730577
135.0 9.362352029465597 865.8049362889221 856.4425842594565
138.0 9.210243933518429 873.1571699738161 863.9469260402976
141.0 10.33444388499466 819.3618233672726 809.0273794822779
144.0 9.92616472949266 866.7881508738213 856.8619861443286
147.0 9.955322092496709 846.148995851462 836.1936737589653
150.0 10.84316944655354 813.4368114952068 802.5936420486533
153.0 10.98270507422052 810.6801879895531 799.6974829153326
156.0 9.866462761863666 894.3295809721773 884.4631182103136
159.0 11.35489709517831 808.5209412574218 797.1660441622435
162.0 9.610455024839981 882.5699384929711 872.9594834681311
165.0 11.6756474556553 803.2731469323661 791.5974994767108
168.0 11.64176171715433 808.7266875964676 797.0849258793133
171.0 12.03254794374223 800.7736367749694 788.7410888312271
174.0 11.47781347056574 822.5223959894542 811.0445825188884
177.0 9.710928039620263 905.1633224498208 895.4523944102006
180.0 11.9038861680748 821.8297706499155 809.9258844818407
183.0 12.36043435534081 806.8018689581162 794.4414346027754
186.0 10.86638478615062 872.2995578778128 861.4331730916622
189.0 11.2516940764693 864.2742463703741 853.0225522939048
192.0 13.32910870121328 786.4181424245401 773.0890337233268
195.0 12.56569413488385 823.6378597937299 811.0721656588461
198.0 13.39015580599762 791.9556385988414 778.5654827928438
201.0 13.38431815163807 802.3468334293021 788.9625152776641
204.0 13.9682764612843 782.075110926055 768.1068344647707
207.0 13.99438513498655 782.9084376420877 768.9140525071011
210.0 14.29264393002285 776.8122203233801 762.5195763933572
213.0 14.16022566404633 787.2462969910427 773.0860713269963
216.0 9.917887968574008 920.2241392000521 910.3062512314781
219.0 10.10790554922569 900.436541271674 890.3286357224483
222.0 12.34173099400636 855.8717986695326 843.5300676755262
225.0 14.59983903422028 788.599319858211 773.9994808239907
228.0 14.70265775546391 782.0281524834156 767.3254947279517
231.0 15.20033610679234 770.1929936966651 754.9926575898727
234.0 15.40372784247314 766.8170210570772 751.4132932146041
237.0 15.37656725386516 775.5006392169111 760.1240719630459
240.0 14.60260213058318 804.2565062599165 789.6539041293334
243.0 15.50250442626939 772.4105808012329 756.9080763749635
246.0 15.57965133179641 768.595394128264 753.0157427964676
249.0 15.19894617549899 780.5559080556728 765.3569618801738
252.0 15.54481098115792 777.430655491382 761.8858445102241
255.0 15.44494721805075 780.9427450165266 765.4977977984759
258.0 9.934046425197568 909.1931654844274 899.2591190592298
261.0 16.16002693611621 757.7152475326373 741.5552205965211
264.0 15.9280957993104 763.9088528134439 747.9807570141335
267.0 15.96567412524932 762.3005231880559 746.3348490628066
270.0 16.02694942272362 758.9814058935674 742.9544564708438
273.0 13.39413750290576 848.7520788041822 835.3579413012765
276.0 16.50363858262126 747.4591103936457 730.9554718110244
279.0 14.8257418807921 815.0814014194212 800.2556595386291
282.0 16.41014305212895 750.4637249913354 734.0535819392065
285.0 14.35462768138608 825.1928055696875 810.8381778883014
288.0 16.46731911590004 751.2386220327873 734.7713029168872
291.0 16.78424791288643 741.7526895885101 724.9684416756237
294.0 16.62719329010484 746.8169045730053 730.1897112829004
297.0 14.71943096228333 819.7386353200874 805.019204357804
300.0 16.21112388739432 768.4420787470188 752.2309548596244
303.0 16.96797590006426 735.8605662625014 718.8925903624372
306.0 16.55893306770354 750.2424154727758 733.6834824050723
309.0 15.10207208957587 816.2273272111071 801.1252551215313
312.0 16.91801741050213 734.3904876166102 717.4724702061081
315.0 16.85084405848827 741.3814485481408 724.5306044896525
318.0 17.14806834851496 729.770466648313 712.622398299798
321.0 16.90645979247905 738.8303728024422 721.9239130099631
324.0 17.20442536252904 728.9445780592028 711.7401526966737
327.0 17.15960811318901 733.618874266705 716.459266153516
330.0 17.34821507507757 725.4616889050869 708.1134738300093
333.0 14.69328571208704 829.2038669158833 814.5105812037962
336.0 17.38066989834568 724.3360851491597 706.955415250814
339.0 17.47706643247551 720.2424932041884 702.7654267717128
342.0 14.54165818082059 833.027476741754 818.4858185609334
345.0 17.66340333929873 714.4158436579497 696.752440318651
348.0 17.57574995492759 718.985963184976 701.4102132300484
351.0 17.7888289529708 709.5395678928719 691.7507389399011
354.0 17.74755753263794 713.2400519536014 695.4924944209635
357.0 17.76581750203498 711.8887711371048 694.1229536350698
360.0 17.76147867373081 713.9677182040915 696.2062395303607
363.0 17.85995281410561 710.4302614394415 692.5703086253359
366.0 17.97788761894249 707.4227040028151 689.4448163838726
369.0 18.07488403301514 704.40374231546 686.3288582824449
372.0 18.04969916875117 707.0927991818107 689.0431000130595
375.0 18.14831141513504 702.8051451792694 684.6568337641344
378.0 18.27197855141128 699.8696081258485 681.5976295744372
381.0 18.36107332477466 697.643148869588 679.2820755448134
384.0 18.41313941568299 696.7098923553154 678.2967529396324
387.0 18.48954464110053 696.5457722777208 678.0562276366203
390.0 18.39993367148191 705.4993576686784 687.0994239971964
393.0 18.43972479601537 705.7119196035823 687.2721948075669
396.0 18.79002971431373 689.0558329809929 670.2658032666791
399.0 18.83424770382773 688.1256037299307 669.2913560261029
402.0 18.92447232966675 687.2601135942244 668.3356412645577
405.0 19.11727497728337 682.2301420407613 663.1128670634779
408.0 19.12847970779045 685.2944429202117 666.1659632124213
411.0 19.26929962238704 680.1854804632994 660.9161808409123
414.0 19.1622269765405 693.9339650228378 674.7717380462973
417.0 19.47569446175884 676.0459509644668 656.5702565027079
420.0 19.55628440103229 677.2384367016318 657.6821523005995
423.0 19.74020895924169 672.169392990097 652.4291840308553
426.0 19.79606160626248 674.0233588151885 654.227297208926
429.0 20.00348923722426 669.0708770543735 649.0673878171492
432.0 20.01513253569075 675.0453345046175 655.0302019689268
435.0 20.24871527439171 666.5447370142484 646.2960217398566
438.0 20.44350021653778 662.8466913317599 642.4031911152221
441.0 20.64614339979889 660.3035763175548 639.6574329177559
444.0 20.73315165192897 662.0842849548377 641.3511333029087
447.0 19.84417239041881 733.9714797281519 714.1273073377331
450.0 21.12215519779472 657.4320992913578 636.3099440935631
453.0 21.32261172245364 657.7711045152182 636.4484927927646
456.0 21.55406719486025 652.8860086255288 631.3319414306685
459.0 21.73362851692715 654.1463098657059 632.4126813487787
462.0 22.04611120908748 647.7067311035678 625.6606198944804
465.0 21.93109820205993 673.9171717430894 651.9860735410295
468.0 22.59533463134041 642.7865578660697 620.1912232347293
471.0 22.75597029385271 647.5796919513239 624.8237216574712
474.0 23.07832749012339 642.2676054956136 619.1892780054902
477.0 23.47744569377914 636.5292881170796 613.0518424233004
480.0 23.77640233590914 635.280743006615 611.5043406707059
483.0 24.03270051240556 641.7280149533857 617.6953144409801
486.0 24.51142707828844 632.4247461211911 607.9133190429026
489.0 24.87905056419976 629.2476249233421 604.3685743591423
492.0 25.12114316776972 638.853170359265 613.7320271914953
495.0 25.76553026387665 624.2614793742553 598.4959491103787
498.0 26.22584415641055 622.546944841124 596.3211006847135
501.0 26.68673896625257 622.2454177873449 595.5586788210923
504.0 27.36254693829819 611.8203454320844 584.4577984937862
507.0 27.84355695635868 612.1981913888044 584.3546344324458
510.0 28.45007595067413 608.192369871926 579.7422939212519
513.0 28.97453555175596 609.8813684080595 580.9068328563036
516.0 29.726958290132 601.5856825458184 571.8587242556864
519.0 30.49774734884 595.0010263038132 564.5032789549732
522.0 31.32522340867852 591.4240679564549 560.0988445477764
525.0 31.9025679160671 595.0719726835469 563.1694047674798
528.0 32.88765256403162 584.7711089675085 551.8834564034769
531.0 33.28000187123745 602.9005083242979 569.6205064530605
534.0 34.07164494668515 595.0196313765803 560.9479864298952
537.0 35.91413153099686 571.0573550022307 535.1432234712339
540.0 35.83855704190817 593.4480589228544 557.6095018809462
543.0 37.48293389587641 572.2419633202153 534.7590294243389
546.0 40.82997671228254 540.6030211590485 499.7730444467659
549.0 39.55655365613477 564.691036293769 525.1344826376342
552.0 44.54066675955165 527.1391876629668 482.5985209034151
555.0 48.54309055287575 499.252971860544 450.7098813076682
558.0 56.37586620722111 447.7037112042549 391.3278449970338
561.0 70.19023025926588 402.3053649554159 332.11513469615
564.0 66.66120273859599 415.6474595083662 348.9862567697702
567.0 77.1074190187808 379.2032788494886 302.0958598307078
570.0 82.76728733538765 363.3933076216481 280.6260202862605
573.0 82.33715685127743 364.8054198055852 282.4682629543077
576.0 84.36783951329048 361.7221369692819 277.3542974559914
579.0 98.38991034424657 329.7221154912838 231.3322051470373
582.0 123.1767697701087 277.7162385536323 154.5394687835236
585.0 150.3913782428902 233.0668275682849 82.67544932539474
588.0 151.9781986135713 231.644489425595 79.66629081202361
591.0 168.5308264214989 205.722137 37.19131057850105
