0.0 2.991923103689774 908.4805356701493 905.4886125664595
3.0 1.333332227582896 907.3635345882299 906.030202360647
6.0 0.611408759221163 905.1697354174654 904.5583266582442
9.0 0.2380710263266919 904.167539499673 903.9294684733463
12.0 0.0534130234783707 902.7681838132466 902.7147707897682
15.0 0 902.1374443609849 902.1374443609849
18.0 0.01659191696670291 901.0944881626937 901.077896245727
21.0 0.1005625530146685 899.5769123201796 899.476349767165
24.0 0.193766980876577 898.4803662355547 898.2865992546781
27.0 0.3008869064245167 897.4194370025769 897.1185500961524
30.0 0.3926743472077213 896.6343866167579 896.2417122695502
33.0 0.5382220448379478 895.5112204630063 894.9729984181683
36.0 0.686834060363537 893.9747444665976 893.2879104062341
39.0 0.8272039907533913 892.7560518278154 891.928847837062
42.0 1.015304619314397 891.6955582947003 890.6802536753859
45.0 1.214880128555538 890.4558359353746 889.2409558068191
48.0 1.411672529590674 888.7346255653009 887.3229530357102
51.0 1.640753502527181 887.5579954391256 885.9172419365984
54.0 1.867449028603469 885.9029653246761 884.0355162960726
57.0 2.132068384477049 884.30205471691 882.169986332433
60.0 2.344099182761546 884.5188794627927 882.1747802800312
63.0 2.652115135076606 881.82195735064 879.1698422155634
66.0 2.901631422741249 881.6468701394594 878.7452387167181
69.0 3.272645406588447 878.315372162262 875.0427267556735
72.0 3.485122157928917 879.6073966584011 876.1222745004722
75.0 3.959519768538566 873.0882641289552 869.1287443604166
78.0 4.207479872334354 874.5654854321771 870.3580055598428
81.0 4.603335913071152 871.5390386192928 866.9357027062217
84.0 5.032628267812568 866.9608188727075 861.9281906048949
87.0 5.388505877152729 864.1800190777475 858.7915132005947
90.0 5.65715809615664 865.4695491248152 859.8123910286585
93.0 6.007833164391669 868.6479509021825 862.6401177377908
96.0 6.65719014600928 858.1831626205234 851.5259724745141
99.0 6.996529690924008 864.4246178367633 857.4280881458393
102.0 7.320453516694614 857.3915480029001 850.0710944862055
105.0 7.779343932668568 857.6608936833366 849.8815497506681
108.0 8.459840531165583 850.7502707901968 842.2904302590312
111.0 8.980525762202463 847.1114586467211 838.1309328845186
114.0 9.200304600460017 854.5887589645668 845.3884543641067
117.0 9.194652749215528 867.3535131903214 858.1588604411058
120.0 8.356803411525364 909.916344117497 901.5595407059716
123.0 9.390632343345302 874.8911851088228 865.5005527654775
126.0 10.77244922805632 845.217334371091 834.4448851430347
129.0 11.02005496339105 845.1862170501759 834.1661620867848
132.0 10.00339744596196 888.7321926010771 878.7287951551151
135.0 9.343685276276585 923.2208373814654 913.8771521051888
138.0 9.299075846839094 911.1488579240662 901.8497820772271
141.0 12.34603283676967 835.9609797542129 823.6149469174433
144.0 9.72216270284117 933.6081033499966 923.8859406471554
147.0 10.98738130301333 876.4517023514712 865.4643210484578
150.0 13.04601644655885 829.3126177830015 816.2666013364426
153.0 13.32352167350094 822.2093167586349 808.8857950851339
156.0 9.405657917154853 928.669840617941 919.2641827007862
159.0 13.7560577702424 820.6086783374546 806.8526205672122
162.0 9.724973671959043 906.2073868298099 896.4824131578508
165.0 14.25481436683021 813.6433293614706 799.3885149946404
168.0 14.01560202753239 823.014939482177 808.9993374546446
171.0 14.6830814400484 811.6150249928998 796.9319435528514
174.0 13.45613530605892 836.4267433823204 822.9706080762615
177.0 9.336613423070429 919.1187425495539 909.7821291264835
180.0 13.76010926756018 846.2486602947934 832.4885510272332
183.0 14.14453432079629 905.7833080378355 891.6387737170393
186.0 11.4290202241269 885.8814235727393 874.4524033486124
189.0 12.01698275150947 879.5471077887221 867.5301250372127
192.0 16.41556205094472 797.0684247811236 780.6528627301789
195.0 14.46334545601143 841.9993960652491 827.5360506092377
198.0 16.28044534214074 805.698092541461 789.4176471993203
201.0 15.86023922440334 824.2566229570307 808.3963837326274
204.0 17.14942376258766 795.9752540046607 778.8258302420731
207.0 17.16618130311435 795.7019119231674 778.5357306200531
210.0 17.67545247154446 787.0114274779827 769.3359750064382
213.0 17.18696420594075 801.6089259171008 784.42196171116
216.0 9.32123992148763 923.4462775974504 914.1250376759628
219.0 10.06697946948601 903.4011300322228 893.3341505627368
222.0 13.46841832846687 865.7180703836172 852.2496520551504
225.0 17.56834033352027 804.8648005855927 787.2964602520725
228.0 17.89144326541354 796.369901297451 778.4784580320375
231.0 18.79530034295478 779.8530357818548 761.0577354389
234.0 19.09946205013953 776.4087915409493 757.3093294908098
237.0 18.73639876560061 791.5098966044675 772.7734978388669
240.0 17.06694671141701 824.2208050950504 807.1538583836334
243.0 18.97098376643252 787.0686827478837 768.0976989814512
246.0 19.19175161820211 780.8112254221231 761.619473803921
249.0 18.44647564566968 793.979052972917 775.5325773272473
252.0 18.79895481153849 797.2564451215575 778.457490310019
255.0 18.5427472770035 804.2167439452169 785.6739966682134
258.0 9.693427661325465 909.7093326891123 900.0159050277869
261.0 20.06998912044677 771.4206627340009 751.3506736135541
264.0 19.6522059981645 777.8923018268367 758.2400958286722
267.0 19.7049284577152 778.7234561930031 759.0185277352879
270.0 19.9247866673695 770.4880009878238 750.5632143204543
273.0 14.80307056476373 855.039828981012 840.2367584162483
276.0 20.74564911144417 758.2318321601584 737.4861830487143
279.0 17.01618597154115 832.2682899493436 815.2521039778024
282.0 20.52981695643421 763.9132806072954 743.3834636508612
285.0 16.31906558331241 838.5693292195653 822.2502636362529
288.0 20.52973881196841 767.1219577113361 746.5922188993677
291.0 21.16030781848695 754.7931995216197 733.6328917031328
294.0 20.80782583435429 763.3333914605366 742.5255656261823
297.0 16.80374192941816 835.1537781825935 818.3500362531754
300.0 19.5777574239862 797.3806375186656 777.8028800946794
303.0 21.49136105920049 750.4422069861534 728.9508459269529
306.0 20.57087983564692 771.5962849257786 751.0254050901316
309.0 17.28174061584865 831.8830229947128 814.6012823788642
312.0 21.50886561950535 746.6066448420105 725.0977792225052
315.0 21.15466529194096 759.8926351656114 738.7379698736704
318.0 21.85332211765033 743.5276794100615 721.6743572924112
321.0 21.28885967423863 756.89546419775 735.6066045235113
324.0 21.89985606762188 745.0849365271528 723.1850804595309
327.0 21.62069497322438 757.2968175083933 735.6761225351689
330.0 22.1103012973094 744.3730042598978 722.2627029625883
333.0 16.60578954858598 838.9534594548223 822.3476699062363
336.0 22.17634446634011 742.953939624276 720.7775951579359
339.0 22.4305143718009 735.595245191866 713.1647308200651
342.0 16.37684672924302 841.0525481622093 824.6757014329663
345.0 22.79576746202853 728.8408403247824 706.0450728627538
348.0 22.51262447121787 738.3127692451775 715.8001447739596
351.0 23.08469707735068 722.1192354728082 699.0345383954575
354.0 22.88105450554204 729.9854316526054 707.1043771470634
357.0 22.93120441824363 729.2052562957068 706.2740518774631
360.0 22.83407979191245 733.5937637692912 710.7596839773787
363.0 23.05664377154086 728.3717298539531 705.3150860824123
366.0 23.26923473185843 724.7219589839861 701.4527242521277
369.0 23.45678054296661 721.6488617157486 698.192081172782
372.0 23.29483298356463 728.8564770392995 705.5616440557349
375.0 23.58813338519222 718.8002078669707 695.2120744817784
378.0 23.79194012142847 716.3076790253546 692.5157389039261
381.0 23.93732344519593 714.7417663791304 690.8044429339344
384.0 24.01531724859132 713.8367815948954 689.8214643463041
387.0 24.05617848739228 716.9236682558463 692.8674897684541
390.0 23.49742975845334 741.4237239531576 717.9262941947042
393.0 23.49215534967406 744.5374092439853 721.0452538943113
396.0 24.60564974953452 706.8302827394038 682.2246329898693
399.0 24.68149985358819 705.4464372001327 680.7649373465445
402.0 24.76432283293275 707.3157133872225 682.5513905542898
405.0 25.13543650574157 699.748018219613 674.6125817138714
408.0 24.93412481551975 713.0676106780335 688.1334858625137
411.0 25.32919515149335 699.235418292492 673.9062231409987
414.0 24.44612438835869 740.8035379157014 716.3574135273427
417.0 25.68656965371573 692.4665633675311 666.7799937138154
420.0 25.67522211891014 698.2806619244916 672.6054398055815
423.0 26.06401376127881 688.5441260441425 662.4801122828636
426.0 26.00031174750523 695.8984525985382 669.898140851033
429.0 26.39671611495113 687.3190856861946 660.9223695712435
432.0 26.02872300395579 710.0846331773948 684.055910173439
435.0 26.71278957112659 685.0205402167857 658.3077506456591
438.0 27.0444604247741 679.1230071444957 652.0785467197216
441.0 27.2973639681782 678.8274897002415 651.5301257320633
444.0 27.29036098660725 684.0163838471722 656.7260228605649
447.0 23.97392700898472 773.8222853544487 749.848358345464
450.0 27.8438766135366 677.222811854117 649.3789352405804
453.0 27.94473034942727 685.1440496578723 657.199319308445
456.0 28.41698360303527 672.3914974196775 643.9745138166422
459.0 28.46948593488804 681.3691412913381 652.89965535645
462.0 29.06977034718644 667.1403177554432 638.0705474082567
465.0 27.68397475956088 727.3802596024226 699.6962848428617
468.0 29.77890443304994 661.3234625389658 631.5445581059159
471.0 29.65170067756767 678.6856453238202 649.0339446462525
474.0 30.25854876333974 662.8978835479124 632.6393347845727
477.0 30.87332696991993 653.7209004092825 622.8475734393626
480.0 31.20494907306418 653.2819406121895 622.0769915391254
483.0 31.09480396581058 673.8771997314243 642.7823957656137
486.0 31.98708677982758 654.2755302671945 622.2884434873669
489.0 32.50683043454363 646.7624504779089 614.2556200433653
492.0 32.24675869305797 673.6970131051857 641.4502544121278
495.0 33.54118998756153 642.9775265142079 609.4363365266463
498.0 34.03176669849722 643.7842668731741 609.7525001746769
501.0 34.49716678813273 644.3014235096755 609.8042567215428
504.0 35.57750096208767 626.8122474906982 591.2347465286105
507.0 36.04505549369905 628.116111636013 592.0710561423139
510.0 36.78227709952238 624.157858439818 587.3755813402956
513.0 37.21835244029316 629.9262816999951 592.707929259702
516.0 38.32265928833112 613.9083699030053 575.5857106146742
519.0 39.3329479454067 604.6733364277418 565.3403884823351
522.0 40.27840592804915 601.3036571592396 561.0252512311905
525.0 40.73584937786005 607.3556275972394 566.6197782193793
528.0 42.0960850371702 592.5845180032988 550.4884329661286
531.0 41.875540030551 618.6752650985109 576.7997250679599
534.0 42.97593120093916 606.2051106568601 563.229179455921
537.0 45.6011156965639 577.6452666966096 532.0441510000457
540.0 44.87997500081241 601.6219828200251 556.7420078192127
543.0 47.20167625774656 577.3483097939383 530.1466335361918
546.0 51.52011362122047 545.3016935343728 493.7815799131523
549.0 49.60130126100462 565.6004943131208 515.9991930521162
552.0 55.76568810419834 527.4076915032331 471.6420033990347
555.0 60.64512658784849 499.5448431397321 438.8997165518836
558.0 70.11166946655015 447.9476428681881 377.8359734016379
561.0 85.55381217593615 402.5947401827255 317.0409280067894
564.0 81.56443135175734 415.6812661136926 334.1168347619353
567.0 93.29899477322208 379.3243958973177 286.0254011240956
570.0 99.55039469319571 363.4406675695899 263.8902728763942
573.0 99.06939528252656 364.8677922063491 265.7983969238225
576.0 101.2415960500429 361.722136992185 260.4805409421421
579.0 116.5293621244441 329.7221276928147 213.1927655683706
582.0 143.4281431345287 277.717990313031 134.2898471785023
585.0 172.6185264102772 233.1129978037723 60.49447139349509
588.0 174.288550956913 231.6586891503546 57.37013819344153
591.0 192.0095237742124 205.722137 13.71261322578759
