0.0 2.939861372199054 921.3367189799886 918.3968576077895
3.0 1.270117493696537 920.4803175944767 919.2102001007802
6.0 0.5730060413071248 918.2293415181971 917.65633547689
9.0 0.2096847053671957 917.2232944778367 917.0136097724695
12.0 0.04511905219523316 915.8119302616225 915.7668112094273
15.0 0 915.2801754327174 915.2801754327174
18.0 0.03548103265304167 914.0300169938898 913.9945359612368
21.0 0.1457379976592927 912.5150151067792 912.3692771091199
24.0 0.2576365774839761 911.506851925232 911.249215347748
27.0 0.3833861489277819 910.5011275352705 910.1177413863428
30.0 0.4897202253592882 909.6783948013308 909.1886745759715
33.0 0.6543792592673754 908.7563045888638 908.1019253295964
36.0 0.832059301526313 907.0366124670782 906.2045531655519
39.0 0.9961291840320426 905.6427934494133 904.6466642653812
42.0 1.200818959817311 905.0675039987298 903.8666850389125
45.0 1.423865966957795 903.8228217909728 902.398955824015
48.0 1.654568378019152 901.7975650116067 900.1429966335875
51.0 1.903723735046299 900.9657692203187 899.0620454852724
54.0 2.164227044903599 898.9289054309681 896.7646783860645
57.0 2.454864261789602 897.9228556704996 895.46799140871
60.0 2.665828112774501 898.1764430248373 895.5106149120628
63.0 3.02269292727577 895.6409650400929 892.6182721128171
66.0 3.279329200102583 895.3231457145243 892.0438165144218
69.0 3.71083756744809 892.1119306339277 888.4010930664796
72.0 3.901819713916687 893.7284825887286 889.8266628748119
75.0 4.508482259453194 885.0818384391655 880.5733561797123
78.0 4.715350791615149 889.2774573160796 884.5621065244644
81.0 5.174161720697783 885.3638142714859 880.1896525507882
84.0 5.697197598999032 879.2901921261106 873.5929945271116
87.0 6.115662823342592 875.231507228928 869.1158444055854
90.0 6.377954419578138 874.724748224772 868.3467938051939
93.0 6.634404853864634 884.1972029031116 877.562798049247
96.0 7.509629582951459 868.0536872522386 860.5440576692871
99.0 7.685208127906219 882.9055555487231 875.2203474208169
102.0 8.197820875497836 867.8394887685703 859.6416678930724
105.0 8.668365782427048 866.1961933154833 857.5278275330563
108.0 9.47997934924554 858.5104516892818 849.0304723400362
111.0 10.0704738032351 854.6844687629009 844.6139949596658
114.0 10.14540032044881 865.2102039213938 855.064803600945
117.0 9.902716943245546 881.0539057862248 871.1511888429792
120.0 8.325889930095289 925.7491612113347 917.4232712812394
123.0 10.02326132902214 883.082190265741 873.0589289367189
126.0 11.92353659816077 852.5715173495815 840.6479807514207
129.0 12.17233064836761 852.9631909074632 840.7908602590956
132.0 10.41706345143301 896.811709688415 886.394646236982
135.0 9.193108715354209 929.7222581839984 920.5291494686442
138.0 9.365237610146549 915.779439191395 906.4142015812485
141.0 13.67756997941783 842.9152353643999 829.2376653849821
144.0 9.407643073095982 940.029455744669 930.621812671573
147.0 11.62657597463153 883.7722132111751 872.1456372365435
150.0 14.49504829722959 836.6774215680679 822.1823732708383
153.0 14.91276412568222 827.2931472184327 812.3803830927505
156.0 9.208436856198724 931.0310563196461 921.8226194634474
159.0 15.37878683134576 825.6060999772719 810.2273131459261
162.0 9.832890448298105 918.3473194968259 908.5144290485278
165.0 16.00525806900485 818.0103160907512 802.0050580217463
168.0 15.59176012425473 829.4200286115618 813.8282684873071
171.0 16.47258084519297 816.1004647217392 799.6278838765462
174.0 14.82331700481978 840.3177598450063 825.4944428401865
177.0 9.284204233269559 923.6969226871234 914.4127184538538
180.0 14.94053218412861 853.5658527730234 838.6253205888948
183.0 13.5644434120965 993.1863899557018 979.6219465436053
186.0 11.97614759019632 887.1716744639917 875.1955268737954
189.0 12.67512584004674 881.0646017904501 868.3894759504034
192.0 18.46846074038732 801.9569636542322 783.4885029138449
195.0 15.75372577771294 846.0168808325453 830.2631550548324
198.0 18.180469677016 811.6457783789178 793.4653087019018
201.0 17.43555400677565 831.5867450528846 814.1511910461089
204.0 19.21512824342059 802.9210762256779 783.7059479822573
207.0 19.2443638491425 801.6933218159359 782.4489579667934
210.0 19.91642284875237 791.5255618467986 771.6091389980462
213.0 19.17287913717832 806.970263544838 787.7973844076596
216.0 9.230174972588259 923.6437946392898 914.4136196667016
219.0 10.31579668022414 903.620336948996 893.3045402687719
222.0 14.3799058612822 866.9234943974084 852.5435885361262
225.0 19.50659701538503 810.2175036191405 790.7109066037555
228.0 19.97089380749199 802.2098235048282 782.2389296973362
231.0 21.17687151127469 783.7053628682776 762.5284913570029
234.0 21.54083907970681 780.4707068456479 758.9298677659411
237.0 20.90768997355473 797.4325513622379 776.5248613886832
240.0 18.68514448588554 828.8653601136893 810.1802156278037
243.0 21.22188797677457 792.6734614620999 771.4515734853253
246.0 21.55504183932315 785.7245648749339 764.1695230356108
249.0 20.58597451503187 798.3440389491734 777.7580644341415
252.0 20.86659830485993 804.3612540846336 783.4946557797737
255.0 20.48993379971494 811.4432062269724 790.9532724272575
258.0 9.834990042238931 909.7205049343602 899.8855148921213
261.0 22.59169189852433 777.4893213592363 754.897629460712
264.0 22.06593558292949 783.332925889797 761.2669903068675
267.0 22.09160531205467 785.8978138223527 763.806208510298
270.0 22.4728856689506 774.9184575306411 752.4455718616905
273.0 15.91776301686639 855.523040379087 839.6052773622206
276.0 23.50628957206881 762.8805772746034 739.3742877025346
279.0 18.5234654293774 834.4414899851033 815.9180245557259
282.0 23.18213556671358 769.9837777462039 746.8016421794903
285.0 17.71613541447863 840.3264840817714 822.6103486672928
288.0 23.12479138640192 773.6540060389082 750.5292146525063
291.0 23.97305091768763 760.7595061107541 736.7864551930665
294.0 23.46586244117531 770.2888278139827 746.8229653728074
297.0 18.26499498800441 836.8276254907733 818.5626305027689
300.0 21.64941803477007 804.9233658692074 783.2739478344374
303.0 24.37234320856285 757.4152894563731 733.0429462478102
306.0 23.07755958404679 779.8638559334658 756.786296349419
309.0 18.80746542206693 833.1997617031175 814.3922962810505
312.0 24.46808491301856 751.711792407218 727.2437074941995
315.0 23.87170270322569 767.1311563406027 743.259453637377
318.0 24.85904458415461 749.7990185329824 724.9399739488278
321.0 24.05782034787258 764.0725426981432 740.0147223502706
324.0 24.87285004195627 752.2532630598791 727.3804130179229
327.0 24.36087361262189 767.6984827897511 743.3376091771292
330.0 25.07993002697835 753.8132412885534 728.733311261575
333.0 18.01204885591315 839.529946945336 821.5178980894229
336.0 25.1743656574839 751.8691464412026 726.6947807837187
339.0 25.5699059302908 742.4937314603547 716.9238255300639
342.0 17.74615095771718 841.5225825130872 823.77643155537
345.0 26.0546452561079 735.397083380992 709.3424381248841
348.0 25.59080179130993 747.358557216622 721.767755425312
351.0 26.4652219138403 727.8737872749061 701.4085653610658
354.0 26.11497111665972 737.3963530765287 711.281381959869
357.0 26.17322215586424 737.3182825452302 711.145060389366
360.0 25.99839633517736 742.1112430787448 716.1128467435674
363.0 26.31514729371865 736.3417749586531 710.0266276649344
366.0 26.59405630307861 732.3100664218816 705.716010118803
369.0 26.82888871963242 730.0736833444298 703.2447946247974
372.0 26.52813576497459 739.3764128842058 712.8482771192312
375.0 27.02165321578949 725.602681080689 698.5810278648995
378.0 27.26488720812663 723.7066228811499 696.4417356730232
381.0 27.43369404493997 722.6922471435575 695.2585530986175
384.0 27.52836623648209 721.714916810697 694.186550574215
387.0 27.50227299843248 726.8648840538799 699.3626110554475
390.0 26.49111643492019 755.7029205489869 729.2118041140667
393.0 26.42705246912874 759.5928005757684 733.1657481066396
396.0 28.23825598735498 715.2914421131772 687.0531861258222
399.0 28.34180238848828 713.4288570315259 685.0870546430376
402.0 28.37857230566159 717.353792083834 688.9752197781724
405.0 28.89008332831233 708.5740600388712 679.6839767105589
408.0 28.4123249434289 728.3791268963995 699.9668019529706
411.0 29.08485213517972 709.3856600563262 680.3008079211465
414.0 27.44229739790907 757.1845773863151 729.742279988406
417.0 29.57706646912299 700.3333108414148 670.7562443722918
420.0 29.44900467375679 708.6532946069401 679.2042899331833
423.0 30.02775019020334 696.0078064438922 665.9800562536889
426.0 29.81141787184886 707.1739326090479 677.362514737199
429.0 30.37422195258346 696.2208257247243 665.8466037721409
432.0 29.55110968036643 727.6419506912074 698.090841010841
435.0 30.73573611222692 693.5294488739784 662.7937127617515
438.0 31.17845416855433 686.5831908694024 655.404736700848
441.0 31.42290913056428 688.4658051082114 657.0428959776471
444.0 31.31810198527484 695.1041565323717 663.7860545470969
447.0 26.54203021046886 776.7653321270959 750.223301916627
450.0 32.00549838721438 686.6367459592471 654.6312475720327
453.0 31.93949532191422 699.092796326596 667.1533010046817
456.0 32.66761321317433 681.7469547208514 649.0793415076771
459.0 32.53377178743701 695.4412601454726 662.9074883580356
462.0 33.41084937574368 677.3566059161385 643.9457565403948
465.0 30.99080792825937 739.0840124480463 708.093204519787
468.0 34.23558139685866 670.3850738223915 636.1494924255329
471.0 33.75974443647355 694.9837367234619 661.2239922869883
474.0 34.69148127100948 672.5875245097401 637.8960432387307
477.0 35.48127071323795 661.6738043610981 626.1925336478602
480.0 35.8198341432343 661.9513903728373 626.131556229603
483.0 35.32384375861805 687.6405471824193 652.3167034238012
486.0 36.58281053883171 664.708272912277 628.1254623734453
489.0 37.25744746377878 654.3995262464134 617.1420787826347
492.0 36.49982733526157 686.9771428705512 650.4773155352897
495.0 38.36178248842848 651.7118410549784 613.3500585665499
498.0 38.82928935959825 654.7371455301424 615.9078561705442
501.0 39.29892266496895 654.4852524537842 615.1863297888152
504.0 40.70867059344176 634.0992696817518 593.3905990883101
507.0 41.16407767368112 635.1100425786327 593.9459649049516
510.0 41.97107510249858 632.1129185562833 590.1418434537847
513.0 42.30484833366485 639.5559487724 597.2511004387352
516.0 43.72498204892906 619.3314350982435 575.6064530493144
519.0 44.91382423486571 608.7968891798666 563.8830649450009
522.0 45.92937647593663 605.4779940295561 559.5486175536195
525.0 46.28773910441414 612.3854783937694 566.0977392893553
528.0 47.92767561379036 595.7795236692407 547.8518480554503
531.0 47.25990159301958 623.6513010143954 576.3913994213759
534.0 48.59359759209665 609.9499549989249 561.3563574068282
537.0 51.73871125749224 580.3307470365775 528.5920357790853
540.0 50.61265090200063 604.3547451873465 553.7420942853459
543.0 53.37589919930742 579.3805374348484 526.004638235541
546.0 58.28744096211959 547.5686622127684 489.2812212506488
549.0 56.02217388701169 565.8389592799577 509.816785392946
552.0 62.91344638063514 527.497951739196 464.5845053585609
555.0 68.32796976830787 499.6968925894865 431.3689228211787
558.0 78.79356228564165 448.0707343458516 369.27717206021
561.0 95.22998424431627 402.7334836178802 307.5034993735639
564.0 90.96235224253707 415.693319522778 324.7309672802409
567.0 103.4831666425697 379.3814750290193 275.8983083864496
570.0 110.0969067262422 363.4647874307935 253.3678807045513
573.0 109.5846214058811 364.9011113231318 255.3164899172508
576.0 111.8440811815048 361.7221369964876 249.8780558149827
579.0 127.9053275647457 329.7221312982301 201.8168037334844
582.0 156.0947074463315 277.7187604921703 121.6240530458388
585.0 186.4919568268039 233.1374457862237 46.64548895941977
588.0 188.213229170771 231.6657452997511 43.45251612898012
591.0 206.648361626725 205.722137 -0.9262246267250466
