0.0 2.790848275156532 958.8960863519461 956.1052380767895
3.0 1.077424517275515 958.0635853914648 956.9861608741893
6.0 0.4331939768906245 956.9538746020176 956.520680625127
9.0 0.1175071219248595 955.2190755365054 955.1015684145805
12.0 0.007485959099242621 953.9954818870109 953.9879959279117
15.0 0 952.7337069446752 952.7337069446752
18.0 0.1121474901948822 950.9841619685451 950.8720144783502
21.0 0.288885460745852 950.051776803986 949.7628913432402
24.0 0.4550218247498269 948.8972460465881 948.4422242218382
27.0 0.6267642468990344 948.3503590026184 947.7235947557193
30.0 0.791364993582128 946.8071640606859 946.0157990671038
33.0 0.999176712994103 946.0469715310576 945.0477948180635
36.0 1.269821890552746 944.4953713304328 943.22554943988
39.0 1.512958635783751 943.0131429585027 941.5001843227189
42.0 1.728220062744646 943.2339596356451 941.5057395729004
45.0 2.026298780228678 941.7486113746004 939.7223125943717
48.0 2.361046076026988 940.4281492152189 938.067103139192
51.0 2.663417881223128 939.0205437617618 936.3571258805387
54.0 3.045429186260903 936.9612651889754 933.9158360027145
57.0 3.364910972317613 936.7783941365992 933.4134831642816
60.0 3.611865861641196 935.2197473497602 931.607881488119
63.0 4.028942485407543 936.2467545442017 932.2178120587942
66.0 4.384945326292816 932.5595836412848 928.174638314992
69.0 4.923016709174841 932.5040565767935 927.5810398676187
72.0 5.124146636592638 930.1814912007558 925.0573445641632
75.0 6.1743898785475 924.4374097542569 918.2630198757094
78.0 6.087481665223847 928.638982394974 922.5515007297502
81.0 6.776968996029848 924.8571189424689 918.0801499464391
84.0 7.64227659916865 921.7149973010233 914.0727207018546
87.0 8.092274629706811 930.198210436373 922.1059358066662
90.0 9.07903921764036 890.2108325799265 881.1317933622862
93.0 8.363636453918764 921.5200924005964 913.1564559466777
96.0 10.49268545067576 887.4187650364883 876.9260795858125
99.0 9.476339354744355 918.8354234800189 909.3590841252746
102.0 9.824994733976641 964.5884082342474 954.7634135002708
105.0 11.922246544961 880.3364105147143 868.4141639697533
108.0 13.15433801667499 872.2411828680753 859.0868448514003
111.0 13.95699965158155 868.3816289906491 854.4246293390676
114.0 13.43749376033797 881.7613026717834 868.3238089114454
117.0 12.40003078313728 897.5817070798646 885.1816762967273
120.0 8.800227647898478 935.1436999884936 926.3434723405952
123.0 12.68196792597008 891.0634901139544 878.3815221879843
126.0 16.06014341614913 863.3891465297202 847.3290031135711
129.0 16.2742824151519 864.8831272928301 848.6088448776782
132.0 12.52831877613957 901.3708412538507 888.8425224777111
135.0 9.762720705027431 931.6762506011157 921.9135298960883
138.0 10.61236268672687 917.6360649105245 907.0237022237976
141.0 18.37453297454469 853.1443801889647 834.76984721442
144.0 9.50697134832464 941.6929544819628 932.1859831336381
147.0 14.4011174247159 888.978528613625 874.5774111889091
150.0 19.47877432333345 848.9315272503965 829.452752927063
153.0 20.44534748599064 836.9324743517252 816.4871268657346
156.0 9.763148694086817 931.7066323248458 921.943483630759
159.0 21.04755186898967 833.5629005487962 812.5153486798065
162.0 9.729667299980783 971.5614786012823 961.8318113013015
165.0 22.07736628997153 825.7495135050115 803.67214721504
168.0 21.0020294459624 840.832173779091 819.8301443331286
171.0 22.6585800370344 823.7240812919808 801.0655012549464
174.0 19.85692919811733 844.6728939240053 824.815964725888
177.0 9.477501375011477 960.764642757543 951.2871413825316
180.0 19.26876466874526 860.3188455638908 841.0500808951455
183.0 10.80484602893043 1007.707751926164 996.9029058972338
186.0 14.75425793598528 887.6979404577652 872.9436825217799
189.0 15.77336980599467 881.692277145745 865.9189073397503
192.0 25.37647148511225 811.5833913697153 786.206919884603
195.0 20.58230428986864 849.441144781771 828.8588404919024
198.0 24.5953754076979 821.5513075151674 796.9559321074695
201.0 22.90069478169271 839.4473353225375 816.5466405408448
204.0 26.017148799668 815.8239428587356 789.8067940590676
207.0 26.15846434286999 812.7075589609627 786.5490946180927
210.0 27.41743004424303 799.9829817359177 772.5655516916747
213.0 25.91341296125317 814.5830962964459 788.6696833351927
216.0 10.15918852181607 923.7190139126317 913.5598253908156
219.0 12.24790316517195 903.7159667500199 891.468063584848
222.0 18.23026544535877 867.6355751651812 849.4053097198224
225.0 26.1331666417827 816.7458609224257 790.612694280643
228.0 26.94306458290749 811.0614475857129 784.1183830028054
231.0 29.16092222703004 790.0006282023695 760.8397059753395
234.0 29.67125136855258 787.902751175063 758.2314998065104
237.0 28.17793626467122 805.0620213900718 776.8840851254006
240.0 24.45078184553895 832.8435009699329 808.3927191243939
243.0 28.72806655346942 800.7072538817246 771.9791873282552
246.0 29.41453713955863 793.7401598220541 764.3256226824955
249.0 27.85658916154067 803.9699052620541 776.1133161005134
252.0 27.77724144384596 812.7974649166992 785.0202234728533
255.0 27.08341781384031 818.2650365851102 791.1816187712699
258.0 11.45737514229581 909.7221295965515 898.2647544542556
261.0 30.83610461630746 787.5033309760825 756.6672263597751
264.0 30.05625474313183 791.4302512591436 761.3739965160118
267.0 29.87371710668279 797.1898909442797 767.3161738375969
270.0 30.91714776126523 781.8882884119511 750.9711406506859
273.0 20.39989554061577 855.7127378722378 835.312842331622
276.0 32.54156655905215 771.1876825920409 738.6461160329887
279.0 24.09986967420231 835.6062412679236 811.5063715937212
282.0 31.79057198144885 781.0761072525582 749.2855352711094
285.0 22.97556027816064 841.5106936906236 818.535133412463
288.0 31.57739712015834 783.4702898658323 751.892892745674
291.0 33.06080602210727 771.7557053341709 738.6948993120636
294.0 32.07310594648802 780.9366809497355 748.8635750032474
297.0 23.72655481281034 837.6535124628557 813.9269576500454
300.0 28.63139306886729 810.7867857917091 782.1553927228418
303.0 33.58896230134672 770.1684902608235 736.5795279594768
306.0 31.20292394804823 790.3106842472369 759.1077602991887
309.0 24.47755589036431 833.6992402223809 809.2216843320166
312.0 34.06668043090487 760.4399805043607 726.3733000734559
315.0 32.65375332856694 777.4571053115654 744.8033519829984
318.0 34.49891507947443 761.1563040384502 726.6573889589757
321.0 32.98958431448165 774.6335370064092 741.6439526919276
324.0 34.37834107758903 764.0121394250256 729.6337983474366
327.0 33.02280707665199 781.8227798660201 748.7999727893681
330.0 34.39603272893324 770.1670200066704 735.7709872777372
333.0 23.35420533423397 839.7154835154188 816.3612781811849
336.0 34.62400464192596 766.78344274664 732.159438104714
339.0 35.57279618371657 754.4028913031471 718.8300951194305
342.0 22.98123235469366 841.7073114897937 818.7260791351
345.0 36.42643399597212 747.0955055285925 710.6690715326203
348.0 35.26896987719056 762.5893429482895 727.3203730710989
351.0 37.239537406008 738.7988617760463 701.5593243700383
354.0 36.37743135955649 749.4352730245519 713.0578416649954
357.0 36.38879114697367 751.5537027207183 715.1649115737447
360.0 36.00186952825254 754.9988779338832 718.9970084056307
363.0 36.60429757291259 749.7464258833552 713.1421283104427
366.0 37.1107059252015 744.8207406104595 707.710034685258
369.0 37.37556179080977 746.3269093443444 708.9513475535347
372.0 36.56481082813237 756.8925598671734 720.327749039041
375.0 37.91025142520256 737.0164358871016 699.106184461899
378.0 38.21333071632099 736.7662179010818 698.5528871847608
381.0 38.41570208424829 736.4583187257499 698.0426166415016
384.0 38.56010323104459 735.6582113022358 697.0981080711912
387.0 38.18740643212558 744.4176209206213 706.2302144884957
390.0 35.80033778042135 769.7104847611442 733.9101469807228
393.0 35.55438098638322 773.1357117905043 737.5813308041211
396.0 39.5762345738779 730.4348304827479 690.85859590887
399.0 39.80037805179809 727.6338285914235 687.8334505396254
402.0 39.54834891485607 735.2060539404604 695.6577050256043
405.0 40.53031203721196 725.8558776436411 685.3255656064291
408.0 38.89889025506673 750.6136977488406 711.7148074937739
411.0 40.61058267665569 729.8933751495639 689.2827924729082
414.0 36.7842736850418 768.4949967193211 731.7107230342793
417.0 41.69890140632807 715.4535017814999 673.7546003751718
420.0 41.08793094576781 726.0812742185372 684.9933432727694
423.0 42.42155159900192 709.1578229251351 666.7362713261332
426.0 41.46371168860587 727.654608302728 686.1908966141222
429.0 42.69402644182515 712.3766940935732 669.682667651748
432.0 40.17368823775258 747.2029562961825 707.0292680584299
435.0 43.25128789138269 707.4479630855122 664.1966751941295
438.0 44.0688552130176 700.0726972925564 656.0038420795388
441.0 44.10653307826299 706.6757231574366 662.5691900791736
444.0 43.64693361485718 714.2080235933646 670.5610899785074
447.0 35.24792314416764 777.6856260289065 742.4377028847388
450.0 44.853058103789 702.8116188640716 657.9585607602826
453.0 44.05878343732458 718.9367145244563 674.8779310871318
456.0 45.77673114545329 698.0502800952307 652.2735489497774
459.0 44.84556844879714 715.56044099373 670.7148725449328
462.0 46.67218600106637 697.4918393754385 650.8196533743721
465.0 41.52738824784448 745.1863427581976 703.6589545103531
468.0 47.9608025226138 686.7778546457733 638.8170521231595
471.0 46.10368169507317 716.2168161260126 670.1131344309394
474.0 48.32917832310984 688.9014373962169 640.572259073107
477.0 49.74046001495469 675.855131183344 626.1146711683893
480.0 50.03085128831298 678.166374626161 628.1355233378481
483.0 48.25198945059969 703.3502259540067 655.098236503407
486.0 50.67672892258914 680.8833515274111 630.2066226048219
489.0 51.98652327524114 666.8469146356983 614.8603913604572
492.0 49.58901726358659 699.7824205492167 650.1934032856301
495.0 53.20796716512062 666.5162279923291 613.3082608272085
498.0 53.43186563729366 673.9137308383501 620.4818652010564
501.0 54.02468711219006 670.09178768691 616.0671005747199
504.0 56.5348335532276 648.2387473966307 591.7039138434031
507.0 57.02548032093076 646.4125489188201 589.3870685978894
510.0 57.91888757962847 647.3832981436232 589.4644105639947
513.0 57.89934947306225 654.5340206006337 596.6346711275715
516.0 60.50908086670754 629.0678167238424 568.5587358571349
519.0 62.3159974056239 616.3105479810591 553.9945505754352
522.0 63.53814220787492 612.9399429706405 549.4018007627656
525.0 63.56159098729728 620.5178454375211 556.9562544502238
528.0 66.14094980100288 601.3886873247887 535.2477375237858
531.0 64.10134222305492 629.2168558323838 565.1155136093289
534.0 66.17290767222597 614.9490111797943 548.7761035075684
537.0 70.89404523698041 584.9023197544624 514.008274517482
540.0 68.59185883592712 607.9685029061453 539.3766440702182
543.0 72.6817685455628 582.9675885086697 510.2858199631069
546.0 79.32108693176771 551.851602241695 472.5305153099273
549.0 76.18403677415374 566.1273737462484 489.9433369720946
552.0 85.23056555671571 527.6295684619049 442.3990029051892
555.0 92.21922687734876 500.0548784869155 407.8356516095667
558.0 105.639023971046 448.3567315809741 342.7177076099281
561.0 125.0123120877079 403.030810758786 278.0184986710781
564.0 119.9325520956478 415.711085825791 295.7785337301431
567.0 134.7727991791484 379.4999011705821 244.7271019914337
570.0 142.4594794568869 363.5206968602396 221.0612174033527
573.0 141.8539201942484 364.9831106193622 223.1291904251138
576.0 144.3739804150605 361.7221369996166 217.348156584556
579.0 162.7205093275132 329.722135535535 167.0016262080218
582.0 194.722966675542 277.7202234938781 82.99725681833615
585.0 228.6839750031521 233.1971697228046 4.513194719652581
588.0 230.5581408036895 231.6814403485564 1.123299544866823
591.0 251.1038484453919 205.722137 -45.38171144539194
