0.0 2.743068634805337 973.7551685593505 971.0120999245451
3.0 1.014921146189476 972.5894413792265 971.574520233037
6.0 0.3742583291101322 972.0185784296714 971.6443201005612
9.0 0.08761618194190986 970.3086507236368 970.2210345416949
12.0 0 969.0945936871736 969.0945936871736
15.0 0.02034724932448424 967.6369860504092 967.6166388010847
18.0 0.1678427102629852 966.1849284440772 966.0170857338143
21.0 0.3642126335283577 965.499964489676 965.1357518561477
24.0 0.5584232227467386 964.2265821291041 963.6681589063574
27.0 0.7414608454647281 963.9861070422084 963.2446461967437
30.0 0.9427674596042088 962.3078851430851 961.3651176834808
33.0 1.174480905350814 961.0515501110739 959.8770692057231
36.0 1.475895840229201 960.1587273521464 958.6828315119172
39.0 1.752372092381603 958.8497725832882 957.0974004909066
42.0 1.970218385418589 958.7612369899083 956.7910186044897
45.0 2.305745808566916 957.1333283205617 954.8275825119948
48.0 2.664037827430275 956.7667966996131 954.1027588721828
51.0 3.00846552339391 954.6850447703838 951.6765792469899
54.0 3.431622217557555 953.4835247980091 950.0519025804515
57.0 3.766041599475495 952.8219271574615 949.055885557986
60.0 4.056039755494847 950.7083840621642 946.6523443066693
63.0 4.452185137114568 952.335315414047 947.8831302769324
66.0 4.902419981013538 947.5326676557122 942.6302476746987
69.0 5.437788152514405 948.9689807132868 943.5311925607724
72.0 5.697115950839347 946.3666516490607 940.6695356982214
75.0 6.834892863176336 945.4379254583914 938.603032595215
78.0 6.749732017913303 940.1041416118078 933.3544095938945
81.0 7.518083190876193 937.3892866498049 929.8712034589288
84.0 8.344471903352589 947.4179756148986 939.073503711546
87.0 8.598278259893976 956.7538105011225 948.1555322412285
90.0 10.66630076983661 893.5373740840521 882.8710733142155
93.0 9.234855330077867 931.1165226665103 921.8816673364325
96.0 12.15040813320816 892.1384760773325 879.9880679441244
99.0 10.46894277233781 924.03089588175 913.5619531094122
102.0 9.699823350389865 985.0564410251517 975.3566176747618
105.0 13.76856399654872 883.5479019772329 869.7793379806842
108.0 15.18878934038995 875.5244326189852 860.3356432785952
111.0 16.08537632304568 871.7188693469282 855.6334930238825
114.0 15.28694436608164 884.7840453681134 869.4971010020317
117.0 13.91879100426372 899.553209388916 885.6344183846523
120.0 9.501815501615004 935.6445302064428 926.1427147048278
123.0 14.3489046596495 892.1364057135888 877.7875010539393
126.0 18.34610006568092 865.3761786484684 847.0300785827875
129.0 18.53099728948851 867.1838281042583 848.6528308147698
132.0 13.99252409451822 901.5965904682639 887.6040663737457
135.0 10.55943691022796 931.7113235248833 921.1518866146553
138.0 11.71032863856698 917.6961260016921 905.9857973631252
141.0 20.9150086628015 855.1301740384482 834.2151653756467
144.0 10.09580189016056 941.7160923320434 931.6202904418829
147.0 16.1523162425026 889.3757926211659 873.2234763786633
150.0 22.1203971491588 851.5265111016595 829.4061139525007
153.0 23.3492984142496 839.6197818346481 816.2704834203985
156.0 10.5595474931009 931.718645045692 921.1590975525911
159.0 24.04174290791955 835.2780612079188 811.2363182999992
162.0 9.617719275766619 980.0248842074784 970.4071649317118
165.0 25.24787701468899 827.7575994280116 802.5097224133226
168.0 23.83773913895281 843.5181664195931 819.6804272806403
171.0 25.88330218171311 825.586767229224 799.7034650475109
174.0 22.61254484467027 845.4015369542627 822.7889921095924
177.0 9.508203068230908 976.3036780571531 966.7954749889222
180.0 21.69557569974172 861.0188737761233 839.3232980763816
183.0 10.08316830216099 1007.721292553263 997.6381242511017
186.0 16.54291299274515 887.7151082900343 871.1721952972891
189.0 17.7042396166104 881.7133187690507 864.0090791524403
192.0 28.8934944492449 814.2786004401146 785.3851059908697
195.0 23.25927972239185 849.8638156513365 826.6045359289446
198.0 27.89941047143581 823.7582380957205 795.8588276242847
201.0 25.82043470688338 840.4532788248334 814.63284411795
204.0 29.4588002682426 818.6727136029043 789.2139133346617
207.0 29.66892369131202 815.3213358379153 785.6524121466033
210.0 31.21487299986346 802.2824944358772 771.0676214360138
213.0 29.39245910061162 816.1164487089758 786.7239896083642
216.0 11.1254913863238 923.72129483156 912.5958034452362
219.0 13.66157375324345 903.7200853942313 890.0585116409878
222.0 20.49523981586053 867.685160590563 847.1899207747025
225.0 29.57712976789285 817.8714134491069 788.294283681214
228.0 30.51152638993083 812.8422587782167 782.3307323882858
231.0 33.20441125097683 791.4671666567546 758.2627554057778
234.0 33.76169883848614 789.9514841146359 756.1897852761497
237.0 31.89809885153628 806.3472718837289 774.4491730321926
240.0 27.54210499916007 833.2676091678664 805.7255041687063
243.0 32.54424185248144 802.320870985183 769.7766291327015
246.0 33.38326998453347 795.5951465701574 762.2118765856239
249.0 31.59504202078389 805.0222073509524 773.4271653301685
252.0 31.33320289755272 814.0121466732873 782.6789437757346
255.0 30.51993766639677 818.9830272074785 788.4630895410817
258.0 12.7334524901391 909.722136143591 896.9886836534519
261.0 34.95657528740551 789.6525940388954 754.6960187514899
264.0 34.08661312995544 793.0980592305323 759.0114461005769
267.0 33.77740884774135 799.4259027098288 765.6484938620874
270.0 35.15894498155799 783.5044128127879 748.3454678312299
273.0 22.95075814061914 855.7192519117117 832.7684937710926
276.0 37.0273614960082 773.346262317587 736.3189008215788
279.0 27.13212647162116 835.6745238754331 808.5423974038119
282.0 36.05415791246871 783.8518531930549 747.7976952805862
285.0 25.86504679572329 841.6185661955926 815.7535193998693
288.0 35.7966335306012 785.4201878176429 749.6235542870417
291.0 37.53874887234714 774.5484510834514 737.0097022111043
294.0 36.35116706610788 783.1284637807417 746.7772967146338
297.0 26.71008656862632 837.6961759119895 810.9860893433631
300.0 32.25317198928519 811.2811135510872 779.027941561802
303.0 38.10695285691554 773.200482495671 735.0935296387555
306.0 35.27924574402748 791.9343277573029 756.6550820132754
309.0 27.55668649657385 833.7151449655324 806.1584584689585
312.0 38.80103136926528 762.5855413676069 723.7845099983416
315.0 37.01593619629041 779.4654220896667 742.4494858933763
318.0 39.22057842526749 763.9447757806868 724.7241973554193
321.0 37.41448783661985 776.764945347883 739.3504575112632
324.0 39.0418053719774 766.5878853978953 727.5460800259179
327.0 37.30111779111522 784.0561019025748 746.7549841114596
330.0 38.92648775696175 773.5117527394941 734.5852649825323
333.0 26.28888375266767 839.7202700563473 813.4313863036796
336.0 39.23170299218403 769.7440426336446 730.5123396414606
339.0 40.45284941932947 757.1979122812154 716.7450628618859
342.0 25.86797295017806 841.7163339009812 815.8483609508031
345.0 41.47096477600724 749.976923862231 708.5059590862237
348.0 39.97196992239485 765.8265671087308 725.8545971863359
351.0 42.46847332318676 741.7017618451426 699.2332885219558
354.0 41.37641596724405 752.0206113828496 710.6441954156055
357.0 41.33733856930599 754.8832935211613 713.5459549518553
360.0 40.8810063078473 757.52886390071 716.6478575928627
363.0 41.59619613921105 752.855849613494 711.259653474283
366.0 42.21543850456513 747.6617752936515 705.4463367890864
369.0 42.44120304862942 750.4911893717203 708.0499863230909
372.0 41.40623309662656 760.4018025003805 718.9955694037539
375.0 43.1899242335051 739.8183011204269 696.6283768869218
378.0 43.499914814798 739.956752368624 696.456837553826
381.0 43.71307412982793 739.5825781424421 695.8695040126142
384.0 43.87405448374229 739.0457808543526 695.1717263706103
387.0 43.31046572760281 748.3165637400851 705.0060980124823
390.0 40.38777244852131 771.2278571866518 730.8400847381305
393.0 40.07031338956388 774.382853308617 734.3125399190531
396.0 45.01466453267033 733.9778365363972 688.9631720037269
399.0 45.30026329511244 731.1981287275813 685.8978654324689
402.0 44.88584529279436 739.0612299088331 694.1753846160387
405.0 46.07177254476145 730.2661551400333 684.1943825952718
408.0 43.91825032198309 753.7042684723646 709.7860181503815
411.0 46.06555037183673 734.8496145257168 688.7840641538801
414.0 41.42516710210937 769.1913335662116 727.7661664641023
417.0 47.47962882541349 719.4165541236319 671.9369252982184
420.0 46.64519526395944 729.5649866910447 682.9197914270853
423.0 48.35258687466388 712.3348181021258 663.9822312274619
426.0 46.98678512769772 732.0713863796949 685.0846012519971
429.0 48.55869474924577 716.1632263915934 667.6045316423476
432.0 45.29951360937877 749.2320029510225 703.9324893416438
435.0 49.23651111719088 710.3216267501311 661.0851156329403
438.0 50.21479487029222 703.4975482421543 653.282753371862
441.0 50.11199923894732 710.7237631273827 660.6117638884354
444.0 49.49175158082604 718.1362180149972 668.6444664341711
447.0 39.67941130084393 777.7106837336082 738.0312724327643
450.0 50.95681607177977 706.4382518516822 655.4814357799024
453.0 49.82550260295408 721.9378103016291 672.112307698675
456.0 51.99521621140027 701.7078920587917 649.7126758473915
459.0 50.6973122455674 718.4789859895892 667.7816737440218
462.0 52.90805020197009 702.2627033841409 649.3546531821708
465.0 46.74078818793483 745.5028136963305 698.7620255083957
468.0 54.4500523980367 690.6101426178504 636.1600902198137
471.0 51.97092672201479 718.8035379399012 666.8326112178864
474.0 54.78547238673058 692.4797529353452 637.6942805486146
477.0 56.49088204879218 679.3467344229861 622.855852374194
480.0 56.73482651743373 682.1576512764284 625.4228247589946
483.0 54.42923340620667 705.453803591567 651.0245701853603
486.0 57.3489567973095 683.8521835452822 626.5032267479727
489.0 58.97209715045816 669.6389914364126 610.6668942859544
492.0 55.87338327477374 701.1623785632773 645.2889952885036
495.0 60.22004086827278 669.7492857119221 609.5292448436494
498.0 60.29238491781993 677.666842108843 617.3744571910231
501.0 60.98362040237471 673.0390141936523 612.0553937912776
504.0 63.98030477719358 651.9004816066551 587.9201768294615
507.0 64.53084869448842 648.8210464200758 584.2901977255874
510.0 65.40899387228062 651.0799400565158 585.6709461842352
513.0 65.25471186156751 657.1888440714035 591.934132209836
516.0 68.43608252339239 631.5271996996512 563.0911171762588
519.0 70.54261114615817 618.3475018778258 547.8048907316677
522.0 71.85828259084557 614.925673384715 543.0673907938695
525.0 71.72975449162808 622.3825429932953 550.6527885016672
528.0 74.753129872834 602.8592688099828 528.1061389371488
531.0 72.11506977028687 630.0430147168398 557.9279449465529
534.0 74.51595137048979 615.9433540845202 541.4274027140305
537.0 79.93983790993465 586.0361727200809 506.0963348101462
540.0 77.12894119885484 608.607821487005 531.4788802881502
543.0 81.80484564067501 583.9289428828798 502.1240972422048
546.0 89.2074478941578 552.9243241692246 463.7168762750668
549.0 85.72854138872423 566.1892313397662 480.460689951042
552.0 95.7382643018229 527.6571753128413 431.9189110110184
555.0 103.4258943565671 500.1794660194871 396.75357166292
558.0 118.164670799436 448.4572964778795 330.2926256784435
561.0 138.8482598298071 403.1254255078207 264.2771656780136
564.0 133.4097779488961 415.7146976196787 282.3049196707826
567.0 149.2835505976424 379.535969966364 230.2524193687216
570.0 157.4496746422265 363.540075681772 206.0904010395455
573.0 156.8021254893115 365.0133990131433 208.2112735238319
576.0 159.4395699592605 361.7221369998476 202.2825670405871
579.0 178.8056864212003 329.7221361695386 150.9164497483383
582.0 212.509345342179 277.720626149813 65.21128080763395
585.0 248.0595447176886 233.2191385323465 -14.84040618534205
588.0 250.0025321774436 231.6866072451014 -18.31592493234222
591.0 271.4900847583574 205.722137 -65.76794775835739
