0.0 2.732701978350964 977.5222663057859 974.789564327435
3.0 1.001764520703647 976.2507459971143 975.2489814764106
6.0 0.3604333641104469 975.7812603087161 975.4208269446056
9.0 0.08144622050228262 974.1236915992892 974.0422453787869
12.0 0 972.9087583304925 972.9087583304925
15.0 0.02846174942888322 971.446865626782 971.4184038773531
18.0 0.184345118642631 970.1332419089941 969.9488967903515
21.0 0.3854496710190478 969.4790877452961 969.0936380742771
24.0 0.5877513300920409 968.1862721756615 967.5985208455695
27.0 0.7729379261736412 968.0058475127456 967.2329095865719
30.0 0.9844289215166203 966.3724571049805 965.3880281834639
33.0 1.224824602252469 964.9176599277326 963.6928353254802
36.0 1.532177052108256 964.246709190129 962.7145321380208
39.0 1.817185497931179 962.9916326490234 961.1744471510923
42.0 2.036998843846437 962.7985111894968 960.7615123456503
45.0 2.383419799943694 961.1171613591628 958.7337415592191
48.0 2.745146698327881 960.9371498648812 958.1920031665533
51.0 3.103118682181514 958.7708651170365 955.667746434855
54.0 3.534511824985797 957.8075151502041 954.2730033252183
57.0 3.874703935730457 957.0322805692631 953.1575766335327
60.0 4.178016797348973 954.87148902481 950.693472227461
63.0 4.567645116256891 956.3992850114873 951.8316398952304
66.0 5.047209864122754 951.3950131797475 946.3478033156248
69.0 5.576343687623503 953.317397912202 947.7410542245785
72.0 5.850473881137109 951.0565970743902 945.2061231932531
75.0 6.996765159015141 951.1138786770515 944.1171135180364
78.0 6.948932246896343 942.6242021720895 935.6752699251932
81.0 7.735895410496849 940.0651508512079 932.3292554407111
84.0 8.499637125085534 954.5896208594122 946.0899837343267
87.0 8.709244899146693 961.7772413907834 953.0679964916367
90.0 11.14697123354422 894.241643676493 883.0946724429487
93.0 9.498304912244253 933.1134227154337 923.6151178031895
96.0 12.64599670599936 893.1555745071953 880.5095778011959
99.0 10.78105430690604 924.903301311749 914.1222470048429
102.0 9.670749393857381 986.8445071801762 977.1737577863188
105.0 14.32092682350938 884.2517637746682 869.9308369511588
108.0 15.79282657498909 876.2408086253485 860.4479820503594
111.0 16.7151059745815 872.4558687697907 855.7407627952092
114.0 15.84112068088996 885.3876211357131 869.5465004548231
117.0 14.38534265897651 899.888767814619 885.5034251556424
120.0 9.747292069697528 935.7187276336929 925.9714355639953
123.0 14.85878780626104 892.3449027747848 877.4861149685238
126.0 19.02387019880138 865.7753192181816 846.7514490193802
129.0 19.19968688121165 867.6532193833504 848.4535325021388
132.0 14.44915205246579 901.6263272619717 887.177175209506
135.0 10.83244230070929 931.7147263775302 920.8822840768209
138.0 12.06636868335599 917.7031425643289 905.636773880973
141.0 21.66291289009594 855.543455903713 833.8805430136171
144.0 10.31148932790227 941.7181456981294 931.4066563702272
147.0 16.68759842476008 889.4374292286785 872.7498308039184
150.0 22.89427733716419 852.0677698319003 829.1734924947362
153.0 24.19488520773281 840.2445174582291 816.0496322504963
156.0 10.83251999118593 931.7197842303377 920.8872642391517
159.0 24.91561037889797 835.6420924876002 810.7264821087022
162.0 9.617971220652861 981.0840179626292 971.4660467419763
165.0 26.16927006840211 828.2169307281823 802.0476606597801
168.0 24.66478376688347 844.0926419834555 819.427858216572
171.0 26.82017931823415 826.0028332506304 799.1826539323963
174.0 23.42374774358338 845.5517513315554 822.128003587972
177.0 9.523641386084972 978.9961013679023 969.4724599818173
180.0 22.41633038764383 861.1355306740439 838.7192002864001
183.0 9.9373664177948 1007.72174110551 997.7843746877148
186.0 17.08959650098035 887.7170724994919 870.6274759985115
189.0 18.29014485479254 881.7157540732943 863.4256092185017
192.0 29.90821230756439 814.898444808658 784.9902325010936
195.0 24.04978203412462 849.9446547054778 825.8948726713532
198.0 28.85718573552657 824.2282492004039 795.3710634648773
201.0 26.67621061852914 840.6331495232625 813.9569389047333
204.0 30.45264914667711 819.2527713584744 788.8001222117973
207.0 30.68234155996412 815.8791943911488 785.1968528311847
210.0 32.3082388562374 802.8123230546588 770.5040841984214
213.0 30.40065385758997 816.4429288453524 786.0422749877624
216.0 11.44535653080169 923.7215443593096 912.2761878285079
219.0 14.10484560721317 903.7206067839679 889.6157611767547
222.0 21.17322762623834 867.6926001187678 846.5193724925294
225.0 30.57699134012337 818.1019443370025 787.5249529968791
228.0 31.54365459709925 813.212137272189 781.6684826750897
231.0 34.36846600540719 791.7888082769527 757.4203422715455
234.0 34.93667074995008 790.4315537201569 755.4948829702068
237.0 32.97370230286653 806.602228372416 773.6285260695494
240.0 28.44695652144028 833.3400078276995 804.8930513062592
243.0 33.64519110787953 802.6631481905043 769.0179570826248
246.0 34.52546900557304 796.0000353867783 761.4745663812052
249.0 32.67634098739551 805.2424249264677 772.5660839390722
252.0 32.36382477432395 814.2365714618517 781.8727466875278
255.0 31.51917790412291 819.1031804400473 787.5840025359244
258.0 13.13877828711159 909.7221365172862 896.5833582301746
261.0 36.13979828337211 790.1033001787285 753.9635018953564
264.0 35.24648032415373 793.4505859824565 758.2041056583027
267.0 34.90065014855065 799.8788230220139 764.9781728734633
270.0 36.37719844398954 783.8645357302265 747.4873372862369
273.0 23.70773230380024 855.720025339723 832.0122930359228
276.0 38.31109880247156 773.840684514249 735.5295857117775
279.0 28.02172973549322 835.6843520599771 807.6626223244839
282.0 37.27470883488465 784.4643904065799 747.1896815716952
285.0 26.71514184067416 841.636349818346 814.9212079776718
288.0 37.00775969496384 785.8248414642837 748.8170817693199
291.0 38.8183455965678 775.1708485904492 736.3525029938814
294.0 37.5777187633198 783.5909708569937 746.0132520936739
297.0 27.58632019906249 837.7020216353793 810.1157014363168
300.0 33.30419432627933 811.3592060421951 778.0550117159157
303.0 39.39695113211565 773.8541530288998 734.4572018967841
306.0 36.45212520939593 792.2455745561847 755.7934493467887
309.0 28.45936612083629 833.7170106834356 805.2576445625993
312.0 40.15344067931108 763.0656298681688 722.9121891888578
315.0 38.26631010464225 779.8828028143147 741.6164927096724
318.0 40.56747229849029 764.5574367850688 723.9899644865785
321.0 38.68174484817447 777.2136933611948 738.5319485130203
324.0 40.37341339030012 767.1401171023491 726.766703712049
327.0 38.52789182190744 784.4796133438142 745.9517215219067
330.0 40.21920515994116 774.1853120503529 733.9661068904117
333.0 27.15174284400766 839.7207992298628 812.5690563858551
336.0 40.54695322986374 770.3346212775341 729.7876680476704
339.0 41.84343889626821 757.809010937553 715.9655720412848
342.0 26.71759532683599 841.7176003813165 815.0000050544805
345.0 42.90658885736335 750.6176250265104 707.7110361691471
348.0 41.31249901250922 766.4998931034652 725.1873940909559
351.0 43.9548293160819 742.3583293486726 698.4035000325907
354.0 42.80058258665583 752.569218857498 709.7686362708422
357.0 42.74512660832195 755.6090828388256 712.8639562305037
360.0 42.27236487751772 758.052933013005 715.7805681354873
363.0 43.01662753127926 753.5371638713005 710.5205363400213
366.0 43.66787187159921 748.2817431026156 704.6138712310164
369.0 43.87855283655769 751.4089100490667 707.530357212509
372.0 42.78421765513341 761.1104957378658 718.3262780827324
375.0 44.6905995834427 740.4554676157305 695.7648680322878
378.0 45.00133398039025 740.6629075487959 695.6615735684057
381.0 45.21780468005816 740.2530547625516 695.0352500824934
384.0 45.38238706096431 739.7966092016043 694.41422214064
387.0 44.76475462039626 749.133839770593 704.3690851501967
390.0 41.70212651015796 771.4952351838762 729.7931086737182
393.0 41.36582494032775 774.5882586244994 733.2224336841716
396.0 46.55695150905498 734.7422237741056 688.1852722650507
399.0 46.8592207043411 732.0066523332459 685.1474316289048
402.0 46.39949542912316 739.8578769711658 693.4583815420426
405.0 47.63959934816781 731.2377244044781 683.5981250563103
408.0 45.34710239538972 754.2513699199785 708.9042675245888
411.0 47.60804175754936 735.8908375112375 688.2827957536882
414.0 42.75681605151876 769.2928380876671 726.5360220361484
417.0 49.11480541304331 720.3058417959506 671.1910363829073
420.0 48.22073473821257 730.2684498378992 682.0477150996866
423.0 50.03183942351691 713.0365805956776 663.0047411721607
426.0 48.54990702849135 732.9775429711691 684.4276359426777
429.0 50.21778744649709 716.9809214262711 666.763133979774
432.0 46.76099900305879 749.5716651327548 702.810666129696
435.0 50.9319167470458 710.9165361981214 659.9846194510756
438.0 51.9524366747905 704.2719283062243 652.3194916314338
441.0 51.8093352814307 711.5551956293594 659.7458603479287
444.0 51.14518367710363 718.9387805934952 667.7935969163916
447.0 40.95513192464763 777.7136412519663 736.7585093273187
450.0 52.68239337215352 707.2192576594926 654.5368642873391
453.0 51.46061564022531 722.497202165319 671.0365865250937
456.0 53.75238277179223 702.487734070515 648.7353512987228
459.0 52.35622374307767 719.0068599783799 666.6506362353023
462.0 54.66655664224464 703.2640362929478 648.5974796507031
465.0 48.23141590787197 745.5477570282356 697.3163411203636
468.0 56.28129795400233 691.4377475624232 635.1564496084209
471.0 53.63527670156269 719.2437126372808 665.6084359357181
474.0 56.60849448568315 693.2430483431025 636.6345538574193
477.0 58.39511507495583 680.126775321545 621.7316602465891
480.0 58.62475365116168 683.0258076333175 624.4010539821558
483.0 56.18027644876699 705.8497134810218 649.6694370322548
486.0 59.23373101950544 684.4426133395451 625.2088823200397
489.0 60.94354665124613 670.2473556692859 609.3038090180397
492.0 57.65625572053356 701.4063201788514 643.7500644583179
495.0 62.1975064481063 670.4329305141093 608.235424066003
498.0 62.2267419500928 678.4003594732363 616.1736175231435
501.0 62.94749228567532 673.6352453773548 610.6877530916795
504.0 66.07574116322966 652.7137126913586 586.6379715281289
507.0 66.64700180841578 649.3300623475068 582.683060539091
510.0 67.51680618659492 651.8693637530274 584.3525575664325
513.0 67.3289900564625 657.7015277808737 590.3725377244112
516.0 70.66820426695672 632.0782064399305 561.4100021729737
519.0 72.85865367058625 618.8211324139526 545.9624787433663
522.0 74.20030331997728 615.3858289849304 541.1855256649531
525.0 74.03037644063598 622.7918323708942 548.7614559302583
528.0 77.17740924998385 603.1980250824253 526.0206158324414
531.0 74.3765445550397 630.2026170775501 555.8260725225105
534.0 76.86762992084332 616.157492391605 539.2898624707616
537.0 82.48486591774894 586.2915801284083 503.8067142106593
540.0 79.53533588522295 608.7343734354832 529.1990375502602
543.0 84.37171634619977 584.151557260466 499.7798409142662
546.0 91.98458827672832 553.159271304402 461.1746830276737
549.0 88.41461023829754 566.2037041669291 477.7890939286316
552.0 98.69015713046287 527.6630170593203 428.9728599288575
555.0 106.5702723393389 500.2107266700518 393.6404543307129
558.0 121.6729850148558 448.4827893851797 326.8098043703239
561.0 142.7180615135162 403.1484864864662 260.43042497295
564.0 137.1809265153435 415.7154460307774 278.534519515434
567.0 153.3397013710017 379.5446063924527 226.2049050214509
570.0 161.6381398541313 363.5449470946968 201.9068072405656
573.0 160.9789694291517 365.0211942101841 204.0422247810324
576.0 163.6488991337419 361.7221369998811 198.0732378661392
579.0 183.2962811246728 329.7221362870227 146.42585516235
582.0 217.4692357173901 277.720719059863 60.25148334247285
585.0 253.4577589787355 233.2247897854477 -20.23296919328785
588.0 255.4197893559518 231.6878798991305 -23.73190945682123
591.0 277.1671785587056 205.722137 -71.44504155870566
