0.0 2.731423417834445 977.9828330182977 975.2514096004632
3.0 1.000177665993625 976.6982549798576 975.698077313864
6.0 0.3587256663614042 976.2400687534106 975.8813430870491
9.0 0.08067455101438184 974.5896271547619 974.5089526037475
12.0 0 973.3744990323827 973.3744990323827
15.0 0.02947596774640385 971.9135982374702 971.8841222697238
18.0 0.18635344357363 970.6183404509812 970.4319870074076
21.0 0.3880392358555385 969.9669853600878 969.5789461242322
24.0 0.5913594192335811 968.6719856384189 968.0806262191853
27.0 0.7767926451758733 968.4981529355592 967.7213602903833
30.0 0.9895368742850926 966.8726021313037 965.8830652570186
33.0 1.231095353518559 965.3918480281156 964.1607526745971
36.0 1.539104123582165 964.7492599344545 963.2101558108723
39.0 1.825158794072716 963.5005258673371 961.6753670732644
42.0 2.045257451028602 963.2950661592716 961.249808708243
45.0 2.393061247703185 961.6064477651009 959.2133865173977
48.0 2.755150262506862 961.4458676150215 958.6907173525146
51.0 3.114842733446977 959.2734749389674 956.1586322055204
54.0 3.547175701516547 958.3383425394895 954.791166837973
57.0 3.888131535532648 957.5501865177224 953.6620549821898
60.0 4.193122545512782 955.3873519459775 951.1942294004648
63.0 4.581982672407455 956.8955035281167 952.3135208557093
66.0 5.065288307255841 951.8682421972311 946.8029538899753
69.0 5.593451569818316 953.8558256975733 948.262374127755
72.0 5.869289730261205 951.6471957571311 945.7779060268699
75.0 7.016285883301178 951.8109603145015 944.7946744312004
78.0 6.974335295586232 942.9225375706193 935.9482022750331
81.0 7.763571376097244 940.3774832952469 932.6139119191497
84.0 8.51775411404262 955.4647033141669 946.9469492001243
87.0 8.722718663008681 962.336593095084 953.6138744320754
90.0 11.20824120612291 894.3245139648987 883.1162727587758
93.0 9.531940075394637 933.3460836131885 923.8141435377938
96.0 12.70901380847209 893.2755005950308 880.5664867865588
99.0 10.82119773013378 925.0006085577715 914.1794108276377
102.0 9.667946783710214 987.0129456834101 977.3449988996999
105.0 14.39115766508165 884.3352968070483 869.9441391419666
108.0 15.86951231410043 876.3255489156574 860.456036601557
111.0 16.79499514503555 872.5433738893303 855.7483787442948
114.0 15.91161770485668 885.4577519126369 869.5461342077802
117.0 14.44498833428518 899.926339995564 885.4813516612789
120.0 9.779399791741993 935.726892134329 925.947492342587
123.0 14.92389573728996 892.3690692754237 877.4451735381337
126.0 19.10989270626166 865.8217412433477 846.7118485370861
129.0 19.28454787367858 867.7079919382183 848.4234440645398
132.0 14.50767010598521 901.6294753441777 887.1218052381925
135.0 10.86801706217839 931.7150641823969 920.8470471202185
138.0 12.1123214679827 917.7038666083566 905.5915451403739
141.0 21.75769637331621 855.5919541311161 833.8342577577999
144.0 10.33989982605884 941.7183454914572 931.3784456653983
147.0 16.75593644062227 889.4442050376681 872.6882685970459
150.0 22.99225999096132 852.1311699091578 829.1389099181964
153.0 24.30179780381067 840.3195089612969 816.0177111574862
156.0 10.86809143984483 931.7198965214788 920.8518050816339
159.0 25.02615758140097 835.6849202491965 810.6587626677955
162.0 9.619074573069217 981.1930899043587 971.5740153312895
165.0 26.28572111215709 828.2719268004305 801.9862056882734
168.0 24.76939919752938 844.1602125787714 819.390813381242
171.0 26.93858253124276 826.0523665170932 799.1137839858504
174.0 23.52654212447709 845.5693747180136 822.0428325935365
177.0 9.526038834892233 979.2895947849806 969.7635559500884
180.0 22.50783212529905 861.1485316230325 838.6406994977335
183.0 9.92059132331155 1007.721776620958 997.8011852976467
186.0 17.15938152582578 887.7172739785112 870.5578924526854
189.0 18.36483242704143 881.7160045272196 863.3511721001782
192.0 30.03626840890846 814.9726093063941 784.9363408974856
195.0 24.15001499699095 849.9539982091927 825.8039832122018
198.0 28.97818165800078 824.2835501100023 795.3053684520015
201.0 26.78456638672124 840.6535140900041 813.8689477032828
204.0 30.5781140108145 819.3201475968594 788.7420335860449
207.0 30.81025991883582 815.9447753809348 785.134515462099
210.0 32.44615983049066 802.8758060241302 770.4296461936396
213.0 30.52800594239288 816.481439390072 785.9534334476791
216.0 11.48678987209259 923.7215696622601 912.2347797901675
219.0 14.16170468839966 903.7206614274404 889.5589567390408
222.0 21.25942367760219 867.6934102285015 846.4339865508993
225.0 30.70333804246486 818.1289267788949 787.4255887364301
228.0 31.67398243267762 813.2554559838268 781.5814735511492
231.0 34.51530218049524 791.8269339206405 757.3116317401453
234.0 35.08481095920301 790.4893444301657 755.4045334709627
237.0 33.10950790295359 806.6318077474263 773.5222998444727
240.0 28.56148658004148 833.3481205944986 804.7866340144571
243.0 33.78413162313898 802.7034809075046 768.9193492843657
246.0 34.66954198533198 796.0479613436757 761.3784193583437
249.0 32.81287109443452 805.2683086333749 772.4554375389404
252.0 32.49401959995327 814.2621585026608 781.7681389027075
255.0 31.64548903248608 819.1165859573576 787.4710969248715
258.0 13.19089429846718 909.7221365503934 896.5312422519263
261.0 36.28898262358911 790.1561514224194 753.8671687988303
264.0 35.39278182208357 793.492049165743 758.0992673436595
267.0 35.04233647347244 799.9314852298618 764.8891487563893
270.0 36.53079473868885 783.9074401313716 747.3766453926828
273.0 23.80380408434211 855.720105367217 831.9163012828749
276.0 38.47282959907691 773.8999121134248 735.4270825143479
279.0 28.13437685792996 835.6854142216286 807.5510373636986
282.0 37.42849762310883 784.5370003973853 747.1085027742765
285.0 26.82284747598947 841.6383272267605 814.8154797507711
288.0 37.16044924131111 785.8722477325224 748.7117984912113
291.0 38.97951116869015 775.2448299278809 736.2653187591907
294.0 37.73231459535966 783.6453616814103 745.9130470860506
297.0 27.69729757385619 837.7026460819722 810.0053485081161
300.0 33.43699381157114 811.3678155809718 777.9308217694006
303.0 39.55940583413347 773.9312459725682 734.3718401384348
306.0 36.60006963516033 792.2814123572561 755.6813427220957
309.0 28.57365069355983 833.7172034809245 805.1435527873647
312.0 40.32376127778016 763.1228028709689 722.7990415931887
315.0 38.42390083048445 779.9317192730231 741.5078184425387
318.0 40.7370539584004 764.6300228848263 723.8929689264259
321.0 38.84143402419167 777.2664494776329 738.4250154534413
324.0 40.54110735135124 767.2052885136817 726.6641811623305
327.0 38.68253150363298 784.5282030209717 745.8456715173387
330.0 40.38199378717125 774.2634745792448 733.8814807920736
333.0 27.26105032893531 839.7208532168689 812.4598028879336
336.0 40.71258960245759 770.4030045534698 729.6904149510122
339.0 42.01848310715101 757.8814079594892 715.8629248523382
342.0 26.82524795139554 841.717736461994 814.8924885105985
345.0 43.08725093315182 750.6938102492187 707.6065593160668
348.0 41.4812634085446 766.5786957545789 725.0974323460343
351.0 44.14182664491558 742.4366171667191 698.2947905218036
354.0 42.9798479325048 752.6337913913516 709.6539434588468
357.0 42.92227758386317 755.6950115243707 712.7727339405076
360.0 42.44753877149088 758.114323392557 715.6667846210661
363.0 43.19537551399434 753.6179383878121 710.4225628738177
366.0 43.85064322190868 748.3552051006647 704.5045618787561
369.0 44.05932682154785 751.5175943948241 707.4582675732763
372.0 42.95765143456127 761.1928530323436 718.2352015977824
375.0 44.87939381111046 740.5317463424298 695.6523525313194
378.0 45.19019593557961 740.7467554106167 695.5565594750371
381.0 45.40709461617618 740.3321304479181 694.9250358317419
384.0 45.57209629907725 739.8858369251495 694.3137406260722
387.0 44.94768499529388 749.2295801857842 704.2818951904903
390.0 41.86777216538562 771.5255408911729 729.6577687257873
393.0 41.52913865758644 774.6111585958911 733.0820199383046
396.0 46.75090066796099 734.8324394304308 688.0815387624698
399.0 47.05523563903406 732.1033348744335 685.0480992353995
402.0 46.5898540215702 739.9509172524275 693.3610632308573
405.0 47.8366626510018 731.3528488909062 683.5161862399044
408.0 45.52695705728861 754.3131838134903 708.7862267562017
411.0 47.80191373196656 736.0126750050878 688.2107612731212
414.0 42.92468549939947 769.3038607743318 726.3791752749324
417.0 49.32031782650525 720.4116900155244 671.0913721890192
420.0 48.41886481289655 730.3502200020354 681.9313551891389
423.0 50.24293221294637 713.1199032949023 662.876971081956
426.0 48.74640887139937 733.0831686605601 684.3367597891607
429.0 50.42631724552864 717.0774833991074 666.6511661535787
432.0 46.94500991773618 749.609680815789 702.6646708980528
435.0 51.14507010909899 710.9861250035037 659.8410548944047
438.0 52.17080017405696 704.3644093304077 652.1936091563507
441.0 52.02264186244267 711.6520704123206 659.6294285498779
444.0 51.35301301268917 719.0323399661106 667.6793269534215
447.0 41.11604623042568 777.7139481011 736.5979018706744
450.0 52.89924748765901 707.3115273404119 654.4122798527529
453.0 51.66624742676271 722.5612078356872 670.8949604089245
456.0 53.97318632769507 702.5795629284462 648.6063766007512
459.0 52.56484258364755 719.0667966514176 666.50195406777
462.0 54.88744538626068 703.3812491778686 648.4938037916079
465.0 48.41917833113116 745.5526086338853 697.1334303027541
468.0 56.51134313548047 691.535482572816 635.0241394373355
471.0 53.84460862849234 719.2930125637696 665.4484039352773
474.0 56.83753612497438 693.3329893058735 636.4954531808991
477.0 58.63430064124006 680.219676329583 621.5853756883429
480.0 58.86211877278417 683.1283398542894 624.2662210815052
483.0 56.40045992161984 705.8952271440178 649.4947672223979
486.0 59.47055781760138 684.5111035061158 625.0405456885144
489.0 61.19119938410691 670.3194427311445 609.1282433470376
492.0 57.8804747989911 701.4340069920368 643.5535321930457
495.0 62.44588364068718 670.5132864551125 608.0674028144253
498.0 62.46971390464061 678.484846199392 616.0151322947514
501.0 63.1942038101278 673.7046751598737 610.5104713497459
504.0 66.33881499326644 652.8102539823939 586.4714389891275
507.0 66.91278038783946 649.3899130862348 582.4771326983954
510.0 67.78143704721177 651.9621491839754 584.1807121367636
513.0 67.58953441515548 657.760519838653 590.1709854234975
516.0 70.94846221171269 632.1438166006114 561.1953543888987
519.0 73.14943025875541 618.8780477185321 545.7286174597767
522.0 74.49433230851056 615.4410993798067 540.9467670712961
525.0 74.31925050653615 622.8403915218204 548.5211410152842
528.0 77.48176651542396 603.2386533172117 525.7568868017877
531.0 74.6606197549493 630.221043817083 555.5604240621337
534.0 77.16295954699965 616.1828394951648 539.0198799481652
537.0 82.8043484267655 586.3220532413628 503.5177048145973
540.0 79.83753833614296 608.7490174852074 528.9114791490645
543.0 84.6939413726235 584.178271817482 499.4843304448585
546.0 92.33309282093443 553.1870621715382 460.8539693506037
549.0 88.7518136476758 566.2054558149309 477.4536421672551
552.0 99.06059183096186 527.6637036013596 428.6031117703977
555.0 106.9647579849913 500.2145466131611 393.2497886281698
558.0 122.1129648731006 448.4859134124722 326.3729485393716
561.0 143.203228261661 403.1512859736441 259.9480577119831
564.0 137.6537700929972 415.7155335152429 278.0617634222457
567.0 153.8481672330915 379.545650337285 225.6974831041936
570.0 162.163146439349 363.5455427532637 201.3823963139147
573.0 161.5025222369841 365.0221527313277 203.5196304943436
576.0 164.1765155674125 361.7221369998847 197.5456214324722
579.0 183.8590557494239 329.722136300406 145.8630805509821
582.0 218.0906722660706 277.7207301934985 59.63005792742785
585.0 254.1339838940227 233.2254846519268 -20.90849924209592
588.0 256.0983963068694 231.6880347552776 -24.41036155159172
591.0 277.8782655706096 205.722137 -72.15612857060963
