0.0 2.710104183688361 985.4836406483141 982.7735364646257
3.0 0.9749042432627659 983.9963515341081 983.0214472908453
6.0 0.3303916386754582 983.6893772828049 983.3589856441294
9.0 0.06751378129925618 982.1558779524761 982.0883641711768
12.0 0 980.9309722346087 980.9309722346087
15.0 0.04641349608941495 979.537785559707 979.4913720636176
18.0 0.2182034696224687 978.5727019345514 978.3544984649289
21.0 0.4295902994368326 977.9429529053661 977.5133626059293
24.0 0.6504474793961076 976.6102967372916 975.9598492578955
27.0 0.8395046700074706 976.5201573007388 975.6806526307313
30.0 1.072519722937382 975.078663845144 974.0061441222066
33.0 1.336617820822599 973.1402502142278 971.8036323934052
36.0 1.652797970391561 972.9894481333245 971.3366501629329
39.0 1.956095246059226 971.8160679445262 969.8599726984669
42.0 2.182119710667021 971.4578805063862 969.2757607957192
45.0 2.554274363827658 969.622658988732 967.0683846249043
48.0 2.921080502197352 969.6450290880381 966.7239485858407
51.0 3.31002364229463 967.5285443129197 964.218520670625
54.0 3.755702004972651 966.9952502078576 963.239548202885
57.0 4.110832515154036 966.0223857257036 961.9115532105495
60.0 4.44399717329335 963.9707298481336 959.5267326748403
63.0 4.822630304192518 964.9554669345798 960.1328366303873
66.0 5.371763816792138 959.5661505170805 954.1943867002884
69.0 5.875978594137139 962.838195466146 956.9622168720089
72.0 6.174645587663798 961.6910799572956 955.5164343696318
75.0 7.324850669929289 963.09962149133 955.7747708214007
78.0 7.42412773708683 947.4932240705943 940.0690963335074
81.0 8.251288100538064 945.0009999963664 936.7497118958284
84.0 8.786409105495261 969.1160668346211 960.3296577291258
87.0 8.948626895581932 969.8851873738601 960.9365604782782
90.0 12.28871045875421 895.5816059337275 883.2928954749733
93.0 10.12853682583937 936.7878932115911 926.6593563857517
96.0 13.8156007102439 895.097665665348 881.2820649551041
99.0 11.54169813461601 926.3395712447795 914.7978731101635
102.0 9.654544779058709 988.7414889421505 979.0869441630918
105.0 15.62381218478999 885.6234233389007 869.9996111541107
108.0 17.21182732355122 877.6207744401536 860.4089471166024
111.0 18.19145639624264 873.8920245690629 855.7005681728203
114.0 17.15027206565008 886.4979048891364 869.3476328234863
117.0 15.50241418103802 900.4465648295981 884.9441506485601
120.0 10.37135852042097 935.8383722360649 925.4670137156439
123.0 16.07530022187962 892.7270822168008 876.6517819949212
126.0 20.61472618654022 866.5112248869671 845.8964987004269
129.0 20.7688228695952 868.5261565504101 847.7573336808149
132.0 15.54906943102584 901.6689815421335 886.1199121111077
135.0 11.51962180030447 931.718877205043 920.1992554047385
138.0 12.94031947588404 917.71256932585 904.772249849966
141.0 23.41121771840697 856.3248305647348 832.9136128463278
144.0 10.86972340805827 941.720526351008 930.8508029429498
147.0 17.96394042931903 889.5351722426126 871.5712318132935
150.0 24.69875810080508 853.0833942506041 828.384636149799
153.0 26.15878285406124 841.4975912235689 815.3388083695077
156.0 11.51965788159809 931.7211469654952 920.2014890838971
159.0 26.9481993677062 836.3336717167011 809.3854723489949
162.0 9.67572471670728 982.4860006214329 972.8102759047256
165.0 28.3068423628667 829.1331296066561 800.8262872437894
168.0 26.5882298184122 845.1809474534942 818.592717635082
171.0 28.9934622220464 826.8195289145521 797.8260666925057
174.0 25.31921324466602 845.836056010045 820.516842765379
177.0 9.588155674031411 983.0719783394653 973.4838226654339
180.0 24.10904856994033 861.326962784365 837.2179142144247
183.0 9.682273119252401 1007.722062395947 998.0397892766942
186.0 18.39257104404528 887.7196684988108 869.3270974547655
189.0 19.68136116234829 881.7189943300986 862.0376331677503
192.0 32.25280613984555 816.1298133753587 783.8770072355132
195.0 25.89995275080042 850.0918413035156 824.1918885527152
198.0 31.07665324468762 825.1206736443918 794.0440203997042
201.0 28.67160250688026 840.9410608914989 812.2694583846187
204.0 32.75150447458969 820.313377412418 787.5618729378284
207.0 33.02543517279447 816.934589537527 783.9091543647325
210.0 34.83143404084651 803.870052490677 769.0386184498305
213.0 32.73613037357951 817.0688319385634 784.3327015649839
216.0 12.23801529392747 923.7218642002323 911.4838489063048
219.0 15.17516514225087 903.7213343573992 888.5461692151483
222.0 22.77154600765859 867.7040784947641 844.9325324871055
225.0 32.89550764663396 818.5350684556777 785.6395608090437
228.0 33.93226927352287 813.9064714552714 779.9742021817485
231.0 37.0546758580048 792.4125129099222 755.3578370519174
234.0 37.64433663182048 791.4032582140381 753.7589215822177
237.0 35.46226235459182 807.069073298524 771.6068109439322
240.0 30.55462121164156 833.4605429108084 802.9059216991669
243.0 36.18908847015946 803.3173816176081 767.1282931474486
246.0 37.16099869888284 796.7818236253948 759.6208249265119
249.0 35.17825236756017 805.6606496855214 770.4823973179612
252.0 34.75182051911621 814.6279429057476 779.8761223866314
255.0 33.83842685778173 819.3009877915711 785.4625609337894
258.0 14.12372716380373 909.7221368629284 895.5984096991246
261.0 38.86691263881999 790.9514634258322 752.0845507870122
264.0 37.92277790282375 794.1201969358991 756.1974190330753
267.0 37.492871447414 800.7109940207794 763.2181225733654
270.0 39.18459683341063 784.5738451373942 745.3892483039836
273.0 25.48387837928426 855.7210708716504 830.2371924923662
276.0 41.26328617604672 774.8285078435751 733.5652216675284
279.0 30.09614594455451 835.6992420242327 805.6030960796781
282.0 40.08272283899336 785.6505993962907 745.5678765572974
285.0 28.70052592003179 841.6653474372195 812.9648215171877
288.0 39.79849043066043 786.5856116259847 746.7871211953243
291.0 41.75898244752754 776.385978284602 734.6269958370745
294.0 40.40207027521176 784.4694144536172 744.0673441784054
297.0 29.63071987188856 837.7106054102999 808.0798855384113
300.0 35.74067755803098 811.4838579970001 775.7431804389691
303.0 42.36056026108527 775.1030921317656 732.7425318706803
306.0 39.15862082793543 792.8041662364368 753.6455454085014
309.0 30.56333309734943 833.7195275591352 803.1561944617857
312.0 43.26048904176395 764.0086706961858 720.7481816544218
315.0 41.14511577575133 780.668155580232 739.5230398044807
318.0 43.65976226358038 765.742913868883 722.0831516053026
321.0 41.59793511326526 778.0654666668485 736.4675315535832
324.0 43.43246676758814 768.1992832058686 724.7668164382805
327.0 41.35372755632747 785.2313317423834 743.8776041860559
330.0 43.18886931537299 775.4157235226367 732.2268542072637
333.0 29.16613382691162 839.7214900930753 810.5553562661637
336.0 43.56881861482614 771.4069913927611 727.8381727779349
339.0 45.0340687595701 758.992699054226 713.9586302946559
342.0 28.70219145357703 841.7194886738898 813.0172972203128
345.0 46.19794040081997 751.8710712794834 705.6731308786634
348.0 44.38958530951667 767.7602328735535 723.3706475640368
351.0 47.35999066811008 743.6509236102104 696.2909329421003
354.0 46.06799983596431 753.6134659640445 707.5454661280802
357.0 45.97237126823542 757.0124627725801 711.0400915043447
360.0 45.46647381196792 759.0382322081693 713.5717583962013
363.0 46.27310479638134 754.8596385036463 708.586533707265
366.0 46.99748280463677 749.4839461379552 702.4864633333184
369.0 47.16881624896934 753.1803851488587 706.0115688998893
372.0 45.94508064233058 762.4112835042641 716.4662028619335
375.0 48.12825234703094 741.7275501930847 693.5992978460537
378.0 48.43955297693847 742.0382496362684 693.5986966593299
381.0 48.66425160547373 741.5356193358155 692.8713677303418
384.0 48.83532175503107 741.2632926384627 692.4279708834317
387.0 48.09520396458799 750.6661158970684 702.5709119324804
390.0 44.72781102770934 771.9564865592631 727.2286755315538
393.0 44.3502606342855 774.9266499336343 730.5763892993488
396.0 50.08618447082319 736.2064867961365 686.1203023253133
399.0 50.42485558936537 733.6147426894963 683.1898871001309
402.0 49.86394127250243 741.339717276689 691.4757760041866
405.0 51.22243332225568 733.1177140509336 681.8952807286779
408.0 48.62567366686658 755.183612248134 706.5579385812675
411.0 51.13296874682943 737.8342773198701 686.7013085730407
414.0 45.82435866543176 769.4489096231171 723.6245509576853
417.0 52.85056641687484 722.0482179961766 669.1976515793018
420.0 51.82618286569582 731.560959291655 679.7347764259592
423.0 53.87026242246075 714.4039524728412 660.5336900503804
426.0 52.12375603670663 734.6538798461034 682.5301238093968
429.0 54.00884992933847 718.5505512345656 664.5417013052271
432.0 50.11659942693535 750.1375844227361 700.0209849958007
435.0 54.80888708638999 712.029189021872 657.220301935482
438.0 55.92077472998642 705.8060257267294 649.885250996743
441.0 55.6865096215564 713.0906133481457 657.4041037265892
444.0 54.92406868491551 720.4254006749075 665.501331989992
447.0 43.89842448683391 777.7176798053398 733.8192553185059
450.0 56.62369806242052 708.721924867201 652.0982268047805
453.0 55.20288306910157 723.4843315837605 668.2814485146589
456.0 57.76486129602152 703.9728836193246 646.2080223233031
459.0 56.15269008654503 719.9185444882865 663.7658544017415
462.0 58.67821780534809 705.1361115819861 646.457893776638
465.0 51.65757711538646 745.6157382913767 693.9581611759903
468.0 60.45952376403511 693.0264696418221 632.566945877787
471.0 57.44563314314721 719.9763525764854 662.5307194333381
474.0 60.76943079783587 694.7001070735665 633.9306762757306
477.0 62.73823965573349 681.660359981418 618.9221203256845
480.0 62.93428449481781 684.6895655936284 621.7552810988106
483.0 60.18616901918687 706.5587449565672 646.3725759373803
486.0 63.53698963175556 685.5230319736101 621.9860423418546
489.0 65.4411542555259 671.4275710206158 605.9864167650899
492.0 61.73649836846993 701.829032608953 640.0925342404831
495.0 66.70743205448001 671.7285630662641 605.0211310117841
498.0 66.63918096718191 679.7126578488924 613.0734768817105
501.0 67.42855790210525 674.7374412728659 607.3088833707607
504.0 70.8485462725401 654.2952935134625 583.4467472409224
507.0 71.47211955463006 650.2961146565539 578.8239951019238
510.0 72.31811611396497 653.3616057206998 581.0434896067348
513.0 72.06012238724847 658.6178308986959 586.5577085114475
516.0 75.75330316662458 633.1598228586388 557.4065196920142
519.0 78.13387276746267 619.7752418341888 541.6413690667261
522.0 79.53422998344256 616.3119461494473 536.7777161660047
525.0 79.27224772535503 623.5881709553482 544.3159232299932
528.0 82.69869785316036 603.8769092500777 521.1782113969174
531.0 79.53502259074759 630.4913426028618 550.9563200121142
534.0 82.22796282513463 616.5723060220129 534.3443431968782
537.0 88.27942841303128 586.7961143034912 498.5166858904599
540.0 85.02045992679606 608.963919147959 523.9434592211629
543.0 90.21599490802474 584.5980183591007 494.3820234510759
546.0 98.30184201409238 553.6113929528005 455.3095509387081
549.0 94.53095722064382 566.2336113974846 471.7026541768407
552.0 105.4047764599801 527.6740744864031 422.269298026423
555.0 113.7174897563096 500.2766533399638 386.5591635836542
558.0 129.6391671648771 448.5370115822991 318.897844417422
561.0 151.4976438620345 403.1962388685579 251.6985950065234
564.0 145.7389632402277 415.7168411350473 269.9778778948196
567.0 162.5388437873294 379.5622743199228 217.0234305325934
570.0 171.1350589900105 363.5552418547162 192.4201828647058
573.0 170.4496832899839 365.0379321512396 194.5882488612557
576.0 173.1928556144525 361.7221369999313 188.5292813854787
579.0 193.4730850435925 329.7221364910901 136.2490514474977
582.0 228.7019531733549 277.7209045631576 49.01895138980267
585.0 265.6765975529168 233.2369237913229 -32.43967376159391
588.0 267.6815596259944 231.690532268735 -35.99102735725934
591.0 290.0136054476175 205.722137 -84.29146844761748
