0.0 2.701434018365426 988.4128225258911 985.7113885075256
3.0 0.9652278996480042 986.8592620902857 985.8940341906377
6.0 0.3190210173141424 986.5955347050973 986.2765136877831
9.0 0.06204247437400257 985.0942928117843 985.0322503374102
12.0 0 983.858669467306 983.858669467306
15.0 0.05306632674507648 982.5209508422056 982.4678845154605
18.0 0.2298848553640161 981.6929001508205 981.4630152954565
21.0 0.4452281775988789 981.0642739046924 980.6190457270935
24.0 0.6734455387595836 979.7106559912302 979.0372104524706
27.0 0.8637639755924878 979.642083331065 978.7783193554725
30.0 1.104459384662321 978.2859321084061 977.1814727237437
33.0 1.379364387565134 976.1620605465716 974.7826961590064
36.0 1.697264608245797 976.2145976695555 974.5173330613097
39.0 2.007499262918592 975.043511225551 973.0360119626324
42.0 2.236323789237011 974.6699663723814 972.4336425831444
45.0 2.619042004231445 972.7597442172728 970.1407022130413
48.0 2.987468008278919 972.7748984372844 969.7874304290055
51.0 3.387971990212548 970.7651367453081 967.3771647550956
54.0 3.837975499292329 970.3472782837311 966.5093027844387
57.0 4.199515321611313 969.3070649921215 965.1075496705102
60.0 4.543616338882827 967.3876750928156 962.8440587539327
63.0 4.920041577144047 968.0960637087015 963.1760221315574
66.0 5.497512869314944 962.5385761055868 957.0410632362718
69.0 5.987248669467981 966.4360882491453 960.4488395796773
72.0 6.291656664583485 965.7364042974299 959.4447476328464
75.0 7.440015104115479 967.3928359787401 959.9528208746246
78.0 7.619500777049036 949.1320999249983 941.5125991479493
81.0 8.462439101862318 946.566677159814 938.1042380579517
84.0 8.878881484972599 973.8862063618543 965.0073248768817
87.0 9.044245151416548 972.1240445034992 963.0797993520826
90.0 12.75419612226411 896.0267411418961 883.272545019632
93.0 10.3881441228449 937.954388415014 927.5662442921691
96.0 14.2900758376761 895.7425539675251 881.452478129849
99.0 11.85893892445072 926.752814427978 914.8938755035273
102.0 9.669311885903526 989.0723761926048 979.4030643067013
105.0 16.15182647804288 886.0901325121113 869.9383060340684
108.0 17.78499867124159 878.0827584629351 860.2977597916935
111.0 18.78673317310894 874.3794875142649 855.592754341156
114.0 17.68161139345563 886.8552909871255 869.1736795936699
117.0 15.96079738937369 900.6083026859723 884.6475052965986
120.0 10.63928804347275 935.873212294415 925.2339242509423
123.0 16.57281506086266 892.8503766846089 876.2775616237462
126.0 21.25674797220161 866.7485097911536 845.491761818952
129.0 21.40197448564758 868.8098053572049 847.4078308715573
132.0 16.00228195805687 901.6795830171245 885.6773010590676
135.0 11.81243077792744 931.7197445204428 919.9073137425154
138.0 13.30574731738762 917.7147540608748 904.4090067434872
141.0 24.11430665577878 856.5833565601476 832.4690499043688
144.0 11.11239158410277 941.7209949081151 930.6086033240123
147.0 18.48560067695328 889.5622648674283 871.0766641904751
150.0 25.42299106043432 853.4152838293691 827.9922927689348
153.0 26.94418550486987 841.9336859619288 814.9895004570589
156.0 11.81245780468885 931.7214242589014 919.9089664542125
159.0 27.76211666415219 836.5625886653417 808.8004720011895
162.0 9.720097789355775 982.7995633606543 973.0794655712986
165.0 29.16084225934313 829.4512518026632 800.2904095433201
168.0 27.35849651179619 845.5386578598813 818.1801613480852
171.0 29.86167733355445 827.0985826491769 797.2369053156224
174.0 26.08105076852323 845.9305110889258 819.8494603204026
177.0 9.627618839258917 984.0994867879479 974.4718679486889
180.0 24.79235928612127 861.3816819886465 836.5893227025253
183.0 9.608652589703125 1007.722097519328 998.1134449296245
186.0 18.9248596069918 887.7202579703782 868.7953983633864
189.0 20.24796424848629 881.719735581103 861.4717713326168
192.0 33.18634156489421 816.5539273275794 783.3675857626852
195.0 26.64460224404968 850.1391074974215 823.4945052533719
198.0 31.96263266150129 825.4154500668798 793.4528174053785
201.0 29.47226824288223 841.0329569331509 811.5606886902687
204.0 33.66789701780756 820.6493235675643 786.9814265497567
207.0 33.95900008785684 817.2811457636004 783.3221456757436
210.0 35.83495761302404 804.2367916714961 768.4018340584721
213.0 33.66802901002784 817.2785981371089 783.610569127081
216.0 12.57185371628604 923.7219341772331 911.1500804609471
219.0 15.61698162598175 903.721509316395 888.1045276904132
222.0 23.41866510567804 867.7071543968145 844.2884892911365
225.0 33.82141366715735 818.6776993731818 784.8562857060244
228.0 34.88464228525666 814.1338443640251 779.2492020787684
231.0 38.12297101125757 792.6230531858918 754.5000821746343
234.0 38.71984894464857 791.7451617860202 753.0253128413717
237.0 36.45420992503863 807.2184828133426 770.764272888304
240.0 31.39950225831762 833.4954953763755 802.0959931180579
243.0 37.20195517833637 803.5359304310902 766.3339752527539
246.0 38.20910177522893 797.0444203979015 758.8353186226726
249.0 36.17551913487621 805.7996343088634 769.6241151739872
252.0 35.70491209291303 814.7468934106797 779.0419813177667
255.0 34.76536918739932 819.3577509782111 784.5923817908118
258.0 14.5323459030899 909.7221369150617 895.1897910119718
261.0 39.95045456610299 791.2293719996165 751.2789174335135
264.0 38.98709305757428 794.3420200321758 755.3549269746015
267.0 38.52402967463687 800.9768928830686 762.4528632084317
270.0 40.29974058883071 784.8176642105241 744.5179236216934
273.0 26.20018214279217 855.7213143779924 829.5211322352002
276.0 42.43385461536197 775.1722058141099 732.7383511987479
279.0 30.92840489460061 835.7031706169038 804.7747657223032
282.0 41.19665530206824 786.0493964177286 744.8527411156603
285.0 29.49811947487622 841.6735751726317 812.1754556977555
288.0 40.90703702257654 786.8354599711879 745.9284229486114
291.0 42.92438763209441 776.7981843163722 733.8737966842778
294.0 41.52332206985129 784.7605836319185 743.2372615620672
297.0 30.45132364029324 837.7127926502746 807.2614690099813
300.0 36.71342655966361 811.5185669799769 774.8051404203133
303.0 43.53482824490685 775.5180033395799 731.9831750946731
306.0 40.2350574525978 792.9796421754567 752.7445847228589
309.0 31.40711886042126 833.7201141215847 802.3129952611635
312.0 44.49144264883088 764.33101894006 719.8395762912291
315.0 42.28783840978241 780.926109717709 738.6382713079266
318.0 44.88424843669357 766.1416813010499 721.2574328643563
321.0 42.75498392664517 778.3477613483255 735.5927774216803
324.0 44.64442474533765 768.5538552498883 723.9094305045507
327.0 42.47600813335405 785.4642329494827 742.9882248161286
330.0 44.36561893473248 775.8063516192386 731.4407326845061
333.0 29.97508935523956 839.7216453865824 809.7465560313428
336.0 44.76635235970868 771.7453965847433 726.9790442250347
339.0 46.29679951934791 759.3921871235524 713.0953876042045
342.0 29.49955667385877 841.7199775273116 812.2204208534529
345.0 47.49961036146738 752.2979886055856 704.7983782441182
348.0 45.60797931429458 768.1710373163984 722.5630580021038
351.0 48.70579177659607 744.0927199459637 695.3869281693676
354.0 47.36104465617812 753.9602451862683 706.5992005300902
357.0 47.24866619068071 757.4853029655075 710.2366367748268
360.0 46.73120432490544 759.3619713365352 712.6307670116298
363.0 47.56101099907463 755.3068978040052 707.7458868049305
366.0 48.31420171956163 749.8905323836172 701.5763306640556
369.0 48.46849559312833 753.7733488740513 705.3048532809229
372.0 47.1959637033004 762.8269562549182 715.6309925516178
375.0 49.48672321684405 742.1706552089208 692.6839319920768
378.0 49.79796952424426 742.5041827296757 692.7062132054314
381.0 50.02618204200639 741.963149745319 691.9369677033127
384.0 50.19917149427952 741.7622035760558 691.5630320817763
387.0 49.41130059406347 751.165386677655 701.7540860835915
390.0 45.92868799480014 772.0965752310151 726.167887236215
393.0 45.5354790362849 775.0243556998836 729.4888766635987
396.0 51.47975059684281 736.6947344640936 685.2149838672508
399.0 51.83205642399243 734.1721660539022 682.3401096299098
402.0 51.23231434559992 741.8192635221132 690.5869491765133
405.0 52.6355469776488 733.7497220057619 681.1141750281131
408.0 49.92352587560764 755.4611903862659 705.5376645106583
411.0 52.52346026663644 738.4632085002976 685.9397482336611
414.0 47.04243631661288 769.4909312742148 722.4484949576019
417.0 54.3235482746643 722.6411563264827 668.3176080518184
420.0 53.24998266883999 731.9746817196893 678.7246990508493
423.0 55.38433628981481 714.8678916519704 659.4835553621556
426.0 53.53409677193463 735.1932860315351 681.6591892596005
429.0 55.5039093994311 719.0755559421126 663.5716465426815
432.0 51.44549294527862 750.303241191749 698.8577482464703
435.0 56.33879616940329 712.392009619622 656.0532134502187
438.0 57.48482188290041 706.3354693665643 648.8506474836639
441.0 57.21524155028114 713.5832953586505 656.3680538083694
444.0 56.41471454120687 720.9053039448387 664.4905894036319
447.0 45.06861053556585 777.7186372876754 732.6500267521096
450.0 58.17738352070343 709.2267044806293 651.0493209599258
453.0 56.68085689759325 723.7893560956488 667.1084991980556
456.0 59.34630174457103 704.4656971160595 645.1193953714885
459.0 57.65199077681402 720.1938714991058 662.5418807222918
462.0 60.2582052364443 705.7437099530825 645.4855047166382
465.0 53.0153665630886 745.6336940073183 692.6183274442297
468.0 62.10508812846493 693.5578201917976 631.4527320633327
471.0 58.95089631749355 720.1893210840559 661.2384247665624
474.0 62.40868535857878 695.1851312626255 632.7764459040467
477.0 64.44805350276734 682.1857307177091 617.7376772149417
480.0 64.63069088894712 685.2429829683015 620.6122920793544
483.0 61.76747540159441 706.7818867646213 645.0144113630269
486.0 65.23280278257636 685.8685327463068 620.6357299637305
489.0 67.2121603533689 671.8272399192135 604.6150795658446
492.0 63.34759199829019 701.958230151166 638.6106381528758
495.0 68.48291249994034 672.15653846893 603.6736259689897
498.0 68.37679816592523 680.1203507412502 611.7435525753249
501.0 69.19343945328479 675.093161747063 605.8997222937782
504.0 72.72533626326056 654.8295365956509 582.1042003323904
507.0 73.37118014938551 650.6159557001369 577.2447755507514
510.0 74.20632309163491 653.8509294652218 579.6446063735869
513.0 73.92285529598847 658.9031788396253 584.9803235436368
516.0 77.75307016806558 633.5291111737768 555.7760410057112
519.0 80.20793875997112 620.1095238993024 539.9015851393313
522.0 81.63121486237034 616.6363682628967 535.0051534005264
525.0 81.33387371578218 623.8583125620041 542.5244388462219
528.0 84.86932451453526 604.1136976193337 519.2443731047985
531.0 81.5658128494089 630.5828470158735 549.0170341664646
534.0 84.33683782570784 616.7129354305406 532.3760976048328
537.0 90.55688294557546 586.9696779877588 496.4127950421833
540.0 87.17845777053243 609.036352898611 521.8578951280786
543.0 92.51295639217358 584.7535686332968 492.2406122411232
546.0 100.7827452874992 553.7623468153713 452.9796015278721
549.0 96.93502463450054 566.2444533584347 469.3094287239342
552.0 108.0415665955105 527.6777152919067 419.6361486963962
555.0 116.5223358308377 500.3007457971096 383.7784099662719
558.0 132.7625362379349 448.5570057614293 315.7944695234944
561.0 154.9373576405146 403.2133921193932 248.2760344788785
564.0 149.0926674650268 415.7172931441259 266.6246256790992
567.0 166.1418154220314 379.5685455208089 213.4267300987774
570.0 174.8538554947032 363.5590129862282 188.7051574915249
573.0 174.1582679190834 365.0441587691827 190.8858908500994
576.0 176.9299773116353 361.7221369999443 184.792159688309
579.0 197.4563140772553 329.7221365526479 132.2658224753926
582.0 233.0958146707408 277.7209688620114 44.62515419127066
585.0 270.4539121526613 233.2414382264231 -37.21247392623822
588.0 272.4756004819199 231.6914907698682 -40.78410971205173
591.0 295.0350211924341 205.722137 -89.31288419243416
