0.0 2.697707680111807 989.6453169318059 986.9476092516941
3.0 0.9611594815106107 988.0676241676808 987.1064646861702
6.0 0.3141684501881988 987.8197098861568 987.5055414359686
9.0 0.05967951566847454 986.3266999688496 986.2670204531811
12.0 0 985.0844990524436 985.0844990524436
15.0 0.05583074276274841 983.7755122600579 983.7196815172951
18.0 0.2346092189552706 983.0049761899553 982.770366971
21.0 0.4516468731087173 982.3767694823063 981.9251226091975
24.0 0.683051319323029 981.0122638737841 980.3292125544611
27.0 0.8738819150561564 980.9512128315032 980.077330916447
30.0 1.117749253777405 979.6291370629722 978.5113878091947
33.0 1.397548471680492 977.4284552098318 976.0309067381513
36.0 1.715894416915465 977.5677972244514 975.8519028075359
39.0 2.029109091344101 976.390463129469 974.3613540381249
42.0 2.259139525610345 976.0218144726782 973.7626749470678
45.0 2.646497131815402 974.0762720188106 971.4297748869952
48.0 3.015648466927868 974.0741471258153 971.0584986588874
51.0 3.420934695415956 972.1230318408722 968.7020971454563
54.0 3.872639701660335 971.745315330148 967.8726756284877
57.0 4.237024085174056 970.6752154317349 966.4381913465609
60.0 4.585598678395459 968.828818962589 964.2432202841935
63.0 4.961476762978331 969.4185510276901 964.4570742647118
66.0 5.551350324102305 963.7766793244532 958.2253290003509
69.0 6.033960601376079 967.9572118635689 961.9232512621928
72.0 6.340204711156938 967.4352036781281 961.0949989669712
75.0 7.487467159862074 969.1643007890516 961.6768336291896
78.0 7.705095316666761 949.7966446284822 942.0915493118154
81.0 8.554922846316171 947.1848372174249 938.6299143711088
84.0 8.916070879340029 975.7600681415502 966.8439972622102
87.0 9.086347645663033 972.9651919254199 963.8788442797569
90.0 12.95722764906542 896.2063931665948 883.2491655175294
93.0 10.50194771250487 938.4151671393992 927.9132194268943
96.0 14.49668107136535 896.0024626776105 881.5057816062452
99.0 11.99849487547096 926.910750964326 914.912256088855
102.0 9.679383762027139 989.176685862571 979.4973021005438
105.0 16.38162319558345 886.2802519635028 869.8986287679193
108.0 18.03415718375376 878.2694846455854 860.2353274618316
111.0 19.04532798879247 874.5777333545399 855.5324053657474
114.0 17.91299115738766 886.9978629177582 869.0848717603705
117.0 16.16118643943139 900.6702372664963 884.5090508270649
120.0 10.75822739159159 935.8867392911487 925.1285118995571
123.0 16.79002424976531 892.89968543546 876.1096611856947
126.0 21.53573014822385 866.8432250837997 845.3074949355758
129.0 21.67709016029301 868.9233276547498 847.2462374944568
132.0 16.20066207075177 901.6834106842361 885.4827486134843
135.0 11.94207952912162 931.7200381852764 919.7779586561548
138.0 13.46651668254738 917.7155224003823 904.2490057178349
141.0 24.41942933423731 856.6875991572022 832.2681698229649
144.0 11.22055194397491 941.7211499165616 930.5005979725867
147.0 18.71329287158204 889.5724722749568 870.8591794033747
150.0 25.73707412072866 853.5482582534929 827.8111841327643
153.0 27.28433263315453 842.1125687951943 814.8282361620397
156.0 11.94210344323339 931.7215170844944 919.7794136412611
159.0 28.11477875563733 836.65478115158 808.5400023959427
162.0 9.742864497378232 982.9078447452652 973.1649802478869
165.0 29.53055438322677 829.5817658665252 800.0512114832984
168.0 27.69227205385949 845.6821307080419 817.9898586541824
171.0 30.23753780477377 827.2123400249314 796.9748022201576
174.0 26.41158067750814 845.9686925252022 819.557111847694
177.0 9.647323850153331 984.4683827799329 974.8210589297796
180.0 25.08929239806231 861.4025116767861 836.3132192787237
183.0 9.58126120844056 1007.722106880769 998.1408456723283
186.0 19.15714281743098 887.7204635319538 868.5633207145228
189.0 20.49495348244395 881.7199948013684 861.2250413189244
192.0 33.58999214285263 816.7271499816039 783.1371578387512
195.0 26.96783223749799 850.1579911478171 823.1901589103191
198.0 32.34608670239578 825.5340085706706 793.1879218682748
201.0 29.81944475614371 841.0685224488617 811.249077692718
204.0 34.06433123939303 820.7820895543208 786.7177583149278
207.0 34.36277618886173 817.4201181720243 783.0573419831626
210.0 36.26868309843605 804.3870537852534 768.1183706868174
213.0 34.07128057360836 817.3635730120706 783.2922924384622
216.0 12.71908755006167 923.7219582147359 911.0028706646743
219.0 15.81049163112429 903.7215716269715 887.9110799958472
222.0 23.70015802528552 867.7082964177117 844.0081383924261
225.0 34.22219154842803 818.7351296263558 784.5129380779278
228.0 35.29664522106603 814.2250678359745 778.9284226149084
231.0 38.58467692931509 792.7084726719317 754.1237957426166
234.0 39.18446045725988 791.8861050146662 752.7016445574063
237.0 36.88328291645195 807.27792628053 770.3946433640781
240.0 31.76570665735266 833.5088711973304 801.7431645399777
243.0 37.63989521756831 803.6243424104265 765.9844471928582
246.0 38.66208130524181 797.150726366956 758.4886450617142
249.0 36.60688502941956 805.855767662346 769.2488826329264
252.0 36.11737631453186 814.7932459291388 778.6758696146069
255.0 35.16671300356955 819.3793958928864 784.2126828893168
258.0 14.71162853548502 909.7221369306875 895.0105083952025
261.0 40.41860229150223 791.3408304740912 750.922228182589
264.0 39.44707836041353 794.4314047486058 754.9843263881922
267.0 38.96974560824469 801.0824513471115 762.1127057388668
270.0 40.7814766678009 784.9173733234767 744.1358966556758
273.0 26.51132946417058 855.7214001248097 829.2100706606392
276.0 42.93920274939185 775.3133454456365 732.3741426962447
279.0 31.28924232492425 835.7046223075566 804.4153799826323
282.0 41.67765669720974 786.2107989555866 744.5331422583769
285.0 29.84409438965043 841.6766971800333 811.8326027903829
288.0 41.38593990204963 786.9358616489584 745.5499217469088
291.0 43.42742904524245 776.965652134295 733.5382230890526
294.0 42.0076117807947 784.8779630483389 742.8703512675442
297.0 30.80716835574913 837.7135897794537 806.9064214237046
300.0 37.13443213865094 811.5316576699824 774.3972255313314
303.0 44.04166619170031 775.6852379941666 731.6435718024663
306.0 40.70030449387317 793.0489989302678 752.3486944363947
309.0 31.77290087123563 833.7203209150414 801.9474200438058
312.0 45.02270164337853 764.4624295212195 719.439727877841
315.0 42.7813768843716 781.0297396006222 738.2483627162506
318.0 45.41262988206122 766.3031831957188 720.8905533136576
321.0 43.25462760515525 778.4615786321084 735.2069510269532
324.0 45.16749903971903 768.6973693693782 723.5298703296592
327.0 42.96082382884207 785.5557096755208 742.5948858466788
330.0 44.87355853350004 775.9610212312659 731.0874626977658
333.0 30.32594469336509 839.7216993869164 809.3957546935513
336.0 45.2832723665773 771.8790764385412 726.5958040719639
339.0 46.84157002601734 759.5543070139094 712.7127369878921
342.0 29.84544428466976 841.7201567239555 811.8747124392857
345.0 48.06102977450578 752.4718172106648 704.410787436159
348.0 46.1337358781141 768.3354677513231 722.201731873209
351.0 49.28610348674273 744.2726984344998 694.9865949477571
354.0 47.91888204887536 754.1001453083927 706.1812632595173
357.0 47.79914724762958 757.6770640504481 709.8779168028185
360.0 47.27693995414855 759.4921014907894 712.2151615366409
363.0 48.11650379454654 755.4885405527127 707.3720367581662
366.0 48.88209979577791 750.0557111753845 701.1736113796066
369.0 49.02883156960995 754.012841237117 704.984009667507
372.0 47.73563927541777 762.9920554627349 715.2564161873171
375.0 50.0724606215322 742.352794536633 692.2803339151008
378.0 50.38365478730766 742.693440000048 692.3097852127403
381.0 50.61342861162354 742.1358193640183 691.5223907523948
384.0 50.78713842993556 741.9652547941181 691.1781163641825
387.0 49.97880661134194 751.3650718889516 701.3862652776097
390.0 46.44731660839529 772.1513296070083 725.704012998613
393.0 46.04745648028322 775.0617632530574 729.0143067727742
396.0 52.08047041487963 736.8918832505288 684.8114128356492
399.0 52.43851768950457 734.4007704196694 681.9622527301648
402.0 51.82225270165092 742.0106237967824 690.1883710951315
405.0 53.24444215445087 734.0055866526384 680.7611444981875
408.0 50.48352719872255 755.5686227665156 705.085095567793
411.0 53.12267034032899 738.7139292140911 685.5912588737621
414.0 47.56857308210482 769.5066040158345 721.9380309337297
417.0 54.95815430445185 722.8823292007709 667.9241748963191
420.0 53.86376791876162 732.1391481362866 678.275380217525
423.0 56.03673437009516 715.0565217611643 659.0197873910691
426.0 54.1419386602175 735.4080509984392 681.2661123382217
429.0 56.14807445321107 719.2878808040722 663.1398063508611
432.0 52.01895193287561 750.3670537984035 698.3481018655279
435.0 56.99812596526698 712.5373161457002 655.5391901804332
438.0 58.15854297684982 706.5522146391918 648.393671662342
441.0 57.87388789499525 713.7791897014785 655.9053018064832
444.0 57.05705515943639 721.0967250731671 664.0396699137307
447.0 45.57427788923698 777.7189774101145 732.1446995208775
450.0 58.84670163929356 709.4313164000682 650.5846147607747
453.0 57.31801285030755 723.909167846688 666.5911549963805
456.0 60.02753322246909 704.6643719714544 644.6368387489853
459.0 58.29832934432115 720.3010392169565 662.0027098726354
462.0 60.93865698914975 705.9862978689943 645.0476408798446
465.0 53.60141244147856 745.6403367426267 692.0389243011482
468.0 62.81374642255066 693.7726912879678 630.9589448654171
471.0 59.59987797453884 720.2709868967841 660.6711089222453
474.0 63.11470478968703 695.3809477903853 632.2662430006983
477.0 65.18425268070136 682.4001928350637 617.2159401543624
480.0 65.36110880836369 685.4660233203764 620.1049145120127
483.0 62.44902890217149 706.8702356990029 644.4212067968314
486.0 65.96325988690461 686.0059653074458 620.0427054205412
489.0 67.97476245449238 671.9897387519938 604.0149762975015
492.0 64.04204255066321 702.0088819630491 637.9668394123859
495.0 69.2473950624588 672.3287857114387 603.0813906489799
498.0 69.12508797099454 680.2804009611207 611.1553129901262
501.0 69.953482418344 675.2351041846235 605.2816217662795
504.0 73.53308623207926 655.0462108537219 581.5131246216427
507.0 74.18877649382995 650.7448326984492 576.5560562046192
510.0 75.01903253958535 654.0470137822215 579.0279812426362
513.0 74.72493493486935 659.015420923632 584.2904859887626
516.0 78.6137547931345 633.6795743125376 555.0658195194031
519.0 81.10051291901821 620.2471175177376 539.1466045987194
522.0 82.53362528201943 616.7699263990955 534.2363011170761
525.0 82.22120890125293 623.9681803097305 541.7469714084775
528.0 85.80341958198389 604.211010048508 518.4075904665242
531.0 82.44018480687392 630.6191414430156 548.1789566361417
534.0 85.24460428709966 616.7701776801995 531.5255733930998
537.0 91.53685107461198 587.0406320225542 495.5037809479422
540.0 88.10737389962408 609.0649707969311 520.9575968973071
543.0 93.50130957701717 584.8174260147593 491.3161164377421
546.0 101.8499387006176 553.8232648858681 451.9733261852505
549.0 97.96948415694476 566.2489878723972 468.2795037154525
552.0 109.1757747438672 527.6791776235346 418.5034028796674
555.0 117.7285388142276 500.3108203910314 382.5822815768037
558.0 134.1052548530412 448.5653982497906 314.4601433967494
561.0 156.4156567087505 403.2205177867054 246.8048610779549
564.0 150.5341289620388 415.7174735116831 265.1833445496442
567.0 167.6900975739899 379.5711383566838 211.8810407826939
570.0 176.4517803819251 363.560591597555 187.1088112156299
573.0 175.7518127754855 365.0467812083189 189.2949684328334
576.0 178.5357612117649 361.722136999949 183.1863757881841
579.0 199.1675725500774 329.7221365765386 130.5545640264612
582.0 234.9830583947209 277.7209952003145 42.73793680559354
585.0 272.5054865786227 233.2433397237174 -39.26214685490531
588.0 274.5343483768684 231.6918898504066 -42.84245852646181
591.0 297.1912168272641 205.722137 -91.46907982726407
