0.0 112.4115091560996 724.0215806750264 611.6100715189267
3.0 105.2559310480909 699.7302073873549 594.474276339264
6.0 107.5217103181562 709.5242355389325 602.0025252207764
9.0 107.005284508262 709.2225962981152 602.2173117898532
12.0 103.3206658745271 694.1277481223171 590.80708224779
15.0 104.6903323991238 701.538136593539 596.8478041944151
18.0 104.8060496778459 702.072453878717 597.2664042008711
21.0 100.1574638114337 683.8428372429396 583.6853734315059
24.0 97.57863147129259 676.0727487976362 578.4941173263436
27.0 102.3248330077971 693.7189328669188 591.3940998591218
30.0 98.66511984851311 680.338208251671 581.6730884031578
33.0 102.3625217705311 695.8492972518152 593.4867754812841
36.0 98.86017053940078 680.1488375813809 581.2886670419801
39.0 100.3272657680461 687.8433634647095 587.5160976966635
42.0 99.87045749747784 685.0906614402842 585.2202039428064
45.0 99.85125831699773 685.3701376224712 585.5188793054735
48.0 100.2735615252351 688.7341581665876 588.4605966413525
51.0 94.43542311569804 665.7731001648681 571.3376770491701
54.0 96.28822315019231 672.3737600761051 576.0855369259128
57.0 91.25866600463282 655.7347496568834 564.4760836522506
60.0 97.62722865616236 679.9994204964136 582.3721918402512
63.0 97.05206941476757 677.9403967580106 580.888327343243
66.0 96.22386165122356 673.1573341381218 576.9334724868982
69.0 95.96736735710991 673.6589645810341 577.6915972239242
72.0 95.30081581698955 671.5368573515062 576.2360415345167
75.0 96.5318120711832 675.8086327376083 579.2768206664251
78.0 96.06212633853669 674.1463886715827 578.084262333046
81.0 89.98739748632613 651.735881634849 561.7484841485229
84.0 93.67087777876096 664.6882137350009 571.01733595624
87.0 91.83207239160267 658.3741463098678 566.5420739182651
90.0 91.87814062291678 657.9940415145449 566.1159008916281
93.0 92.50129093972364 660.1235753299908 567.6222843902672
96.0 93.27655497330158 664.4236332614465 571.147078288145
99.0 92.03463908899562 660.0685058882207 568.0338667992251
102.0 93.02259472548766 662.8701577901872 569.8475630646996
105.0 91.66719918930999 658.3780361117638 566.7108369224538
108.0 88.71605384471083 647.7425388380175 559.0264849933066
111.0 92.86410252977807 662.785203884032 569.9211013542539
114.0 93.07880332338522 662.6403471158462 569.5615437924609
117.0 93.39978815451683 665.5641884433135 572.1644002887967
120.0 92.92918721851944 662.533141238408 569.6039540198886
123.0 93.99936570671513 668.790370841928 574.7910051352129
126.0 93.58960896357173 665.0412611287285 571.4516521651567
129.0 94.09733875175306 667.1446650020493 573.0473262502963
132.0 92.96155442646458 664.1439845093687 571.1824300829041
135.0 94.83046599437669 669.3182144600026 574.4877484656259
138.0 91.79201705618604 658.3763289798591 566.584311923673
141.0 91.7917739625143 658.7259785338881 566.9342045713738
144.0 89.34545034086829 649.8328945101486 560.4874441692803
147.0 91.37419482024818 658.2247498297158 566.8505550094677
150.0 86.81049959013828 641.7273286604443 554.916829070306
153.0 89.34911154973566 649.7861744732113 560.4370629234757
156.0 90.17272667529508 654.9227166994511 564.7499900241561
159.0 92.60162704169604 662.5420223619284 569.9403953202323
162.0 86.16636161071145 639.8664999738691 553.7001383631576
165.0 87.40664217635553 644.0635192092633 556.6568770329078
168.0 87.42461456977797 644.0194818755975 556.5948673058195
171.0 87.42878412582235 644.0050259073604 556.5762417815381
174.0 84.90461648924031 635.7313979248061 550.8267814355658
177.0 87.84763368762139 647.1760322311764 559.3283985435551
180.0 89.56939100238089 653.7141200933372 564.1447290909563
183.0 82.32225609880708 628.1169165539701 545.794660455163
186.0 86.58025258470409 643.4035720300624 556.8233194453583
189.0 82.96742190097821 630.1060011163877 547.1385792154095
192.0 81.47654932279612 626.530956273182 545.0544069503858
195.0 77.28611297383612 611.7238873383284 534.4377743644923
198.0 70.30845770241384 589.7221379949378 519.413680292524
201.0 80.44929065404136 621.8956040877473 541.446313433706
204.0 78.55411492559953 615.7520986326661 537.1979837070665
207.0 82.91064222211119 632.9249570823424 550.0143148602312
210.0 78.96584728079917 618.3047306759865 539.3388833951873
213.0 76.65143026810916 609.7265421810869 533.0751119129778
216.0 80.99325522639096 624.3543114276106 543.3610562012196
219.0 79.58212674716608 620.5309968126276 540.9488700654615
222.0 77.69067293677496 614.3887375786454 536.6980646418704
225.0 80.58387994387103 624.1090062476499 543.5251263037788
228.0 76.60523953814033 610.171109679338 533.5658701411977
231.0 77.19484898220095 612.5850136959768 535.3901647137758
234.0 78.94699637043055 618.5455996854313 539.5986033150007
237.0 75.24449645519319 606.6290268821998 531.3845304270066
240.0 78.85935490690434 618.9937928868444 540.13443797994
243.0 75.75383036688163 608.6293645644596 532.875534197578
246.0 73.36257592396838 600.5037812298992 527.1412053059308
249.0 76.12851756712897 610.0840872751377 533.9555697080087
252.0 75.3467694961988 606.1776016043438 530.830832108145
255.0 68.40551947407674 583.7422362280834 515.3367167540066
258.0 75.37775211983392 608.548270185307 533.1705180654731
261.0 74.7001883101689 606.9378630132029 532.2376747030339
264.0 70.26218748128554 590.2520777655793 519.9898902842938
267.0 74.51890247791028 605.4312438694541 530.9123413915438
270.0 71.31593409868716 594.6482480619538 523.3323139632666
273.0 68.39789412881426 583.8683052882097 515.4704111593954
276.0 70.90027687072882 592.3368018174232 521.4365249466944
279.0 68.9810342074023 586.3277447526143 517.346710545212
282.0 66.49832872492446 577.8238384608637 511.3255097359393
285.0 69.54284728186973 589.0208826566322 519.4780353747624
288.0 69.25034532971713 588.9270771217426 519.6767317920255
291.0 66.42102219287888 580.53964776083 514.1186255679511
294.0 63.96967466128611 569.7400596226333 505.7703849613472
297.0 65.73147933381258 576.6717870969918 510.9403077631793
300.0 66.68217027742362 581.2227131458966 514.540542868473
303.0 65.10154929104136 574.7793406233558 509.6777913323145
306.0 66.98007724710562 583.4776835232585 516.4976062761529
309.0 59.91683122951066 558.5231560389729 498.6063248094622
312.0 61.56718408702547 564.0886616005693 502.5214775135439
315.0 60.07049571932934 558.7092036747633 498.6387079554339
318.0 61.25187127968372 563.0350941685319 501.7832228888482
321.0 56.9777061387779 548.0837795826857 491.1060734439078
324.0 58.76801834120922 554.6215388282938 495.8535204870846
327.0 60.6690503216249 564.1295257285328 503.4604754069079
330.0 59.17313243533053 558.9908247106556 499.8176922753251
333.0 55.68810994042583 544.3429992269903 488.6548892865645
336.0 53.19944094503954 535.875297843599 482.6758568985594
339.0 53.79497388026276 538.3155597555183 484.5205858752556
342.0 51.05813617328775 530.5202312326879 479.4620950594001
345.0 56.30521058131994 549.9686911348774 493.6634805535575
348.0 52.88562914445218 537.2115282411841 484.3258990967319
351.0 48.78304262944889 521.7469729416392 472.9639303121903
354.0 49.85438060774111 526.8244796022355 476.9700989944944
357.0 51.66098827879206 533.5918894524802 481.9309011736881
360.0 51.13563502777938 531.4106456545666 480.2750106267872
363.0 48.36447979439909 522.8535251424847 474.4890453480856
366.0 46.86640945862288 516.0618660034311 469.1954565448083
369.0 46.0537641787407 512.4435898636786 466.3898256849379
372.0 47.34508404259409 518.9942127431028 471.6491287005087
375.0 45.83199225904846 512.0934004222144 466.2614081631659
378.0 48.04783239086437 524.117847322701 476.0700149318366
381.0 46.60333607892842 517.1158244663955 470.512488387467
384.0 44.17162477385391 505.6058001528063 461.4341753789524
387.0 45.04549074367985 513.5240462383497 468.4785554946699
390.0 43.13193327641831 501.1359718585052 458.0040385820869
393.0 44.25859724845773 510.9353998715141 466.6768026230564
396.0 43.61031551168255 504.4705357838461 460.8602202721635
399.0 42.78599097717422 502.8016653056174 460.0156743284432
402.0 41.05695749901636 495.2637379090065 454.2067804099901
405.0 41.98161069415076 500.7693870980885 458.7877764039378
408.0 41.75399606173233 498.2352416323806 456.4812455706483
411.0 39.89357609290943 491.4546319528208 451.5610558599114
414.0 39.84929359431312 491.9613086843993 452.1120150900862
417.0 36.42220931543549 477.9538018392005 441.531592523765
420.0 37.90901059627641 485.4999577966554 447.590947200379
423.0 29.77337983399784 453.722375525757 423.9489956917592
426.0 33.48755890710724 467.8579841419639 434.3704252348567
429.0 35.21281226243731 474.1836158315862 438.9708035691489
432.0 34.88556350764355 475.1284356647714 440.2428721571278
435.0 31.6988202391201 462.4958496055715 430.7970293664514
438.0 32.86755953534115 466.6350537150477 433.7674941797066
441.0 30.97671293744328 460.9516111977214 429.9748982602781
444.0 31.71723127904382 462.9327695549242 431.2155382758804
447.0 24.33006575490642 427.7591596834742 403.4290939285678
450.0 30.6142951431995 459.4996135846459 428.8853184414464
453.0 25.24066243978818 435.7404902049533 410.4998277651651
456.0 20.15963522136477 406.3380279762129 386.1783927548481
459.0 20.89948787044014 410.4802782660669 389.5807903956268
462.0 23.54768449048207 424.2793728837017 400.7316883932196
465.0 22.23936624628247 419.8590383731213 397.6196721268389
468.0 19.6971000431956 405.6401908755108 385.9430908323152
471.0 16.50202456377822 386.0556401800864 369.5536156163081
474.0 16.50748799228554 386.0367310033328 369.5292430110472
477.0 16.49535119404417 386.2809700118563 369.7856188178121
480.0 12.38820285802884 360.0599910681289 347.6717882101001
483.0 14.02904048463577 373.1079682652129 359.0789277805772
486.0 12.63245266350803 362.4665202950344 349.8340676315264
489.0 14.99935195016017 386.1836753558747 371.1843234057145
492.0 10.75530122510426 355.6578733287938 344.9025721036896
495.0 10.55328047154594 351.0554214205433 340.5021409489974
498.0 8.003320956806116 324.720820638221 316.7174996814149
501.0 8.164992173329988 324.3567824221108 316.1917902487808
504.0 7.176260212182689 320.3485290786864 313.1722688665037
507.0 5.488174565741817 302.4143570515141 296.9261824857723
510.0 6.989050183949696 322.4630264713944 315.4739762874447
513.0 4.666808970562595 279.7838040825379 275.1169951119753
516.0 4.817277329496676 303.1775826886294 298.3603053591327
519.0 3.576590386323446 283.3833344541461 279.8067440678227
522.0 3.325176847997404 280.0227773548153 276.6976005068179
525.0 2.889785996210679 282.797237255541 279.9074512593303
528.0 2.552498451739166 278.6632131591737 276.1107147074345
531.0 2.004247427330406 272.6639504233371 270.6597029960067
534.0 1.632727217356536 273.168412703743 271.5356854863864
537.0 1.353790419517063 270.94367795981 269.5898875402929
540.0 1.037592163638239 267.5989449244199 266.5613527607817
543.0 0.699234559071543 266.2248830878543 265.5256485287827
546.0 0.5094068299834521 263.9506936283848 263.4412867984013
549.0 0.2720315361117108 260.6543300052078 260.3822984690961
552.0 0.1262493808541121 259.1693632643069 259.0431138834528
555.0 0.02551054419860632 255.7929643585383 255.7674538143397
558.0 0.004916109311824179 253.4872468019598 253.482330692648
561.0 0 250.9814129705147 250.9814129705147
564.0 0.08926482758100815 247.9251325678405 247.8358677402595
567.0 0.2358901428511479 245.5034463738878 245.2675562310367
570.0 0.4602729432253822 243.6243304164241 243.1640574731987
573.0 0.8068191289984423 239.7354539903079 238.9286348613094
576.0 1.223239349902965 238.5535435472948 237.3303041973918
579.0 1.849386336476509 233.5920663411449 231.7426800046684
582.0 2.681495746388144 232.3939941686729 229.7124984222847
585.0 3.614124115182773 214.7066375984725 211.0925134832897
588.0 4.782207504629955 220.5485275967599 215.7663200921299
591.0 6.00106479015502 205.722137 199.721072209845
