0.0 110.6533805250713 724.0430258036247 613.3896452785534
3.0 103.5820570361763 699.7313756483239 596.1493186121476
6.0 105.8106985689411 709.5843433106445 603.7736447417034
9.0 105.293231482325 709.2770181464793 603.9837866641542
12.0 101.6647330724576 694.1616752884676 592.4969422160099
15.0 103.0046974721972 701.5792649456272 598.57456747343
18.0 103.1182509461049 702.1573868448049 599.0391358987
21.0 98.53657792529664 683.8558480517331 585.3192701264364
24.0 95.98324808611858 676.0886539948099 580.1054059086913
27.0 100.6659029859913 693.7989173219981 593.1330143360068
30.0 97.05412416530995 680.3503728729356 583.2962487076256
33.0 100.6933530163513 695.9108682137068 595.2175151973554
36.0 97.25101569050865 680.1809220832652 582.9299063927566
39.0 98.68742522708901 687.9097760148906 589.2223507878016
42.0 98.24191745793245 685.1496719273952 586.9077544694628
45.0 98.22120296866181 685.4487224377055 587.2275194690437
48.0 98.62902630057018 688.8222972046802 590.19327090411
51.0 92.87523269844881 665.7783075801474 572.9030748816986
54.0 94.70461165911226 672.4160506574511 577.7114389983389
57.0 89.73220192725172 655.7364706400475 566.0042687127958
60.0 96.01269129671066 680.0550985799349 584.0424072832242
63.0 95.44479720083825 678.0070313188053 582.5622341179671
66.0 94.6359741167795 673.2444397234741 578.6084656066946
69.0 94.37580101625053 673.7267368849065 579.350935868656
72.0 93.7164266336515 671.5946041805291 577.8781775468776
75.0 94.93245793498478 675.8756497557827 580.9431918207979
78.0 94.46853718585883 674.2523522599215 579.7838150740627
81.0 88.4743363192124 651.7378240831596 563.2634877639472
84.0 92.11217093813835 664.7305902932194 572.618419355081
87.0 90.2953715080422 658.4105959885389 568.1152244804967
90.0 90.34356563773791 658.017575014421 567.674009376683
93.0 90.95929870138846 660.1532068189606 569.1939081175721
96.0 91.71719863009652 664.4710339184999 572.7538352884034
99.0 90.49063765709049 660.0926256059652 569.6019879488747
102.0 91.46960401407003 662.9257635934039 571.4561595793339
105.0 90.12971754609142 658.3945662959868 568.2648487498954
108.0 87.21636684488409 647.7452050219074 560.5288381770233
111.0 91.31081534196831 662.8141424042187 571.5033270622504
114.0 91.5272314591837 662.6904549013073 571.1632234421236
117.0 91.83541536350356 665.6184271328966 573.783011769393
120.0 91.37745690489791 662.5628279945286 571.1853710896307
123.0 92.42215608301378 668.8158436387869 576.3936875557731
126.0 92.028761822715 665.086031603376 573.057269780661
129.0 92.52864867274556 667.1902382152988 574.6615895425533
132.0 91.40209904253205 664.1606110817617 572.7585120392297
135.0 93.25466766294835 669.3760266665239 576.1213590035756
138.0 90.25513504751528 658.4018947142166 568.1467596667014
141.0 90.25311040182586 658.7770581063761 568.5239477045502
144.0 87.83856753602606 649.8424203270949 562.0038527910689
147.0 89.83600401895636 658.2504999973529 568.4144959783966
150.0 85.33101197791572 641.7281190519207 556.397107074005
153.0 87.84248321931065 649.79286640397 561.9503831846594
156.0 88.64487420000235 654.9417948090017 566.2969206089993
159.0 91.04821273738285 662.5842518864639 571.5360391490811
162.0 84.69282554865994 639.8785375316614 555.1857119830014
165.0 85.9185702160413 644.0781276915202 558.1595574754789
168.0 85.93682854564668 644.0419243751748 558.1050958295282
171.0 85.94108468511366 644.0295394603716 558.0884547752579
174.0 83.44522562712746 635.7329265674828 552.2877009403554
177.0 86.34635329134708 647.2236292744323 560.8772759830852
180.0 88.0444117630392 653.7745572511257 565.7301454880865
183.0 80.88754887847834 628.1365854957351 547.2490366172568
186.0 85.09125130198545 643.4637621674359 558.3725108654505
189.0 81.52610189168903 630.1292910779465 548.6031891862574
192.0 80.04548687226902 626.5476285500538 546.5021416777848
195.0 75.90726076790077 611.7241644868009 535.8169037189002
198.0 69.00343463196659 589.7221383161144 520.7187036841478
201.0 79.03596311711372 621.9104633851454 542.8745002680317
204.0 77.16169137686141 615.7555509704267 538.5938595935653
207.0 81.45516361083489 632.9593011210137 551.5041375101789
210.0 77.56289100888372 618.3131981423247 540.750307133441
213.0 75.27927329279804 609.7271938821711 534.4479205893731
216.0 79.57049556621907 624.3785890742136 544.8080935079946
219.0 78.17122563628307 620.553167927725 542.3819422914419
222.0 76.3006790204569 614.4032279756069 538.10254895515
225.0 79.16032594922458 624.1283860087002 544.9680600594756
228.0 75.2306157058697 610.1944619500881 534.9638462442184
231.0 75.8112147932657 612.6271200071924 536.8159052139267
234.0 77.54272497777397 618.5700578738055 541.0273328960316
237.0 73.88057357440536 606.6597311719766 532.7791575975712
240.0 77.45242569127309 619.0283479948532 541.5759223035801
243.0 74.38260491201767 608.6501427755051 534.2675378634874
246.0 72.01950854184939 600.5329779659973 528.5134694241479
249.0 74.75199770767736 610.0996643304176 535.3476666227402
252.0 73.98556775313294 606.2083796062529 532.2228118531199
255.0 67.12052538745378 583.7444046820304 516.6238792945767
258.0 74.00505081317939 608.5799233069736 534.5748724937942
261.0 73.3320336975773 606.9847583901096 533.6527246925323
264.0 68.95426086140284 590.2816558601714 521.3273949987685
267.0 73.15721574143382 605.4964580200878 532.339242278654
270.0 69.99159093617274 594.6744869976153 524.6828960614425
273.0 67.11221583938034 583.8817268921631 516.7695110527828
276.0 69.58519961909952 592.3837580175188 522.7985583984193
279.0 67.68608707481387 586.3611123308926 518.6750252560787
282.0 65.23303129199905 577.8319535475158 512.5989222555168
285.0 68.23735134051181 589.0851415882806 520.8477902477687
288.0 67.94396443766305 588.9538485853437 521.0098841476806
291.0 65.14196931108827 580.5600533316584 515.4180840205701
294.0 62.73168865499905 569.7426232316207 507.0109345766216
297.0 64.46800547216207 576.7083069886728 512.2403015165107
300.0 65.40099227478609 581.2644271985732 515.8634349237871
303.0 63.84424376713689 574.8305952365439 510.986351469407
306.0 65.68923363475483 583.5392602189776 517.8500265842228
309.0 58.71401692351083 558.5389871930462 499.8249702695354
312.0 60.34511539333174 564.1108858005624 503.7657704072307
315.0 58.86743482399586 558.7610139214568 499.8935790974609
318.0 60.03336454761178 563.0842087228158 503.050844175204
321.0 55.81172576589829 548.1089034862211 492.2971777203228
324.0 57.57868706474592 554.6555924956626 497.0769054309167
327.0 59.44229798811644 564.1800650534705 504.7377670653541
330.0 57.96428971753893 559.0377836547516 501.0734939372126
333.0 54.53414019649991 544.3823009877978 489.8481607912979
336.0 52.07491395529657 535.8892549666067 483.8143410113101
339.0 52.66131907070372 538.3553132344336 485.6939941637299
342.0 49.94939816014768 530.5354562163432 480.5860580561955
345.0 55.12658920980367 550.0240196696895 494.8974304598858
348.0 51.75290520355089 537.2617105559152 485.5088053523644
351.0 47.70626590812095 521.7502800273882 474.0440141192672
354.0 48.75784500481752 526.8574518794735 478.099606874656
357.0 50.53999738830266 533.6567754282252 483.1167780399226
360.0 50.02274012153618 531.4924908026177 481.4697506810815
363.0 47.28016417749367 522.8750392561745 475.5948750786809
366.0 45.80809447858558 516.0884858099448 470.2803913313593
369.0 45.00902330973884 512.5571808805731 467.5481575708342
372.0 46.27464716500145 519.0472155224317 472.7725683574303
375.0 44.78803807648031 512.1432456596032 467.3552075831229
378.0 46.95565191522101 524.1787363690076 477.2230844537865
381.0 45.53845717898548 517.1802387957704 471.641781616785
384.0 43.15124803802585 505.7150081276379 462.5637600896121
387.0 43.99063438180629 513.5769259459915 469.5862915641852
390.0 42.12838433556812 501.2570632973037 459.1286789617356
393.0 43.21242447313717 511.0574937639942 467.845069290857
396.0 42.59258301600278 504.6521779810387 462.0595949650359
399.0 41.77241499229905 502.9805952073 461.2081802150009
402.0 40.07215980986539 495.3469429479242 455.2747831380588
405.0 40.97412178347877 500.9267245000871 459.9526027166083
408.0 40.75776720220829 498.4234687317116 457.6657015295033
411.0 38.92176776468305 491.5425975109905 452.6208297463075
414.0 38.87471118089827 492.0766160470156 453.2019048661173
417.0 35.49984590240663 477.9758640404962 442.4760181380896
420.0 36.95675505697146 485.5696976179506 448.6129425609791
423.0 28.93747054716855 453.7224375075598 424.7849669603913
426.0 32.60040217759229 467.8731734966423 435.27277131905
429.0 34.3029870668428 474.2244481648773 439.9214610980345
432.0 33.96948098436088 475.1716761042228 441.2021951198619
435.0 30.82919161608998 462.5238696443861 431.6946780282961
438.0 31.98322567270416 466.7078703023253 434.7246446296211
441.0 30.11109570762545 460.991382788282 430.8802870806566
444.0 30.8454399491344 463.0044667320632 432.1590267829288
447.0 23.5949755350387 427.7658490107922 404.1708734757535
450.0 29.75387842081874 459.6025263090343 429.8486478882156
453.0 24.47066203694802 435.8143596252309 411.3436975882829
456.0 19.50921986770587 406.3838290744387 386.8746092067328
459.0 20.23230401137722 410.5465111774002 390.3142071660229
462.0 22.82569903699957 424.3484172905848 401.5227182535852
465.0 21.53253089815978 419.9860817428859 398.4535508447261
468.0 19.04759609227315 405.786976017187 386.7393799249138
471.0 15.93332099795506 386.0945201717732 370.1611991738181
474.0 15.93886931671791 386.0904793770488 370.1516100603309
477.0 15.925410635634 386.3604149990131 370.4350043633791
480.0 11.92700398813462 360.1084545147533 348.1814505266187
483.0 13.51156312654977 373.2490433618847 359.737480235335
486.0 12.16043698920871 362.5952442531291 350.4348072639204
489.0 14.42229390734673 386.3622758836354 371.9399819762886
492.0 10.30735861801996 355.8505945763625 345.5432359583425
495.0 10.12678028582099 351.3242346256491 341.1974543398281
498.0 7.69405008881634 324.8470173779285 317.1529672891122
501.0 7.856840628594342 325.090460884335 317.2336202557406
504.0 6.883271497548865 320.944657160464 314.0613856629151
507.0 5.275035887954131 303.0073758140974 297.7323399261433
510.0 6.683784371455347 323.4531271298142 316.7693427583588
513.0 4.550890370791331 284.4691451623958 279.9182547916045
516.0 4.596207177884536 304.1357125204806 299.5395053425961
519.0 3.443285336992096 285.7262593687688 282.2829740317767
522.0 3.206142605782997 282.7706169935801 279.5644743877971
525.0 2.756138425112136 285.0608845472981 282.3047461221859
528.0 2.435209760470745 281.850292910467 279.4150831499962
531.0 1.915013669527302 275.3648944237439 273.4498807542166
534.0 1.539523497033801 275.7165037192637 274.1769802222299
537.0 1.269720924750324 273.664144963841 272.3944240390906
540.0 0.9683331081743277 270.3633770959796 269.3950439878053
543.0 0.635254918631656 268.8936463632699 268.2583914446383
546.0 0.4557630972050032 266.5861983420987 266.1304352448937
549.0 0.2333348378648603 263.3262340816082 263.0928992437434
552.0 0.09399129177651033 261.8942841303309 261.8002928385543
555.0 0.009277546780643797 258.5507871134315 258.5415095666509
558.0 0 256.2139115065896 256.2139115065896
561.0 0.007321895905833375 253.7269125792379 253.7195906833321
564.0 0.1122133077255112 250.5997496803044 250.4875363725789
567.0 0.2713669837541096 248.2157213439837 247.9443543602296
570.0 0.5059177662631004 246.4049065778787 245.8989888116156
573.0 0.8737148757857987 242.3298839157569 241.4561690399711
576.0 1.298079292622985 241.1196861169496 239.8216068243266
579.0 1.952837707222171 235.6800320445719 233.7271943373498
582.0 2.793041396064889 235.2435267539328 232.4504853578679
585.0 3.821125500094385 215.9298263774768 212.1087008773824
588.0 4.96562155060834 221.9352783377742 216.9696567871658
591.0 6.267012767549345 205.722137 199.4551242324506
