0.0 105.922412238986 724.1095826333463 618.1871703943602
3.0 99.08333348992804 699.7354741882446 600.6521406983166
6.0 101.2083167274754 709.7596901204161 608.5513733929406
9.0 100.6881124503375 709.439946976214 608.7518345258765
12.0 97.21445736074558 694.268794291535 597.0543369307894
15.0 98.4725820880316 701.7019117885544 603.2293297005228
18.0 98.57904014945922 702.4088029320887 603.8297627826295
21.0 94.18324165440201 683.8988136326403 589.7155719782383
24.0 91.69998993030014 676.1358261940524 584.4358362637522
27.0 96.20620352595875 694.0370688190213 597.8308652930626
30.0 92.72802499012056 680.3875594959639 587.6595345058433
33.0 96.20599210475859 696.0922848102347 599.8862927054761
36.0 92.92943288218717 680.2815961155666 587.3521632333794
39.0 94.28058501571595 688.106450248496 593.82586523278
42.0 93.86631737470249 685.3303607710807 591.4640433963782
45.0 93.84091698589914 685.688308258463 591.8473912725639
48.0 94.20873788676948 689.0770673948383 594.8683295080688
51.0 88.68902753197508 665.7954517597169 577.1064242277418
54.0 90.45300368895135 672.547249204441 582.0942455154897
57.0 85.63884007917616 655.7424259671026 570.1035858879264
60.0 91.67572725001553 680.2179268169241 588.5421995669085
63.0 91.12751624961154 678.2039236759623 587.0764074263508
66.0 90.37143820488696 673.5067939800388 583.1353557751519
69.0 90.10168878688749 673.9255411390633 583.8238523521758
72.0 89.46230615805204 671.7653853572994 582.3030791992473
75.0 90.63693697255481 676.074627602606 585.4376906300512
78.0 90.18787441363044 674.5613522449088 584.3734778312784
81.0 84.41782566634284 651.7446368581211 567.3268111917782
84.0 87.9290700994884 664.8578422162111 576.9287721167227
87.0 86.17293929100476 658.5208993925557 572.3479601015509
90.0 86.22730345321343 658.0926116380417 571.8653081848283
93.0 86.82248016962214 660.2460889177358 573.4236087481137
96.0 87.53215953168637 664.6170608720088 577.0849013403225
99.0 86.3484464137139 660.1676200919222 573.8191736782083
102.0 87.3018687078714 663.0934627244482 575.7915940165768
105.0 86.00566004333697 658.4461286989568 572.4404686556198
108.0 83.19661519867564 647.7543465525309 564.5577313538553
111.0 87.14297062969919 662.9017331820963 575.7587625523971
114.0 87.36354620648149 662.8410850843337 575.4775388778523
117.0 87.63644778854343 665.7757529288617 578.1393051403183
120.0 87.2138573232504 662.6558737716428 575.4420164483924
123.0 88.18862680598894 668.8909595322264 580.7023327262374
126.0 87.8397289490394 665.217140885098 577.3774119360586
129.0 88.31801496446774 667.3259788238873 579.0079638594195
132.0 87.21761735089187 664.2112094160391 576.9935920651472
135.0 89.02417827537398 669.5454393154837 580.5212610401098
138.0 86.13249633747695 658.4788359099576 572.3463395724807
141.0 86.12490392261425 658.9292881770191 572.8043842544048
144.0 83.79884231005736 649.8728674102172 566.0740251001598
147.0 85.70976351134339 658.3275154896452 572.6177519783019
150.0 81.36686179255472 641.7309315140733 560.3640697215185
153.0 83.80353246550404 649.8148685417565 566.0113360762524
156.0 84.54724691743294 654.9976002260835 570.4503533086505
159.0 86.87966458959738 662.7121297782681 575.8324651886707
162.0 80.74473744427772 639.9165081230452 559.1717706787674
165.0 81.93045557243388 644.1208536300024 562.1903980575685
168.0 81.94927233901996 644.1122045439844 562.1629322049645
171.0 81.95370468053131 644.1074314197276 562.1537267391963
174.0 79.53631944707383 635.7384622556238 556.20214280855
177.0 82.32106172730042 647.3617451594571 565.0406834321567
180.0 83.95361724173035 653.9495580017704 569.9959407600401
183.0 77.04604829546981 628.1955015913456 551.1494532958758
186.0 81.09940923140301 643.6367284992051 562.5373192678021
189.0 77.66631719384795 630.1996761038129 552.5333589099649
192.0 76.21409781034331 626.5957934008491 550.3816955905058
195.0 72.2198729317632 611.7251552099066 539.5052822781434
198.0 65.51908503348474 589.7221398032151 524.2030547697304
201.0 75.25337119425949 621.9574132123679 546.7040420181084
204.0 73.43689336254027 615.7670589961672 542.330165633627
207.0 77.55617230289518 633.058641819617 555.5024695167219
210.0 73.80900390419129 618.3381176721071 544.5291137679158
213.0 71.61028649913918 609.7294953473053 538.1192088481661
216.0 75.76172573905886 624.4519974437152 548.6902717046563
219.0 74.39512820510887 620.6191128715041 546.2239846663952
222.0 72.5822779363604 614.446435173289 541.8641572369286
225.0 75.34950281204073 624.1867524897645 548.8372496777238
228.0 71.55424576279293 610.2646784285027 538.7104326657097
231.0 72.10957894151858 612.7519300830875 540.642351141569
234.0 73.7847938027167 618.6438490460084 544.8590552432917
237.0 70.23345574418317 606.7483303295759 536.5148745853927
240.0 73.68692907024196 619.1303931386965 545.4434640684545
243.0 70.71566270848865 608.7099012006652 537.9942384921766
246.0 68.42977552256704 600.6185445551648 532.1887690325978
249.0 71.07061662461338 610.1470954985099 539.0764788738966
252.0 70.34589976865754 606.3033001105283 535.9574003418707
255.0 63.69119505323297 583.7515233524061 520.0603282991731
258.0 70.33375042264761 608.6746425741933 538.3408921515457
261.0 69.67284831647226 607.1223345821482 537.4494862656759
264.0 65.4611488139714 590.3695011542391 524.9083523402677
267.0 69.51534858751549 605.6859066444217 536.1705580569062
270.0 66.45341954512406 594.7528033613613 528.2993838162373
273.0 63.68069443202597 583.9249582354931 520.2442638034671
276.0 66.07193231186279 592.5298965205 526.4579642086372
279.0 64.22855976535156 586.4620538257053 522.2334940603537
282.0 61.85770686016376 577.8574289827926 515.9997221226289
285.0 64.75001829099136 589.2747522666651 524.5247339756737
288.0 64.45517358385427 589.0341037798117 524.5789301959575
291.0 61.72850256209414 580.6204479818414 518.8919454197472
294.0 59.43161693154303 569.7515623996007 510.3199454680577
297.0 61.09695647143979 576.8167651288701 515.7198086574303
300.0 61.98111408189139 581.3895377933897 519.4084237114983
303.0 60.48975475849233 574.9858289430179 514.4960741845255
306.0 62.24226747567245 583.7204911626225 521.4782236869501
309.0 55.51033291992951 558.5845514154792 503.0742184955497
312.0 57.08829502728204 564.1790682461389 507.0907732188568
315.0 55.6621137203762 558.915944228864 503.2538305084878
318.0 56.78565447272669 563.2280487338367 506.44239426111
321.0 52.70907003084339 548.1860660170718 495.4769959862284
324.0 54.41159270553267 554.7571853942451 500.3455926887124
327.0 56.1718820858072 564.3267864090289 508.1549043232218
330.0 54.74320323109281 559.1769583107801 504.4337550796873
333.0 51.46413809063579 544.5021449265612 493.0380068359254
336.0 49.08654429435403 535.9341254091873 486.8475811148333
339.0 49.6471678826346 538.477128608293 488.8299607256584
342.0 47.00444162553151 530.578876706588 483.5744350810565
345.0 51.98839712112818 550.1869857132874 498.1985885921592
348.0 48.74106900897069 537.4088250707891 488.6677560618184
351.0 44.84949891404244 521.7616769715853 476.9121780575428
354.0 45.8459805904831 526.9532122644904 481.1072316740073
357.0 47.56005128113133 533.8455131033898 486.2854618222585
360.0 47.06459539479773 531.7348045270267 484.670209132229
363.0 44.40219437885353 522.9390256912574 478.5368313124039
366.0 43.00146740798734 516.172439460227 473.1709720522397
369.0 42.23750280170331 512.8869064881199 470.6494036864166
372.0 43.43400958861309 519.2060096366855 475.7720000480724
375.0 42.02032927251929 512.289208807915 470.2688795353958
378.0 44.05502135208813 524.3591480282512 480.3041266761631
381.0 42.71278183316759 517.3771969234589 474.6644150902913
384.0 40.44674867498445 506.0501742783122 465.6034256033277
387.0 41.19284630231246 513.7353765094218 472.5425302071094
390.0 39.46977244552132 501.6426240020372 462.1728515565159
393.0 40.43680689494909 511.4003741078449 470.9635672128958
396.0 39.89343316263526 505.205785064941 465.3123519023058
399.0 39.08478277806442 503.5229214212457 464.4381386431813
402.0 37.46616410145474 495.6095877718059 458.1434236703512
405.0 38.30375208647155 501.4138556602056 463.110103573734
408.0 38.11747831146433 499.0164748807404 460.8989965692761
411.0 36.35137481211114 491.8182209441467 455.4668461320355
414.0 36.29597583106761 492.4323739767408 456.1363981456732
417.0 33.06719730066524 478.0479502459031 444.9807529452378
420.0 34.44066824116937 485.7798568687315 451.3391886275621
423.0 26.7431818563366 453.7226992603678 426.9795174040312
426.0 30.26475819812019 467.9237249472406 437.6589667491204
429.0 31.90430974818919 474.3552746674458 442.4509649192566
432.0 31.55356865265816 475.3026744871369 443.7491058344788
435.0 28.54143538133958 462.6080973454283 434.0666619640887
438.0 29.65379857473993 466.9355328257754 437.2817342510355
441.0 27.83405701703962 461.1114670128905 433.2774099958509
444.0 28.55057104378814 463.2216483428916 434.6710772991035
447.0 21.67774078048103 427.7906620364348 406.1129212559538
450.0 27.48947398938572 459.9113944988436 432.4219205094579
453.0 22.4557226737716 436.0260923753976 413.570369701626
456.0 17.82380539193651 406.5261625502441 388.7023571583076
459.0 18.50018942239972 410.7593222144546 392.2591327920549
462.0 20.94274469142035 424.5817536465182 403.6390089550979
465.0 19.68979455468609 420.3757804461654 400.6859858914793
468.0 17.36195127984719 406.2452096206472 388.8832583408
471.0 14.47274128014778 386.2273539474301 371.7546126672824
474.0 14.4780273567188 386.2885462780438 371.810518921325
477.0 14.4602174385313 386.6427839033115 372.1825664647802
480.0 10.76176130576469 360.2795663420376 349.5178050362729
483.0 12.18897890607415 373.7232270779909 361.5342481719167
486.0 10.96301621617198 363.0691892127796 352.1061729966076
489.0 12.93512349783789 386.8988022197552 373.9636787219173
492.0 9.174798847114858 356.4458696194776 347.2710707723627
495.0 9.050887662788281 352.2045061218388 343.1536184590505
498.0 6.943895111909341 325.3884881538387 318.4445930419293
501.0 7.092772590521482 327.6249246774603 320.5321520869388
504.0 6.165166513815281 322.9510711837358 316.7859046699205
507.0 4.775816729697312 305.1669578023637 300.3911410726664
510.0 5.922197677204666 326.4938097927433 320.5716121155387
513.0 4.215312720965031 297.6940396118076 293.4787268908426
516.0 4.065367419491147 307.4067424381133 303.3413750186222
519.0 3.119733672123245 292.6548407732293 289.5351071011061
522.0 2.912656712495443 290.6213858138819 287.7087291013865
525.0 2.436046532938838 291.3359298427489 288.8998833098101
528.0 2.139604330305828 290.1232193561452 287.9836150258393
531.0 1.70376690584924 283.2448196188423 281.5410527129931
534.0 1.323693076742488 282.7213110398127 281.3976179630702
537.0 1.075065043161038 281.0636835653355 279.9886185221745
540.0 0.8111877510976674 278.2608315635882 277.4496438124905
543.0 0.4976186164182549 276.0691067457056 275.5714881292873
546.0 0.3466609814939174 273.8021327795989 273.455471798105
549.0 0.1642262082643584 270.6731025776801 270.5088763694158
552.0 0.04208239624244492 269.2290279336377 269.1869455373953
555.0 0 266.0904249576333 266.0904249576333
558.0 0.02195625095959397 263.7892436181664 263.7672873672068
561.0 0.06267186028571636 261.3227733090808 261.260101448795
564.0 0.2126604128954486 257.9350717267718 257.7224113138764
567.0 0.405358553698899 255.6443608733828 255.2390023196839
570.0 0.6663878514589517 253.9658265752221 253.2994387237632
573.0 1.098221704950077 249.230574370299 248.1323526653489
576.0 1.543863037935836 248.1743031615772 246.6304401236413
579.0 2.290305768040051 241.2580443516991 238.9677385836591
582.0 3.134986653976097 242.6249263448752 239.4899396908991
585.0 4.467770608826949 218.6377797183733 214.1700091095463
588.0 5.55122647188592 223.8847340631374 218.3335075912515
591.0 7.10283356164049 205.722137 198.6193034383595
