0.0 98.83476283096909 724.2383019397304 625.4035391087613
3.0 92.35642821691062 699.7453869383557 607.3889587214451
6.0 94.31649071382902 710.064345319791 615.7478546059619
9.0 93.79228495779187 709.7362814625629 615.943996504771
12.0 90.55935979822394 694.4822414301462 603.9228816319222
15.0 91.69072190137443 701.9255537945191 610.2348318931446
18.0 91.782641256426 702.8560858623318 611.0734446059058
21.0 87.67981637779209 683.9919344222432 596.3121180444511
24.0 85.30488494546546 676.2202553736716 590.9153704282061
27.0 89.53303177438431 694.4634414523742 604.9304096779899
30.0 86.26694959101627 680.4594395284811 594.1924899374648
33.0 89.49170508047599 696.413587859885 606.921882779409
36.0 86.47342886230299 680.4810081941293 594.0075793318263
39.0 87.69028905248263 688.4572597494131 600.7669706969305
42.0 87.32457900200764 685.6727680416273 598.3481890396197
45.0 87.29027252299895 686.1361871877499 598.845914664751
48.0 87.59619781386594 689.5115763568536 601.9153785429877
51.0 82.44470502838294 665.8326184336747 583.3879134052917
54.0 84.10427883161727 672.8016570041439 588.6973781725266
57.0 79.5383439116838 655.7564539859179 576.2181100742341
60.0 85.19442435627128 680.5026461720597 595.3082218157884
63.0 84.6756394577189 678.5532241715706 593.8775847138517
66.0 83.99913110408977 673.9841175959306 589.9849864918408
69.0 83.7165172683352 674.2731319685912 590.556614700256
72.0 83.10876836859057 672.0689156566469 588.9601472880563
75.0 84.21859455465655 676.4321205465118 592.2135259918553
78.0 83.78959038634229 675.0920915431203 591.302501156778
81.0 78.3742495698255 651.761157637451 573.3869080676255
84.0 81.68645090495536 665.0912412754776 583.4047903705222
87.0 80.02454728950591 658.7249788158976 578.7004315263917
90.0 80.08934273954003 658.245237968689 578.155895229149
93.0 80.6522540776175 660.4299967867352 579.7777427091177
96.0 81.28591736773287 664.8951702525503 583.6092528848174
99.0 80.17046936302761 660.313689542648 580.1432201796204
102.0 81.08183049646374 663.4021023836821 582.3202718872183
105.0 79.85638320211503 658.5487831885031 578.692399986388
108.0 77.20977824226074 647.7755543012333 570.5657760589726
111.0 80.92503388010691 663.0657227753523 582.1406888952454
114.0 81.15027251621854 663.1162375483672 581.9659650321487
117.0 81.3686118232841 666.0451378904774 584.6765260671933
120.0 81.00223468226199 662.8404610497073 581.8382263674453
123.0 81.86959869994235 669.0242712233721 587.1546725234297
126.0 81.58792718037207 665.4464682510977 583.8585410707257
129.0 82.03264032899115 667.5703284961204 585.5376881671292
132.0 80.97503316126804 664.306111279389 583.3310781181209
135.0 82.70724733167033 669.8408960029921 587.1336486713218
138.0 79.98474720728809 658.6208286147183 578.6360814074302
141.0 79.96645885294421 659.2020975535203 579.2356387005761
144.0 77.78051106262661 649.9351950862297 572.1546840236031
147.0 79.55646766474469 658.4668602348756 578.9103925701309
150.0 75.46615682204634 641.7379126009313 566.2717557788849
153.0 77.7866353881976 649.8622009692229 572.0755655810253
156.0 78.43879759982949 655.0959621328347 576.6571645330052
159.0 80.65949640271204 662.9489081100861 582.289411707374
162.0 74.86781672402787 639.9920225914691 565.1242058674413
165.0 75.9916258854108 644.1950207749135 568.2033948895027
168.0 76.01040432674112 644.2503454543608 568.2399411276197
171.0 76.01485111730366 644.2643021308568 568.2494510135532
174.0 73.72089627312952 635.7526005101034 562.0317042369739
177.0 76.32216055089297 647.5984595727874 571.2762990218944
180.0 77.85248363074889 654.2477274316935 576.3952438009446
183.0 71.33331466750876 628.3025133203808 556.969198652872
186.0 75.15130063406843 643.926356858921 568.7750562248526
189.0 71.92498667671054 630.3290269451655 558.4040402684549
192.0 70.51734210019732 626.6780840482291 556.1607419480318
195.0 66.74695313483497 611.7276245620972 544.9806714272623
198.0 60.35998515344129 589.7221456950945 529.3621605416532
201.0 69.63194807905802 622.0508629822694 552.4189149032114
204.0 67.90582779731699 615.7923747267502 547.8865469294332
207.0 71.75353761501976 633.2279611547424 561.4744235397226
210.0 68.23264336936868 618.3830325088142 550.1503891394455
213.0 66.16576103872929 609.7351291790226 543.5693681402933
216.0 70.09913477069492 624.5890968208698 554.4899620501749
219.0 68.78328385011619 620.7376235252831 551.9543396751669
222.0 67.06023689721021 614.5248079954554 547.4645710982452
225.0 69.68418353691748 624.2942447152141 554.6100611782966
228.0 66.096385591167 610.3930901377927 544.2967045466257
231.0 66.61117206803766 612.9733582372116 546.3621861691739
234.0 68.20077081041769 618.7802970232189 550.5795262128012
237.0 64.82038469264642 606.8980702691493 542.0776855765028
240.0 68.09046588947712 619.311885896727 551.2214200072499
243.0 65.27274451482155 608.8106836462162 543.5379391313947
246.0 63.10543465274396 600.7676017212917 537.6621670685478
249.0 65.60563911369694 610.2366196599279 544.630980546231
252.0 64.94398833253708 606.4848774871532 541.5408891546161
255.0 58.61690366636799 583.7667363163646 525.1498326499966
258.0 64.88303854422588 608.8464774443065 543.9634389000807
261.0 64.23972777848928 607.3619011369479 543.1221733584586
264.0 60.28604267354178 590.5252397893571 530.2391971158153
267.0 64.10760171696399 606.0101835586713 541.9025818417073
270.0 61.2089182552595 594.8950166962492 533.6860984409897
273.0 58.60191809161623 584.0144449151444 525.4125268235281
276.0 60.86384081377926 592.8126620146059 531.9488212008266
279.0 59.10801749598665 586.6487127668471 527.5406952708604
282.0 56.86634267016486 577.9077429233701 521.0414002532052
285.0 59.58101768387712 589.6076852764795 530.0266675926024
288.0 59.28691752488535 589.1817600265679 529.8948425016825
291.0 56.67724963203463 580.7284357720286 524.051186139994
294.0 54.55701448691724 569.7728781809152 515.215863693998
297.0 56.10989585154619 577.0118570048235 520.9019611532773
300.0 56.91808571742858 581.6185344824123 524.7004487649837
303.0 55.52688971653452 575.2736737188093 519.7467840022747
306.0 57.13588594779306 584.039067760287 526.9031818124939
309.0 50.78374182417322 558.6620309339703 507.878289109797
312.0 52.27884664946833 564.308622659332 512.0297760098637
315.0 50.92985586228661 559.1951983792436 508.265342516957
318.0 51.98827100171604 563.479547914007 511.4912769122909
321.0 48.13761868247458 548.3320170680624 500.1943983855878
324.0 49.73991208111665 554.9419446120297 505.202032530913
327.0 51.33936286512813 564.5792449357093 513.2398820705812
330.0 49.98705525256793 559.4246691057843 509.4376138532164
333.0 46.94193206573979 544.7265060912905 497.7845740255507
336.0 44.69259126017738 536.0267137372351 491.3341224770578
339.0 45.21120533250163 538.7068173345156 493.495612002014
342.0 42.67777382550043 530.651143895974 487.9733700704735
345.0 47.35971084409867 550.4748971405817 503.1151862964831
348.0 44.30813130697531 537.6652529722198 493.3571216652445
351.0 40.65992638542235 521.7883795671538 481.1284531817315
354.0 41.5689879166415 527.1184342380037 485.5494463213622
357.0 43.17527757560632 534.1705995783488 490.9953220027425
360.0 42.71192637093804 532.1646497753986 489.4527234044605
363.0 40.17841169581809 523.0553534680575 482.8769417722394
366.0 38.88724691047686 516.3397792533296 477.4525323428528
369.0 38.17099918901952 513.4485224565141 475.2775232674946
372.0 39.26521529669671 519.4962304868268 480.2310151901301
375.0 37.96467868166673 512.5485350711076 474.5838563894409
378.0 39.79295760170327 524.6813705412862 484.8884129395829
381.0 38.56592693004387 517.7479963781791 479.1820694481352
384.0 36.48316881820879 506.6789650134115 470.1957961952027
387.0 37.09028542028084 514.0246789627017 476.9343935424209
390.0 35.57522031150455 502.4172820347527 466.8420617232482
393.0 36.36386992898367 511.9563082672798 475.5924383382961
396.0 35.93192531072929 506.2287405593151 470.2968152485858
399.0 35.14151146194098 504.5110617898489 469.3695503279079
402.0 33.65663876879093 496.1371397910851 462.4805010222941
405.0 34.38840482787198 502.3405972022134 467.9521923743414
408.0 34.24523163269936 500.179603858117 465.9343722254176
411.0 32.59648541862956 492.3732782127693 459.7767927941397
414.0 32.52598974138105 493.1238214349895 460.5978316936085
417.0 29.53120826587803 478.2029840736601 448.671775807782
420.0 30.77193081168118 486.1717802138912 455.3998494022101
423.0 23.57780192438 453.7235845765074 430.1457826521274
426.0 26.87933409162323 468.0348921475447 441.1555580559215
429.0 28.41908417676889 474.6250155322231 446.2059313554543
432.0 28.0419011121662 475.5495144473693 447.5076133352031
435.0 25.22920096570862 462.7642730739684 437.5350721082598
438.0 26.27285227740444 467.3791260694675 441.1062737920631
441.0 24.53734876711432 461.3349770008074 436.7976282336931
444.0 25.2235298120508 463.6231558890107 438.3996260769599
447.0 18.93967098393996 427.8567452367216 408.9170742527816
450.0 24.20698029706894 460.4706964029147 436.2637161058458
453.0 19.56177514143712 436.3809440857439 416.8191689443068
456.0 15.44067744405998 406.8036814987169 391.3630040546569
459.0 16.04259616028391 411.1995268350805 395.1569306747966
462.0 18.25106411507989 425.1057982045475 406.8547340894676
465.0 17.05640494634778 421.1139718313438 404.057566884996
468.0 14.96912359115563 407.1394672532517 392.1703436620961
471.0 12.4369268135669 386.5416126803707 374.1046858668038
474.0 12.43921740837462 386.811992229486 374.3727748211114
477.0 12.41206329088701 387.3460962735385 374.9340329826514
480.0 9.180943060291101 360.7067356926555 351.5257926323644
483.0 10.35555762617046 374.8002801241155 364.4447224979451
486.0 9.321717111513211 364.307941049254 354.9862239377408
489.0 10.84723325709055 387.8872929152642 377.0400596581737
492.0 7.632756509158967 357.6039946906531 349.9712381814941
495.0 7.586545983283596 354.0927573371772 346.5062113538936
498.0 5.987805126563948 327.3072337492749 321.3194286227109
501.0 6.056855896895767 333.2248003402146 327.1679444433188
504.0 5.216516929853449 327.5317279610766 322.3152110312231
507.0 4.154395830128361 310.8615205510704 306.707124720942
510.0 4.883732862821999 332.0881842662147 327.2044514033927
513.0 3.613863056504547 313.5828747075139 309.9690116510093
516.0 3.366934281313143 314.5705476632943 311.2036133819811
519.0 2.65292431732128 304.636657618862 301.9837333015408
522.0 2.472880205731007 303.5444855796787 301.0716053739477
525.0 1.999238544603609 301.5763777580979 299.5771392134943
528.0 1.704644348119802 301.6922036202028 299.987559272083
531.0 1.388687506227918 296.3264546156531 294.9377671094252
534.0 1.031281990501693 293.8548484935837 292.823566503082
537.0 0.8078659198372315 292.4912331559877 291.6833672361504
540.0 0.5847742252144272 290.7477087920069 290.1629345667925
543.0 0.3250380739597176 287.1138190190266 286.7887809450669
546.0 0.2152347321497647 285.0676003131566 284.8523655810068
549.0 0.09131777113710926 282.1112427854442 282.0199250143071
552.0 0 280.2317610143771 280.2317610143771
555.0 0.01629172926584413 277.6116860228373 277.5953942935715
558.0 0.08365470570690195 275.542960973442 275.4593062677351
561.0 0.1749032527275916 273.1908223008008 273.0159190480732
564.0 0.4025018732785666 269.314748284293 268.9122464110145
567.0 0.6453401010629925 267.0804823319679 266.4351422309049
570.0 0.9470378349133727 265.2193805444059 264.2723427094925
573.0 1.493241307797491 259.8448735757445 258.351632267947
576.0 1.965580634053838 259.1018339534622 257.1362533194083
579.0 2.890347430585809 250.3329629031922 247.4426154726064
582.0 3.709175439806723 252.6753648203772 248.9661893805705
585.0 5.633531833600045 221.6942836463986 216.0607518127986
588.0 6.645355499013139 225.6589942791382 219.0136387801251
591.0 8.620360718316161 205.722137 197.1017762816838
