0.0 74.80832465124613 725.1762271941152 650.367902542869
3.0 69.69613375548182 699.893154850354 630.1970210948722
6.0 70.98211779310553 711.7957517319667 640.8136339388612
9.0 70.44040087676772 711.5952298887638 641.1548290119961
12.0 68.11104404571112 696.1659917032408 628.0549476575296
15.0 68.77575013716358 703.4612894604566 634.685539323293
18.0 68.76849549707093 705.4537417107512 636.6852462136803
21.0 65.8214546566059 684.9640659184767 619.1426112618708
24.0 63.85848170837039 676.7590598727079 612.9005781643375
27.0 66.98079608091262 696.9045952925748 629.9237992116622
30.0 64.57495685240027 681.1121040676292 616.5371472152289
33.0 66.80928308539222 698.3319438239 631.5226607385078
36.0 64.76584584996666 682.1127774157508 617.3469315657841
39.0 65.46063482235444 690.5415076831389 625.0808728607844
42.0 65.26820429611256 688.0671896053675 622.7989853092549
45.0 65.18002042412273 688.9887909465244 623.8087705224016
48.0 65.2722611115904 691.8052731752179 626.5330120636275
51.0 61.56427547838027 666.2526875712941 604.6884120929138
54.0 62.78257253624707 674.7073885065449 611.9248159702978
57.0 59.19815456959181 655.9430460636081 596.7448914940163
60.0 63.38467129375089 682.1712030468983 618.7865317531474
63.0 62.96049636331319 680.5735193424029 617.6130229790897
66.0 62.5496156309616 676.7313107030923 614.1816950721308
69.0 62.25074831011802 676.2177333078965 613.9669849977785
72.0 61.76785618473326 673.8476116225514 612.0797554378181
75.0 62.62277490747736 678.6414081653334 616.0186332578561
78.0 62.24203182777588 677.7498571529397 615.5078253251638
81.0 58.24345527301696 652.0140508887832 593.7705956157662
84.0 60.76805132500697 666.6598145372182 605.8917632122112
87.0 59.46295823242422 660.0631796693079 600.6002214368836
90.0 59.57188215687016 659.5534401766013 599.9815580197311
93.0 60.00765843636174 661.9559726423002 601.9483142059385
96.0 60.34182426819947 666.7823090748957 606.4404848066962
99.0 59.50939567224881 661.4440012518568 601.934605579608
102.0 60.23037942354245 665.3781688387467 605.1477894152043
105.0 59.31068546100492 659.4724985698364 600.1618131088315
108.0 57.28821330468788 648.0500524982148 590.7618391935269
111.0 60.11311892223248 664.2479624238813 604.1348435016489
114.0 60.33275569267078 664.8453140773229 604.5125583846521
117.0 60.35703671919301 667.4568728728346 607.0998361536416
120.0 60.2048138788103 664.3132383100293 604.108424431219
123.0 60.69447937463761 669.8284789266043 609.1339995519667
126.0 60.64148207552834 666.7684750279751 606.1269929524467
129.0 60.95682555170757 669.0284346654313 608.0716091137238
132.0 60.08992790481792 664.964974175767 604.8750462709491
135.0 61.5066137668532 671.4487913968691 609.9421776300159
138.0 59.43978932108702 659.5903117023442 600.1505223812572
141.0 59.35618524024081 660.7512051961499 601.3950199559091
144.0 57.73189692201899 650.4902284626073 592.7583315405883
147.0 58.99375303249912 659.3194623204565 600.3257092879573
150.0 55.86872484024386 641.8492447958858 585.980519955642
153.0 57.74641109733182 650.3464032274832 592.5999921301514
156.0 58.05158298776238 655.7157116886458 597.6641287008835
159.0 59.82462058991129 664.4610616830034 604.6364410930921
162.0 55.34104768090233 640.5831432230479 585.2420955421456
165.0 56.23983157566626 644.6094166246248 588.3695850489585
168.0 56.23783032305839 645.2955770488535 589.0577467257951
171.0 56.23595265148121 645.5062795786792 589.2703269271979
174.0 54.43616834528251 635.9894340439721 581.5532656986896
177.0 56.31405746526799 648.8386674396136 592.5246099743456
180.0 57.45382528295603 655.7532312081459 598.2994059251899
183.0 52.41056633897773 628.963684920402 576.5531185814243
186.0 55.32389947306606 645.2895167538339 589.9656172807678
189.0 52.89097401161109 631.126744655224 578.2357706436129
192.0 51.66106552771481 627.1302373723954 575.4691718446806
195.0 48.73680760144036 611.7660245313788 563.0292169299384
198.0 43.51386572057582 589.7225501998761 546.2086844793003
201.0 51.04748154310966 622.7625240646504 571.7150425215407
204.0 49.67286406983085 616.0622775182059 566.3894134483751
207.0 52.48717112911714 634.1083558717935 581.6211847426764
210.0 49.82871429064107 618.7174670056207 568.8887527149796
213.0 48.25953516156397 609.8207994062622 561.5612642446982
216.0 51.3521972472795 625.576277381627 574.2240801343475
219.0 50.23207732718104 621.4574477198788 571.2253703926978
222.0 48.85053180700033 615.0245611506336 566.1740293436332
225.0 50.935806108709 625.0187203060593 574.0829141973503
228.0 48.11282889424006 611.2011662676911 563.088337373451
231.0 48.45917483302974 614.1986445792651 565.7394697462353
234.0 49.74664070440993 619.6910325715002 569.9443918670903
237.0 47.00280369280374 607.6301102518943 560.6273065590905
240.0 49.58221016126713 620.3957474447902 570.8135372835231
243.0 47.35403644306303 609.3273028214281 561.9732663783651
246.0 45.6150485102548 601.567139460762 555.9520909505072
249.0 47.60285190062605 610.8950328306095 563.2921809299834
252.0 47.15191414990939 607.7664695605536 560.6145554106442
255.0 42.0803318631384 583.9150078777763 541.8346760146379
258.0 46.91635938993289 609.899428793849 562.9830694039161
261.0 46.32729333828781 608.6248367044187 562.2975433661309
264.0 43.34710723273816 591.3599823097354 548.0128750769972
267.0 46.272885728345 607.6577741627617 561.3848884344167
270.0 44.01239583622647 595.8144502860836 551.8020544498572
273.0 42.02716604673459 584.806232487396 542.7790664406614
276.0 43.76496074796398 594.7536326392736 550.9886718913096
279.0 42.35993570213424 587.8587767398348 545.4988410377005
282.0 40.62815860000875 578.3062303062616 537.6780717062529
285.0 42.62714917625706 591.3745080308448 548.7473588545878
288.0 42.37005816226364 590.2123818375504 547.8423236752868
291.0 40.20567130694788 581.4020353594778 541.1963640525299
294.0 38.75689827040743 570.063622395008 531.3067241246005
297.0 39.85538208830187 578.2525770852049 538.3971949969031
300.0 40.37317706199402 583.0975271334845 542.7243500714905
303.0 39.338888479286 577.1263784728799 537.7874899935939
306.0 40.41562656923112 585.8015873553129 545.3859607860818
309.0 35.52357935868536 559.1043704948376 523.5807911361522
312.0 36.69550693976353 565.2329615298378 528.5374545900743
315.0 35.60292915204053 560.8000946870488 525.1971655350083
318.0 36.42667393292877 564.9396107186886 528.5129367857599
321.0 33.43342225093352 549.3058199611081 515.8723977101746
324.0 34.655277894655 556.1774389614991 521.5221610668441
327.0 35.64939351991127 565.950720496923 530.3013269770117
330.0 34.57889547445601 560.8512034604543 526.2723079859982
333.0 32.40136057710154 546.2121226297747 513.8107620526732
336.0 30.65479788232099 536.8498189051683 506.1950210228473
339.0 30.98880905516144 540.2255991414461 509.2367900862846
342.0 28.90172975480625 531.0226285941262 502.1208988393199
345.0 32.41484350266788 552.1443910193607 519.7295475166928
348.0 30.09779864757523 539.0651102954699 508.9673116478947
351.0 27.39651586097706 522.1462412375152 494.7497253765382
354.0 27.95557479864282 528.0633481643176 500.1077733656747
357.0 29.12930461053654 535.9247503634622 506.7954457529257
360.0 28.75913266859598 534.6047153415978 505.8455826730018
363.0 26.76964163748698 523.8666295823325 497.0969879448455
366.0 25.86741190530643 517.6725666309733 491.8051547256669
369.0 25.26064564993943 516.1591001458461 490.8984544959067
372.0 26.0190938421755 521.4024661845841 495.3833723424086
375.0 25.14466082578203 514.3203957213528 489.1757348955708
378.0 26.19785761065062 526.5969377865458 500.3990801758951
381.0 25.38029405173041 520.2051253492621 494.8248312975317
384.0 23.92174006937947 510.4282305487371 486.5064904793577
387.0 24.09060362753572 515.8847439429454 491.7941403154097
390.0 23.21418120120964 507.8747880763138 484.6606068751041
393.0 23.43456515949609 514.5496614147261 491.11509625523
396.0 23.29642634451699 511.8892369892689 488.5928106447519
399.0 22.58971461749249 509.6294102775304 487.0396956600379
402.0 21.66406348974405 500.4424694241401 478.778405934396
405.0 21.93700136112432 507.7599566214269 485.8229552603026
408.0 21.88887413846544 507.299932623321 485.4110584848556
411.0 20.78812444985506 497.4377768856208 476.6496524357658
414.0 20.63930901090828 498.5580440635653 477.918735052657
417.0 18.64523957204711 480.1234906888593 461.4782511168122
420.0 19.34247964295715 489.398461255192 470.0559816122349
423.0 14.1193665633583 453.7654563637277 439.6460898003694
426.0 16.56830387265706 469.3018453988099 452.7335415261528
429.0 17.69177838493913 477.3623472324169 459.6705688474777
432.0 17.2328036987508 477.651967761672 460.4191640629212
435.0 15.18629048503483 463.9841920048112 448.7979015197763
438.0 15.90284688271526 470.5343531217209 454.6315062390056
441.0 14.53589806511172 462.971778062745 448.4358799976333
444.0 15.07024475682241 466.2582879485807 451.1880431917583
447.0 11.0333046267856 429.1044702196506 418.071165592865
450.0 14.1890000449608 463.7396785559764 449.5506785110156
453.0 11.03595262021148 438.2756541188444 427.2397014986329
456.0 8.803067443443154 409.2694810118841 400.4664135684409
459.0 9.076041721100706 415.2472562617674 406.1712145406667
462.0 10.37587828163588 430.5202974181871 420.1444191365512
465.0 9.38763405064888 426.0937189298271 416.7060848791782
468.0 8.141688481831947 413.6581143895224 405.5164259076905
471.0 7.018157827022818 392.438947425096 385.4207895980732
474.0 6.912700662927074 395.704054566678 388.7913539037509
477.0 6.800993889846384 397.5130703749235 390.7120764850772
480.0 5.361518086871293 370.9184169216022 365.5568988347309
483.0 5.448756919269892 387.248983605828 381.8002266865581
486.0 5.007290094185285 380.8030187146252 375.7957286204399
489.0 5.134713393717537 394.878062212311 389.7433488185934
492.0 3.841548120312377 369.0214963463988 365.1799482260864
495.0 3.830934160897535 372.639367356122 368.8084331952245
498.0 3.511927984491027 366.8726923727376 363.3607643882466
501.0 3.137589299368092 366.4176343215538 363.2800450221857
504.0 2.607334411342132 363.1928268045765 360.5854923932344
507.0 2.298481245942159 357.6790445308587 355.3805632849165
510.0 2.116664523355599 360.9028530370678 358.7861885137122
513.0 1.669035865895871 353.5687266156474 351.8996907497516
516.0 1.435220816697786 352.1300351278162 350.6948143111185
519.0 1.126310446733104 347.9917562519707 346.8654458052376
522.0 0.9488386002195036 348.2291223995892 347.2802837993697
525.0 0.7039138817562732 345.4383351282586 344.7344212465023
528.0 0.4881106965850787 341.8947360414308 341.4066253448457
531.0 0.3237597423498018 340.950358098109 340.6265983557592
534.0 0.2087476788273404 337.6051833924021 337.3964357135748
537.0 0.09053604700720255 335.581986226191 335.4914501791838
540.0 0 332.6263471186328 332.6263471186328
543.0 0.002836505181032151 329.2525269999342 329.2496904947531
546.0 0.01469333641145987 328.1468551956394 328.1321618592279
549.0 0.10905905266859 324.6411658907477 324.5321068380791
552.0 0.1991870529230237 322.2495598721028 322.0503728191798
555.0 0.3872646976218131 319.8972972440161 319.5100325463943
558.0 0.625059753998663 317.0794056918275 316.4543459378288
561.0 0.8964498789073215 313.9641188076445 313.0676689287372
564.0 1.376340457370649 313.2914537400063 311.9151132826357
567.0 1.830584275053202 309.6041862475903 307.7736019725371
570.0 2.337638056439278 307.9559978199319 305.6183597634926
573.0 3.072300976292196 310.4257055613094 307.3534045850173
576.0 3.96760381764667 299.1583242174283 295.1907203997816
579.0 5.146888548843126 306.9042174129468 301.7573288641037
582.0 6.836916425177592 273.0294509399463 266.1925345147687
585.0 11.85776247981414 227.9317390188107 216.0739765389966
588.0 12.75931649060635 229.217480223337 216.4581637327306
591.0 16.51704296965138 205.722137 189.2050940303486
