0.0 65.62006188181773 725.9913069135251 660.3712450317074
3.0 61.11510842595614 700.1293173472278 639.0142089212716
6.0 62.07083607500568 713.0982881095573 651.0274520345516
9.0 61.51703688654887 713.0372955526536 651.5202586661048
12.0 59.57563906444707 697.7217050484242 638.1460659839771
15.0 60.04575757156376 704.843206990287 644.7974494187233
18.0 59.97196627500818 707.3081252281048 647.3361589530966
21.0 57.55668566961708 686.1169871751101 628.560301505493
24.0 55.78759641892297 677.2551016036581 621.4675051847351
27.0 58.38716263411364 698.6095215395774 640.2223589054638
30.0 56.39229921073061 681.9129724208088 625.5206732100782
33.0 58.17164254172086 699.803351587276 641.6317090455551
36.0 56.54778269004614 683.7396640319363 627.1918813418902
39.0 57.01312744894956 692.0943867506244 635.0812593016748
42.0 56.88265221421081 690.0593959244687 633.1767437102579
45.0 56.76276087232359 691.0701674819592 634.3074066096356
48.0 56.78114797940025 693.3824169432776 636.6012689638773
51.0 53.73649373136392 666.835286416987 613.0987926856231
54.0 54.72426073026603 676.4042716788276 621.6800109485616
57.0 51.61032681532427 656.2091237310485 604.5987969157242
60.0 55.12772431798329 683.4755882830959 628.3478639651126
63.0 54.73609275476473 682.0263152069587 627.290222452194
66.0 54.4213585726471 678.584140570555 624.1627819979079
69.0 54.13537012854828 677.6243605766931 623.4889904481448
72.0 53.70973511727615 675.1688982529156 621.4591631356395
75.0 54.44240527513733 680.3453407372386 625.9029354621013
78.0 54.07722383088828 679.3891869436915 625.3119631128033
81.0 50.74224170603972 652.422733506919 601.6804918008793
84.0 52.89335671433702 668.0369872581714 615.1436305438344
87.0 51.7489516745661 661.1713724016732 609.4224207271071
90.0 51.87385362606038 660.8599831539225 608.9861295278621
93.0 52.24807269254279 663.5024216997119 611.2543490071691
96.0 52.44896638103275 668.2658268911029 615.8168605100702
99.0 51.75646597440036 662.5129529704706 610.7564869960702
102.0 52.37525421901451 666.9104659832728 614.5352117642583
105.0 51.61146514726272 660.4783706774803 608.8669055302176
108.0 49.87655024926081 648.4369509524789 598.5604007032181
111.0 52.29487962333748 665.3051123049549 613.0102326816174
114.0 52.49905553228536 666.1965167204593 613.6974611881739
117.0 52.45178421941526 668.4090170508253 615.9572328314101
120.0 52.38377024569889 665.625087610064 613.2413173643651
123.0 52.73344651431152 670.4568246259775 617.723378111666
126.0 52.76467451088313 667.7654042681007 615.0007297572176
129.0 53.02135225475256 670.0798854265485 617.0585331717959
132.0 52.2562631078455 665.5362825957855 613.28001948794
135.0 53.51503209340196 672.534296682373 619.019264588971
138.0 51.74282990643494 660.4288031818031 608.6859732753681
141.0 51.61905659398217 661.7910744881304 610.1720178941483
144.0 50.25815206241587 651.071935066419 600.8137830040031
147.0 51.29386936589631 659.9833314022893 608.689462036393
150.0 48.60176377126489 642.0284791442233 593.4267153729584
153.0 50.27770591473512 650.9099316916949 600.6322257769597
156.0 50.43272019134648 656.2415871313423 605.8088669399958
159.0 51.99004195599202 665.59729370427 613.607251748278
162.0 48.0909499011848 641.1265259507157 593.0355760495309
165.0 48.89968889487994 644.94202991747 596.0423410225901
168.0 48.86928423400788 646.2103131401823 597.3410289061744
171.0 48.85870985349952 646.5922089890899 597.7334991355904
174.0 47.29820365719557 636.3659937204811 589.0677900632856
177.0 48.84345842843314 649.6641923777562 600.820733949323
180.0 49.80995338743983 656.6957110733512 606.8857576859114
183.0 45.41890058909606 629.4717601787847 584.0528595896886
186.0 47.92954987675776 646.0869081814491 598.1573583046914
189.0 45.84806413634543 631.7252438135171 585.8771796771716
192.0 44.70392083278218 627.4706597256785 582.7667388928963
195.0 42.15306506785551 611.8258075368032 569.6727424689477
198.0 37.43047984692438 589.7240393051278 552.2935594582034
201.0 44.19815157393559 623.374999999346 579.1768484254105
204.0 42.98591915992992 616.379098331624 573.3931791716941
207.0 45.34369853311556 634.7019591941341 589.3582606610185
210.0 43.06708685600306 619.0658720350232 575.9987851790202
213.0 41.71847420434108 609.9534033207822 568.2349291164411
216.0 44.42471906863745 626.4612889842507 582.0365699156132
219.0 43.39804110470367 622.0118081629534 578.6137670582498
222.0 42.16866839433434 615.4243237134749 573.2556553191406
225.0 44.0159546246262 625.6512129897447 581.6352583651185
228.0 41.51946432697059 611.8291717519068 570.3097074249362
231.0 41.78431329190398 615.0104166644712 573.2261033725672
234.0 42.94797867291672 620.4448378847355 577.4968592118188
237.0 40.4848232051084 608.0818139406477 567.5969907355393
240.0 42.75684100927118 621.2045818635216 578.4477408542504
243.0 40.79739290902217 609.6935848212269 568.8961919122047
246.0 39.23488104444937 602.0960439424669 562.8611628980176
249.0 41.00387496340709 611.5032883842286 570.4994134208215
252.0 40.62604482717742 608.8356291083554 568.209584281178
255.0 36.12470759199834 584.0807854937204 547.9560779017221
258.0 40.32385315838811 610.6884343500165 570.3645811916284
261.0 39.75467054427846 609.4347301356971 569.6800595914186
264.0 37.20264533572483 591.8955596336429 554.692914297918
267.0 39.72415249344294 608.6964653826752 568.9723128892323
270.0 37.75257137062632 596.5721559485877 558.8195845779614
273.0 36.035158168292 585.5897183198315 549.5545601515395
276.0 37.51930490199021 596.2138092043825 558.6945043023923
279.0 36.28452885101181 588.8155606009939 552.5310317499821
282.0 34.7929471013071 578.7003287446889 543.9073816433818
285.0 36.45254829474292 592.5012511362857 556.0487028415428
288.0 36.22569852705201 591.1367937922297 554.9110952651777
291.0 34.26366584314327 581.9560007967146 547.6923349535714
294.0 33.1108880136204 570.4767703478115 537.3658823341911
297.0 33.99007495708963 579.2798512331147 545.289776276025
300.0 34.37731975618709 584.2598916260117 549.8825718698247
303.0 33.48632308280216 578.5220152545803 545.0356921717782
306.0 34.34009900656766 586.9889481526111 552.6488491460434
309.0 30.10723594876886 559.4860632024557 529.3788272536869
312.0 31.12604710221511 566.0448402155615 534.9187931133464
315.0 30.12847488729147 561.8859452838651 531.7574703965736
318.0 30.85345657244661 566.0715221930388 535.2180656205921
321.0 28.24044482687096 550.0880875645259 521.8476427376549
324.0 29.29061919194929 557.2545974175869 527.9639782256376
327.0 30.02512863959366 566.9189482687587 536.893819629165
330.0 29.0736224957135 561.8663978726652 532.7927753769517
333.0 27.26399788661515 547.4038314333991 520.1398335467839
336.0 25.74870399017311 537.6958338575743 511.9471298674012
339.0 25.9873436036391 541.4082785225814 515.4209349189423
342.0 24.1239954375261 531.3138303610036 507.1898349234775
345.0 27.10115733161471 553.3618705936466 526.2607132620319
348.0 25.10696114497819 540.054530374169 514.9475692291908
351.0 22.83507214416801 522.6615534065391 499.8264812623711
354.0 23.2312760991608 528.8219397043867 505.5906636052259
357.0 24.19949351995703 537.1660566747896 512.9665631548326
360.0 23.85103267923492 536.3024067901642 512.4513741109293
363.0 22.13479461076879 524.6353407532768 502.500546142508
366.0 21.38339981911276 518.9016335061273 497.5182336870146
369.0 20.79795708282269 517.7236393356002 496.9256822527775
372.0 21.42393406716029 522.9755797745681 501.5516457074078
375.0 20.73298531169126 515.9937257162467 495.2607404045555
378.0 21.4556911720685 528.0060098148487 506.5503186427802
381.0 20.79700889629159 522.1015809713642 501.3045720750726
384.0 19.57740745317951 512.8610090294639 493.2836015762844
387.0 19.60316465696177 517.3708403264564 497.7676756694947
390.0 18.90697419698888 511.5221730800234 492.6151988830345
393.0 18.96499242620623 516.1682196424882 497.2032272162819
396.0 18.87797650467013 515.1187821987241 496.240805694054
399.0 18.22412170586401 512.3848354806585 494.1607137747944
402.0 17.53271741105557 504.1270382609838 486.5943208499283
405.0 17.6027321015947 510.8444168504644 493.2416847488697
408.0 17.55452537954089 511.1938819366131 493.6393565570722
411.0 16.70638371380933 502.1085874408896 485.4022037270803
414.0 16.52239889709856 502.994991753134 486.4725928560354
417.0 15.03995014536522 483.2228409066036 468.1828907612384
420.0 15.47290995322914 493.0624389773719 477.5895290241427
423.0 11.19950011300728 453.9243705548524 442.7248704418451
426.0 13.23828786517003 471.1567007786672 457.9184129134972
429.0 14.13106688378167 481.1235116523312 466.9924447685495
432.0 13.6626319745851 480.4150047017115 466.7523727271264
435.0 11.97731550724324 465.4889259007669 453.5116103935237
438.0 12.50211411227951 473.344317100527 460.8422029882475
441.0 11.33457888245476 464.6671520591412 453.3325731766864
444.0 11.77716463776741 468.698611657824 456.9214470200566
447.0 8.72905704115173 431.2689733125821 422.5399162714303
450.0 10.94325319901719 466.1946072147409 455.2513540157237
453.0 8.464594861834998 439.9275434069667 431.4629485451317
456.0 7.005391445552494 412.7505643441497 405.7451728985972
459.0 7.094323443942035 419.6435836496234 412.5492602056813
462.0 7.965396660583156 435.7754738327917 427.8100771722085
465.0 7.095892578602176 430.127035579126 423.0311430005238
468.0 6.16313228985224 419.0800185908505 412.9168863009983
471.0 5.57443090267807 403.1311938571733 397.5567629544952
474.0 5.360774584471297 406.3168933757613 400.95611879129
477.0 5.190669597214314 407.9981919893123 402.807522392098
480.0 4.386466932136311 390.6096006320954 386.2231336999591
483.0 4.090666860798732 398.5201115292021 394.4294446684033
486.0 3.789200453349154 394.678083297331 390.8888828439819
489.0 3.612695949988197 401.2687912151327 397.6560952651445
492.0 2.942442184327376 383.5848702629435 380.6424280786162
495.0 2.797149827982092 388.1384299952235 385.3412801672414
498.0 2.561963700850891 386.5037173644887 383.9417536636379
501.0 2.241323594949705 383.3923728492118 381.1510492542621
504.0 1.805736565069697 378.8971509504997 377.09141438543
507.0 1.594197007182369 377.1369115144429 375.5427145072606
510.0 1.373775134308889 376.6187537658187 375.2449786315098
513.0 1.08221388843579 372.2513938334455 371.1691799450097
516.0 0.8973601523326218 370.271110942052 369.3737507897194
519.0 0.6884527557576654 366.9448878553059 366.2564350995483
522.0 0.5092042956221123 366.288974074558 365.7797697789359
525.0 0.338518827201108 363.3376275100747 362.9991086828736
528.0 0.2214894957367343 360.1774163572722 359.9559268615355
531.0 0.08771753489644982 358.5107477753362 358.4230302404398
534.0 0.05918932142124061 355.8551283141625 355.7959389927413
537.0 0 353.6101885433987 353.6101885433987
540.0 0.0005975462301365253 350.3514147153374 350.3508171691073
543.0 0.09923049505041689 347.4582149188703 347.3589844238199
546.0 0.1435892153659873 346.042972562521 345.899383347155
549.0 0.3475422659238694 342.5356442463831 342.1881019804593
552.0 0.5061491339635635 340.3870795788567 339.8809304448931
555.0 0.7725014389146628 337.7982890234867 337.025787584572
558.0 1.102158213102371 334.9819540122553 333.8797957991529
561.0 1.493998536279962 330.632051705935 329.1380531696551
564.0 1.963071381289127 332.8452219269226 330.8821505456335
567.0 2.545899418784387 329.3615448134267 326.8156453946423
570.0 3.105268470211572 327.7932946544187 324.6880261842071
573.0 3.728845956265219 334.6238355485246 330.8949895922594
576.0 4.865819091525727 334.298535491193 329.4327163996673
579.0 6.058254443400555 322.5603897581911 316.5021353147905
582.0 9.029587851987529 275.5011759034495 266.471588051462
585.0 15.55820352267555 229.3549511062894 213.7967475836138
588.0 16.45906201803478 229.9461393248102 213.4870773067754
591.0 21.03774076504305 205.722137 184.6843962349569
