0.0 64.31441137529087 726.1480601123124 661.8336487370215
3.0 59.90093852266256 700.1865421957165 640.285603673054
6.0 60.80493372972655 713.3413503688522 652.5364166391256
9.0 60.24897832465653 713.3039560588187 653.0549777341622
12.0 58.36465586124554 698.0267458271388 639.6620899658933
15.0 58.8064193787745 705.1152024116256 646.3087830328511
18.0 58.72164881071097 707.6404215295442 648.9187727188333
21.0 56.38679017066271 686.3647735197643 629.9779833491016
24.0 54.64831394741447 677.3589116677152 622.7105977203007
27.0 57.16730177111255 698.915577314114 641.7482755430015
30.0 55.23553908822984 682.0917581676737 626.8562190794438
33.0 56.94582866578708 700.0767631096985 643.1309344439114
36.0 55.38356212990492 684.0689664161929 628.685404286288
39.0 55.81528196782427 692.3794902988065 636.5642083309822
42.0 55.69275944050839 690.4328809546367 634.7401215141283
45.0 55.56804115323683 691.4404377044153 635.8723965511785
48.0 55.57680774122552 693.6668362597013 638.0900285184757
51.0 52.63290845218841 666.9714600352821 614.3385515830936
54.0 53.58359771448516 676.7316175435114 623.1480198290262
57.0 50.54322167873483 656.2708481950899 605.7276265163551
60.0 53.95873490717533 683.7228057893335 629.7640708821582
63.0 53.57158876163586 682.289254250669 628.7176654890332
66.0 53.27008520492664 678.910313103127 625.6402278982004
69.0 52.98711979821363 677.883255514964 624.8961357167504
72.0 52.57019086857785 675.4128484125303 622.8426575439525
75.0 53.28372312514082 680.6589249827595 627.3752018576187
78.0 52.9211291645405 679.6727808996595 626.751651735119
81.0 49.6875314311641 652.52125149441 602.8337200632459
84.0 51.780747456196 668.3074739009395 616.5267264447435
87.0 50.66091201234231 661.3847312090797 610.7238191967374
90.0 50.7875754224382 661.122638027588 610.3350626051498
93.0 51.1519949143628 663.8156684176512 612.6636735032885
96.0 51.3334748164775 668.5378521128713 617.2043772963938
99.0 50.66272753852424 662.7254259822947 612.0626984437704
102.0 51.26522007119895 667.1918407547581 615.9266206835592
105.0 50.52581112057738 660.6868023962981 610.1609912757208
108.0 48.83519358750975 648.5257143599932 599.6905207724835
111.0 51.19152509830398 665.5100556849676 614.3185305866636
114.0 51.39266565099394 666.4477151873151 615.0550495363212
117.0 51.33590691006821 668.5796147488033 617.2437078387351
120.0 51.27933936368519 665.8716951033434 614.5923557396582
123.0 51.61013315804752 670.5749022687433 618.9647691106958
126.0 51.65285448892432 667.9506258457184 616.297771356794
129.0 51.90073066316157 670.2683283676013 618.3675977044398
132.0 51.15195409023768 665.6471158949718 614.4951618047342
135.0 52.38602357752818 672.7263083528832 620.340284775355
138.0 50.65804590036245 660.5906657037507 609.9326198033882
141.0 50.52787935242419 661.9722934765494 611.4444141241252
144.0 49.20710008899004 651.1913536762858 601.9842535872957
147.0 50.20914777437169 660.1084142702604 609.8992664958887
150.0 47.58244227603765 642.0712303087582 594.4887880327206
153.0 49.22742906437227 651.0299226989873 601.802493634615
156.0 49.36035748771344 656.3437403347989 606.9833828470855
159.0 50.88413534764356 665.8018478634615 614.9177125158179
162.0 47.07316444054469 641.2332186573213 594.1600542167766
165.0 47.86913824460271 645.0088799278627 597.13974168326
168.0 47.83295628037236 646.3846688032589 598.5517125228866
171.0 47.82064166432838 646.7962517188195 598.9756100544911
174.0 46.29741537612538 636.4539932509352 590.1565778748098
177.0 47.79231809394224 649.8105492371133 602.0182311431711
180.0 48.7328596250905 656.8581630412727 608.1253034161822
183.0 44.43952832835134 629.5660967205848 585.1265683922335
186.0 46.8898133826788 646.2227005030063 599.3328871203276
189.0 44.86086174760866 631.8356095433609 586.9747477957522
192.0 43.73010809456317 627.5351064869644 583.8049983924012
195.0 41.2353159681908 611.8399515553391 570.6046355871483
198.0 36.58702931096642 589.7245109282742 553.1374816173078
201.0 43.23957152892875 623.490927819818 580.2513562908892
204.0 42.05215884117485 616.446499273589 574.3943404324142
207.0 44.34162746124422 634.8085341241032 590.466906662859
210.0 42.12217985420481 619.1387592606593 577.0165794064545
213.0 40.80683410960854 609.9845350202165 569.177700910608
216.0 43.45380185136592 626.6323960756164 583.1785942242505
219.0 42.44189315554241 622.1155080036408 579.6736148480984
222.0 41.23547840288163 615.4995896419482 574.2641112390665
225.0 43.04685253469137 625.7749526901273 582.7281001554359
228.0 40.59877638205329 611.9458069330487 571.3470305509954
231.0 40.8511087021553 615.1519293237956 574.3008206216403
234.0 41.99652103502257 620.5878260888196 578.591305053797
237.0 39.57580716224145 608.1608181971434 568.585011034902
240.0 41.80130967738605 621.3520767037792 579.5507670263932
243.0 39.88284616539697 609.7627201183537 569.8798739529567
246.0 38.34607364123868 602.1891885873288 563.8431149460901
249.0 40.08236987883053 611.6232910351356 571.540921156305
252.0 39.7141540958872 609.0364534427178 569.3222993468306
255.0 35.29972049893988 584.115948365905 548.8162278669651
258.0 39.40287267179227 610.8324263181195 571.4295536463273
261.0 38.83662209709476 609.5752314315178 570.7386093344231
264.0 36.3487433767419 591.9894734479301 555.6407300711882
267.0 38.80904493807182 608.8764647703652 570.0674198322933
270.0 36.88092865011523 596.7163533757686 559.8354247256534
273.0 35.20308720210942 585.7447437986121 550.5416565965026
276.0 36.64795347691769 596.4723240865139 559.8243706095962
279.0 35.43968883199555 588.9934260098159 553.5537371778203
282.0 33.98516476568424 578.7818226312322 544.7966578655479
285.0 35.59263779151602 592.6963802548689 557.1037424633528
288.0 35.37068236986919 591.3173954056337 555.9467130357645
291.0 33.43965449947229 582.0628253084443 548.6231708089721
294.0 32.33103465482326 570.571113582834 538.2400789280107
297.0 33.17614177833228 579.4763106780272 546.3001688996949
300.0 33.54372167276767 584.4737265483999 550.9300048756322
303.0 32.67335940117815 578.7728327358456 546.0994733346674
306.0 33.49469027086729 587.1971369931749 553.7024467223076
309.0 29.36154856132934 559.5641562222272 530.2026076608979
312.0 30.35651636716811 566.2025394882678 535.8460231210997
315.0 29.3723840576431 562.0759441820197 532.7035601243767
318.0 30.08252859064731 566.2850918771565 536.2025632865092
321.0 27.52679419905802 550.2359081258719 522.7091139268139
324.0 28.55070036919358 557.4642758985021 528.9135755293085
327.0 29.24711787328319 567.0949919317587 537.8478740584755
330.0 28.31312272277433 562.0493682591523 533.736245536378
333.0 26.55748613836061 547.6270908387845 521.0696047004239
336.0 25.07731262006844 537.8682063942982 512.7908937742297
339.0 25.3010091293131 541.6261306914259 516.3251215621128
342.0 23.47317248934993 531.3730552114241 507.8998827220741
345.0 26.36849134761 553.5832258805689 527.2147345329589
348.0 24.4227252091904 540.2366849177341 515.8139597085437
351.0 22.21559293161454 522.7801600417495 500.564567110135
354.0 22.58709941880278 528.9701934507255 506.3830940319227
357.0 23.52362720951324 537.3936965209961 513.8700693114828
360.0 23.17721131798756 536.6036421941499 513.4264308761623
363.0 21.50380677730873 524.7918140141832 503.2880072368744
366.0 20.77352844104929 519.1409808284901 498.3674523874408
369.0 20.19056441567141 517.9867762933427 497.7962118776713
372.0 20.79670311751364 523.2727572400479 502.4760541225342
375.0 20.13255823616334 516.3299463498329 496.1973881136695
378.0 20.80718475636928 528.2618168669495 507.4546321105802
381.0 20.17073101350656 522.4468596005482 502.2761285870417
384.0 18.98525609914867 513.2766942246432 494.2914381254946
387.0 18.99214512490082 517.6486660148855 498.6565208899847
390.0 18.31729960005388 512.1150530284373 493.7977534283834
393.0 18.35636959546001 516.4526824112745 498.0963128158145
396.0 18.27297411499586 515.633322292193 497.3603481771971
399.0 17.62817138570785 512.8230070109184 495.1948356252106
402.0 16.96863373024644 504.7881538564389 487.8195201261924
405.0 17.01060982323483 511.3288513364139 494.3182415131791
408.0 16.96048308811535 511.7807181742346 494.8202350861192
411.0 16.14703927820173 502.9362460610317 486.78920678283
414.0 15.95861647262121 503.7576142824916 487.7989978098704
417.0 14.55439304195016 483.9674149717804 469.4130219298303
420.0 14.94711056690213 493.8218663210792 478.8747557541771
423.0 10.82418041076325 453.9793973001697 443.1552168894065
426.0 12.79719963879268 471.6137798119124 458.8165801731198
429.0 13.65034500189754 481.9870556720031 468.3367106701056
432.0 13.18339631877116 481.0595495881935 467.8761532694223
435.0 11.5552559578641 465.8516233239539 454.2963673660898
438.0 12.04826933259756 473.9222247549115 461.8739554223139
441.0 10.91325875416524 465.0404522006921 454.1271934465269
444.0 11.34018982083876 469.2232216546204 457.8830318337816
447.0 8.43900798650833 431.7979491663711 423.3589411798628
450.0 10.51350990160116 466.671849037161 456.1583391355598
453.0 8.136769054236087 440.2841948783838 432.1474258241477
456.0 6.786421863721624 413.6130763111986 406.8266544474769
459.0 6.846130817155157 420.5682887532406 413.7221579360854
462.0 7.651849286201326 436.7591621733059 429.1073128871046
465.0 6.80322653090731 430.8954051188166 424.0921785879093
468.0 5.913165291518938 420.0957867557493 414.1826214642303
471.0 5.387377316951442 405.4435328017809 400.0561554848295
474.0 5.159942380938891 408.2630270717959 403.103084690857
477.0 4.98221243046346 409.8044471411225 404.822234710659
480.0 4.24473723273739 394.361233340842 390.1164961081046
483.0 3.917804616372457 400.4247736067245 396.506968990352
486.0 3.630640302169378 396.9713553778161 393.3407150756467
489.0 3.427465303212525 402.5138998638588 399.0864345606463
492.0 2.82652419431728 386.4296664462796 383.6031422519623
495.0 2.661821787624368 390.6503828413318 387.9885610537074
498.0 2.432198661061377 389.2035537744418 386.7713551133805
501.0 2.123692509921367 386.0005187029497 383.8768261930283
504.0 1.705929146108165 381.2894066343494 379.5834774882412
507.0 1.500089773744127 379.9486132242014 378.4485234504573
510.0 1.281676638045737 379.0922207034377 377.810544065392
513.0 1.00694365136432 374.994367484894 373.9874238335297
516.0 0.8295880678221781 373.1010445045626 372.2714564367404
519.0 0.6338800809183114 369.8294679623749 369.1955878814566
522.0 0.4570927209612641 368.9736023187288 368.5165095977675
525.0 0.2985094599418789 365.9201456500697 365.6216361901278
528.0 0.1940465608704854 362.9688330910128 362.7747865301424
531.0 0.06725750034909889 361.09686746021 361.0296099598609
534.0 0.04968280883136805 358.5704062700543 358.5207234612229
537.0 0 356.244719730535 356.244719730535
540.0 0.01451266050649427 352.9945552989178 352.9800426384113
543.0 0.1255687568898677 350.2757735691195 350.1502048122297
546.0 0.1766554635361472 348.6227820318635 348.4461265683274
549.0 0.3962694808136401 345.2130438562061 344.8167743753925
552.0 0.5647883634564651 343.0370201193511 342.4722317558946
555.0 0.8434480890175248 340.3991714875705 339.555723398553
558.0 1.186533937551662 337.5876551082481 336.4011211706964
561.0 1.598847918872087 333.1447710136202 331.5459230947481
564.0 2.059817767348689 335.6543893255072 333.5945715581586
567.0 2.659357574556943 332.4917431154003 329.8323855408434
570.0 3.22863903034081 330.5207555757098 327.292116545369
573.0 3.824265048784963 338.0059677596063 334.1817027108213
576.0 4.963116940100238 339.660520559841 334.6974036197407
579.0 6.219791164893892 323.7753404609882 317.5555492960943
582.0 9.40711254611427 275.725043804888 266.3179312587738
585.0 16.16095273413009 229.5263019463704 213.3653492122403
588.0 17.06332040815706 230.0310661925113 212.9677457843543
591.0 21.76527052902873 205.722137 183.9568664709713
