0.0 63.6655319736408 726.2307414201552 662.5652094465144
3.0 59.29796003937872 700.2182901410852 640.9203301017064
6.0 60.17578818536423 713.4688988608832 653.293110675519
9.0 59.61871678935848 713.4434331006239 653.8247163112655
12.0 57.76286677645951 698.1882400300739 640.4253732536144
15.0 58.19050675742604 705.2593246563557 647.0688178989297
18.0 58.10015245461651 707.8131057154497 649.7129532608332
21.0 55.80563518891869 686.4985165525495 630.6928813636308
24.0 54.08270339235784 677.4149520362774 623.3322486439195
27.0 56.56107595702078 699.0749165357853 642.5138405787645
30.0 54.66106455743814 682.1891745446263 627.5281099871882
33.0 56.33667818239992 700.219984290376 643.8833061079761
36.0 54.80511310147581 684.2443986175481 629.4392855160723
39.0 55.22009705606468 692.5285279964983 637.3084309404336
42.0 55.10140624897995 690.6285862100056 635.5271799610256
45.0 54.97428252444068 691.6324628037244 636.6581802792837
48.0 54.97837722390746 693.8150465084075 638.8366692845
51.0 52.08509094286975 667.046473119653 614.9613821767832
54.0 53.01693308651399 676.9042678856107 623.8873347990967
57.0 50.01376846421836 656.3047921473645 606.2910236831461
60.0 53.37803845353326 683.8529648972078 630.4749264436745
63.0 52.99311125436836 682.4263045548209 629.4331933004526
66.0 52.69812140047815 679.0794328514815 626.3813114510034
69.0 52.41677487677084 678.0187954338185 625.6020205570476
72.0 52.00422328271469 675.5406079555354 623.5363846728207
75.0 52.70807367658406 680.822703152222 628.1146294756379
78.0 52.34682439171321 679.8194106547964 627.4725862630832
81.0 49.16421385904921 652.5757758403212 603.4115619812719
84.0 51.22820170798965 668.4508515198529 617.2226498118633
87.0 50.12074518274037 661.4974823397881 611.3767371570477
90.0 50.2482073556521 661.2623474747449 611.0141401190928
93.0 50.60764383252058 663.9824051109006 613.37476127838
96.0 50.77948849704324 668.6798031440436 617.9003146470004
99.0 50.11971203282201 662.8382281489917 612.7185161161697
102.0 50.71394717678422 667.3387173185869 616.6247701418027
105.0 49.98684327947325 660.7982959487648 610.8114526692915
108.0 48.31856982867504 648.5743239019132 600.2557540732382
111.0 50.64371474553663 665.6182463962707 614.9745316507341
114.0 50.84326344551178 666.5792486962228 615.735985250711
117.0 50.78189311386478 668.6684209374811 617.8865278236163
120.0 50.73092422048785 666.0007484130965 615.2698241926087
123.0 51.05248593224076 670.6369318484316 619.5844459161908
126.0 51.10084466758285 668.0476815446102 616.9468368770273
129.0 51.34431593410078 670.3662582288782 619.0219422947774
132.0 50.60382034040207 665.7057129542621 615.10189261386
135.0 51.82540985691023 672.8259047735978 621.0004949166876
138.0 50.1195913317894 660.6760840247724 610.556492692983
141.0 49.98619926800473 662.0659450424256 612.0797457744209
144.0 48.68557985785403 651.2551713719409 602.5695915140869
147.0 49.67078488510333 660.1742063756513 610.5034214905479
150.0 47.07691238331116 642.0948177775442 595.017905394233
153.0 48.70629477158906 651.0945402473208 602.3882454757318
156.0 48.82821107281889 656.397771293298 607.5695602204791
159.0 50.33505195078991 665.9081337723131 615.5730818215232
162.0 46.5682990693923 641.2897549136393 594.721455844247
165.0 47.3579550590937 645.044683347498 597.6867282884043
168.0 47.31870973697476 646.4763640098537 599.157654272879
171.0 47.30547711342006 646.9031246872638 599.5976475738438
174.0 45.80107697989758 636.5022485980082 590.7011716181106
177.0 47.270712470983 649.8865357144303 602.6158232434473
180.0 48.19825186535898 656.941994951051 608.743743085692
183.0 43.95389057197453 629.6155346613876 585.6616440894131
186.0 46.37392752455164 646.2927140507826 599.918786526231
189.0 44.37128285110184 631.8934067142175 587.5221238631157
192.0 43.2472985740751 627.5690725202307 584.3217739461556
195.0 40.78062002012651 611.8477505168552 571.0671304967287
198.0 36.16950543098679 589.7247879182825 553.5552824872957
201.0 42.76429445123985 623.5518367118609 580.7875422606211
204.0 41.58936962909423 616.4827921241271 574.8934224950328
207.0 43.84462082284011 634.8640433127087 591.0194224898686
210.0 41.65380840177649 619.1778931724027 577.5240847706262
213.0 40.3551643905356 610.001650803772 569.6464864132364
216.0 42.97226566277752 626.7226092206561 583.7503435578785
219.0 41.96785213694861 622.1699621316394 580.2021099946908
222.0 40.77296271864735 615.5391478382318 574.7661851195845
225.0 42.56630096382662 625.8404853508376 583.274184387011
228.0 40.142444458751 612.006903562377 571.864459103626
231.0 40.38847924302897 615.2250939901161 574.8366147470872
234.0 41.52476087741356 620.6630310853096 579.138270207896
237.0 39.12537308692027 608.2018171798279 569.0764440929076
240.0 41.32750621612849 621.4290012809281 580.1014950647996
243.0 39.42966190816976 609.7992118708217 570.3695499626519
246.0 37.90572096482998 602.2374956292442 564.3317746644142
249.0 39.62562285781167 611.68689583162 572.0612729738084
252.0 39.2620833796618 609.141747642604 569.8796642629422
255.0 34.89137108468773 584.1349034499216 549.2435323652338
258.0 38.94635029428886 610.9075527494282 571.9612024551393
261.0 38.38157239405817 609.6478427708104 571.2662703767522
264.0 35.92584212285505 592.0382217932068 556.1123796703517
267.0 38.35540168270496 608.9694842008351 570.6140825181301
270.0 36.44907389053464 596.7922563613801 560.3431824708455
273.0 34.79099991812018 585.8268498768332 551.0358499587131
276.0 36.2160608298152 596.6060582853808 560.3899974555656
279.0 35.02118109008508 589.0865640914248 554.0653830013397
282.0 33.58534146315574 578.825581659602 545.2402401964463
285.0 35.1665685481294 592.7972182788003 557.6306497306709
288.0 34.94708080071215 591.4128964594778 556.4658156587656
291.0 33.03167618077679 582.1192827809902 549.0876066002134
294.0 31.94515337789872 570.6226964546546 538.6775430767559
297.0 32.77305627358053 579.5798136538343 546.8067573802538
300.0 33.130776751113 584.5853449218666 551.4545681707536
303.0 32.27067240779741 578.9030895169462 546.6324171091488
306.0 33.07585055089299 587.3048570023867 554.2290064514937
309.0 28.99277838563045 559.6060572904038 530.6132789047733
312.0 29.97569503034601 566.2859184243571 536.310223394011
315.0 28.99823278716051 562.1742536292993 533.1760208421388
318.0 29.70091804429859 566.397378257559 536.6964602132604
321.0 27.17392957686006 550.3137185264001 523.13978894954
324.0 28.18459988171825 557.5751422892297 529.3905424075114
327.0 28.86202815519924 567.1868747219037 538.3248465667045
330.0 27.93677753248066 562.1446454888019 534.2078679563212
333.0 26.20806821142528 547.7442363672859 521.5361681558606
336.0 24.74553574184135 537.9602096982597 513.2146739564184
339.0 24.96168923131314 541.7400300442946 516.7783408129814
342.0 23.15186552602348 531.4049104191799 508.2530448931564
345.0 26.00600040308155 553.6986579411756 527.6926575380941
348.0 24.08451240642383 540.3321647783583 516.2476523719345
351.0 21.9098582581579 522.8451140491886 500.9352557910307
354.0 22.26897014511713 529.0488982273416 506.7799280822244
357.0 23.18952532161696 537.5128150483957 514.3232897267787
360.0 22.84401394430204 536.7598454093236 513.9158314650216
363.0 21.19225765653253 524.8754461953937 503.6831885388612
366.0 20.47240319592653 519.2674662326744 498.7950630367478
369.0 19.89064476537318 518.1221469958832 498.23150223051
372.0 20.48680481381239 523.4288055579778 502.9420007441654
375.0 19.83599498880156 516.5087687484455 496.6727737596439
378.0 20.48671764180214 528.3951420170092 507.9084243752071
381.0 19.86123270795179 522.6267502839118 502.7655175759601
384.0 18.69270995625006 513.4908552499187 494.7981452936686
387.0 18.69038446564775 517.7943044683145 499.1039200026667
390.0 18.0257114054091 512.4159357853833 494.3902243799742
393.0 18.05579865653102 516.6002440275571 498.5444453710261
396.0 17.97384839646539 515.894176831964 497.9203284354986
399.0 17.33369383927516 513.0455761155933 495.7118822763182
402.0 16.68972267224873 505.1297572763993 488.4400346041506
405.0 16.71797355331053 511.5737227040293 494.8557491507188
408.0 16.66672640790044 512.0745698791724 495.407843471272
411.0 15.87023203403666 503.3608759938381 487.4906439598014
414.0 15.67969765636803 504.1472557515124 488.4675580951444
417.0 14.31457622241149 484.376504734582 470.0619285121705
420.0 14.68716643834044 494.2256107956639 479.5384443573235
423.0 10.64062699618269 454.0127037785801 443.3720767823974
426.0 12.58009082406671 471.8690487036859 459.2889578796192
429.0 13.41275336547348 482.4573100185591 469.0445566530856
432.0 12.946907890735 481.4130294511455 468.4661215604105
435.0 11.34782011012553 466.0540352412572 454.7062151311316
438.0 11.82459547110074 474.2333588175763 462.4087633464756
441.0 10.70618051720902 465.2446204306852 454.5384399134762
444.0 11.12503461085678 469.5087988658095 458.3837642549527
447.0 8.297300305458535 432.0917511451445 423.7944508396859
450.0 10.30205640730029 466.9262936924624 456.6242372851621
453.0 7.97646629055242 440.4788045662369 432.5023382756845
456.0 6.679692515508691 414.0944002311523 407.4147077156436
459.0 6.724711067013304 421.0657628710894 414.3410518040761
462.0 7.497676273273472 437.2727807006194 429.775104427346
465.0 6.659839028926253 431.3008351092015 424.6409960802753
468.0 5.790726904895517 420.6286610461131 414.8379341412175
471.0 5.294270514772389 406.6617644909406 401.3674939761682
474.0 5.06057875404091 409.2652676942673 404.2046889402264
477.0 4.879276518270464 410.7250265898995 405.845750071629
480.0 4.172058506736583 396.2505316038557 392.0784730971192
483.0 3.832506874103205 401.3963130703612 397.563806196258
486.0 3.551872192565804 398.1377087886284 394.5858365960626
489.0 3.337015988569445 403.1705062811998 399.8334902926303
492.0 2.768153193529964 387.9008679005353 385.1327147070053
495.0 2.59433466481239 391.9157170177596 389.3213823529472
498.0 2.367216876030448 390.5467930188479 388.1795761428175
501.0 2.06490687091712 387.3095514186089 385.2446445476917
504.0 1.656377357279072 382.5073970083295 380.8510196510504
507.0 1.452754058964013 381.3504716266636 379.8977175676996
510.0 1.235863888831074 380.3399453231719 379.1040814343408
513.0 0.9691361366065476 376.3619047343369 375.3927685977304
516.0 0.7953753612959361 374.5224255383219 373.727050177026
519.0 0.6061883643140426 371.2722483041017 370.6660599397877
522.0 0.4309542612066984 370.3142376213973 369.8832833601906
525.0 0.2785824681892066 367.2121426600757 366.9335601918865
528.0 0.1800594933046253 364.371625452793 364.1915659594883
531.0 0.05709804315433531 362.3914783489188 362.3343803057644
534.0 0.04479076445401609 359.9316557501184 359.8868649856644
537.0 0 357.5586566131331 357.5586566131331
540.0 0.02144980571788915 354.317427131928 354.2959773262101
543.0 0.1384249041166242 351.6955185642417 351.5570936601251
546.0 0.1932798841060292 349.906639669387 349.713359785281
549.0 0.4205553105830541 346.5549005640217 346.1343452534387
552.0 0.5940833915559626 344.3585791645843 343.7644957730283
555.0 0.8789727291146982 341.6982143360291 340.8192416069144
558.0 1.228773517773898 338.8830983105476 337.6543247927737
561.0 1.65145591182545 334.4055563296089 332.7541004177834
564.0 2.107926571384109 337.0451453749526 334.9372188035685
567.0 2.715284530408705 334.0592633753502 331.3439788449415
570.0 3.290222607520683 331.8472876469378 328.5570650394171
573.0 3.870874603862888 339.6245918734984 335.7537172696355
576.0 5.007734748343393 342.0999936422681 337.0922588939247
579.0 6.302933409325676 324.3056633570403 318.0027299477147
582.0 9.599733435800854 275.8273957400179 266.227662304217
585.0 16.46626061225533 229.6086867665021 213.1424261542467
588.0 17.36951881222367 230.0716930447527 212.702174232529
591.0 22.13323760872453 205.722137 183.5888993912754
