0.0 57.36152369245453 727.2475616748414 669.8860379823869
3.0 53.45910148601142 700.6989662964465 647.239864810435
6.0 54.06337752610303 715.0098405461876 660.9464630200846
9.0 53.49376943768993 715.1008599769089 661.607090539219
12.0 51.91915406627073 700.1998385981705 648.2806845318998
15.0 52.20784764630168 707.0580664811405 654.8502188348389
18.0 52.05891314069826 709.8142782959611 657.7553651552629
21.0 50.17107101222449 688.2962904464947 638.1252194342702
24.0 48.61437913947364 678.1853464608938 629.5709673214201
27.0 50.67409381479978 700.9447713491579 650.2706775343581
30.0 49.09803132628464 683.5540225463129 634.4559912200283
33.0 50.42227745901328 701.9336061926569 651.5113287336436
36.0 49.19260439437828 686.47734136802 637.2847369736417
39.0 49.44467156738523 694.3018544294835 644.8571828620983
42.0 49.35819792238913 692.9617011871477 643.6035032647586
45.0 49.20808522726183 693.8394509192695 644.6313656920076
48.0 49.17074549010781 695.5581246564088 646.387379166301
51.0 46.79151021746366 668.1503289479964 621.3588187305328
54.0 47.52320437504095 679.0213904597714 631.4981860847304
57.0 44.90993436866779 656.8034740354276 611.8935396667599
60.0 47.74963467244456 685.4461351076485 637.6965004352039
63.0 47.38643562495203 684.0395027350762 636.6530671101242
66.0 47.15271669988344 681.0339718852274 633.881255185344
69.0 46.89140761521357 679.6452264759634 632.7538188607498
72.0 46.52363056115714 677.0753593404092 630.5517287792521
75.0 47.12620001631378 682.7538908946913 635.6276908783776
78.0 46.78098236071487 681.4980810864542 634.7170987257393
81.0 44.11860002779421 653.3882924443679 609.2696924165737
84.0 45.87926460729757 670.2480426508653 624.3687780435677
87.0 44.89976954435351 662.9024981181863 618.0027285738328
90.0 45.03140808864592 663.0316016273182 618.0001935386723
93.0 45.33739283270382 666.0876394931576 620.7502466604538
96.0 45.41708986016227 670.3495751997269 624.9324853395647
99.0 44.87013090877399 664.2577434470852 619.3876125383112
102.0 45.37804137377591 669.0671838613519 623.689142487576
105.0 44.77766277643794 662.2369039256535 617.4592411492156
108.0 43.34097505467411 649.2689728297088 605.9279977750347
111.0 45.34701708472132 666.9485435358873 621.6015264511659
114.0 45.52789850359807 668.1475382595977 622.6196397559996
117.0 45.42608517967962 669.7102092497049 624.2841240700253
120.0 45.42584771994124 667.5232832959311 622.0974355759899
123.0 45.66360684804596 671.3890861322177 625.7254792841718
126.0 45.76383727255025 669.2112871228491 623.4474498502988
129.0 45.96341222334138 671.5019561957737 625.5385439724323
132.0 45.31040378422891 666.4339566960875 621.1235529118585
135.0 46.40234876152959 673.974961012408 627.5726122508784
138.0 44.91946754265814 661.7262716624053 616.8068041197471
141.0 44.75334320459659 663.1301310054116 618.376787800815
144.0 43.65738735217819 652.079302185241 608.4219148330628
147.0 44.47421759112798 660.977960098788 616.50374250766
150.0 42.21383967169465 642.441085246304 600.2272455746094
153.0 43.68167956593368 651.9545191407814 608.2728395748477
156.0 43.69526809565549 657.0703985297531 613.3751304340976
159.0 45.02642900088423 667.135086586693 622.1086575858087
162.0 41.70779683787838 641.9988912853533 600.2910944474749
165.0 42.43687581793169 645.5212496118924 603.0843737939607
168.0 42.35995022648185 647.5868134486995 605.2268632222177
171.0 42.33571173681522 648.17303896561 605.8373272287948
174.0 41.02640117283834 637.1882531212653 596.1618519484269
177.0 42.24070136118513 650.7676370845953 608.5269357234102
180.0 43.03738235981874 657.8908312992057 614.8534489393869
183.0 39.28679057340111 630.2103851255638 590.9235945521627
186.0 41.40200282111612 647.087230829984 605.6852280088678
189.0 39.66368324311751 632.589019113525 592.9253358704075
192.0 38.61042511584869 627.9887241952723 589.3782990794236
195.0 36.42822616525197 611.96270937344 575.534483208188
198.0 32.18994217668201 589.7300400074882 557.5400978308062
201.0 38.19927137487165 624.2890537032159 586.0897823283443
204.0 37.15214589150788 616.9664640079748 579.8143181164669
207.0 39.06314546680892 635.5168643020505 596.4537188352416
210.0 37.16040606862797 619.6934745561967 582.5330684875687
213.0 36.03167667791303 610.2493267773897 574.2176500994767
216.0 38.34074572651467 627.822848885488 589.4821031589734
219.0 37.41602641260904 622.8308757062178 585.4148492936087
222.0 36.33833290083728 616.0208217045413 579.682488803704
225.0 37.94775085630042 626.6592504793734 588.711499623073
228.0 35.76690027392643 612.7390963551132 576.9721960811868
231.0 35.94869088128887 616.0588443709608 580.1101534896719
234.0 36.9930073544563 621.5771719469413 584.584164592485
237.0 34.81151369085894 608.6812107385726 573.8696970477137
240.0 36.77530723186055 622.3331614310664 585.5578541992059
243.0 35.08867034000254 610.2559471849218 575.1672768449193
246.0 33.69177350967999 602.796823174331 569.105049664651
249.0 35.24537012526721 612.4820522810616 577.2366821557944
252.0 34.92340782961743 610.4010772854975 575.4776694558801
255.0 31.00094323967875 584.3904844242007 553.389541184522
258.0 34.56717958364626 611.7927156678377 577.2255360841914
261.0 34.01765301279495 610.475297636454 576.457644623659
264.0 31.88631516902898 592.6090146496678 560.7226994806388
267.0 34.00297743441661 610.0292549844228 576.0262775500062
270.0 32.31626162226865 597.7179418856728 565.4016802634042
273.0 30.8549121954239 586.846460218406 555.9915480229821
276.0 32.07605728454293 598.1206616133598 566.0446043288169
279.0 31.01973309104552 590.1989129481338 559.1791798570883
282.0 29.77674549439004 579.4087206741299 549.6319751797399
285.0 31.08889110031353 593.9476846409506 562.858793540637
288.0 30.8941026733834 592.5937600068294 561.699657333446
291.0 29.14009498737879 582.8218799347704 553.6817849473916
294.0 28.27458973776255 571.3535191898655 543.0789294521029
297.0 28.92428487681066 580.8444349589519 551.9201500821413
300.0 29.18269907488757 585.8969054598503 556.7142063849628
303.0 28.42298831920317 580.4035788494647 551.9805905302615
306.0 29.06959520551319 588.5332834677495 559.4636882622363
309.0 25.49497740005056 560.1637450285109 534.6687676284603
312.0 26.35210382854621 567.3218806130446 540.9697767844984
315.0 25.44002790739463 563.2992508003642 537.8592228929695
318.0 26.06579899427723 567.7610876634784 541.6952886692011
321.0 23.83073108963723 551.2694825928498 527.4387515032125
324.0 24.70457655718137 558.9488557773022 534.2442792201209
327.0 25.19499856689044 568.2741050611535 543.0791064942631
330.0 24.35683060262199 563.2611205683368 538.9042899657148
333.0 22.8943118594287 549.1565768803371 526.2622650209084
336.0 21.61095440266984 539.1449821199693 517.5340277172995
339.0 21.74946252489796 543.0955740161294 521.3461114912315
342.0 20.13003243178549 531.8391678734401 511.7091354416546
345.0 22.56197083112873 555.0565531898867 532.494582358758
348.0 20.88561507848215 541.4884338677349 520.6028187892527
351.0 19.03878821988816 523.7704175542345 504.7316293343463
354.0 19.27276740663771 530.0510409293075 510.7782735226698
357.0 20.02873961087779 538.9403663736313 518.9116267627535
360.0 19.68797637083342 538.5538061960489 518.8658298252155
363.0 18.26102996452235 525.962763321537 507.7017333570146
366.0 17.64007744869808 520.8318573648306 503.1917799161325
369.0 17.07023969100315 519.6507918198996 502.5805521288965
372.0 17.56317156513179 525.307076970524 507.7439054053922
375.0 17.0420087058706 518.7656761505084 501.7236674446378
378.0 17.46065218196025 529.9596011850667 512.4989490031064
381.0 16.93893265783984 524.7282937531963 507.7893610953565
384.0 15.93617164234958 515.9077560887423 499.9715844463928
387.0 15.84954755030351 519.5393081704233 503.6897606201198
390.0 15.26949580966487 515.5798025344418 500.3103067247769
393.0 15.22703270875376 518.3098995727784 503.0828668640247
396.0 15.14701468502773 518.6462182149375 503.4992035299097
399.0 14.5577102195237 515.4285938108685 500.8708835913448
402.0 14.05382433434449 508.9316330861782 494.8778087518338
405.0 13.95813268883548 514.1334380584924 500.175305369657
408.0 13.8906460709889 515.0348082842698 501.1441622132809
411.0 13.24628940812541 507.9009842335967 494.6546948254713
414.0 13.0391860175135 508.2785988534161 495.2394128359026
417.0 12.05335903142702 490.0382063594945 477.9848473280675
420.0 12.22998784170942 499.1568922637869 486.9269044220775
423.0 8.994334465908045 454.7563878687362 445.7620534028281
426.0 10.56553587880941 475.8182882720136 465.2527523932042
429.0 11.16647759170562 488.7472058107795 477.5807282190739
432.0 10.72676794859957 486.3503744070014 475.6236064584019
435.0 9.437856967185453 469.2380473317071 459.8001903645216
438.0 9.739901081229785 478.4368461659888 468.6969450847591
441.0 8.801086780907483 468.2195868533653 459.4185000724578
444.0 9.12786819308669 473.5570461925439 464.4291779994573
447.0 7.031345146197586 436.5764445807642 429.5450994345666
450.0 8.348114113160296 470.2902164015438 461.9421022883835
453.0 6.540588527251812 443.3127035598752 436.7721150326234
456.0 5.734875000303301 421.4204940782368 415.6856190779335
459.0 5.636978650985883 427.6915598037099 422.0545811527241
462.0 6.085661742190761 443.3067010788606 437.2210393366698
465.0 5.367770956422123 436.3366029151161 430.968831958694
468.0 4.692453294997851 427.0574901834275 422.3650368884297
471.0 4.40569459267085 420.2671253057474 415.8614307130765
474.0 4.139769746766591 420.149684156528 416.0099144097614
477.0 3.934622386367403 420.5024972797315 416.5678748933641
480.0 3.42902106792153 413.9222921274935 410.4932710595719
483.0 3.057127805323199 411.8654293368477 408.8083015315245
486.0 2.819743158261239 410.4385749815291 407.6188318232679
489.0 2.54212150812076 411.1079142578951 408.5657927497744
492.0 2.201693930516536 403.4821212409481 401.2804273104315
495.0 1.967198460322764 404.6927389121103 402.7255404517876
498.0 1.75886492332344 403.7512669423998 401.9924020190764
501.0 1.520299863362805 400.4566124398356 398.9363125764728
504.0 1.208188912395492 395.6549866273625 394.446797714967
507.0 1.013683705005321 395.1938596406328 394.1801759356274
510.0 0.8263529612232909 393.1125877166056 392.2862347553823
513.0 0.6290399752130847 389.9176718683792 389.2886318931661
516.0 0.4838177972425918 388.7199028640652 388.2360850668226
519.0 0.3584822505769612 385.5515797217342 385.1930974711572
522.0 0.2105887356829488 383.5949198797884 383.3843311441055
525.0 0.1240071849979281 380.3040073077139 380.180000122716
528.0 0.07186832381443939 378.5426632036987 378.4707948798842
531.0 0 375.4900889773176 375.4900889773176
534.0 0.03263836275725157 373.6720802478366 373.6394418850794
537.0 0.04376877283658581 370.6460184558773 370.6022496830408
540.0 0.1326159313260387 367.6077420266075 367.4751260952814
543.0 0.2960496142147577 366.1091003331951 365.8130507189804
546.0 0.4073717368256485 362.6195410122112 362.2121692753855
549.0 0.7026452685502759 360.0778458178358 359.3752005492855
552.0 0.9302646601792306 357.461873437916 356.5316087777368
555.0 1.278553886029192 354.8118191381056 353.5332652520764
558.0 1.698058552603057 351.6746436816256 349.9765851290225
561.0 2.226294317863492 347.0737376236053 344.8474433057418
564.0 2.627573064305868 350.368597322514 347.7410242582081
567.0 3.293611250216715 348.8180732336985 345.5244619834818
570.0 3.960217458513012 343.370863729714 339.410646271201
573.0 4.370715275537634 352.2007169189758 347.8300016434382
576.0 5.440711624793616 356.7161904501287 351.2754788253351
579.0 7.284430306281829 327.5958756666607 320.3114453603788
582.0 11.71188545935961 276.5804664266976 264.868580967338
585.0 19.70631419963722 230.3249085943916 210.6185943947544
588.0 20.62295522481934 230.4194928877661 209.7965376629467
591.0 26.00863251370675 205.722137 179.7135044862932
