80.0 977.5872868530865 243.6388346734028 190.4329338001191 -79.99443840702989
80.1 977.1204202133767 244.4514030451988 190.3659187398641 -81.21536242034278
80.19999999999999 976.6971811793437 245.2636025552268 190.2978894708558 -82.43420958724635
80.29999999999998 976.3030826677251 246.0754631586941 190.2288476977041 -83.65102998257077
80.39999999999998 975.9274654000471 246.887004414546 190.1587950902699 -84.86585793111072
80.49999999999997 975.5627506048757 247.6982383469189 190.0877332948824 -86.07871636413103
80.59999999999997 975.2038277826637 248.5091717433345 190.0156639423071 -87.28962030774047
80.69999999999996 974.8475527308677 249.3198079912628 189.9425886531189 -88.49857966116176
80.79999999999995 974.4923355979342 250.1301485360329 189.8685090410151 -89.70560139377489
80.89999999999995 974.1378024942772 250.9401940278536 189.7934267145057 -90.91069126605805
80.99999999999994 973.7845172709942 251.7499452133458 189.7173432773414 -92.11385516027483
81.09999999999994 973.4337525984418 252.5594036169295 189.6402603279716 -93.31510009108873
81.19999999999993 973.087301532155 253.3685720492661 189.562179458276 -94.51443495360985
81.29999999999993 972.7473224251825 254.1774549733415 189.4831022517661 -95.71187105609054
81.39999999999992 972.4162114014916 254.9860587534272 189.4030302814199 -96.9074224761752
81.49999999999991 972.0964977009657 255.7943918078162 189.321965107282 -98.10110627286123
81.59999999999991 971.7907580899072 256.6024646827092 189.2399082739386 -99.29294258086207
81.6999999999999 971.5015472416163 257.4102900617747 189.1568613079549 -100.4829546096318
81.7999999999999 971.2313415606346 258.2178827235751 189.0728257153461 -101.6711685656872
81.89999999999989 970.9824943796133 259.0252594571444 188.9878029791396 -102.8576135139089
81.99999999999989 970.757200820616 259.832438944441 188.9017945570735 -104.042321191067
82.09999999999988 970.5574709016567 260.6394416171055 188.8148018794652 -105.225325782818
82.19999999999987 970.385109698848 261.446289493866 188.7268263472781 -106.4066636737202
82.29999999999987 970.2417035571525 262.2530060040301 188.6378693304039 -107.5863731784248
82.39999999999986 970.1286114881312 263.0596158017234 188.5479321661743 -108.7644942609805
82.49999999999986 970.0469610091528 263.8661445748707 188.4570161581084 -109.941068248172
82.59999999999985 969.9976477723425 264.6726188523357 188.3651225748992 -111.1161375419106
82.69999999999985 969.9813384074414 265.4790658121262 188.272252649639 -112.2897453349144
82.79999999999984 969.998476065613 266.285513093119 188.1784075792768 -113.4619353332228
82.89999999999984 970.0492882044075 267.0919886123545 188.0835885243045 -114.6327514884716
82.99999999999983 970.1337961991105 267.8985203895928 187.9877966086594 -115.8022377423094
83.09999999999982 970.2518264061674 268.7051363804867 187.8910329198342 -116.9704377848344
83.19999999999982 970.4030223404494 269.511864319439 187.7932985091809 -118.13739482849
83.29999999999981 970.5868576615593 270.3187315729409 187.6945943923965 -119.3031513984635
83.3999999999998 970.8026496958589 271.1257650039457 187.5949215501757 -120.4677491402648
83.4999999999998 971.0495732509021 271.9329908476253 187.4942809290157 -121.6312286448654
83.5999999999998 971.3266745080558 272.740434598655 187.39267344216 -122.7936292914804
83.69999999999979 971.6328848068444 273.5481209100184 187.290099970665 -123.9549891078537
83.79999999999978 971.9670341619976 274.3560735031699 187.1865613645754 -125.1153446476896
83.89999999999978 972.327864380249 275.1643150892771 187.0820584441955 -126.2747308847089
83.99999999999977 972.7140416691074 275.972867301166 186.9765920014407 -127.4331811226696
84.09999999999977 973.1241686541651 276.7817506355052 186.8701628012585 -128.5907269205774
84.19999999999976 973.5567957435678 277.590984404716 186.7627715831048 -129.7473980322398
84.29999999999976 974.0104318001552 278.4005866980437 186.6544190624653 -130.9032223592595
84.39999999999975 974.4835541004533 279.2105743512065 186.5451059324108 -132.0582259165377
84.49999999999974 974.9746175775574 280.0209629240267 186.4348328651758 -133.21243280935
84.59999999999974 975.482063360231 280.8317666854516 186.3236005137522 -134.3658652210713
84.69999999999973 976.0043266336549 281.6429986053902 186.2114095134886 -135.5185434106564
84.79999999999973 976.5398438583167 282.454670352816 186.0982604836886 -136.67048571903
84.89999999999972 977.0870593921131 283.2667922996194 185.9841540291995 -137.8217085835891
84.99999999999972 977.6444315669657 284.0793735297358 185.8690907419866 -138.9722265600892
85.09999999999971 978.2104382755024 284.8924218531173 185.7530712026862 -140.1220523512525
85.1999999999997 978.7835821249176 285.705943824167 185.6360959821318 -141.2711968415111
85.2999999999997 979.362395215275 286.5199447642962 185.5181656428496 -142.4196691373651
85.3999999999997 979.9454435971125 287.3344287883187 185.3992807405185 -143.567476612909
85.49999999999969 980.5313314595829 288.1493988344352 185.2794418253891 -144.7146249601482
85.59999999999968 981.1187050950766 288.9648566976028 185.1586494436602 -145.8611182437783
85.69999999999968 981.7062566798174 289.7808030661251 185.0369041388076 -147.0069589601686
85.79999999999967 982.2927279022087 290.5972375613156 184.9142064528615 -148.1521481003124
85.89999999999966 982.8769134630558 291.4141587801267 184.7905569276313 -149.2966852165651
85.99999999999966 983.457664462905 292.2315643406392 184.6659561058722 -150.4405684929978
86.09999999999965 984.0338916831051 293.0494509303247 184.5404045323927 -151.5837948192175
86.19999999999965 984.6045687590816 293.8678143569907 184.4139027550985 -152.7263598675042
86.29999999999964 985.1687352359184 294.6866496023171 184.2864513259719 -153.8682581731155
86.39999999999964 985.7254994892382 295.5059508778766 184.1580508019824 -155.0094832175852
86.49999999999963 986.2740414877135 296.3257116835214 184.0287017459273 -156.1500275148327
86.59999999999962 986.8136153684658 297.1459248679906 183.8984047271995 -157.2898826998613
86.69999999999962 987.3435517919497 297.9665826915688 183.7671603224801 -158.4290396197922
86.79999999999961 987.8632600408271 298.7876768905988 183.6349691163558 -159.5674884269434
86.89999999999961 988.37222982499 299.6091987436209 183.5018317018563 -160.7052186736268
86.9999999999996 988.8700327559147 300.4311391388771 183.3677486809137 -161.8422194082879
87.0999999999996 989.3563234543585 301.2534886428901 183.2327206647412 -162.9784792725776
87.19999999999959 989.8308402584406 302.0762375698019 183.0967482741306 -164.1139865989166
87.29999999999959 990.2934055036054 302.8993760511217 182.9598321396689 -165.2487295080646
87.39999999999958 990.7439253509648 303.7228941055229 182.8219729018738 -166.3826960061984
87.49999999999957 991.1823891472552 304.5467817083028 182.6831712112489 -167.5158740809711
87.59999999999957 991.6088683067987 305.3710288601107 182.5434277282599 -168.648251796018
87.69999999999956 992.0235147137305 306.1956256545483 182.4027431232326 -169.7798173833757
87.79999999999956 992.4265586512294 307.0205623442442 182.2611180761754 -170.9105593332834
87.89999999999955 992.8183062732056 307.845829405014 182.1185532765287 -172.0404664808511
87.99999999999955 993.1991366418528 308.6714175977377 181.9750494228429 -173.169528089115
88.09999999999954 993.5694983635959 309.4973180276026 181.8306072223897 -174.2977339280209
88.19999999999953 993.9299058629489 310.3235222003986 181.6852273907096 -175.4250743489381
88.29999999999953 994.2809353412959 311.1500220755781 181.5389106510987 -176.5515403543425
88.39999999999952 994.6232204735114 311.9768101158449 181.3916577340404 -177.6771236623788
88.49999999999952 994.957447900483 312.8038793330763 181.2434693765858 -178.8018167660718
88.59999999999951 995.2843525792534 313.6312233304335 181.0943463216861 -179.9256129870258
88.6999999999995 995.6047130549577 314.4588363405691 180.9442893174835 -181.0485065235265
88.7999999999995 995.9193467197631 315.2867132598955 180.7932991165647 -182.170492493032
88.8999999999995 996.2291051231698 316.1148496789243 180.6413764751804 -183.2915669691069
88.99999999999949 996.5348693965557 316.9432419087553 180.4885221524375 -184.4117270129423
89.09999999999948 996.8375458504372 317.7718870038254 180.334736909466 -185.5309706996463
89.19999999999948 997.1380617988161 318.6007827810895 180.1800215085675 -186.6492971395739
89.29999999999947 997.437361658016 319.429927835841 180.0243767123468 -187.7667064950079
89.39999999999947 997.7364033601833 320.259321554416 179.8678032828323 -188.8831999925526
89.49999999999946 998.0361551129822 321.0889641240589 179.7103019805867 -189.9987799316399
89.59999999999945 998.3375925275197 321.9188565402457 179.5518735638135 -191.1134496895742
89.69999999999945 998.6416961264607 322.7490006117768 179.3925187874592 -192.2272137235557
89.79999999999944 998.9494492337699 323.5793989639558 179.2322384023158 -193.3400775701287
89.89999999999944 999.2618362366655 324.4100550401729 179.0710331541247 -194.4520478424951
89.99999999999943 999.5798411997401 325.2409731021872 178.9089037826825 -195.5631322261053
90.09999999999943 999.9044468007166 326.0721582293967 178.7458510209528 -196.67333947292
90.19999999999942 1000.23663354738 326.9036163173409 178.5818755941814 -197.7826793946796
90.29999999999941 1000.57737922599 327.7353540756533 178.4169782190189 -198.8911628554797
90.39999999999941 1000.927658523464 328.5673790256324 178.2511596026485 -199.9988017638774
90.4999999999994 1001.288442758282 329.3996994975475 178.0844204419216 -201.1056090646902
90.5999999999994 1001.660699649578 330.232324627742 177.916761422499 -202.2115987305701
90.69999999999939 1002.045393049629 331.065264355535 177.7481832180009 -203.3167857533581
90.79999999999939 1002.44348256216 331.8985294198583 177.5786864891621 -204.4211861351338
90.89999999999938 1002.855922968301 332.7321313555021 177.4082718829969 -205.5248168787974
90.99999999999937 1003.283663382548 333.5660824887751 177.2369400319708 -206.6276959779286
91.09999999999937 1003.727646063908 334.4003959323258 177.0646915531815 -207.7298424055934
91.19999999999936 1004.188804811721 335.2350855788074 176.8915270475493 -208.8312761016864
91.29999999999936 1004.668062881736 336.0701660930129 176.71744709902 -209.9320179583257
91.39999999999935 1005.166330365784 336.9056529020599 176.5424522737794 -211.0320898027603
91.49999999999935 1005.684500987522 337.741562183154 176.3665431194843 -212.1315143771856
91.59999999999934 1006.22344827756 338.5779108484363 176.1897201645116 -213.2303153148395
91.69999999999933 1006.784021102804 339.4147165263809 176.0119839172284 -214.3285171116996
91.79999999999933 1007.367038537845 340.2519975392034 175.8333348652889 -215.4261450931071
91.89999999999932 1007.973284079903 341.0897728757316 175.6537734749604 -216.5232253746286
91.99999999999932 1008.603499222692 341.9280621591991 175.4733001904845 -217.6197848164906
92.09999999999931 1009.258376419422 342.7668856094389 175.2919154334798 -218.7158509709436
92.1999999999993 1009.938551479478 343.606263998988 175.1096196023909 -219.8114520219644
92.2999999999993 1010.644595457737 344.4462186026551 174.926413071991 -220.9066167167618
92.3999999999993 1011.377006109424 345.2867711401582 174.7422961929453 -222.0013742886278
92.49999999999929 1012.136198996657 346.1279437115076 174.5572692914417 -223.0957543707678
92.59999999999928 1012.922498345114 346.9697587248832 174.3713326688977 -224.1897869008412
92.69999999999928 1013.73612776054 347.8122388168439 174.1844866017501 -225.2835020160626
92.79999999999927 1014.577200924549 348.6554067648015 173.9967313413357 -226.3769299388381
92.89999999999927 1015.445712397445 349.4992853917947 173.8080671138719 -227.4701008530415
92.99999999999926 1016.341528662632 350.3438974637069 173.6184941205426 -228.5630447711798
93.09999999999926 1017.264379551741 351.1892655791878 173.4280125376995 -229.6557913928388
93.19999999999925 1018.213850192456 352.0354120526519 173.2366225171838 -230.7483699549515
93.29999999999924 1019.189373622072 352.8823587908506 173.0443241867754 -231.8408090745794
93.39999999999924 1020.190224208443 353.7301271636289 172.8511176507764 -232.9331365850408
93.49999999999923 1021.215512016587 354.5787378695944 172.6570029907326 -234.0253793663715
93.59999999999923 1022.264178254163 355.4282107975444 172.4619802662983 -235.1175631712337
93.69999999999922 1023.334991921301 356.2785648845974 172.2660495162468 -236.2097124475234
93.79999999999922 1024.42654778131 357.1298179720808 172.0692107596302 -237.3018501590455
93.89999999999921 1025.537265757354 357.9819866603175 171.8714639970875 -238.3939976057317
93.9999999999992 1026.66539184755 358.8350861635361 171.6728092123025 -239.4861742449741
94.0999999999992 1027.809000636579 359.6891301662003 171.4732463736096 -240.578397515723
94.19999999999919 1028.965999466098 360.5441306821137 171.2727754357425 -241.670682667065
94.29999999999919 1030.134134309629 361.4000979176954 171.071396341725 -242.7630425930326
94.39999999999918 1031.31099737968 362.257040140862 170.8691090248945 -243.8554876754356
94.49999999999918 1032.494036476762 363.1149635569548 170.6659134110527 -244.9480256364973
94.59999999999917 1033.680566071078 363.973872193164 170.461809420734 -246.0406614030788
94.69999999999916 1034.867780088934 364.8337677928761 170.2567969715818 -247.1333969842297
94.79999999999916 1036.052766357382 365.6946497213458 170.0508759808196 -248.2262313637614
94.89999999999915 1037.232522642315 366.5565148840437 169.8440463678055 -249.3191604094607
94.99999999999915 1038.403974198039 367.4193576589741 169.6363080566545 -250.4121768004779
95.09999999999914 1039.56399272985 368.2831698441769 169.4276609789124 -251.5052699743105
95.19999999999914 1040.709416656251 369.1479406215443 169.2181050762662 -252.5984260946908
95.29999999999913 1041.837072544023 370.0136565379799 169.0076403032718 -253.6916280415389
95.39999999999912 1042.943797577327 370.8803015048199 168.7962666300798 -254.7848554240075
95.49999999999912 1044.026462913178 371.7478568163116 168.5839840451416 -255.8780846174708
95.59999999999911 1045.08199776722 372.6163011878273 168.3707925578738 -256.9712888251648
95.69999999999911 1046.107414069591 373.4856108143488 168.1566922012614 -258.0644381649934
95.7999999999991 1047.099831527327 374.3557594496329 167.9416830343778 -259.1574997818617
95.8999999999991 1048.056502930386 375.2267185063251 167.7257651448013 -260.2504379857107
95.99999999999909 1048.974839540388 376.0984571771585 167.5089386509053 -261.3432144152624
96.09999999999908 1049.852436406864 376.9709425772419 167.2912037040027 -262.4357882273236
96.19999999999908 1050.687097463435 377.844139907313 167.0725604903216 -263.528116311331
96.29999999999907 1051.476860266249 378.7180126377183 166.8530092327927 -264.620153528682
96.39999999999907 1052.220020250166 379.5925227127675 166.6325501926277 -265.7118529762599
96.49999999999906 1052.915154392697 380.4676307750148 166.4111836706682 -266.8031662734418
96.59999999999906 1053.561144192366 381.3432964089367 166.1889100084872 -267.8940438717846
96.69999999999905 1054.157197886602 382.2194784034013 165.9657295892237 -268.9844353864934
96.79999999999905 1054.702871854276 383.0961350322739 165.7416428381329 -270.0742899487263
96.89999999999904 1055.198091168832 383.9732243524657 165.5166502228354 -271.1635565777401
96.99999999999903 1055.643169289323 384.8507045187104 165.2907522532488 -272.2521845718732
97.09999999999903 1056.038826899054 385.7285341143598 165.0639494811871 -273.3401239173645
97.19999999999902 1056.386209923027 386.6066724974927 164.8362424996128 -274.4273257140295
97.29999999999902 1056.686906777103 387.4850801616845 164.6076319415287 -275.5137426168791
97.39999999999901 1056.942964921879 388.3637191108191 164.3781184784959 -276.5993292928202
97.499999999999 1057.15690681406 389.242553247408 164.1477028187668 -277.6840428916853
97.599999999999 1057.331745364656 390.1215487739596 163.9163857050192 -278.7678435309376
97.699999999999 1057.470999029287 391.0006746070346 163.6841679116842 -279.8506947935211
97.79999999999899 1057.578706667857 391.8799028037462 163.4510502418525 -280.9325642384762
97.89999999999898 1057.659442320664 392.7592090005649 163.2170335237529 -282.0134239240729
97.99999999999898 1057.71833005411 393.6385728644304 162.9821186067894 -283.0932509433846
98.09999999999897 1057.761059031072 394.5179785562863 162.7463063571284 -284.1720279723704
98.19999999999897 1057.793898959761 395.3974152072924 162.5095976528248 -285.2497438307015
98.29999999999896 1057.823716067875 396.2768774080888 162.2719933784767 -286.3263940557123
98.39999999999895 1057.857989737955 397.1563657116078 162.0334944193967 -287.4019814900002
98.49999999999895 1057.904829923419 398.0358871500322 161.7941016552895 -288.476516883326
98.59999999999894 1057.972995442911 398.9154557665946 161.5538159534219 -289.5500195095728
98.69999999999894 1058.071913223052 399.7950931629736 161.3126381612746 -290.6225177995948
98.79999999999893 1058.211698526378 400.674829063101 161.0705690986597 -291.6940499908499
98.89999999999893 1058.403176161243 401.5547018941929 160.8276095492916 -292.7646647947047
98.99999999999892 1058.657902624695 402.4347593858098 160.583760251795 -293.8344220822824
99.09999999999891 1058.988189076234 403.3150591876793 160.3390218901353 -294.9033935896325
99.19999999999891 1059.407124980804 404.1956695069119 160.0933950834537 -295.9716636428702
99.2999999999989 1059.928602192609 405.0766697650752 159.8468803752912 -297.0393299037291
99.3999999999989 1060.567339177219 405.9581512753711 159.5994782221849 -298.1065041356981
99.49999999999889 1061.338904988273 406.8402179398807 159.3511889816175 -299.1733129905794
99.59999999999889 1062.259742525876 407.7229869664791 159.102012899306 -300.23989881486
99.69999999999888 1063.347190507594 408.6065896045971 158.8519500958107 -301.3064204747864
99.79999999999887 1064.61950347873 409.4911718984821 158.6010005524523 -302.3730541984048
99.89999999999887 1066.095869077274 410.3768954560154 158.3491640965217 -303.4399944321234
99.99999999999886 1067.796421650189 411.2639382304328 158.0964403857738 -304.507454708518
100.09999999999886 1069.74225119182 412.1524953114948 157.8428288921949 -305.5756685211623
100.19999999999885 1071.95540644431 413.042779721751 157.5883288850437 -306.6448902012071
100.29999999999885 1074.458890861312 413.9350232125053 157.3329394131632 -307.7153957892321
100.39999999999884 1077.276649996044 414.8294770529696 157.0766592865734 -308.7874838945867
100.49999999999883 1080.433548729498 415.7264128048187 156.8194870573574 -309.8614765329765
100.59999999999883 1083.955336609844 416.6261230730002 156.5614209998645 -310.93771993148
100.69999999999882 1087.868599430459 417.5289222221368 156.3024590902606 -312.0165852884502
100.79999999999882 1092.200695035644 418.4351470462629 156.0425989854719 -313.0984694739344
100.89999999999881 1096.979671212813 419.3451573778911 155.7818380015758 -314.1837956542648
100.9999999999988 1102.234163414279 420.259336620593 155.5201730917102 -315.2730138224275
101.0999999999988 1107.993269954008 421.1780921873472 155.2576008235889 -316.3666012136423
101.1999999999988 1114.286402254152 422.101855824923 154.9941173567258 -317.4650625833757
101.29999999999879 1121.143107678503 423.031083802535 154.7297184194949 -318.5689303227436
101.39999999999878 1128.59286249613 423.9662569409551 154.4643992861707 -319.6787643840072
101.49999999999878 1136.664832577095 424.9078804562402 154.1981547541196 -320.7951519866471
101.59999999999877 1145.387599546234 425.856483590298 153.9309791213384 -321.9187070724114
101.69999999999877 1154.788850322298 426.8126189986887 153.6628661645606 -323.0500694757931
101.79999999999876 1164.895028262438 427.7768618644616 153.3938091181845 -324.1899037747304
101.89999999999876 1175.730944529918 428.7498087054968 153.1238006543003 -325.3388977850004
101.99999999999875 1187.319348821534 429.7320758418824 152.8528328641321 -326.4977606609141
102.09999999999874 1199.680459244195 430.7242974894013 152.580897241234 -327.6672205646432
102.19999999999874 1212.831451930986 431.7271234453518 152.3079846668174 -328.84802186694
102.29999999999873 1226.785911948528 432.7412163337948 152.0340853976122 -330.0409218432935
102.39999999999873 1241.553248176125 433.7672483790836 151.7591890566964 -331.2466868318766
102.49999999999872 1257.138076139525 434.8058976792768 151.4832846277547 -332.4660878230967
102.59999999999872 1273.539574255654 435.8578439549518 151.2063604532492 -333.6998954553584
102.69999999999871 1290.750820579928 436.9237637541477 150.9284042370037 -334.9488743979285
102.7999999999987 1308.758118929085 438.0043251007797 150.6494030517176 -336.2137771096637
102.8999999999987 1327.540325147249 439.1001815820412 150.3693433519294 -337.4953369719971
102.99999999999869 1347.068186253706 440.2119658800649 150.0882109929459 -338.7942608059895
103.09999999999869 1367.303707198858 441.3402827645404 149.8059912562419 -340.1112207965181
103.19999999999868 1388.199561891999 442.4857015760377 149.5226688818076 -341.446845861741
103.29999999999868 1409.698566963492 443.6487482443996 149.2382281078835 -342.801712522737
103.39999999999867 1431.733238287071 444.8298969025893 148.9526527184701 -344.1763353465025
103.49999999999866 1454.225451500049 446.0295611735594 148.6659260989281 -345.571157054959
103.59999999999866 1477.086228500174 447.2480852257093 148.3780312999036 -346.9865384129129
103.69999999999865 1500.215672039732 448.4857347108781 148.0889511097055 -348.422748028475
103.79999999999865 1523.503069953986 449.7426877170184 147.7986681351483 -349.8799522196398
103.89999999999864 1546.827189138138 451.0190258850878 147.5071648907314 -351.3582051198361
103.99999999999864 1570.056777022738 452.3147258554743 147.214423895881 -352.8574392123541
104.09999999999863 1593.051284927431 453.6296512227348 146.9204277798133 -354.3774564978364
104.19999999999862 1615.661823261993 454.9635451875877 146.6251593934026 -355.9179205093889
104.29999999999862 1637.732353115615 456.3160241012232 146.3286019272614 -357.4783493954864
104.39999999999861 1659.101112403506 457.6865720981745 146.0307390350487 -359.0581102907364
104.49999999999861 1679.60226756977 459.0745370095333 145.7315549608512 -360.6564151879476
104.5999999999986 1699.067774083057 460.4791277376317 145.4310346693008 -362.2723185112617
104.6999999999986 1717.329420883214 461.899413256003 145.1291639769407 -363.9047165688771
104.79999999999859 1734.221025875497 463.3343233744481 144.8259296832118 -365.5523490351515
104.89999999999858 1749.580741900531 464.782651378415 144.5213196993227 -367.2138025757564
104.99999999999858 1763.253425740283 466.2430586152702 144.2153231731887 -368.8875166868114
105.09999999999857 1775.093017058846 467.7140810581326 143.9079306085861 -370.5717917704765
105.19999999999857 1784.964870106904 469.1941378319857 143.5991339766711 -372.2647994167598
105.29999999999856 1792.747978874438 470.681541638211 143.2889268180616 -373.9645948059941
105.39999999999856 1798.337036404602 472.1745109642316 142.9773043337727 -375.6691310905399
105.49999999999855 1801.644271335612 473.6711839164728 142.6642634634383 -377.3762755599121
105.59999999999854 1802.601009436086 475.1696334693114 142.3498029494359 -379.0838273429356
105.69999999999854 1801.158914836541 476.6678838819852 142.0339233857539 -380.7895363558338
105.79999999999853 1797.2908745895 478.1639280013683 141.7166272507001 -382.4911231683285
105.89999999999853 1790.991500749152 479.6557451425639 141.3979189228345 -384.1862994325124
105.99999999999852 1782.277235876758 481.1413192226239 141.0778046798122 -385.8727885027034
106.09999999999852 1771.186060206741 482.6186568160904 140.7562926801332 -387.5483458694429
106.19999999999851 1757.776811069463 484.0858048047305 140.4333929281106 -389.2107790374513
106.2999999999985 1742.128136975876 485.5408673076331 140.1091172226654 -390.8579664954086
106.3999999999985 1724.337119486157 486.982021600991 139.7834790908415 -392.4878754539339
106.4999999999985 1704.517605137341 488.4075327683726 139.4564937071847 -394.0985780658371
106.59999999999849 1682.798296929216 489.8157668605737 139.1281778003534 -395.6882658878075
106.69999999999848 1659.320659917 491.2052023875489 138.798549548504 -397.2552623932507
106.79999999999848 1634.236698220087 492.5744400115857 138.4676284651329 -398.7980333997997
106.89999999999847 1607.706661245812 493.9222103588862 138.1354352771453 -400.3151953299617
106.99999999999847 1579.896735281369 495.2473799142282 137.8019917969692 -401.8055212773232
107.09999999999846 1550.976773064532 496.5489550087201 137.4673207905312 -403.2679449018575
107.19999999999845 1521.118108820389 497.8260839523648 137.131445842873 -404.7015622245441
107.29999999999845 1490.491499914348 499.0780574000693 136.7943912231128 -406.1056314324481
107.39999999999844 1459.265229109496 500.3043070710117 136.4561817503458 -407.479570839735
107.49999999999844 1427.603393818878 501.5044029664009 136.1168426619473 -408.8229551772677
107.59999999999843 1395.664401071048 502.6780492493936 135.77639948559 -410.1355104032533
107.69999999999843 1363.599679479862 503.8250789634089 135.4348779161191 -411.4171072401009
107.79999999999842 1331.552612596778 504.9454477715188 135.0923036982577 -412.6677536485014
107.89999999999841 1299.657691822889 506.0392269006212 134.7487025159377 -413.8875864495219
107.99999999999841 1268.039881716707 507.1065954703042 134.4040998888788 -415.0768622999034
108.0999999999984 1236.814186128318 508.147832378435 134.0585210768722 -416.2359482156624
108.1999999999984 1206.08540014771 509.1633079044214 133.711990992066 -417.3653118254991
108.29999999999839 1175.948030354754 510.1534751774836 133.3645341194097 -418.4655115192226
108.39999999999839 1146.486364241624 511.1188616419949 133.0161744452807 -419.5371866383736
108.49999999999838 1117.774668858058 512.0600606356542 132.6669353942038 -420.581047837201
108.59999999999837 1089.877498605718 512.9777231795672 132.3168397734751 -421.5978677228383
108.69999999999837 1062.850092562115 513.8725500627768 131.9659097254205 -422.5884718645089
108.79999999999836 1036.738842634377 514.7452842878292 131.6141666869498 -423.5537302433761
108.89999999999836 1011.581815115423 515.5967039289172 131.2616313560169 -424.4945491975611
108.99999999999835 987.4093097345913 516.4276154402825 130.9083236645569 -425.4118639012028
109.09999999999835 964.2444419709163 517.2388474400027 130.5542627574458 -426.3066314023377
109.19999999999834 942.1037361454754 518.0312449832018 130.1994669770105 -427.1798242319954
109.29999999999833 920.9977185665884 518.8056643290618 129.8439538526144 -428.0324245861965
109.39999999999833 900.9315017119627 519.5629681978164 129.4877400948445 -428.8654190735059
109.49999999999832 881.9053520548808 520.3040215070943 129.1308415938345 -429.6797940133611
109.59999999999832 863.9152356479006 521.0296875714615 128.7732734212751 -430.476531264423
109.69999999999831 846.9533369483388 521.7408247447128 128.4150498356812 -431.2566045576195
109.7999999999983 831.0085475929957 522.4382834812064 128.056184290508 -432.0209763051421
109.8999999999983 816.0669229029065 523.1229037902747 127.6966894447322 -432.7705948543645
109.9999999999983 802.1121048235783 523.7955130562791 127.3365771755432 -433.5063921542438
110.09999999999829 789.1257107879573 524.4569241961451 126.9758585928142 -434.229281801176
110.19999999999828 777.0876886378268 525.107934126056 126.6145440550521 -434.9401574313134
110.29999999999828 765.9766382654019 525.749322509335 126.2526431865499 -435.6398914269406
110.39999999999827 755.7701010529574 526.3818507582675 125.8901648954969 -436.3293339055052
110.49999999999827 746.4448185063769 527.0062612636481 125.527117392821 -437.0093119612161
110.59999999999826 737.9769617127771 527.6232768271115 125.1635082115672 -437.6806291307051
110.69999999999825 730.3423334128503 528.2336002727196 124.7993442266356 -438.34406505596
110.79999999999825 723.5165445794162 528.8379142158219 124.434631674728 -439.0003753195866
110.89999999999824 717.4751674429295 529.4368809687967 124.069376174366 -439.6502914293393
110.99999999999824 712.1938669140663 530.0311425649019 123.7035827458686 -440.2945209307645
111.09999999999823 707.6485123303567 530.6213208830804 123.3372558311894 -440.9337476286812
111.19999999999823 703.8152714061652 531.2080178581446 122.97039931353 -441.5686319000597
111.29999999999822 700.6706882000127 531.7918157623038 122.603016536661 -442.1998110826274
111.39999999999822 698.1917468351964 532.3732775454763 122.2351103238939 -442.8278999252294
111.49999999999821 696.3559226249665 532.9529472232238 121.8666829966566 -443.4534910875639
111.5999999999982 695.1412221651083 533.5313503025134 121.4977363926369 -444.0771556784677
111.6999999999982 694.5262138686764 534.1089942367249 121.1282718834652 -444.6994438232955
111.79999999999819 694.4900503339705 534.6863689025664 120.7582903919178 -445.3208852523421
111.89999999999819 695.012483857367 535.2639470926483 120.3877924086229 -445.9419899034738
111.99999999999818 696.0738763329393 535.8421850185302 120.0167780082622 -446.5632485333202
112.09999999999818 697.6552047210593 536.4215228200827 119.6452468652635 -447.1851333325172
112.19999999999817 699.738063219646 537.0023850779483 119.2731982689792 -447.8080985415317
112.29999999999816 702.3046632390496 537.5851813268133 118.9006311383558 -448.4325810646123
112.39999999999816 705.3378322632587 538.1703065681263 118.5275440360923 -449.059001080415
112.49999999999815 708.8210126809208 538.7581417817811 118.1539351822938 -449.6877626488058
112.59999999999815 712.738261690824 539.3490544371925 117.7798024676213 -450.3192543143198
112.69999999999814 717.0742534304775 539.9433990051436 117.4051434659413 -450.9538497077649
112.79999999999814 721.8142845472945 540.541517472737 117.0299554464748 -451.5919081484675
112.89999999999813 726.944284532416 541.1437398648706 116.654235385444 -452.2337752508053
112.99999999999812 732.450832272913 541.7503847767783 116.2779799772118 -452.8797835398374
113.09999999999812 738.3211804531965 542.3617599234761 115.9011856449029 -453.530253082196
113.19999999999811 744.5432896585933 542.9781627133932 115.5238485504923 -454.1854921399002
113.29999999999811 751.1058743099838 543.5998808551142 115.1459646043367 -454.8457978564476
113.3999999999981 757.9984628973798 544.2271930080735 114.7675294741186 -455.5114569865179
113.4999999999981 765.211475394125 544.8603694902526 114.3885385931611 -456.1827466828933
113.59999999999809 772.7363212334156 545.4996730585323 114.0089871680589 -456.8599353568737
113.69999999999808 780.5655218318745 546.145359780412 113.6288701855568 -457.5432836316005
113.79999999999808 788.6928623678751 546.7976800193962 113.2481824185892 -458.23304541138
113.89999999999807 797.1135783870802 547.4568795606321 112.866918431373 -458.9294690944797
113.99999999999807 805.8245838388876 548.1232009084141 112.4850725834215 -459.6327989620128
114.09999999999806 814.8247483741477 548.7968847931674 112.1026390323169 -460.3432767816509
114.19999999999806 824.1152331910593 549.4781719326147 111.7196117350449 -461.0611436721396
114.29999999999805 833.6998964413166 550.1673051002525 111.3359844476521 -461.7866422831761
114.39999999999804 843.5857812478856 550.8645315642421 110.9517507229374 -462.5200193553718
114.49999999999804 853.7837017928418 551.5701059716416 110.5669039058318 -463.2615287370461
114.59999999999803 864.3089457647957 552.2842937669058 110.1814371260487 -464.0114349488349
114.69999999999803 875.1821147820083 553.0073752501358 109.7953432875055 -464.770017403904
114.79999999999802 886.4301283007637 553.7396504000976 109.4086150539222 -465.5375754113827
114.89999999999802 898.0874210642646 554.4814446100911 109.0212448298812 -466.3144341140036
114.99999999999801 910.1973694337275 555.2331155118752 108.6332247365031 -467.1009515384001
115.099999999998 922.8139880647343 555.9950610947218 108.2445465807255 -467.8975269687404
115.199999999998 936.003945444318 556.7677293640106 107.8552018169855 -468.7046108920956
115.299999999998 949.8489548771678 557.5516298273885 107.4651814998813 -469.5227168079537
115.39999999999799 964.4486066794001 558.3473471473128 107.0744762261223 -470.3524352454697
115.49999999999798 979.9237176529294 559.155557357652 106.6830760637707 -471.1944503912861
115.59999999999798 996.4202853690316 559.9770471099812 106.2909704664134 -472.0495597990546
115.69999999999797 1014.114147303977 560.8127364930856 105.8981481694779 -472.9186977299337
115.79999999999797 1033.216458231173 561.6637060578884 105.5045970654169 -473.802962762188
115.89999999999796 1053.980113085665 562.5312287800201 105.1103040539106 -474.7036504079812
115.99999999999795 1076.707256100478 563.416807803716 104.7152548625806 -475.6222915866294
116.09999999999795 1101.758029291829 564.3222209330288 104.3194338329505 -476.560697925219
116.19999999999794 1129.560722694222 565.2495729677609 103.9228236655282 -477.5210149877225
116.29999999999794 1160.623492671634 566.2013571186632 103.5254051169149 -478.5057846690201
116.39999999999793 1195.547809611282 567.1805268734079 103.1271566407582 -479.5180181243763
116.49999999999793 1235.043777306107 568.1905798122386 102.72805396318 -480.5612807282684
116.59999999999792 1279.947426310574 569.2356549756402 102.3280695820189 -481.6397906542454
116.69999999999791 1331.240012859802 570.3206454445356 101.9271721778831 -482.7585327179218
116.79999999999791 1390.069240563419 571.451327775809 101.5253259236467 -483.9233890971273
116.8999999999979 1457.772146849326 572.6345097991908 101.1224896777335 -485.1412883928
116.9999999999979 1535.899137903399 573.8781979663014 100.7186160454394 -486.4203741612545
117.09999999999789 1626.23828694772 575.1917848688558 100.3136502918293 -487.7701934520898
117.19999999999789 1730.838497873082 576.586256605129 99.90752908967328 -489.2019049198896
117.29999999999788 1852.029441796986 578.0744182368092 99.50017908681721 -490.7285046063907
117.39999999999787 1992.4352591635 579.6711334748912 99.09151527980209 -492.3650653452273
117.49999999999787 2154.977851177416 581.3935717655415 98.68143918509929 -494.1289827263431
117.59999999999786 2342.864146082437 583.2614518953849 98.26983680682302 -496.0402164537755
117.69999999999786 2559.550040403379 585.2972658822567 97.85657641121516 -498.1215105240083
117.79999999999785 2808.671873827665 587.5264600883717 97.44150613472939 -500.3985687749581
117.89999999999785 3093.934501948133 589.9775421332352 97.02445147542543 -502.9001539631168
117.99999999999784 3418.943653687884 592.6820724727241 96.60521274781669 -505.6580688127811
118.09999999999783 3786.969897089084 595.6744890257835 96.18356262018826 -508.7069670447676
118.19999999999783 4200.633060113453 598.9917031570574 95.75924390085405 -512.0839324453163
118.29999999999782 4661.500508948379 602.6723976898306 95.33196779466578 -515.8277566373335
118.39999999999782 5169.601593680668 606.7559554939365 94.90141290998372 -519.977844461274
118.49999999999781 5722.875039698608 611.2809547106322 94.46722535292481 -524.5726839256614
118.5999999999978 6316.586661663382 616.2831887700899 94.02902028983797 -529.6478404741445
118.6999999999978 6942.780629166418 621.7932108921325 93.58638537631973 -535.2334776572018
118.7999999999978 7589.855333608126 627.8334669390158 93.1388864239343 -541.3514712872161
118.89999999999779 8242.378219182548 634.4151664899601 92.68607558534996 -548.0122707941839
118.99999999999778 8881.263108573214 641.5351422654527 92.22750216953619 -555.2117619727449
119.09999999999778 9484.417381598845 649.1730461374126 91.76272594576922 -562.9284829385068
119.19999999999777 10027.91580988318 657.2893007701488 91.29133247085735 -571.1216145275516
119.29999999999777 10487.67142135883 665.8242395170827 90.81294961406569 -579.7301776026781
119.39999999999776 10841.46269546756 674.6987973854806 90.32726411850881 -588.6737968438363
119.49999999999775 11071.06629138897 683.8169519140419 89.834036801973 -597.8552233940029
119.59999999999775 11164.17042153837 693.0698697488515 89.33311493808876 -607.164563068031
119.69999999999774 11115.73828052503 702.3414366606902 88.82444051892099 -616.4848776397139
119.79999999999774 10928.56830456457 711.5146003773724 88.30805348398738 -625.6985791946131
119.89999999999773 10612.94519944333 720.4778025141013 87.7840895540386 -634.6938872764376
119.99999999999773 10185.45301664162 729.1307610964676 87.25277292981151 -643.3706079771753
120.09999999999772 9667.177576824405 737.3889924878455 86.71440468610194 -651.6446259920076
120.19999999999771 9081.617431734077 745.1866941539943 86.16934810475902 -659.4507370736526
120.29999999999771 8452.632197043668 752.477884755946 85.61801238510088 -666.7437256138558
120.3999999999977 7802.694759288668 759.2359496521748 85.0608361409613 -673.4978440792202
120.4999999999977 7151.609563804286 765.4519197682031 84.49827188284845 -679.7050297457246
120.59999999999769 6515.747983771885 771.131899796523 83.93077236263561 -685.3722800418369
120.69999999999769 5907.761007230327 776.2940642889711 83.35877930262364 -690.5186079622146
120.79999999999768 5336.672723771001 780.9655810360779 82.78271470268901 -695.1719376371085
120.89999999999768 4808.235852735556 785.1797294478573 82.20297465742038 -699.3662068111671
120.99999999999767 4325.434994606622 788.9733832786925 81.61992543499498 -703.1388436150823
121.09999999999766 3889.043619481177 792.384939714959 81.03390146806432 -706.5286972765172
121.19999999999766 3498.167239267183 795.452709550038 80.44520487022396 -709.574435144811
121.29999999999765 3150.730846064856 798.2137378867074 79.85410610155245 -712.3133734089986
121.39999999999765 2843.889786123664 800.7029991072161 79.26084544555046 -714.7806836027752
121.49999999999764 2574.358515394581 802.9528992893247 78.6656350130521 -717.008906862723
121.59999999999764 2338.661455497387 804.9930190414911 78.06866104571388 -719.0277080944153
121.69999999999763 2133.315499653663 806.8500357179894 77.47008634577649 -720.8638085112371
121.79999999999762 1954.955862743533 808.5477729844288 76.87005270622475 -722.541044265275
121.89999999999762 1800.4170656723 810.1073355742018 76.26868325475788 -724.0805089327749
121.99999999999761 1666.779782222227 811.5472964926038 75.66608465607626 -725.5007471463716
122.0999999999976 1551.392683110452 812.8839122027844 75.06234914061984 -726.8179750112931
122.1999999999976 1451.876687275917 814.1313482046987 74.45755634516904 -728.0463098541259
122.2999999999976 1366.117403605301 815.3019028908067 73.85177496286153 -729.1979973371022
122.39999999999759 1292.250128882101 816.4062217647048 73.24506420829073 -730.2836281707175
122.49999999999758 1228.640597001802 817.4534972346188 72.63747510845252 -731.3123397722856
122.59999999999758 1173.86374514529 818.4516514477342 72.02905163319019 -732.2920004569414
122.69999999999757 1126.682048012895 819.4075012042833 71.41983168010024 -733.2293753039549
122.79999999999757 1086.024436642737 820.3269050464201 70.80984792912074 -734.1302738809877
122.89999999999756 1050.966428441522 821.2148932911406 70.19912858156628 -734.9996806680246
122.99999999999756 1020.711817807539 822.0757821754182 69.58769799750395 -735.8418694081774
123.09999999999755 994.576084926557 822.9132734873793 68.97557724425226 -736.6605028066172
123.19999999999754 971.971551901765 823.7305411312455 68.36278456756518 -737.4587190629943
123.29999999999754 952.3942329996567 824.5303060610761 67.7493357958372 -738.239206701888
123.39999999999753 935.4122761754892 825.3149009515909 67.13524468647518 -739.0042690924283
123.49999999999753 920.6558662263245 826.0863258764098 66.52052322246227 -739.7558799449178
123.59999999999752 907.8084485776634 826.8462961506719 65.90518186612566 -740.4957309546122
123.69999999999752 896.5991315335227 827.5962833767296 65.28922977618875 -741.2252726411511
123.79999999999751 886.7961300376805 828.3375506152429 64.67267499337188 -741.9457493130943
123.8999999999975 878.2011229656649 829.0711824936718 64.05552459908059 -742.6582289746173
123.9999999999975 870.6444068882094 829.7981109622299 63.43778485107993 -743.3636288878897
124.0999999999975 863.9807409109997 830.5191373148481 62.81946129950434 -744.0627374109313
124.19999999999749 858.0857888236228 831.2349510099436 62.20055888607319 -744.7562326470707
124.29999999999748 852.853075901368 831.9461457524934 61.58108202896154 -745.4446983681602
124.39999999999748 848.1913880245305 832.6532332345305 60.96103469542841 -746.1286376088193
124.49999999999747 844.0225501757413 833.3566548750438 60.34042046398971 -746.8084842724951
124.59999999999746 840.2795298008999 834.0567918514619 59.71924257766533 -747.4846130410793
124.69999999999746 836.9048179945789 834.7539736727842 59.09750398960694 -748.1573478375458
124.79999999999745 833.8490480388435 835.4484855081042 58.47520740221371 -748.8269690546552
124.89999999999745 831.0698165618483 836.1405744530223 57.85235530068975 -749.4937197314728
124.99999999999744 828.5306775633038 836.830454889748 57.22894998184749 -750.1578108327318
125.09999999999744 826.2002838604131 837.5183130737398 56.60499357884836 -750.8194257631253
125.19999999999743 824.0516542184601 838.20431106018 55.98048808247015 -751.478724229086
125.29999999999742 822.0615476173784 838.8885900668637 55.3554353593997 -752.1358455439254
125.39999999999742 820.2099288374508 839.5712733558254 54.72983716798042 -752.7909114579903
125.49999999999741 818.4795118849454 840.2524687038708 54.10369517178145 -753.4440285833866
125.59999999999741 816.8553697745081 840.9322705218318 53.477010951296 -754.0952904725128
125.6999999999974 815.3246008890354 841.6107616735366 52.84978601404042 -754.744779400871
125.7999999999974 813.8760435897738 842.288015037982 52.22202180327705 -755.3925678971602
125.89999999999739 812.5000319862927 842.9640948517952 51.59371970555713 -756.0387200573044
125.99999999999739 811.1881868291445 843.6390578636269 50.96488105725176 -756.6832926736616
126.09999999999738 809.933236384175 844.3129543274869 50.33550715020895 -757.3263362060674
126.19999999999737 808.728862909928 844.9858288580749 49.70559923666364 -757.9678956174468
126.29999999999737 807.5695710082151 845.6577211678042 49.0751585335007 -758.6080110934044
126.39999999999736 806.4505746696712 846.3286667023485 48.44418622596221 -759.2467186623628
126.49999999999736 805.3677003051723 846.9986971890932 47.81268347087689 -759.8840507304056
126.59999999999735 804.3173034535946 847.6678411108015 47.18065139947463 -760.5200365429252
126.69999999999735 803.2961971956658 848.3361241150267 46.54809111984397 -761.1547025834264
126.79999999999734 802.3015905930178 849.0035693682757 45.91500371908271 -761.7880729183281
126.89999999999733 801.3310357173365 849.6701978626596 45.28139026517911 -762.4201694953544
126.99999999999733 800.3823820441256 850.3360286816413 44.64725180866456 -763.0510124019948
127.09999999999732 799.4537371638837 851.0010792305595 44.01258938406426 -763.680620089603
127.19999999999732 798.5434329157732 851.6653654368008 43.37740401117434 -764.3090095678989
127.29999999999731 797.6499961778831 852.3289019237961 42.74169669618946 -764.9361965739686
127.3999999999973 796.7721236591766 852.9917021624443 42.1054684326979 -765.5621957192777
127.4999999999973 795.9086601321891 853.653778603037 41.46872020256234 -766.1870206177078
127.5999999999973 795.0585796258152 854.3151427903516 40.8314529767032 -766.8106839972175
127.69999999999729 794.2209691664678 854.9758054641927 40.19366771579219 -767.4331977973561
127.79999999999728 793.3950147142153 855.6357766473502 39.55536537087271 -768.0545732545466
127.89999999999728 792.5799889906955 856.2950657226718 38.91654688391235 -768.6748209767946
127.99999999999727 791.7752409387053 856.9536815007107 38.27721318829701 -769.2939510092456
128.09999999999727 790.9801865893467 857.6116322792072 37.63736520927538 -769.9119728918157
128.19999999999726 790.1943011447347 858.2689258954983 36.99700386435623 -770.5288957099594
128.29999999999725 789.4171121104876 858.9255697727887 36.35613006366842 -771.1447281394826
128.39999999999725 788.6481933355881 859.5815709611004 35.71474471028414 -771.7594784861945
128.49999999999724 787.8871598367259 860.2369361736017 35.07284870051109 -772.3731547210773
128.59999999999724 787.1336633012337 860.8916718189187 34.43044292415863 -772.985764511562
128.69999999999723 786.3873881771503 861.5457840299614 33.78752826477784 -773.5973152494218
128.79999999999723 785.6480482714888 862.1992786897164 33.14410559987965 -774.2078140757251
128.89999999999722 784.9153837883938 862.8521614543901 32.50017580113492 -774.8172679032173
128.99999999999721 784.1891587481294 863.5044377742652 31.85573973455446 -775.425683436483
129.0999999999972 783.4691587358586 864.1561129125386 31.2107982606556 -776.03306719015
129.1999999999972 782.7551889354222 864.8071919624186 30.56535223461251 -776.6394255053993
129.2999999999972 782.0470724103595 865.457679862687 29.91940250639372 -777.2447645649845
129.3999999999972 781.3446485980182 866.107581411924 29.27294992088913 -777.8490904069494
129.4999999999972 780.6477719881438 866.7569012815622 28.62599531802369 -778.4524089372039
129.59999999999718 779.9563109604073 867.4056440279054 27.97853953286361 -779.0547259410908
129.69999999999717 779.270146758936 868.0538141032438 27.33058339571153 -779.6560470940699
129.79999999999717 778.5891725846508 868.7014158661628 26.68212773219321 -780.2563779716133
129.89999999999716 777.9132927883921 869.3484535911432 26.03317336333785 -780.8557240584056
129.99999999999716 777.2424221504441 869.9949314775257 25.38372110564945 -781.4540907569204
130.09999999999715 776.576485233408 870.6408536579086 24.73377177117124 -782.0514833954413
130.19999999999715 775.9154157972039 871.2862242060329 24.0833261675454 -782.6479072355755
130.29999999999714 775.2591562663707 871.9310471442057 23.43238509806423 -783.243367479315
130.39999999999714 774.6076572410053 872.5753264502962 22.78094936171804 -783.8378692756736
130.49999999999713 773.9608770436232 873.2190660643431 22.12901975323608 -784.4314177269434
130.59999999999712 773.3187812954954 873.8622698947975 21.47659706312246 -785.0240178945879
130.69999999999712 772.6813425162398 874.5049418244223 20.8236820776887 -785.6156748047994
130.7999999999971 772.0485397418623 875.1470857158679 20.1702755790804 -786.206393453736
130.8999999999971 771.420358156414 875.788705416937 19.51637834529958 -786.7961788124519
130.9999999999971 770.7967887335004 876.4298047655443 18.86199115022488 -787.3850358315308
131.0999999999971 770.1778278839817 877.0703875943852 18.20711476362527 -787.9729694454328
131.1999999999971 769.5634771068806 877.7104577353108 17.55174995117307 -788.559984576556
131.29999999999708 768.9537426408052 878.3500190234118 16.89589747445177 -789.1460861390162
131.39999999999708 768.3486351135597 878.9890753008153 16.239558090961 -789.731279042148
131.49999999999707 767.7481691878675 879.6276304201868 15.58273255412031 -790.315568193725
131.59999999999707 767.1523632015167 880.2656882479349 14.92542161326782 -790.8989585028937
131.69999999999706 766.5612388004887 880.9032526671147 14.26762601365928 -791.4814548828221
131.79999999999706 765.9748205635893 881.5403275800234 13.60934649646307 -792.0630622530581
131.89999999999705 765.3931356177967 882.1769169104806 12.95058379875361 -792.6437855415889
131.99999999999704 764.816213243232 882.81302460578 12.29133865350454 -793.2236296865955
132.09999999999704 764.2440844672291 883.4486546383145 11.6316117895792 -793.8025996379016
132.19999999999703 763.676781646793 884.0838110068568 10.9714039317198 -794.3807003581045
132.29999999999703 763.1143380392544 884.7184977374827 10.31071580053783 -794.9579368233755
132.39999999999702 762.5567873606744 885.3527188841418 9.649548112501018 -795.5343140239378
132.49999999999702 762.0041633320924 885.9864785288493 8.987901579922904 -796.1098369641986
132.599999999997 761.456499213228 886.6197807814955 8.325776910950449 -796.6845106625334
132.699999999997 760.9138273243734 887.2526297792674 7.663174809552247 -797.2583401507186
132.799999999997 760.3761785560312 887.8850296856622 7.000095975508902 -797.8313304729985
132.899999999997 759.8435818669693 888.5169846890922 6.336541104401773 -798.403486684784
132.999999999997 759.31606377105 889.1484990010656 5.672510887605622 -798.9748138509733
133.09999999999698 758.793647813282 889.7795768539357 5.008006012280998 -799.5453170438887
133.19999999999698 758.2763540356491 890.4102224982137 4.343027161368552 -800.115001340827
133.29999999999697 757.7641984333979 891.0404401994284 3.677575013587101 -800.68387182121
133.39999999999696 757.2571924025569 891.670234234534 3.01165024343265 -801.2519335633377
133.49999999999696 756.7553421793732 892.2996088878544 2.345253521180297 -801.8191916407363
133.59999999999695 756.2586482726428 892.9285684465553 1.678385512891118 -802.3856511180951
133.69999999999695 755.7671048897857 893.5571171956474 1.011046880419867 -802.9513170467958
133.79999999999694 755.2806993577189 894.1852594125047 0.3432382814293496 -803.5161944600223
133.89999999999694 754.7994115395577 894.8129993609029 -0.3250396305928415 -804.0802883674587
133.99999999999693 754.3232132482121 895.44034128457 -0.9937862063129541 -804.6436037495677
134.09999999999692 753.8520676581093 896.0672894002493 -1.663000800523211 -805.2061455514538
134.19999999999692 753.3859287162382 896.6938478902715 -2.33268277211021 -805.7679186763088
134.2999999999969 752.9247405536613 897.3200208946405 -3.002831484017836 -806.3289279784459
134.3999999999969 752.4684368990665 897.9458125026255 -3.67344630320221 -806.8891782559185
134.4999999999969 752.0169404953862 898.5712267438727 -4.344526600583241 -807.4486742427353
134.5999999999969 751.5701625211202 899.1962675790276 -5.016071750986683 -808.0074206006687
134.6999999999969 751.1280020177263 899.8209388898849 -5.688081133081121 -808.5654219106697
134.79999999999688 750.6903453244342 900.4452444690609 -6.360554129307577 -809.1226826638894
134.89999999999688 750.2570655221982 901.0691880092002 -7.033490125799723 -809.6792072523192
134.99999999999687 749.8280218881262 901.6927730917269 -7.706888512298899 -810.2349999590578
135.09999999999687 749.4030593620888 902.3160031751442 -8.3807486820581 -810.7900649482135
135.19999999999686 748.9820080270033 902.9388815828971 -9.055070031739279 -811.3444062544549
135.29999999999686 748.564682604487 903.5614114908125 -9.7298519613019 -811.8980277722236
135.39999999999685 748.1508819674614 904.1835959141186 -10.40509387388048 -812.4509332446136
135.49999999999685 747.7403886714673 904.8054376940772 -11.08079517565471 -813.0031262519479
135.59999999999684 747.3329685060529 905.426939484227 -11.75695527570987 -813.5546102000519
135.69999999999683 746.9283700685807 906.0481037362662 -12.43357358588533 -814.10538830825
135.79999999999683 746.5263243612833 906.6689326855896 -13.110649520616 -814.6554635971008
135.89999999999682 746.126544413963 907.289428336501 -13.78818249676059 -815.2048388758901
135.99999999999682 745.7287249337853 907.9095924471242 -14.46617193342124 -815.7535167299019
136.0999999999968 745.3325419838236 908.5294265140331 -15.14461725175241 -816.3014995074897
136.1999999999968 744.9376526921239 909.1489317566278 -15.82351787475728 -816.8487893069691
136.2999999999968 744.5436949930208 909.7681091012842 -16.5028732270757 -817.3953879633604
136.3999999999968 744.1502874022811 910.3869591652969 -17.18268273475856 -817.9412970349956
136.4999999999968 743.7570288278124 911.0054822406564 -17.8629458250327 -818.4865177900297
136.59999999999678 743.3634984175866 911.6236782776806 -18.54366192605444 -819.0310511928731
136.69999999999678 742.9692554462658 912.241546868535 -19.22483046665044 -819.5748978905742
136.79999999999677 742.5738392422839 912.8590872306792 -19.90645087604866 -820.1180581991887
136.89999999999677 742.1767691567644 913.476298190266 -20.58852258359803 -820.6605320901564
136.99999999999676 741.7775445758331 914.0931781655344 -21.27104501847509 -821.2023191767221
137.09999999999675 741.375644977792 914.709725150233 -21.95401760938194 -821.7434187004328
137.19999999999675 740.9705300364702 915.3259366971064 -22.63743978423041 -822.2838295177397
137.29999999999674 740.5616397720685 915.9418099014894 -23.3213109698169 -822.8235500867434
137.39999999999674 740.1483947508671 916.5573413850484 -24.0056305914863 -823.3625784541157
137.49999999999673 739.7301963347954 917.1725272797052 -24.69039807278344 -823.9009122422296
137.59999999999673 739.3064269820554 917.787363211793 -25.37561283509563 -824.4385486365383
137.69999999999672 738.8764505997557 918.4018442864833 -26.06127429728483 -824.9754843732366
137.79999999999671 738.4396129494897 919.0159650725275 -26.74738187530778 -825.511715727243
137.8999999999967 737.9952421066111 919.6297195873559 -27.43393498182911 -826.0472385005359
137.9999999999967 737.5426489738697 920.2431012825853 -28.12093302582217 -826.5820480108896
138.0999999999967 737.081127850038 920.8561030299733 -28.80837541216244 -827.1161390810389
138.1999999999967 736.6099570538747 921.4687171078698 -29.49626154121218 -827.6495060283168
138.2999999999967 736.128399603806 922.0809351882091 -30.18459080839482 -828.1821426548001
138.39999999999668 735.6357039534073 922.6927483240917 -30.87336260376412 -828.7140422380026
138.49999999999667 735.1311047827415 923.3041469380003 -31.56257631156316 -829.2451975221529
138.59999999999667 734.6138238454407 923.9151208106951 -32.25223130977798 -829.7756007100942
138.69999999999666 734.0830708711365 924.5256590708419 -32.94232696968503 -830.3052434558485
138.79999999999666 733.538044522904 925.135750185405 -33.63286265539082 -830.8341168578701
138.89999999999665 732.9779334089586 925.7453819508661 -34.32383772336807 -831.3622114530396
138.99999999999665 732.401917147895 926.3545414853036 -35.01525152198712 -831.8895172114244
139.09999999999664 731.8091674864494 926.9632152213786 -35.70710339104151 -832.4160235318419
139.19999999999663 731.1988494686294 927.5713889002736 -36.39939266127292 -832.9417192382619
139.29999999999663 730.570122654808 928.1790475666229 -37.09211865389083 -833.4665925770792
139.39999999999662 729.9221423893605 928.7861755644774 -37.78528068009198 -833.9906312152884
139.49999999999662 729.2540611150146 929.3927565343425 -38.47887804057879 -834.5138222395913
139.5999999999966 728.5650297320464 929.9987734113274 -39.17291002507562 -835.0361521564642
139.6999999999966 727.8541990002505 930.6042084244427 -39.86737591184818 -835.5576068932158
139.7999999999966 727.1207209813425 931.2090430970812 -40.56227496722149 -836.0781718000579
139.8999999999966 726.3637505193866 931.8132582487116 -41.25760644510191 -836.5978316532129
139.9999999999966 725.5824467565531 932.4168339978217 -41.95336958650208 -837.1165706590841
140.09999999999658 724.7759746814293 933.0197497661317 -42.64956361906818 -837.634372459501
140.19999999999658 723.9435067068204 933.6219842841084 -43.34618775661373 -838.1512201380635
140.29999999999657 723.0842242739678 934.2235155978049 -44.04324119865893 -838.6670962275996
140.39999999999657 722.1973194797497 934.8243210770403 -44.74072312997508 -839.1819827187446
140.49999999999656 721.2819967235378 935.4243774249423 -45.4386327201391 -839.6958610696577
140.59999999999656 720.3374743699676 936.0236606888665 -46.13696912309409 -840.2087122168819
140.69999999999655 719.3629864239419 936.6221462727001 -46.83573147672107 -840.7205165873486
140.79999999999654 718.357784214013 937.2198089505697 -47.5349189024212 -841.2312541115403
140.89999999999654 717.3211380801407 937.8166228819405 -48.23453050470789 -841.740904237794
140.99999999999653 716.2523390617847 938.4125616281264 -48.93456537081275 -842.2494459477592
141.09999999999653 715.1507005822015 939.0075981702008 -49.63502257030498 -842.756857772993
141.19999999999652 714.0155601246303 939.6017049283017 -50.3359011547232 -843.2631178126875
141.29999999999652 712.8462808963366 940.1948537823316 -51.03720015722521 -843.7682037525201
141.3999999999965 711.6422534758877 940.7870160940263 -51.73891859225108 -844.2720928846028
141.4999999999965 710.4028974396651 941.3781627303915 -52.44105545520518 -844.7747621285236
141.5999999999965 709.1276629630218 941.9682640884796 -53.14360972215617 -845.2761880534537
141.6999999999965 707.8160323920409 942.5572901214841 -53.84658034955384 -845.7763469012931
141.7999999999965 706.4675217813484 943.1452103661275 -54.54996627396861 -846.2752146108343
141.89999999999648 705.0816823940487 943.7319939713151 -55.25376641184848 -846.7727668429134
141.99999999999648 703.6581021593468 944.3176097280136 -55.95797965929932 -847.2689790065101
142.09999999999647 702.1964070840429 944.9020261003282 -56.66260489188725 -847.7638262857714
142.19999999999646 700.6962626137878 945.4852112577275 -57.36764096446209 -848.2572836679108
142.29999999999646 699.1573749403005 946.0671331083812 -58.0730867110061 -848.7493259719504
142.39999999999645 697.5794922509213 946.6477593335604 -58.77894094450691 -849.239927878261
142.49999999999645 695.9624059168308 947.2270574230499 -59.48520245685349 -849.7290639588506
142.59999999999644 694.3059516167033 947.804994711524 -60.19187001876043 -850.2167087083629
142.69999999999644 692.6100103925646 948.3815384158271 -60.89894237971533 -850.7028365757268
142.79999999999643 690.8745096348141 948.9566556731026 -61.60641826795485 -851.1874219964121
142.89999999999642 689.0994239938325 949.5303135797126 -62.31429639046755 -851.6704394252374
142.99999999999642 687.2847762154488 950.1024792308811 -63.02257543302258 -852.1518633696715
143.0999999999964 685.4306378981267 950.6731197610012 -63.73125406022888 -852.6316684235775
143.1999999999964 683.5371301697783 951.242202384539 -64.44033091561992 -853.1098293013403
143.2999999999964 681.6044242825612 951.8096944374632 -65.14980462176871 -853.5863208723156
143.3999999999964 679.6327421238164 952.3755634191401 -65.85967378043167 -854.0611181955504
143.4999999999964 677.6223566424931 952.9397770346111 -66.5699369727197 -854.5341965547021
143.59999999999638 675.5735921895961 953.5023032371954 -67.28059275929999 -855.0055314931094
143.69999999999638 673.4868247722941 954.0631102713368 -67.99163968062721 -855.4750988489451
143.79999999999637 671.3624822212912 954.6221667156251 -68.70307625720188 -855.9428747903923
143.89999999999637 669.2010442713283 955.1794415259232 -69.41490098986082 -856.4088358507874
143.99999999999636 667.0030425551447 955.7349040785224 -70.12711236009409 -856.8729589636642
144.09999999999636 664.7690605112597 956.2885242132586 -70.83970883039271 -857.3352214976446
144.19999999999635 662.4997332065671 956.8402722765159 -71.55268884462543 -857.7956012911124
144.29999999999634 660.1957470746458 957.3901191640468 -72.2660508284425 -858.2540766866158
144.39999999999634 657.8578395712446 957.9380363635413 -72.97979318970953 -858.7106265649411
144.49999999999633 655.4867987484737 958.4839959968756 -73.69391431896964 -859.1652303788011
144.59999999999633 653.0834627497056 959.0279708619729 -74.40841258993143 -859.6178681860844
144.69999999999632 650.6487192271279 959.5699344742127 -75.12328635998736 -860.068520682615
144.79999999999632 648.1835046844466 960.1098611073239 -75.83853397075617 -860.5171692343693
144.8999999999963 645.6888037472398 960.6477258337018 -76.55415374865385 -860.963795909103
144.9999999999963 643.1656483637525 961.1835045640899 -77.27014400549058 -861.4083835073427
145.0999999999963 640.615116939133 961.7171740865668 -77.98650303909127 -861.8509155926944
145.1999999999963 638.0383334062364 962.24871210479 -78.70322913394386 -862.2913765214309
145.2999999999963 635.4364662362654 962.778097275441 -79.42032056186904 -862.729751471317
145.39999999999628 632.8107273928373 963.3053092448199 -80.13777558271556 -863.1660264696315
145.49999999999628 630.1623712328686 963.8303286845564 -80.85559244507836 -863.6001884203612
145.59999999999627 627.4926933581343 964.353137326378 -81.57376938703742 -864.0322251305244
145.69999999999627 624.8030294211829 964.8737179959095 -82.29230463691969 -864.4621253356017
145.79999999999626 622.0947538894625 965.392054645459 -83.01119641408184 -864.8898787240452
145.89999999999625 619.369278771589 965.9081323857634 -83.73044292971118 -865.3154759608446
145.99999999999625 616.6280523097193 966.4219375166558 -84.45004238764835 -865.7389087101235
146.09999999999624 613.8725576418006 966.9334575566382 -85.16999298522592 -866.1601696567586
146.19999999999624 611.1043114379805 967.4426812713299 -85.89029291412613 -866.5792525269979
146.29999999999623 608.3248625145924 967.9495987007668 -86.6109403612555 -866.9961521080646
146.39999999999623 605.5357904301653 968.4542011855495 -87.33193350963348 -867.4108642667467
146.49999999999622 602.738704066864 968.9564813918123 -88.05327053929878 -867.823385966956
146.59999999999621 599.9352402012328 969.456433335009 -88.77494962822714 -868.2337152862555
146.6999999999962 597.1270620679516 969.9540524025071 -89.49696895326439 -868.6418514313526
146.7999999999962 594.3158579200732 970.4493353749882 -90.21932669107178 -869.0477947525622
146.8999999999962 591.5033395892264 970.9422804466481 -90.94202101908136 -869.4515467572366
146.9999999999962 588.6912410490338 971.4328872442038 -91.66505011646365 -869.8531101221733
147.0999999999962 585.8813169848926 971.9211568447061 -92.38841216510543 -870.2524887050035
147.19999999999618 583.0753413731074 972.4070917921688 -93.11210535059437 -870.6496875545756
147.29999999999617 580.2751060721604 972.8906961130205 -93.83612786321506 -871.0447129203404
147.39999999999617 577.482419428818 973.3719753303906 -94.56047789894932 -871.4375722607529
147.49999999999616 574.6991049013395 973.8509364772451 -95.28515366048509 -871.8282742507089
147.59999999999616 571.9269997021621 974.3275881083843 -96.0101533582312 -872.2168287880268
147.69999999999615 569.1679534620252 974.8019403113202 -96.73547521133525 -872.6032469989957
147.79999999999615 566.4238269173226 975.2740047160551 -97.46111744870754 -872.9875412430104
147.89999999999614 563.6964906222398 975.7437945037771 -98.18707831004848 -873.3697251163092
147.99999999999613 560.9878236870866 976.2113244144962 -98.91335604687681 -873.7498134548378
148.09999999999613 558.2997125438413 976.6766107536427 -99.63994892356268 -874.1278223362605
148.19999999999612 555.6340497398864 977.1396713976515 -100.3668552183593 -874.5037690811418
148.29999999999612 552.9927327605073 977.6005257985545 -101.0940732244371 -874.8776722533187
148.3999999999961 550.3776628805915 978.059194987607 -101.8216012509175 -875.2495516594884
148.4999999999961 547.7907440456001 978.5157015779703 -102.5494376239051 -875.6194283480331
148.5999999999961 545.2338817820038 978.970069766479 -103.2775806875201 -875.987324607108
148.6999999999961 542.7089821364007 979.4223253345095 -104.0060288049271 -876.3532639620072
148.7999999999961 540.2179506432678 979.8724956479835 -104.7347803593628 -876.7172711718404
148.89999999999608 537.762691320239 980.3206096565228 -105.4638337551608 -877.079372225534
148.99999999999608 535.3451056899581 980.7666978917788 -106.1931874187707 -877.4395943371801
149.09999999999607 532.967091827357 981.2107924649604 -106.9228397997758 -877.7979659407531
149.19999999999607 530.6305434307285 981.6529270635809 -107.6527893719047 -878.1545166842148
149.29999999999606 528.3373489150831 982.0931369474394 -108.3830346340372 -878.5092774230229
149.39999999999606 526.0893905257496 982.5314589438603 -109.1135741112064 -878.8622802130626
149.49999999999605 523.8885434701765 982.9679314421996 -109.8444063555927 -879.2135583030123
149.59999999999604 521.7366750656194 983.4025943876398 -110.5755299475123 -879.5631461261634
149.69999999999604 519.6356439001771 983.8354892742803 -111.3069434963996 -879.9110792916993
149.79999999999603 517.5872990045277 984.2666591375344 -112.0386456417788 -880.2573945754489
149.89999999999603 515.5934790314612 984.6961485458422 -112.7706350542324 -880.6021299101202
149.99999999999602 513.6560114401714 985.1240035917023 -113.5029104363565 -880.9453243750204
