0.0 42.71007038367109 758.3495235631699 715.6394531794988
1.0 40.12531148596044 739.4405292777929 699.3152177918325
2.0 40.30165912045409 749.7122064909744 709.4105473705203
3.0 39.78731361399282 749.239532390501 709.4522187765082
4.0 39.54998265008781 747.6876091411522 708.1376264910644
5.0 38.18064244193703 734.5440479401995 696.3634054982625
6.0 37.15466170677038 725.3061985735902 688.1515368668198
7.0 38.05149173286249 738.9926818954653 700.9411901626029
8.0 37.81286749577023 740.6183350197925 702.8054675240223
9.0 37.21757674874015 734.3399251021427 697.1223483534026
10.0 36.91308978600175 731.7698962755257 694.856806489524
11.0 36.74755770920787 731.4519672062503 694.7044094970424
12.0 36.39477281032697 727.6541833664958 691.2594105561688
13.0 36.76674790699099 734.3800632793747 697.6133153723837
14.0 35.87101315533807 720.0080713542649 684.1370581989269
15.0 35.63915717916603 719.1153328965284 683.4761757173624
16.0 36.22730308298555 730.5242068674769 694.2969037844914
17.0 35.87259677543301 724.5223306223687 688.6497338469357
18.0 36.00855746538878 729.7128504514951 693.7042929861064
19.0 36.04647740439378 731.4849416876999 695.4384642833061
20.0 35.29066018853692 720.3290110678035 685.0383508792666
21.0 35.86603258235499 731.5658170037745 695.6997844214195
22.0 35.90492502002092 732.6462574660867 696.7413324460658
23.0 34.90768811115249 717.267745851059 682.3600577399065
24.0 35.4421545864906 725.2833749642254 689.8412203777348
25.0 35.21655455996909 725.0865390971629 689.8699845371938
26.0 35.55799911742936 729.9666209649201 694.4086218474907
27.0 35.15200666431075 724.662920355614 689.5109136913032
28.0 35.34453416001062 729.8068163166437 694.4622821566331
29.0 34.91398171847413 722.4203124668956 687.5063307484214
30.0 35.02358475249441 724.0289941303968 689.0054093779024
31.0 34.56434720536625 717.0695861778568 682.5052389724905
32.0 34.06496708079675 711.2060049853413 677.1410379045445
33.0 34.20836093530747 712.7659364816213 678.5575755463138
34.0 34.51594932565309 721.2431062381171 686.727156912464
35.0 34.6453115940724 718.9719014070749 684.3265898130025
36.0 34.26895289966013 715.2722712482411 681.003318348581
37.0 34.60618861487165 722.7456415932182 688.1394529783466
38.0 31.87192500979945 681.8331001762065 649.9611751664071
39.0 33.88627234705232 710.057776020186 676.1715036731336
40.0 32.70529278891727 689.7173448382199 657.0120520493026
41.0 34.39389562487293 719.6140391030595 685.2201434781865
42.0 33.92955327866492 714.5936693345373 680.6641160558724
43.0 33.64285745360841 714.3369038275031 680.6940463738947
44.0 34.0589348759862 719.9579022639157 685.8989673879295
45.0 33.56269106805684 709.0544073779722 675.4917163099153
46.0 33.46897638029821 707.1252655412094 673.6562891609112
47.0 33.79208861541017 714.3061981799794 680.5141095645692
48.0 32.94773747535447 701.5657302596035 668.6179927842491
49.0 33.73902866207608 711.6721626902471 677.933134028171
50.0 33.23714402017762 708.7039663060949 675.4668222859173
51.0 33.76287590144312 715.504907785781 681.7420318843378
52.0 33.13549636496993 703.7177619729701 670.5822656080001
53.0 32.49873565212606 694.7558699457581 662.257134293632
54.0 32.52875366436138 700.5604407207952 668.0316870564338
55.0 33.76757241816644 719.1993234617679 685.4317510436015
56.0 32.99958662318487 701.1472550513984 668.1476684282135
57.0 33.32675601465016 712.4240389045511 679.0972828899009
58.0 33.01806281640575 710.3058845673588 677.287821750953
59.0 32.62578847603508 702.1241858796666 669.4983974036315
60.0 32.53939588005108 698.9733001897702 666.4339043097192
61.0 32.543957063482 699.9042751503976 667.3603180869156
62.0 32.59714193141358 701.3544207290389 668.7572787976253
63.0 32.41330658966234 695.9556385811051 663.5423319914428
64.0 31.37794192887328 683.7717833550383 652.393841426165
65.0 32.86141752142364 708.2047093196668 675.3432917982431
66.0 32.23776709940327 699.5668004924565 667.3290333930532
67.0 33.2378806330025 712.3938152001757 679.1559345671732
68.0 32.11419157558889 699.2455308700739 667.131339294485
69.0 31.76850432311692 685.7752225566542 654.0067182335373
70.0 32.44448806590175 702.2871503374498 669.8426622715481
71.0 32.9689022303853 710.8143761834239 677.8454739530386
72.0 31.6564533555353 687.7064116002976 656.0499582447623
73.0 32.35847723085017 702.7971966291126 670.4387193982624
74.0 31.91208422150574 690.3838907684845 658.4718065469787
75.0 32.43286997366353 705.5624384064912 673.1295684328276
76.0 32.86971983243209 710.0668565168045 677.1971366843725
77.0 32.09108287143711 696.3412420789845 664.2501592075474
78.0 32.07450924068881 700.0384077984593 667.9638985577705
79.0 32.43026774818378 701.9373353342761 669.5070675860923
80.0 32.2360016689139 699.1453460928863 666.9093444239724
81.0 32.11122223962899 699.6837327058989 667.5725104662699
82.0 32.01435515671616 702.2352154050106 670.2208602482944
83.0 31.32928048630769 689.0036945857877 657.67441409948
84.0 32.28257585218115 700.7183085767134 668.4357327245322
85.0 31.94896139417059 698.0271820711498 666.0782206769792
86.0 31.89583481193091 699.6299119090734 667.7340770971425
87.0 31.67736347631162 693.8122342948039 662.1348708184923
88.0 32.2524087306402 701.6740367219204 669.4216279912802
89.0 30.81092128293288 681.5866564456584 650.7757351627255
90.0 31.48094136134936 689.7756098806098 658.2946685192605
91.0 30.86348165634187 679.3055678346902 648.4420861783483
92.0 29.91776551705696 672.8767952549275 642.9590297378706
93.0 30.04310346425124 671.8756914730603 641.832588008809
94.0 32.04216588645762 700.6486424164129 668.6064765299553
95.0 31.15885176268464 687.6795702330545 656.5207184703699
96.0 30.87087072859655 682.4101268346669 651.5392561060704
97.0 31.551514542979 692.5261560493641 660.9746415063851
98.0 29.4888633386049 666.3120944034011 636.8232310647962
99.0 31.23868758759042 685.4784600359441 654.2397724483536
100.0 31.32712124628673 688.3552296230019 657.0281083767152
101.0 31.72105757002764 692.3733593729034 660.6523018028758
102.0 30.14405505228081 677.6245215869107 647.4804665346299
103.0 31.18030182415935 683.9670606750263 652.786758850867
104.0 32.03461793065861 697.8111587247554 665.7765407940967
105.0 32.67005571254627 703.9958510043626 671.3257952918164
106.0 31.0962099553134 686.8902907845967 655.7940808292833
107.0 32.47031235517525 700.6363283874051 668.1660160322298
108.0 32.21747851833921 698.628836586653 666.4113580683138
109.0 31.33589551941836 687.1135239933211 655.7776284739028
110.0 31.10969254769581 680.8485259509485 649.7388334032527
111.0 31.39554653030156 687.0382571520873 655.6427106217857
112.0 33.40936060080318 711.0902196103968 677.6808590095936
113.0 30.80250307380122 677.1033911014087 646.3008880276075
114.0 32.62624231462554 698.795893628033 666.1696513134075
115.0 31.65851373600464 689.1635652670048 657.5050515310002
116.0 31.82469784212173 692.2081510842772 660.3834532421555
117.0 31.99505721175048 691.0519377198882 659.0568805081377
118.0 31.8809903596286 687.750487484549 655.8694971249204
119.0 30.13797832881284 668.8219949483845 638.6840166195717
120.0 31.46302995818311 681.7601385549976 650.2971085968145
121.0 32.9567412902781 703.0467939399465 670.0900526496684
122.0 31.61106215209788 689.1242619299835 657.5131997778857
123.0 31.73466383979732 688.5232833255637 656.7886194857663
124.0 32.18118236910287 691.8707864911 659.6896041219972
125.0 30.38411667000259 671.6788819803177 641.2947653103152
126.0 32.78051282355831 694.1668264827235 661.3863136591652
127.0 31.00171689222357 680.1191466511094 649.1174297588858
128.0 32.87441837193605 697.3853499664431 664.510931594507
129.0 32.59430613288601 695.5473504391935 662.9530443063075
130.0 32.32554727734462 691.7510742543822 659.4255269770376
131.0 32.89900499194939 699.4809876208817 666.5819826289323
132.0 32.20575823266697 693.9604134208698 661.7546551882029
133.0 33.08929867163201 697.4412267701672 664.3519280985352
134.0 32.49935256855662 694.1980249811353 661.6986724125787
135.0 30.69567412741319 673.3918033487739 642.6961292213608
136.0 33.58715400446178 705.4408291688006 671.8536751643388
137.0 29.88822837493326 669.9485308651715 640.0603024902383
138.0 31.81822289563398 682.807770189348 650.9895472937141
139.0 32.67365095417569 693.6690302420497 660.995379287874
140.0 30.69013028339828 673.2720830508306 642.5819527674323
141.0 31.22960470105158 682.5583860201177 651.3287813190661
142.0 30.4138672241192 671.1819969216691 640.7681296975499
143.0 30.59889121381222 674.6952572355462 644.096366021734
144.0 30.68928864308099 673.5694798861076 642.8801912430266
145.0 33.55910360490442 704.6577794921824 671.098675887278
146.0 32.28200624496776 688.1697430440168 655.887736799049
147.0 31.20881761475086 678.6907862978894 647.4819686831386
148.0 31.98175755963836 689.9201697653753 657.9384122057369
149.0 29.57032655859147 664.2095875264882 634.6392609678968
150.0 30.09440584116926 669.594078978703 639.4996731375338
151.0 31.99717868181269 692.669390172283 660.6722114904703
152.0 30.9824844529259 681.4307059585265 650.4482215056006
153.0 31.21035012268667 687.1121492402774 655.9017991175907
154.0 32.50276177508171 697.4552504826393 664.9524887075576
155.0 32.21558902798185 693.3295668685936 661.1139778406117
156.0 31.19048788400013 683.1157383468172 651.9252504628171
157.0 31.77610857639612 690.0017738060207 658.2256652296246
158.0 28.11085982178979 654.3068591899504 626.1959993681606
159.0 31.79363639876521 691.457092966306 659.6634565675408
160.0 32.08623044095279 692.5298275819181 660.4435971409653
161.0 30.36751441856929 678.0090575914856 647.6415431729163
162.0 30.52201224643311 677.0883788029395 646.5663665565064
163.0 26.09531668126883 639.8297062848352 613.7343896035664
164.0 29.81213961043379 667.681652907607 637.8695132971732
165.0 31.84026011314486 693.6487346874257 661.8084745742809
166.0 30.13425501827645 678.6930761523182 648.5588211340418
167.0 31.28947786277836 688.9991504628943 657.7096726001159
168.0 27.78864219919046 653.1330403919709 625.3443981927805
169.0 29.8321896211673 675.6455491739282 645.8133595527609
170.0 30.74270401691606 683.6861959694405 652.9434919525245
171.0 29.06934443031271 665.1813404435182 636.1119960132055
172.0 31.22115242311809 683.5328393029267 652.3116868798086
173.0 31.0211759031155 685.283942818157 654.2627669150415
174.0 31.17470076518015 689.0545102245796 657.8798094593995
175.0 25.51885729491355 635.7803577380508 610.2615004431373
176.0 30.96886668858906 686.670835675369 655.7019689867799
177.0 30.05051834406741 670.8345752909784 640.784056946911
178.0 30.4305375340616 677.4893892719781 647.0588517379165
179.0 29.47245193657055 671.3185278383183 641.8460759017478
180.0 30.92343122677259 685.8496063597179 654.9261751329453
181.0 30.88436455523378 683.4807575806468 652.596393025413
182.0 28.847544802251 669.1433457281047 640.2958009258537
183.0 26.02720503292943 641.3006466776326 615.2734416447031
184.0 31.19146247275775 690.0566497829664 658.8651873102086
185.0 24.36578017035804 627.7977404867533 603.4319603163952
186.0 27.22924761133354 648.625832195929 621.3965845845955
187.0 28.84209894616613 668.8194019360278 639.9773029898617
188.0 28.36132974666275 663.245615305281 634.8842855586182
189.0 29.60716713356164 670.4320110838656 640.824843950304
190.0 28.89186101628965 666.0628344214768 637.1709734051871
191.0 28.3035571925617 664.1717542943532 635.8681971017915
192.0 30.39249441297214 680.5938038017919 650.2013093888198
193.0 29.55902357276104 671.4754312579179 641.9164076851569
194.0 28.38339614297067 665.6387597519745 637.2553636090038
195.0 28.98784665159989 668.5042353848956 639.5163887332957
196.0 26.85535183011329 648.3546027901762 621.4992509600629
197.0 28.5040097753883 661.6920304222282 633.1880206468399
198.0 27.14083347286109 656.1258957425161 628.985062269655
199.0 28.80488532986186 664.0703730616122 635.2654877317504
200.0 29.91672044901033 678.5087673116013 648.5920468625909
201.0 23.47296054118872 622.6293737051658 599.156413163977
202.0 29.54905523366566 675.6264917276681 646.0774364940024
203.0 25.41801515510758 638.2664758471506 612.848460692043
204.0 26.72946956242299 652.0648314173826 625.3353618549596
205.0 28.15825677261276 662.7611825203523 634.6029257477395
206.0 25.79365579596732 638.3614872447637 612.5678314487964
207.0 26.1867976105224 644.4610717893799 618.2742741788575
208.0 26.45559631062128 650.6064009316332 624.1508046210119
209.0 26.58320378072888 646.1439761015977 619.5607723208689
210.0 23.21192729413899 619.9814585953252 596.7695313011862
211.0 28.23865159087455 663.2819581276283 635.0433065367538
212.0 27.19291791056421 657.2055494048649 630.0126314943007
213.0 28.39360137794236 667.9578739138547 639.5642725359123
214.0 28.37322362237967 662.7819425638115 634.4087189414318
215.0 25.49502802331185 636.5586104161822 611.0635823928703
216.0 28.61548742326374 671.055938888628 642.4404514653643
217.0 27.36414051484121 660.6985615252016 633.3344210103604
218.0 27.12494550301293 650.4036981895505 623.2787526865376
219.0 25.61937516604274 643.6311142520128 618.01173908597
220.0 28.47939033435328 666.4514466989926 637.9720563646393
221.0 27.58139072976489 662.5373546133393 634.9559638835744
222.0 27.21117998174752 657.2754458707004 630.0642658889529
223.0 26.2937258620608 650.0509532732327 623.7572274111719
224.0 26.73820517218709 649.9964716326059 623.2582664604188
225.0 27.51381438522719 656.4319973545401 628.918182969313
226.0 25.90204369927487 643.1672870290577 617.2652433297828
227.0 26.86041760543461 652.9076659839454 626.0472483785108
228.0 26.399569994644 648.7728648201327 622.3732948254887
229.0 28.82130085787465 668.8798080824639 640.0585072245892
230.0 21.77948845298726 609.8919885068577 588.1125000538704
231.0 27.96491100796342 665.9122716182371 637.9473606102737
232.0 24.67954074137041 635.9814079970286 611.3018672556582
233.0 22.90324475792318 618.5842946357012 595.681049877778
234.0 26.07242440939772 646.8969192314975 620.8244948220998
235.0 26.45934215286936 647.3471672086153 620.887825055746
236.0 25.89041338974383 644.1612068414697 618.2707934517259
237.0 26.41907266182758 652.3940773829833 625.9750047211558
238.0 27.16874166083326 657.9037048325284 630.7349631716951
239.0 26.4909645177956 653.4783307042491 626.9873661864535
240.0 26.67997864622445 649.5432557354916 622.8632770892671
241.0 24.46431383998351 633.9010043379934 609.4366904980098
242.0 24.4627727143634 633.3370220538445 608.8742493394811
243.0 27.02395405252693 659.9981544426174 632.9742003900905
244.0 25.56002763444031 642.2022158649438 616.6421882305035
245.0 27.09729296985504 657.5520839558474 630.4547909859924
246.0 26.24384950890512 649.1461480315875 622.9022985226823
247.0 27.45658866873956 664.9691355694694 637.5125469007298
248.0 25.30903510885555 642.4640668521514 617.1550317432959
249.0 24.90735675143109 638.7770251431097 613.8696683916786
250.0 24.28247864656698 629.8794347327584 605.5969560861914
251.0 26.1137974972604 654.4542128179591 628.3404153206987
252.0 25.17840541596285 643.1337496856563 617.9553442696934
253.0 25.96466112590194 650.3634839320895 624.3988228061876
254.0 23.45296115324518 623.0512111274084 599.5982499741632
255.0 23.0200109371427 623.3865081319729 600.3664971948302
256.0 24.5858670224774 642.2890421237567 617.7031751012793
257.0 22.69777827271086 622.170878169336 599.4730998966252
258.0 22.8924389077772 624.0794413000523 601.1870023922751
259.0 25.3247779367825 644.0950078937194 618.7702299569369
260.0 24.527204940353 634.6671218541182 610.1399169137652
261.0 23.47503652604551 628.2458132540162 604.7707767279707
262.0 24.41213872526868 636.7384990077335 612.3263602824648
263.0 25.10614303944114 643.7904090228842 618.6842659834431
264.0 24.3211853205506 639.3163968571894 614.9952115366388
265.0 22.7170221906606 621.9205558964177 599.2035337057571
266.0 23.23920205086738 626.1315902741989 602.8923882233316
267.0 21.97445028156922 614.0294887234225 592.0550384418533
268.0 23.27682373618869 629.7521656390262 606.4753419028375
269.0 24.55157719651897 640.5247413664756 615.9731641699566
270.0 19.49040959944544 594.0777235326564 574.5873139332109
271.0 24.23917227036072 640.3255921031009 616.0864198327402
272.0 22.73506278208138 620.8890730882899 598.1540103062085
273.0 22.06552338238846 619.2664393370931 597.2009159547046
274.0 24.15143669224746 639.3376586284076 615.1862219361602
275.0 22.98444714791645 629.5144059485788 606.5299588006623
276.0 20.98177827513222 610.2575402860854 589.2757620109532
277.0 23.54344989417017 633.38509471543 609.8416448212598
278.0 23.43369994507039 634.4859844896189 611.0522845445485
279.0 21.13160328499219 611.8889733349091 590.7573700499169
280.0 21.25847536271392 611.6482411301407 590.3897657674267
281.0 21.5561446566867 617.7805325309144 596.2243878742277
282.0 21.15312395549396 612.8932936118143 591.7401696563203
283.0 21.55521376899239 618.7084565032652 597.1532427342728
284.0 20.0867780081682 602.6114722054998 582.5246941973316
285.0 22.01672878446408 619.6110380658197 597.5943092813557
286.0 20.76058735487398 607.0101209362291 586.2495335813551
287.0 21.89918992019817 626.7592437054257 604.8600537852275
288.0 21.85163836910769 624.2447587507215 602.3931203816138
289.0 18.84239088799518 592.0707845222558 573.2283936342606
290.0 21.01620201471113 614.3664676891166 593.3502656744055
291.0 22.19312373094251 626.4453680307809 604.2522442998384
292.0 18.31741279436867 587.1074821794753 568.7900693851066
293.0 17.43947673449662 581.1418127491364 563.7023360146398
294.0 19.80208329386178 604.8282872888853 585.0262039950235
295.0 20.52778077035824 616.0087860308358 595.4810052604776
296.0 19.83403524892072 606.6230252169659 586.7889899680452
297.0 20.69756812876745 615.3153242209806 594.6177560922131
298.0 19.5959675263996 604.2327571102009 584.6367895838013
299.0 21.14827238467082 616.6549506358132 595.5066782511423
300.0 17.64840796441026 584.1581503974301 566.5097424330198
301.0 17.35803262901735 582.7142449355838 565.3562123065664
302.0 20.89778582297734 620.7325328537689 599.8347470307915
303.0 18.20797806878357 588.6775150986828 570.4695370298992
304.0 19.56549732597888 604.6185930132473 585.0530956872684
305.0 19.54906211560104 611.0700322537859 591.5209701381848
306.0 19.40282921650002 604.8195846296771 585.4167554131771
307.0 17.68026659014786 584.7279046003868 567.0476380102389
308.0 19.58131111385528 609.6636316086131 590.0823204947578
309.0 17.93459792524302 592.325668118182 574.391070192939
310.0 14.66254131915233 560.0824236970146 545.4198823778623
311.0 17.24135569989075 583.4372800411539 566.1959243412631
312.0 18.93217492610595 603.9044858986664 584.9723109725604
313.0 17.09409415297323 581.1324353114583 564.0383411584851
314.0 16.63873448995971 582.6660924111385 566.0273579211788
315.0 19.02182900217712 609.3559717438834 590.3341427417063
316.0 15.87598478402187 573.4827315510135 557.6067467669916
317.0 17.58323440311827 586.213208724051 568.6299743209328
318.0 17.87678501777491 597.6581111513751 579.7813261336001
319.0 18.89212132880945 607.0946713781611 588.2025500493516
320.0 16.69610398827025 580.7065592167529 564.0104552284826
321.0 17.93700602549375 591.6292791120178 573.6922730865241
322.0 17.65168855430139 594.5458808514509 576.8941922971495
323.0 17.30161010471321 595.1131240518154 577.8115139471022
324.0 17.15872721535693 592.9228436547399 575.7641164393829
325.0 16.91855859188592 589.6432770341295 572.7247184422435
326.0 17.31724883711802 592.1463851305485 574.8291362934305
327.0 16.49576323491372 586.6411495124069 570.1453862774932
328.0 16.89933945644604 590.5243596883039 573.6250202318579
329.0 16.23718470619629 581.788024750636 565.5508400444397
330.0 15.40524612078218 569.2089353436544 553.8036892228722
331.0 16.54861945404906 588.3276030252735 571.7789835712244
332.0 16.20083725605596 585.7173520171072 569.5165147610512
333.0 15.94126017083818 579.2503948238314 563.3091346529932
334.0 16.22642744194992 588.4263582497947 572.1999308078447
335.0 12.38014779113618 544.7709508866768 532.3908030955406
336.0 15.71016051819273 579.8072982713802 564.0971377531874
337.0 13.16716312648681 552.6739816582224 539.5068185317356
338.0 14.92795317120513 572.6966530116438 557.7686998404386
339.0 15.10271546115486 574.8898086418445 559.7870931806896
340.0 14.73330311750949 567.7841556068577 553.0508524893483
341.0 14.17224245460372 565.1838612042742 551.0116187496705
342.0 14.57846088373017 574.1299925606175 559.5515316768873
343.0 14.57102385199599 572.9733827119241 558.4023588599281
344.0 15.63928017855307 586.8545187523764 571.2152385738233
345.0 14.61810227959132 577.4152123587414 562.79711007915
346.0 12.77685590799535 552.502977181637 539.7261212736416
347.0 13.09044432410292 554.5665875171013 541.4761431929984
348.0 13.9475565498775 566.493081451714 552.5455249018365
349.0 14.41922602998015 577.8018260258827 563.3825999959026
350.0 14.83127694212378 583.2516470156631 568.4203700735394
351.0 13.01932452417131 557.7309038824406 544.7115793582693
352.0 13.21253454322397 561.672142678693 548.459608135469
353.0 13.56093062289873 567.1324636666218 553.5715330437231
354.0 13.06964811629761 564.9074479901346 551.837799873837
355.0 13.63346571483361 571.4446912465083 557.8112255316747
356.0 13.18804445190949 563.9187796553982 550.7307352034887
357.0 13.04741121168918 567.5410728209217 554.4936616092325
358.0 13.17479866486466 569.8392772578375 556.6644785929729
359.0 13.32537252629693 568.2840078561124 554.9586353298155
360.0 12.48458593523563 558.6414237582224 546.1568378229868
361.0 10.91413701808565 543.2470926831705 532.3329556650849
362.0 11.1572740377612 539.974707302193 528.8174332644318
363.0 12.72227720912039 560.8483193506206 548.1260421415002
364.0 11.93762853498422 547.3677421978932 535.430113662909
365.0 11.51449734110621 551.4462293076566 539.9317319665503
366.0 12.61174614457123 565.6738638727786 553.0621177282074
367.0 8.547770936768679 517.2409517652165 508.6931808284478
368.0 12.56361673784907 565.7875987069745 553.2239819691254
369.0 11.17204739713581 550.429354305549 539.2573069084132
370.0 10.34254850482517 534.3313147617463 523.9887662569212
371.0 10.84388079680706 543.4242603031704 532.5803795063633
372.0 11.63169414970748 560.4284643115367 548.7967701618293
373.0 10.85114369093204 546.3025012969246 535.4513576059925
374.0 11.59560620536336 555.5957819998434 544.00017579448
375.0 10.96473396598923 550.7527822283107 539.7880482623215
376.0 11.13500622761895 556.7082000509803 545.5731938233614
377.0 11.03366160788298 554.18011956462 543.146457956737
378.0 10.51917322781229 546.5368248195383 536.017651591726
379.0 10.32539014548874 544.2519189477938 533.9265288023051
380.0 9.964219200706897 540.3406388629954 530.3764196622885
381.0 10.30914914269323 546.3689622146033 536.0598130719101
382.0 10.68314301642522 553.7484288914333 543.0652858750081
383.0 10.03253223651015 538.655297068676 528.6227648321658
384.0 10.62320361814306 554.871936320897 544.2487327027539
385.0 9.482338524070702 539.0823513809902 529.6000128569195
386.0 8.665963861315608 524.1485693988022 515.4826055374866
387.0 9.518729354098495 545.3434249807991 535.8246956267006
388.0 8.996539189686035 537.5514362866853 528.5548970969993
389.0 9.730325963031229 548.1057513402302 538.375425377199
390.0 8.819751573029029 532.6917162643606 523.8719646913316
391.0 9.15089479221799 542.9326840237886 533.7817892315706
392.0 8.764566886061687 533.9026152319883 525.1380483459266
393.0 8.994183062332589 537.7464712727981 528.7522882104655
394.0 9.601064125652259 549.0530801895551 539.4520160639029
395.0 8.834286308096496 539.7109268649599 530.8766405568634
396.0 8.110060670744466 529.7720775250358 521.6620168542913
397.0 8.525541975114741 534.1394739236973 525.6139319485825
398.0 8.306159939229539 530.711219896014 522.4050599567845
399.0 7.943177445418661 529.4157462704957 521.4725688250771
400.0 8.554106795562711 542.0681722412365 533.5140654456738
401.0 8.081645786905897 532.8276176965489 524.745971909643
402.0 7.829004257562684 527.5820557496287 519.753051492066
403.0 7.943518692607819 528.2933672218914 520.3498485292836
404.0 7.772294051684295 526.9662371836876 519.1939431320033
405.0 7.541811993690825 530.1641788645158 522.622366870825
406.0 7.081752033873326 521.9905571818456 514.9088051479723
407.0 7.083836040881538 525.4580224661512 518.3741864252696
408.0 7.467253663564456 526.3867116167182 518.9194579531538
409.0 7.249028185215476 527.1533041521795 519.904275966964
410.0 7.074434201638278 529.0048160357005 521.9303818340622
411.0 7.06594760063455 528.4568213133674 521.3908737127328
412.0 6.445772323444992 523.2500954424469 516.8043231190019
413.0 6.586801864230829 525.1270192720894 518.5402174078586
414.0 6.660833475012338 523.406859407839 516.7460259328266
415.0 6.901286665019627 527.9109434445855 521.0096567795659
416.0 6.568571735524619 525.5705734758308 519.0020017403061
417.0 6.893705054460953 530.3376937522232 523.4439886977623
418.0 5.865031629571933 498.8290489994589 492.964017369887
419.0 6.084993500061669 510.0096291410208 503.9246356409592
420.0 6.037425425085619 518.8657965852603 512.8283711601747
421.0 6.253666398474432 526.0985456466554 519.844879248181
422.0 6.004571687073378 513.4665090660611 507.4619373789878
423.0 5.666008655809508 513.27154415602 507.6055355002105
424.0 5.754820355886314 515.7565400799795 510.0017197240932
425.0 4.832083962499256 472.9377831902154 468.1056992277162
426.0 5.414680827695701 513.2074234056203 507.7927425779246
427.0 5.772894952407944 521.9861126476703 516.2132176952624
428.0 5.498110691543744 514.7326376888702 509.2345269973265
429.0 5.417715070457692 514.2396315109454 508.8219164404877
430.0 5.484832704476941 522.3689620696148 516.8841293651379
431.0 4.974293274184229 506.1566960892825 501.1824028150983
432.0 5.12822697387509 506.890727437922 501.7625004640469
433.0 5.079057646609174 511.0976108641382 506.0185532175291
434.0 5.034232623818319 509.6331564405687 504.5989238167504
435.0 4.595445113121482 492.568489374698 487.9730442615765
436.0 4.555952279500239 500.0030667610037 495.4471144815035
437.0 4.936727135270109 517.8914678361046 512.9547407008345
438.0 4.401729564442456 501.9213657701823 497.5196362057399
439.0 4.585651378375605 509.6006602298698 505.0150088514941
440.0 4.575864531083641 511.4537576595015 506.8778931284178
441.0 4.46810565389998 511.8666006553464 507.3984950014464
442.0 4.239040175578346 501.3715129419721 497.1324727663937
443.0 3.987085648934515 493.0244428077805 489.037357158846
444.0 4.431411794733541 514.5610716264384 510.1296598317049
445.0 4.069843100604616 502.3855387919527 498.3156956913481
446.0 4.001171096653853 504.4019044220637 500.4007333254099
447.0 3.953152356311575 504.3274054249352 500.3742530686236
448.0 3.848822301215595 492.3465910245729 488.4977687233573
449.0 3.635030238290108 492.326462797589 488.6914325592989
450.0 3.888737261291579 509.93904546225 506.0503082009584
451.0 3.453388442402933 495.6183177302177 492.1649292878148
452.0 3.401779964876102 491.9722652018259 488.5704852369498
453.0 3.257262971402034 488.9942908978485 485.7370279264465
454.0 3.306761565110246 488.1108851115621 484.8041235464518
455.0 3.220441711858435 487.7743752437219 484.5539335318635
456.0 3.012286078403759 480.3953350157551 477.3830489373514
457.0 3.171519845690908 493.1271102283868 489.9555903826959
458.0 3.195055056575885 490.4494935405078 487.2544384839319
459.0 3.011252831073116 485.317082780815 482.3058299497419
460.0 2.894309369748886 486.2401792485235 483.3458698787746
461.0 2.693128981460424 476.0769729448989 473.3838439634385
462.0 2.821345488210655 486.4716489850756 483.650303496865
463.0 2.736993702350366 486.2892798740152 483.5522861716649
464.0 2.504031506400284 476.4584491272211 473.9544176208208
465.0 2.449881216067703 477.4522388239193 475.0023576078516
466.0 2.40449749133212 477.8240632274148 475.4195657360827
467.0 2.36820596290018 476.0491515132741 473.6809455503739
468.0 2.181827043059397 472.6953998634375 470.5135728203781
469.0 2.115497386071626 470.0043041959598 467.8888068098881
470.0 2.153544653952843 472.7063198395068 470.552775185554
471.0 2.176466608603391 472.7649785017551 470.5885118931517
472.0 1.939419163309206 469.0433833786014 467.1039642152922
473.0 1.966944538475049 469.1421226296124 467.1751780911374
474.0 1.970486418044913 471.8834474710867 469.9129610530418
475.0 1.913914504228688 469.3235574495873 467.4096429453586
476.0 1.796388339657761 464.0410420741758 462.244653734518
477.0 1.672905894155351 466.1645696081649 464.4916637140096
478.0 1.862404443006682 467.5396794981666 465.6772750551599
479.0 1.63216013016817 465.4621397708347 463.8299796406666
480.0 1.354812454402033 460.2049872843773 458.8501748299752
481.0 1.450461732982439 463.952908876471 462.5024471434885
482.0 1.310875714106395 460.725758364141 459.4148826500346
483.0 1.305098361068178 458.7826851226787 457.4775867616105
484.0 1.373160435746821 460.7660259252291 459.3928654894823
485.0 1.09577821396101 455.9824543027284 454.8866760887674
486.0 1.108408638120088 456.0129176478383 454.9045090097182
487.0 1.034793290075385 455.1278581507453 454.0930648606699
488.0 1.005215855715405 455.0388330784072 454.0336172226918
489.0 0.9490114453626011 452.0491285157133 451.1001170703507
490.0 0.9794763382405012 450.9630158378957 449.9835394996552
491.0 0.8454977089630046 453.0280328483193 452.1825351393563
492.0 0.783238828187963 451.4414283276411 450.6581894994531
493.0 0.7083727085741587 447.787429967946 447.0790572593719
494.0 0.754227924128754 449.7894877584508 449.035259834322
495.0 0.6488480761064495 448.7205460335792 448.0716979574727
496.0 0.6040313006919185 444.9316669326076 444.3276356319156
497.0 0.511520839967986 446.5515415710359 446.0400207310679
498.0 0.5862290638569735 444.5843611890949 443.9981321252379
499.0 0.4434511233245248 444.1983182807034 443.7548671573789
500.0 0.3646891419385533 443.9761321726099 443.6114430306713
501.0 0.4332270532400276 443.3866246392313 442.9533975859913
502.0 0.3790233969588835 440.5844694898404 440.2054460928815
503.0 0.3426376961830227 440.8814664653406 440.5388287691576
504.0 0.1967394528732541 440.3048055126182 440.1080660597449
505.0 0.2554285315332882 439.2798965211012 439.0244679895679
506.0 0.2620907628998128 440.0104586780047 439.7483679151049
507.0 0.1980933018665752 438.4340029566379 438.2359096547714
508.0 0.1476898996992401 437.4563787925537 437.3086888928544
509.0 0.1147128506894366 435.0172753793341 434.9025625286446
510.0 0.1459733453986636 434.2803292613997 434.134355916001
511.0 0.1148514753779394 436.3240273273533 436.2091758519754
512.0 0.05865892569394415 432.7601634495923 432.7015045238984
513.0 0.07542487015648444 433.9048941466633 433.8294692765068
514.0 0.02907000721397127 432.7415084107345 432.7124384035205
515.0 0.07187632327812993 431.3035999981973 431.2317236749192
516.0 0.0148075419089774 429.9674107117825 429.9526031698735
517.0 0 428.8689393339225 428.8689393339225
518.0 0.03247412206463415 429.3170302434946 429.2845561214299
519.0 0.07998757437584525 428.7078520613537 428.6278644869778
520.0 0.01592996161551385 427.9899515179164 427.9740215563009
521.0 0.04765549892178636 426.2365037470646 426.1888482481428
522.0 0.09569777663643825 425.705462167562 425.6097643909255
523.0 0.07990441358838452 423.4236696787488 423.3437652651604
524.0 0.06761297484492734 423.6549091740435 423.5872961991986
525.0 0.04638958515007841 423.5061824382674 423.4597928531173
526.0 0.1519260772393501 422.7985158572819 422.6465897800425
527.0 0.273891109691569 419.8040472164255 419.530156106734
528.0 0.1816590648268469 420.1718320354385 419.9901729706117
529.0 0.1627202458157097 419.6248589118945 419.4621386660788
530.0 0.2769970256120044 419.166665636505 418.889668610893
531.0 0.2772843063277873 418.871473100523 418.5941887941953
532.0 0.3523497538777259 416.7290558280219 416.3767060741442
533.0 0.3930087787840439 415.5404681951512 415.1474594163672
534.0 0.4508333311106098 414.2382313701231 413.7873980390125
535.0 0.5074007459708261 414.2880507782834 413.7806500323126
536.0 0.5341373306492468 413.9485714607105 413.4144341300613
537.0 0.6291403882209251 413.354768667918 412.7256282796971
538.0 0.6599520678180259 411.7725455870119 411.1125935191938
539.0 0.8877614967752107 409.9466841074863 409.058922610711
540.0 0.8849088334767982 410.1227975870348 409.237888753558
541.0 1.114110206315388 408.2265951602246 407.1124849539092
542.0 1.028302989648298 406.4287016152095 405.4003986255612
543.0 1.076935711928113 408.0865853715335 407.0096496596054
544.0 1.215676756982045 407.6621425561722 406.4464657991901
545.0 1.401603025925941 408.2400713946411 406.8384683687152
546.0 1.474340117703124 408.186388680586 406.7120485628829
547.0 1.716028597680546 402.2571392242189 400.5411106265384
548.0 1.727560108110676 401.1178008873231 399.3902407792124
549.0 1.959350430970333 400.3951621060559 398.4358116750856
550.0 2.034818833761566 404.0266648736937 401.9918460399321
551.0 2.232339635785807 399.7416879876421 397.5093483518563
552.0 2.344405317848304 397.7545532819025 395.4101479640542
553.0 2.587449409326584 402.4318556086465 399.8444061993199
554.0 2.629439286861161 398.6700356878436 396.0405964009824
555.0 2.876952408344808 398.4919500938309 395.6149976854861
556.0 2.916391377930846 396.2066195527411 393.2902281748103
557.0 3.429190812499173 388.2425307609288 384.8133399484296
558.0 3.368452987035802 411.2014859722208 407.833032985185
559.0 3.318417946946906 405.7693304981144 402.4509125511675
560.0 3.988673006554326 386.0825284119354 382.0938554053811
561.0 4.401423391917509 379.9337520458346 375.5323286539171
562.0 5.130653149027468 371.3597100779613 366.2290569289338
563.0 4.925197469660038 382.019100407409 377.0939029377489
564.0 5.130163588077485 375.4337783417842 370.3036147537067
565.0 4.731922090254949 397.1720749414457 392.4401528511908
566.0 5.096203513798046 376.5868064529272 371.4906029391291
567.0 5.711552932374944 370.7636092856617 365.0520563532867
568.0 7.344761432683636 357.5710006910814 350.2262392583978
569.0 5.771700381744802 372.7506391798632 366.9789387981184
570.0 6.910058171951026 360.4103879877428 353.5003298157918
571.0 7.066341326337412 358.4358965046661 351.3695551783287
572.0 10.02869165942346 330.3078521765746 320.2791605171512
573.0 7.280952372276744 363.0842592772624 355.8033069049857
574.0 9.658363198679061 337.7426829036827 328.0843197050036
575.0 6.83240347659112 363.3017977073839 356.4693942307927
576.0 14.07098713431043 303.9284567904604 289.85746965615
577.0 14.30088344434146 303.2749227934905 288.9740393491491
578.0 7.475196875798486 361.7059690147583 354.2307721389598
579.0 11.47859471351627 329.7061141385894 318.2275194250731
580.0 22.3030936923921 261.0157522055268 238.7126585131347
581.0 16.23272999915089 295.7203812987341 279.4876512995832
582.0 19.54507255386212 277.6871507746823 258.1420782208202
583.0 23.03774198533003 262.5265388036731 239.4887968183431
584.0 25.90958886094732 253.5658752586667 227.6562863977194
585.0 33.03176775102951 226.4315447845728 193.3997770335433
586.0 31.95781927398008 230.399726782528 198.4419075085479
587.0 31.46941427011731 233.2321194337897 201.7627051636724
588.0 32.001285392251 231.0521532139775 199.0508678217265
591.0 39.34849009463219 205.722137 166.3736469053678
