0.0 20.05192988163821 781.6360264696122 761.584096587974
1.0 18.65914981498972 774.1495955335657 755.490445718576
2.0 18.00191068035427 777.1616382839545 759.1597276036003
3.0 17.49530513683148 777.4508429346159 759.9555377977845
4.0 17.17449355187317 779.820885600133 762.6463920482598
5.0 16.70959973733615 774.3325053696604 757.6229056323242
6.0 16.31794146573769 770.1158799963004 753.7979385305627
7.0 16.15960827984706 775.4682082773312 759.3085999974842
8.0 15.91586914667372 774.0550643020165 758.1391951553428
9.0 15.72398365440793 772.1882170094224 756.4642333550145
10.0 15.52115756940327 771.2290678756676 755.7079103062643
11.0 15.42525645455854 771.0500683488587 755.6248118943002
12.0 15.237211816219 769.6561492595437 754.4189374433247
13.0 15.17186741410033 771.2032493208964 756.031381906796
14.0 15.03059776981208 769.1059490781624 754.0753513083503
15.0 14.96641951295905 768.3801103293872 753.4136908164282
16.0 14.89690185101683 769.355037777623 754.4581359266062
17.0 14.83319057937884 768.6203041606375 753.7871135812587
18.0 14.75856271717854 768.2042920577013 753.4457293405227
19.0 14.69987440511136 768.426439148248 753.7265647431367
20.0 14.59819550687735 765.630241708421 751.0320462015436
21.0 14.5683949983584 766.6391213714361 752.0707263730777
22.0 14.53336076102109 766.8884651610599 752.3551044000389
23.0 14.42670745056602 763.7228162141163 749.2961087635502
24.0 14.43350796689443 765.6953715494896 751.2618635825952
25.0 14.33874488705091 763.9746972491232 749.6359523620723
26.0 14.35290545844882 765.2996723476797 750.9467668892309
27.0 14.29096266833769 763.472972243154 749.1820095748164
28.0 14.25056646016882 763.6269305743932 749.3763641142243
29.0 14.19417189602418 762.1622693079761 747.9680974119519
30.0 14.17805022471368 762.6777404090672 748.4996901843536
31.0 14.13096225922126 761.2763324622384 747.1453702030171
32.0 14.06127823863301 758.9469152196662 744.8856369810332
33.0 14.0377667371699 759.2586232236987 745.2208564865288
34.0 14.01186615463727 759.5391282372814 745.5272620826441
35.0 14.03804975427487 760.8637193681685 746.8256696138937
36.0 13.98217965505716 759.4713939842248 745.4892143291677
37.0 13.95611646929934 759.4860644483662 745.5299479790669
38.0 13.90926861552489 755.0278997239006 741.1186311083757
39.0 13.90430909861104 757.9671664189465 744.0628573203354
40.0 13.87524853364594 756.7942167808349 742.918968247189
41.0 13.86945498829905 758.44613392998 744.5766789416809
42.0 13.81464457769024 756.1695193374368 742.3548747597466
43.0 13.7327885543274 753.6086752499714 739.875886695644
44.0 13.75073462669149 755.259758333883 741.5090237071915
45.0 13.71992284557179 754.5032756285555 740.7833527829837
46.0 13.72794899912508 754.8607915887593 741.1328425896342
47.0 13.70250578325313 754.4726560365339 740.7701502532808
48.0 13.66057807925559 752.344917423785 738.6843393445294
49.0 13.69554474715704 754.9468525935585 741.2513078464015
50.0 13.59148175892576 751.2139306192177 737.6224488602919
51.0 13.6132490135123 753.4658073198702 739.8525583063579
52.0 13.60934725922211 752.392668205376 738.7833209461539
53.0 13.51231120564735 749.3113807703638 735.7990695647164
54.0 13.48262757697993 747.4776182490192 733.9949906720392
55.0 13.58156615106095 752.0440914834298 738.4625253323689
56.0 13.55509449692777 750.8725564417181 737.3174619447904
57.0 13.51692183365524 749.6631992746156 736.1462774409604
58.0 13.45690733588529 747.682372048798 734.2254647129127
59.0 13.47959217152339 747.3681956480348 733.8886034765114
60.0 13.46031352757577 746.7781855599878 733.317872032412
61.0 13.41727297202838 746.0593621574936 732.6420891854652
62.0 13.46545106331118 746.9475781773205 733.4821271140093
63.0 13.4476880019814 746.3966721325496 732.9489841305682
64.0 13.41250762685632 742.585408614017 729.1729009871606
65.0 13.46760909125113 745.6201030815362 732.1524939902851
66.0 13.37051985785864 742.4953793467549 729.1248594888963
67.0 13.50540724483102 747.1827070163594 733.6772997715284
68.0 13.38268039547217 741.2337579338009 727.8510775383287
69.0 13.43901865069826 743.2162649153989 729.7772462647007
70.0 13.45223695735842 742.9584697031229 729.5062327457644
71.0 13.45562861595718 743.8631136994334 730.4074850834762
72.0 13.3929585486448 740.064474417323 726.6715158686782
73.0 13.4264206678205 740.703013465859 727.2765927980385
74.0 13.47909148608955 740.7048738855983 727.2257823995087
75.0 13.43919216975895 739.3427357035906 725.9035435338316
76.0 13.47785281674399 741.8017668947588 728.3239140780148
77.0 13.47721370883001 739.5626445910255 726.0854308821955
78.0 13.44039199964624 737.0006330992095 723.5602410995632
79.0 13.5111642516394 739.593670882639 726.0825066309996
80.0 13.52407309160115 738.727708232709 725.2036351411079
81.0 13.48270546918581 736.8349764356242 723.3522709664383
82.0 13.38722264845511 734.1974709885491 720.810248340094
83.0 13.46647063558391 733.8712035439012 720.4047329083173
84.0 13.53558775771609 736.655493390095 723.1199056323789
85.0 13.4746706281044 734.2959324505372 720.8212618224328
86.0 13.46880195821303 732.4582811497599 718.9894791915468
87.0 13.52954285081863 732.4908898705626 718.9613470197439
88.0 13.55402954465782 734.5575241013085 721.0034945566507
89.0 13.52766752042129 729.1984854071659 715.6708178867446
90.0 13.5263902914335 730.1460978434154 716.6197075519819
91.0 13.55466437065873 729.6756890339232 716.1210246632645
92.0 13.39386061265394 722.1494790288112 708.7556184161573
93.0 13.45163880261603 723.4769216539758 710.0252828513597
94.0 13.61852062403554 729.4895838289683 715.8710632049327
95.0 13.62079362292509 726.486524800653 712.8657311777279
96.0 13.60681803050008 725.4841083044031 711.877290273903
97.0 13.65628744088382 727.5664587225616 713.9101712816778
98.0 13.60550930068267 717.9747017839315 704.3691924832488
99.0 13.75362440656294 725.9277028596863 712.1740784531233
100.0 13.86454889864343 725.7232645728867 711.8587156742433
101.0 13.88811536633879 726.0167770903213 712.1286617239825
102.0 13.67203701520633 715.4064362044206 701.7343991892143
103.0 13.94180919791636 723.400020495908 709.4582112979917
104.0 14.01171706234483 725.0781558946278 711.066438832283
105.0 14.13367735471553 728.3888727043381 714.2551953496225
106.0 13.92454302994662 718.5347923439143 704.6102493139677
107.0 14.20332180752551 726.4474896732353 712.2441678657098
108.0 14.14785336130842 723.8603613727999 709.7125080114915
109.0 14.11093194247645 718.7223969996785 704.6114650572021
110.0 14.25548834065422 719.3392862648007 705.0837979241464
111.0 14.19593632761703 718.3233304798151 704.1273941521981
112.0 14.54204027703876 729.0848662033812 714.5428259263424
113.0 14.39567546033799 715.4039451811809 701.0082697208429
114.0 14.62556467341736 723.8844037547917 709.2588390813743
115.0 14.40343166828113 716.6856596479418 702.2822279796607
116.0 14.44614103394665 716.5200202388648 702.0738792049181
117.0 14.57067318231832 718.601606569991 704.0309333876727
118.0 14.64416393932104 718.8556649285393 704.2115009892183
119.0 14.51764785639291 709.6447162789682 695.1270684225753
120.0 14.75399639918414 714.5679763418147 699.8139799426306
121.0 14.75133193601568 721.8619193262104 707.1105873901947
122.0 14.53473077139732 712.7454238181288 698.2106930467315
123.0 14.66401805706088 712.2438145790168 697.5797965219559
124.0 14.80433505282155 716.9597442097431 702.1554091569216
125.0 14.76405735516147 703.9049850281865 689.140927673025
126.0 15.15180484205038 719.4327614808265 704.2809566387761
127.0 14.74947470037139 706.9153593451221 692.1658846447507
128.0 15.071633240713 719.6107624916703 704.5391292509574
129.0 15.04429381209607 716.4997587419746 701.4554649298785
130.0 15.07167409630567 715.564661378526 700.4929872822203
131.0 15.11199461691106 717.7818002477213 702.6698056308102
132.0 14.93803083808116 711.4548207924474 696.5167899543662
133.0 15.36515319749762 719.5278079191469 704.1626547216492
134.0 15.14826552637374 713.5427739638524 698.3945084374787
135.0 14.94108455179559 703.948921064622 689.0078365128264
136.0 15.34527547868072 721.3427421277666 705.9974666490858
137.0 14.63438535749166 694.2867127925602 679.6523274350686
138.0 15.06305893495829 713.9847544291321 698.9216954941738
139.0 15.2414659139126 716.2211188640654 700.9796529501528
140.0 15.08982035258681 700.4874727175732 685.3976523649864
141.0 14.84348402234533 704.1994667431652 689.3559827208198
142.0 14.86269165523784 700.9669535780587 686.1042619228208
143.0 14.74566706783111 701.4328215832657 686.6871545154346
144.0 14.88822256337417 703.8562876345705 688.9680650711964
145.0 15.41819359541954 719.756469233071 704.3382756376515
146.0 15.22423913719473 714.5484681854043 699.3242290482096
147.0 15.05602628271249 704.6323903789353 689.5763640962228
148.0 14.92259988726877 710.2313057690497 695.3087058817809
149.0 14.70202104427647 695.5237767971954 680.821755752919
150.0 14.71444727901132 697.3450487978112 682.6306015187999
151.0 14.85315612369123 709.2400328612116 694.3868767375204
152.0 14.61224443411146 701.7365997223469 687.1243552882354
153.0 14.57839077820154 702.5558225397418 687.9774317615403
154.0 14.99628078354823 711.9055020620022 696.909221278454
155.0 14.94887582852895 711.12913582674 696.1802599982111
156.0 14.77087321599752 703.1032997620795 688.332426546082
157.0 14.80065113289309 707.7575677089367 692.9569165760436
158.0 14.17034241408208 681.6496794967718 667.4793370826897
159.0 14.73043767314417 706.9953298773859 692.2648922042418
160.0 14.85753056190775 710.1430149834838 695.285484421576
161.0 14.3071488008362 697.0542929493104 682.7471441484742
162.0 14.69622592423515 697.7533405013858 683.0571145771506
163.0 13.6455231040092 659.4097568258794 645.7642337218702
164.0 14.48572206364256 696.3935722532405 681.907850189598
165.0 14.66114551681813 707.2402215801439 692.5790760633258
166.0 14.19929719577154 695.2085904611812 681.0092932654097
167.0 14.48896864018238 703.0158448837749 688.5268762435925
168.0 13.90998456693487 677.1417193900489 663.231734823114
169.0 14.07668450683069 692.9171712859497 678.840486779119
170.0 14.29950268074846 700.1773427614981 685.8778400807496
171.0 14.06844259232604 689.7696234447346 675.7011808524086
172.0 14.74455346173034 702.6727858673918 687.9282324056614
173.0 14.54843815622231 700.6260125719002 686.0775744156779
174.0 14.4226253056002 701.9467781049867 687.5241527993865
175.0 13.43021960256922 655.0957451967648 641.6655255941956
176.0 14.36239350199828 700.2093492868095 685.8469557848112
177.0 14.4090261253146 698.0988657743133 683.6898396489987
178.0 14.43786186745855 697.7278740120159 683.2900121445573
179.0 14.01797721897964 692.2577191675738 678.2397419485942
180.0 14.33202490380101 701.3746681079542 687.0426432041531
181.0 14.48509389621898 700.2322656696235 685.7471717734045
182.0 13.74874266454942 684.2194522582572 670.4707095937078
183.0 13.13176104593365 665.6937329369465 652.5619718910128
184.0 14.32656674113943 702.2019200095944 687.875353268455
185.0 12.92246160740268 646.7030926477848 633.7806310403821
186.0 13.6766141077503 676.0991566486686 662.4225425409183
187.0 13.75768813480833 683.7467626135955 669.9890744787871
188.0 13.51772659869118 683.2716045946382 669.7538779959471
189.0 14.09923556251561 693.739066098222 679.6398305357064
190.0 13.90507374282749 685.5518070511444 671.6467333083169
191.0 13.47505941566938 682.6880805542766 669.2130211386072
192.0 14.18562234009156 696.6446318552471 682.4590095151556
193.0 13.96205458133566 691.9408104409032 677.9787558595676
194.0 13.5278077452707 680.0184389784425 666.4906312331718
195.0 13.85310785914044 686.0100877066804 672.1569798475399
196.0 13.2239770513547 673.0358965064171 659.8119194550624
197.0 13.77572328957487 683.9363169317364 670.1605936421615
198.0 13.09400087006947 672.2192526808769 659.1252518108074
199.0 13.85545563746343 685.5716513666904 671.7161957292269
200.0 13.95990634445201 693.0648966723665 679.1049903279145
201.0 12.32356333355745 640.8422543709966 628.5186910374392
202.0 13.75240151581961 691.9097224174159 678.1573209015963
203.0 12.71664085874972 660.1432337970891 647.4265929383393
204.0 12.93191947754327 670.2009573739026 657.2690378963594
205.0 13.48706558866451 679.9317648939161 666.4446993052516
206.0 13.10993299264803 665.5270862396674 652.4171532470194
207.0 13.10429548924089 664.0463628690879 650.942067379847
208.0 12.83070775534475 667.2195007786447 654.3887930233
209.0 13.19561728372536 669.5093708316464 656.3137535479211
210.0 12.23612536220039 642.9577673469126 630.7216419847123
211.0 13.54048200622625 679.9534084842251 666.4129264779989
212.0 13.0505289925814 672.3405219831522 659.2899929905708
213.0 13.39447859623871 680.3291637657977 666.934685169559
214.0 13.55016071545657 682.6226941024442 669.0725333869876
215.0 13.0382896576097 660.8764728825817 647.838183224972
216.0 13.28415736063281 683.8248677439344 670.5407103833016
217.0 13.04622595049653 671.5641161357624 658.5178901852659
218.0 13.44392051266819 671.8448260213134 658.4009055086452
219.0 12.71538333744584 659.1118516130119 646.396468275566
220.0 13.43975575753183 682.631166602978 669.1914108454461
221.0 13.0046474053419 675.3234016249769 662.318754219635
222.0 13.09440086259668 672.7158416402704 659.6214407776737
223.0 12.68011555287571 666.7163089442017 654.036193391326
224.0 13.16010390664614 669.3516417853363 656.1915378786902
225.0 13.28808907340785 675.3898774203174 662.1017883469095
226.0 12.81281917161086 663.1437987326442 650.3309795610333
227.0 13.0160881531349 671.5774193824509 658.561331229316
228.0 12.88462884040113 667.2535272462339 654.3688984058328
229.0 13.53834651612121 684.9439371977438 671.4055906816226
230.0 11.83192011007754 625.8391625936847 614.0072424836071
231.0 13.17663986981921 676.4886202171094 663.3119803472902
232.0 12.14456932309492 655.6436027036352 643.4990333805403
233.0 11.97128464210094 641.1918148099122 629.2205301678113
234.0 12.77784724837658 663.6680714503888 650.8902242020122
235.0 12.94123252840006 668.4703596925396 655.5291271641395
236.0 12.55593233095252 665.9017348077302 653.3458024767777
237.0 12.63713732438286 667.5792533412844 654.9421160169015
238.0 12.99182934507203 670.9361147762469 657.9442854311749
239.0 12.61104752648743 668.0651779739792 655.4541304474918
240.0 12.97310232007053 671.540325027059 658.5672227069885
241.0 12.10398803654398 652.5328711287297 640.4288830921857
242.0 12.24492723911791 655.1059084310782 642.8609811919603
243.0 12.72839956318628 670.1728013426911 657.4444017795049
244.0 12.45350215898124 662.4501388502158 649.9966366912346
245.0 12.94457192091363 670.1389928404205 657.1944209195069
246.0 12.69561043898124 665.0003649335689 652.3047544945877
247.0 12.68765106519821 675.8851608196037 663.1975097544054
248.0 12.27572203488959 660.4505582474685 648.1748362125789
249.0 12.10417098788054 658.0674253489422 645.9632543610617
250.0 12.21858192450405 653.5511143646092 641.3325324401051
251.0 12.22878222354325 665.7599821907572 653.531199967214
252.0 12.14936265161198 658.3031492291176 646.1537865775056
253.0 12.24824175058337 665.932103691476 653.6838619408926
254.0 12.01602538421305 648.3041432382114 636.2881178539984
255.0 11.660004017417 643.674331433184 632.014327415767
256.0 11.62832761447058 654.9989283789265 643.370600764456
257.0 11.37564677796037 641.9728045909336 630.5971578129733
258.0 11.47644905267211 640.6374926412608 629.1610435885887
259.0 12.11176481832176 661.3672976265575 649.2555328082357
260.0 12.09666998895889 657.3544372088445 645.2577672198856
261.0 11.52699653189862 648.9259747165652 637.3989781846666
262.0 11.7508915261709 656.3045094134478 644.5536178872769
263.0 12.01926322553888 658.5244975438242 646.5052343182853
264.0 11.58308823729542 655.3229594947415 643.739871257446
265.0 11.33300272941641 644.4925231749539 633.1595204455375
266.0 11.39613352971608 649.3445021614886 637.9483686317725
267.0 11.16611311550662 639.5854444453096 628.419331329803
268.0 11.35086384009488 647.3217890178941 635.9709251777992
269.0 11.58248919008897 658.2952993288887 646.7128101387998
270.0 10.54609690252499 620.650990655461 610.104893752936
271.0 11.33844678662098 656.3845815029214 645.0461347163004
272.0 11.2330424901444 648.7745931077222 637.5415506175778
273.0 10.86000568473774 640.1058834602758 629.2458777755381
274.0 11.31442397239614 655.7605018103738 644.4460778379776
275.0 10.92647674532248 647.5610727811666 636.6345960358441
276.0 10.44360396662305 633.7254779665809 623.2818739999579
277.0 11.05685169197484 653.088943174467 642.0320914824922
278.0 11.0031042031299 651.1530262951377 640.1499220920078
279.0 10.44672631982864 635.9786589037419 625.5319325839132
280.0 10.62531795347959 635.9954126988244 625.3700947453448
281.0 10.43741777604853 637.7693976409415 627.331979864893
282.0 10.40971692101625 634.8613211428777 624.4516042218614
283.0 10.32650344023355 640.3152252504058 629.9887218101723
284.0 10.29543878632373 629.1077414512416 618.8123026649179
285.0 10.61716722002047 643.3984242514584 632.7812570314379
286.0 10.35146367595489 635.757808985659 625.4063453097041
287.0 10.20060444957869 640.3502127246765 630.1496082750978
288.0 10.20223977386968 641.8205192647358 631.6182794908661
289.0 9.69896073978193 622.5044068174883 612.8054460777063
290.0 10.05092848516776 637.2615960345812 627.2106675494134
291.0 10.22031499909542 645.7948070631857 635.5744920640903
292.0 9.57507454226407 621.0856577764721 611.510583234208
293.0 9.3641663245315 613.3420535324804 603.9778872079489
294.0 9.728643091558461 627.5193329942327 617.7906899026742
295.0 9.648845600961574 631.9056881722165 622.2568425712549
296.0 9.581627507952184 630.015917094908 620.4342895869558
297.0 9.70507605947879 636.3414629233748 626.6363868638961
298.0 9.423607336989878 629.002572315064 619.5789649780741
299.0 9.970917961260572 639.3007904531241 629.3298724918635
300.0 9.270976244470243 614.7652920190609 605.4943157745906
301.0 9.029868626681393 613.2672146701678 604.2373460434864
302.0 9.474085874555412 638.2340241290929 628.7599382545375
303.0 9.160504707313039 624.2335917793924 615.0730870720793
304.0 9.305066958140044 630.285919393205 620.980852435065
305.0 9.004646250019029 628.2124041766817 619.2077579266627
306.0 9.139382444261133 630.0854230906708 620.9460406464096
307.0 8.864903950748529 620.8238299664434 611.9589260156949
308.0 9.04525118685236 630.6534557739332 621.6082045870808
309.0 8.788270494443359 619.6093991154055 610.8211286209622
310.0 8.272264158680094 599.5541251910517 591.2818610323716
311.0 8.581233889857136 619.0245211738779 610.4432872840207
312.0 8.784791950465751 627.2555013044156 618.4707093539499
313.0 8.583877487176038 617.7279406317214 609.1440631445454
314.0 8.269457467576471 610.9580501585669 602.6885926909904
315.0 8.486044386478267 627.4733524873651 618.9873081008868
316.0 8.346662807575252 606.554247961432 598.2075851538568
317.0 8.480773976749538 623.5156350780314 615.0348611012818
318.0 8.231023186718629 620.6780666622431 612.4470434755245
319.0 8.510299679333293 627.09426963371 618.5839699543768
320.0 8.147124020380216 615.5861414353695 607.4390174149893
321.0 8.382720762484234 625.9922165973702 617.6094958348859
322.0 8.173667078599561 620.3209611116491 612.1472940330496
323.0 7.888645790620753 617.3357982416821 609.4471524510614
324.0 7.911006798818798 616.9059621084932 608.9949553096744
325.0 7.794467701834687 616.4948061557109 608.7003384538762
326.0 7.909787814853863 620.0425886187946 612.1328008039408
327.0 7.673311172290254 613.0212708196041 605.3479596473139
328.0 7.757965934148703 616.4448237819601 608.6868578478114
329.0 7.517761416679805 614.1288652540024 606.6111038373226
330.0 7.601199628117265 611.9320649456904 604.3308653175732
331.0 7.533566792654811 614.9875193732909 607.4539525806361
332.0 7.352260579263825 611.7411271698111 604.3888665905473
333.0 7.382460441568205 613.5504674124109 606.1680069708427
334.0 7.241733055646103 612.1882362569188 604.9465032012727
335.0 6.945413864041845 592.6726864040711 585.7272725400292
336.0 7.255238639292273 611.2512998761004 603.9960612368081
337.0 6.835256258871426 596.4622400945484 589.6269838356769
338.0 6.928731932589371 607.4446335872777 600.5159016546884
339.0 6.814835524312228 608.6401953878124 601.8253598635002
340.0 6.898000558809969 607.8617361392873 600.9637355804773
341.0 6.748919220208445 603.2847981924263 596.5358789722179
342.0 6.572402217445871 604.0460120295182 597.4736098120723
343.0 6.612992500244468 605.6743861700946 599.0613936698501
344.0 6.776329333761545 610.3479041987535 603.5715748649919
345.0 6.491194146354192 603.5762079123386 597.0850137659844
346.0 6.279870648870776 596.3722197747936 590.0923491259229
347.0 6.335630217201938 599.67260328423 593.3369730670281
348.0 6.306798337370234 602.4585084858486 596.1517101484784
349.0 6.237091108865348 602.8372367769931 596.6001456681277
350.0 6.25978711787052 605.8722521976205 599.61246507975
351.0 6.058701374883209 598.45974713913 592.4010457642468
352.0 6.041418330317614 598.7610667193124 592.7196483889948
353.0 6.013533114634356 599.8410331912336 593.8275000765992
354.0 5.885370865138769 595.9319824795246 590.0466116143858
355.0 5.858174808808426 599.7220575737654 593.8638827649569
356.0 5.839922975032493 598.0288141019512 592.1888911269187
357.0 5.607395326213582 594.8741280634891 589.2667327372755
358.0 5.590579128949832 596.1626216421764 590.5720425132266
359.0 5.630865351096793 598.5190903973506 592.8882250462538
360.0 5.63439151779767 594.5234679261629 588.8890764083652
361.0 5.290411804844557 586.0204312615873 580.7300194567427
362.0 5.39162039481911 591.2272829379403 585.8356625431212
363.0 5.497882170371843 597.3841904412047 591.8863082708329
364.0 5.423063771479643 596.4022727431067 590.979208971627
365.0 5.180055981970415 588.8928734027111 583.7128174207407
366.0 5.233306928595501 594.6167448801174 589.3834379515219
367.0 4.918836263115662 577.0133133671401 572.0944771040244
368.0 5.130339232447682 595.0419648695518 589.9116256371041
369.0 4.941957452718411 587.8840270514505 582.9420695987321
370.0 4.907058498521729 586.9885809531732 582.0815224546514
371.0 4.859324919580992 587.5517336873689 582.6924087677879
372.0 4.756489291608839 588.707313163983 583.9508238723742
373.0 4.700788601653325 587.8410764690691 583.1402878674158
374.0 4.748189316352071 591.0241925649488 586.2760032485968
375.0 4.593888265768001 586.6036141926682 582.0097259269002
376.0 4.523314543828739 585.9367647373671 581.4134501935384
377.0 4.464043635005076 586.1222058371158 581.6581622021107
378.0 4.422422645024154 584.9650878341168 580.5426651890926
379.0 4.324670559817765 584.0987991419709 579.7741285821531
380.0 4.298746160311911 582.5828226918711 578.2840765315592
381.0 4.236135410520551 584.0006824356147 579.7645470250942
382.0 4.189115283478466 584.7802364430374 580.5911211595589
383.0 4.186169026355864 584.8011389125993 580.6149698862434
384.0 4.094781599862574 583.848763735726 579.7539821358634
385.0 3.977921243932215 579.628862995138 575.6509417512057
386.0 3.871040745959709 577.5988941843507 573.727853438391
387.0 3.735734018636719 577.1717210180323 573.4359869993955
388.0 3.70717047113652 575.2229973692807 571.5158268981441
389.0 3.726662741452572 578.545202319692 574.8185395782395
390.0 3.662167919764288 576.3678178572932 572.7056499375289
391.0 3.494687013585665 575.8708565496912 572.3761695361056
392.0 3.522341359035543 575.5403926589824 572.0180512999469
393.0 3.492689296885777 576.5674989441591 573.0748096472733
394.0 3.50124070322987 578.4807479284188 574.9795072251889
395.0 3.364524071693141 575.2977977781095 571.9332737064163
396.0 3.256476495427318 572.0329773564664 568.7765008610391
397.0 3.253083901617494 574.2767451817756 571.0236612801581
398.0 3.191078057159211 573.5345839805763 570.3435059234171
399.0 3.078255143985057 571.3263599433952 568.2481047994102
400.0 3.055226899501899 572.2271529727683 569.1719260732664
401.0 2.992392859491387 571.4213051864877 568.4289123269963
402.0 2.983122982099073 571.3028600201871 568.319737038088
403.0 2.941421678233786 572.5144185879498 569.572996909716
404.0 2.8685324703173 570.8263242093627 567.9577917390454
405.0 2.744195807819942 567.9291148793041 565.1849190714842
406.0 2.696598425213577 566.763370667213 564.0667722419994
407.0 2.600577834676005 566.3987587184047 563.7981808837286
408.0 2.67467262348116 569.0153239405599 566.3406513170788
409.0 2.560494786499935 567.3802899998615 564.8197952133615
410.0 2.450178288288373 565.147869699201 562.6976914109126
411.0 2.417038842368359 565.1886773140816 562.7716384717133
412.0 2.278838751212354 561.3469377215131 559.0680989703007
413.0 2.271347657418857 562.1262325891295 559.8548849317106
414.0 2.282342945782747 563.8892829994143 561.6069400536315
415.0 2.233126989884263 564.7554292261281 562.5223022362439
416.0 2.147107329095205 562.17559136108 560.0284840319848
417.0 2.118307861398001 563.935995934995 561.817688073597
418.0 2.076691919024712 562.3472570561152 560.2705651370905
419.0 1.999076635966638 561.8684452039973 559.8693685680307
420.0 1.94582634852884 560.1880232879738 558.2421969394449
421.0 1.891660065397693 560.2388322322545 558.3471721668568
422.0 1.859600007896916 560.6972398962242 558.8376398883272
423.0 1.759245801462159 558.1711669569751 556.411921155513
424.0 1.724836132505689 558.756714866194 557.0318787336883
425.0 1.676962254195244 557.3308990150919 555.6539367608966
426.0 1.584283568059657 556.2208240699955 554.6365405019359
427.0 1.57236060257288 557.2826375915011 555.7102769889282
428.0 1.560673872525021 557.0007886490528 555.4401147765278
429.0 1.481836881619955 556.2997579082692 554.8179210266493
430.0 1.403614780699557 554.9104610748882 553.5068462941887
431.0 1.367017417633416 553.7937632202711 552.4267458026377
432.0 1.353667943606654 554.8124201920848 553.4587522484781
433.0 1.248641974750012 553.7886718332749 552.5400298585249
434.0 1.267033803675894 554.2385794112463 552.9715456075704
435.0 1.17005806598776 552.6924906503751 551.5224325843874
436.0 1.121534128066026 551.7999092743132 550.6783751462472
437.0 1.090848839741925 551.8237257586604 550.7328769189184
438.0 0.9949239663204817 549.9130117621333 548.9180877958128
439.0 1.015392065119134 550.3357942801606 549.3204022150414
440.0 0.9642423576802515 550.176734756805 549.2124923991248
441.0 0.9105415955891413 549.1576623896368 548.2471207940477
442.0 0.8684596803231806 548.9487932992801 548.0803336189569
443.0 0.825706954250894 548.2196619560297 547.3939550017788
444.0 0.8018325888330758 548.2739429764106 547.4721103875775
445.0 0.7450165587081094 547.0063053295217 546.2612887708136
446.0 0.6814618924103494 546.0900250896718 545.4085631972614
447.0 0.6643601743601635 545.9546236138253 545.2902634394651
448.0 0.6288931044610502 546.1125756262455 545.4836825217845
449.0 0.614586486300841 545.5921411617154 544.9775546754146
450.0 0.5333715377323896 544.4280682803586 543.8946967426262
451.0 0.5212598117872237 544.1799103779477 543.6586505661605
452.0 0.5089594571571932 543.9944087000116 543.4854492428544
453.0 0.4321074375585575 542.8246588051852 542.3925513676267
454.0 0.427917129638219 543.0478519069563 542.6199347773181
455.0 0.4260345183890288 542.9700558598622 542.5440213414732
456.0 0.372167959268648 541.8208151436851 541.4486471844164
457.0 0.3566420225365377 541.6156079184407 541.2589658959041
458.0 0.3115541046120437 541.1973805064189 540.8858264018069
459.0 0.2877776416055461 540.8606699760589 540.5728923344534
460.0 0.2469154937331642 540.2225183559822 539.9756028622491
461.0 0.2423046001426019 539.9752668337607 539.7329622336181
462.0 0.2301277840545188 539.8485249719105 539.618397187856
463.0 0.1968112497136483 538.8834690934684 538.6866578437548
464.0 0.2043199148217369 539.1360237769555 538.9317038621337
465.0 0.1506977314346237 538.0781359139695 537.9274381825348
466.0 0.1270857283618696 537.4792812057874 537.3521954774255
467.0 0.1096748222566784 537.1831129899372 537.0734381676805
468.0 0.09841573976033503 536.4308284677284 536.3324127279681
469.0 0.1288888978037998 536.5810497083735 536.4521608105697
470.0 0.06462348605007293 535.8487798562168 535.7841563701667
471.0 0.0922556262318279 535.7625112417687 535.6702556155369
472.0 0.06140171572616795 535.1477139301241 535.086312214398
473.0 0.09223394783389682 535.1585301971483 535.0662962493144
474.0 0.04722885946847287 534.1202796407975 534.073050781329
475.0 0.04579692280647772 533.8665144063813 533.8207174835748
476.0 0.06074774965007784 533.8009789749229 533.7402312252728
477.0 0.1076048180951794 533.6446871125462 533.537082294451
478.0 0.06708002835850567 533.201090669396 533.1340106410375
479.0 0 531.6292976834352 531.6292976834352
480.0 0.0392644895278728 531.7002818339854 531.6610173444576
481.0 0.07865875638593432 531.9210324243319 531.842373667946
482.0 0.08691032285494814 531.2922674032115 531.2053570803566
483.0 0.0880434953056924 530.8782109886376 530.7901674933319
484.0 0.08146024374074952 530.3485032756811 530.2670430319403
485.0 0.1142507576497741 529.8407716135832 529.7265208559334
486.0 0.1397882744662191 529.3549422623963 529.2151539879301
487.0 0.1538023660744066 528.7703408487367 528.6165384826623
488.0 0.1540436983715709 528.9169388395551 528.7628951411835
489.0 0.1726864783986273 528.511699927057 528.3390134486584
490.0 0.237544217206124 528.2046914712429 527.9671472540367
491.0 0.2364335134108476 527.1103710479925 526.8739375345816
492.0 0.281388906952728 526.9794593667668 526.698070459814
493.0 0.2937352968735462 526.4571022205751 526.1633669237016
494.0 0.3350225820993287 525.9313332806276 525.5963106985282
495.0 0.3928995755378282 525.4488295296551 525.0559299541173
496.0 0.3392051667547055 524.8795709346453 524.5403657678906
497.0 0.4193427206891784 524.0336189555017 523.6142762348125
498.0 0.4854703400640222 524.2517284871073 523.7662581470433
499.0 0.5329442628842421 523.4729117899592 522.9399675270749
500.0 0.5429445469746254 523.1643833290401 522.6214387820655
501.0 0.6600431839065473 522.7194085875393 522.0593654036327
502.0 0.7395906634505983 522.2720272614475 521.5324365979969
503.0 0.7248523657087878 521.4407125598397 520.7158601941309
504.0 0.7316829426503829 520.7257081959906 519.9940252533402
505.0 0.8454910872057764 520.3044351044396 519.4589440172339
506.0 0.9081466244775371 519.4110626328448 518.5029160083672
507.0 0.9520240342670178 518.9291934180263 517.9771693837593
508.0 1.014351979079614 518.3640815207416 517.349729541662
509.0 1.16105900364799 518.102928950043 516.941869946395
510.0 1.261329715449516 517.8660528807337 516.6047231652842
511.0 1.244397220484857 516.5686000779921 515.3242028575073
512.0 1.335848933694819 515.9140044746505 514.5781555409557
513.0 1.453200016735442 514.222052495007 512.7688524782716
514.0 1.457819355522558 514.0434110126245 512.5855916571019
515.0 1.546110144170961 513.4142843632777 511.8681742191068
516.0 1.733768967222614 511.8668126630391 510.1330436958165
517.0 1.876418511924776 511.9394764399543 510.0630579280295
518.0 1.791586437989801 512.1325255215464 510.3409390835566
519.0 2.023280788266519 511.3011314140217 509.2778506257552
520.0 2.028342931958643 510.4238665042662 508.3955235723075
521.0 2.185424201001772 509.4278292560077 507.2424050550059
522.0 2.228540075957534 510.4487793685547 508.2202392925972
523.0 2.499586727613438 506.2967202494459 503.7971335218324
524.0 2.636015758549574 506.8335705155808 504.1975547570312
525.0 2.863298250764834 503.5122819446585 500.6489836938936
526.0 2.852174491308186 501.9795732683097 499.1273987770015
527.0 3.030664118854689 505.8304422879828 502.7997781691281
528.0 3.13352188764955 502.695932830496 499.5624109428464
529.0 3.316867683375195 501.4675236473522 498.150655963977
530.0 3.373983291055602 499.0616417976363 495.6876585065807
531.0 3.375066908253208 498.8974882369456 495.5224213286924
532.0 3.59169938143077 499.1867181578557 495.5950187764249
533.0 3.539924981207718 501.9087596668144 498.3688346856067
534.0 3.990775011421135 498.4552163535321 494.464441342111
535.0 4.048370202828943 499.596270818919 495.5479006160901
536.0 4.317191555999874 495.6517530912916 491.3345615352917
537.0 4.425203495321591 494.6089973726946 490.183793877373
538.0 4.890925842859597 483.5946849260497 478.7037590831901
539.0 4.784414517783435 491.2038839325471 486.4194694147637
540.0 4.869801776661267 497.6867158260577 492.8169140493964
541.0 5.556215443844298 482.9285022008067 477.3722867569624
542.0 5.462501149364519 488.2062569045228 482.7437557551583
543.0 5.777471081522624 474.184408836953 468.4069377554303
544.0 6.050877047138991 494.8386215331504 488.7877444860115
545.0 6.150470503502014 477.2337476587238 471.0832771552218
546.0 6.357481959128364 456.515577638851 450.1580956797226
547.0 7.120935628410264 458.6532571316064 451.5323215031962
548.0 8.130499584993036 438.7976895800424 430.6671899950494
549.0 8.32241352042354 467.8611165334002 459.5387030129767
550.0 6.340177313218556 502.9871169561057 496.6469396428872
551.0 8.917907445709832 430.1230074625388 421.2051000168289
552.0 9.088084816780636 434.3601161736226 425.272031356842
553.0 8.383365183174659 444.5967897392368 436.2134245560622
554.0 8.080646059410006 454.9559462127114 446.8753001533014
555.0 10.35592997868927 418.5765280916121 408.2205981129228
556.0 9.717467605619329 433.9658171608167 424.2483495551974
557.0 11.70741860253269 415.197044897717 403.4896262951844
558.0 8.629132574875899 445.2282257301992 436.5990931553233
559.0 9.131327261160487 440.8639955340193 431.7326682728588
560.0 11.94571992929472 419.6100576208971 407.6643376916023
561.0 14.00199536558336 399.2957847646809 385.2937893990975
562.0 16.02840238776688 382.3735700280639 366.345167640297
563.0 14.620334923893 394.2455980739454 379.6252631500524
564.0 15.32254669698905 391.5445400046151 376.221993307626
565.0 12.67800637745662 414.2374824518076 401.559476074351
566.0 15.86984255154722 381.3117620409275 365.4419194893803
567.0 17.00919869765858 377.1855714179446 360.176372720286
568.0 20.1837299360162 361.4595253826523 341.2757954466361
569.0 17.01239081165564 377.289753661107 360.2773628494513
570.0 19.57728450836044 362.3733754471954 342.7960909388349
571.0 19.76985723419147 363.035618446248 343.2657612120565
572.0 25.80250285566992 333.633338489839 307.8308356341691
573.0 19.80364584119367 363.7106133325725 343.9069674913788
574.0 24.67941874841918 341.0593518284866 316.3799330800674
575.0 19.27463366203795 364.487574565477 345.212940903439
576.0 32.83711879828497 305.998691329686 273.161572531401
577.0 33.21988140441805 304.1466467045165 270.9267653000984
578.0 20.19338124939857 361.7220917451463 341.5287104957478
579.0 27.64247656824014 329.7219947295739 302.0795181613337
580.0 46.04088534393956 261.735139472591 215.6942541286514
581.0 36.10522047165428 295.7221132235899 259.6168927519356
582.0 41.4584185412692 277.7191190846195 236.2607005433503
583.0 46.69829561895364 263.2524746570302 216.5541790380765
584.0 50.73419235110003 253.7003151287305 202.9661227776305
585.0 61.10666711695743 227.1088189925189 166.0021518755614
586.0 59.53902181554406 231.2546999375185 171.7156781219744
587.0 58.76220374227085 233.5576753804607 174.7954716381899
588.0 59.55041206373825 231.443996684238 171.8935846204998
591.0 70.04647405669918 205.722137 135.6756629433008
