0.0 16.76291031018494 789.2352782171348 772.4723679069498
1.0 15.44038539878008 783.9619619517324 768.5215765529523
2.0 14.74398128517562 785.2851546604219 770.5411733752463
3.0 14.22438423312127 785.7645186061308 771.5401343730095
4.0 13.86708886399958 787.80340769776 773.9363188337605
5.0 13.46017494181573 784.1644062032885 770.7042312614728
6.0 13.11382120547338 781.2141878748061 768.1003666693328
7.0 12.89559307433812 784.0433978876056 771.1478048132675
8.0 12.66773188349384 782.7650988602092 770.0973669767154
9.0 12.4935445453394 781.7136100496673 769.2200655043279
10.0 12.30147084823309 780.7671327062715 768.4656618580384
11.0 12.20501614463339 780.7997047778853 768.5946886332519
12.0 12.03507869513383 779.292875194826 767.2577964996921
13.0 11.95290223248538 780.0296207304488 768.0767184979634
14.0 11.83353909400923 778.6806487297964 766.8471096357872
15.0 11.77442848917287 778.5183139035381 766.7438854143652
16.0 11.69723869843248 778.5830307077477 766.8857920093152
17.0 11.64053766023874 778.174919898171 766.5343822379323
18.0 11.57305181273621 777.4810693317611 765.9080175190249
19.0 11.51245646458577 777.4069150688737 765.8944586042879
20.0 11.44144290407153 775.6343947248645 764.1929518207929
21.0 11.40423735204614 775.7093980523517 764.3051607003056
22.0 11.36664725822547 775.7479065905734 764.381259332348
23.0 11.29427046359581 773.7884715853734 762.4942011217776
24.0 11.28065470083077 774.751026518324 763.4703718174932
25.0 11.20619101945065 773.436768753141 762.2305777336904
26.0 11.20743801925439 773.9907931452529 762.7833551259985
27.0 11.16546356702315 772.8602243064625 761.6947607394393
28.0 11.12519910509984 772.6390746093398 761.5138755042399
29.0 11.0856500698824 771.6003821247145 760.5147320548322
30.0 11.06465626203307 771.7472527006861 760.6825964386531
31.0 11.03186276923066 770.9906722514925 759.9588094822619
32.0 10.98893080195191 769.3877449080448 758.3988141060929
33.0 10.96358309404337 769.3291877156045 758.3656046215611
34.0 10.93630308947045 769.2159551907852 758.2796521013147
35.0 10.94890494539667 769.8760450730029 758.9271401276062
36.0 10.90781124023902 769.0296151071566 758.1218038669176
37.0 10.88472520738458 768.6187111184998 757.7339859111152
38.0 10.87248076267209 767.5529295644111 756.680448801739
39.0 10.8472839945215 767.9038346708863 757.0565506763648
40.0 10.82966461611759 767.2629871360504 756.4333225199328
41.0 10.81300373875109 767.3839297734594 756.5709260347083
42.0 10.78329197169893 765.9709154198792 755.1876234481803
43.0 10.73195512864478 764.0958074348743 753.3638523062296
44.0 10.7339818844384 764.7646151988416 754.0306333144032
45.0 10.71145402115254 764.2396427911219 753.5281887699694
46.0 10.71459587469273 764.5431566960599 753.8285608213671
47.0 10.69703262490907 763.8563275635051 753.159294938596
48.0 10.67570468963389 762.8696299865272 752.1939252968933
49.0 10.68602812992232 763.9141539033628 753.2281257734405
50.0 10.62611873039153 761.2403932331369 750.6142745027454
51.0 10.62523707245717 762.2586649132726 751.6334278408155
52.0 10.63154282940589 761.7977768967337 751.1662340673278
53.0 10.57081619308397 759.577592962898 749.006776769814
54.0 10.56162761998599 758.464993751856 747.90336613187
55.0 10.61298209048659 760.895999005726 750.2830169152394
56.0 10.59909178484652 760.1787423402943 749.5796505554478
57.0 10.57860153802502 758.8944209784643 748.3158194404392
58.0 10.5417015138448 757.4905832794466 746.9488817656018
59.0 10.56536831870186 757.62125365329 747.0558853345881
60.0 10.55653761804602 756.752399757189 746.195862139143
61.0 10.52472681937201 755.8386562908661 745.3139294714941
62.0 10.5604207074927 756.7286982656142 746.1682775581215
63.0 10.55162460701907 756.0083317344078 745.4567071273887
64.0 10.55504087485309 754.1585283590497 743.6034874841966
65.0 10.58410379174371 755.1191692482887 744.535065456545
66.0 10.52539686872588 752.6435293551376 742.1181324864117
67.0 10.60792228285451 755.6225247789935 745.014602496139
68.0 10.55226381752291 751.8329974039272 741.2807335864043
69.0 10.58736497667776 752.9084069095125 742.3210419328347
70.0 10.60474875991232 752.6548272410922 742.0500784811799
71.0 10.60361830833768 752.491691788678 741.8880734803404
72.0 10.58291919764082 750.1504493749343 739.5675301772935
73.0 10.61106715676708 750.3930593507363 739.7819921939692
74.0 10.66312120593155 750.5206816534633 739.8575604475317
75.0 10.64324948923579 749.1035176058305 738.4602681165947
76.0 10.65766270686521 750.1372731099558 739.4796104030906
77.0 10.67882862125555 749.2087119974674 738.5298833762118
78.0 10.67493717193003 747.1426823347672 736.4677451628372
79.0 10.71815190721277 748.5607458069991 737.8425938997864
80.0 10.740232889226 748.1283785518751 737.3881456626491
81.0 10.72453165483691 746.3517496369763 735.6272179821394
82.0 10.66422931815778 743.9473134905698 733.283084172412
83.0 10.74050798952375 744.6220335198638 733.8815255303401
84.0 10.78541698376504 745.5593906032414 734.7739736194764
85.0 10.7546761827978 743.5489807065172 732.7943045237194
86.0 10.77155800712187 742.2237330832665 731.4521750761446
87.0 10.82970118022356 742.6130239820778 731.7833228018542
88.0 10.83670259711615 743.1110095962698 732.2743069991537
89.0 10.86366035004126 740.6947741528183 729.831113802777
90.0 10.86257474003759 739.9349721553506 729.072397415313
91.0 10.89121869093647 740.232909727963 729.3416910370265
92.0 10.81745193953921 735.1873001504909 724.3698482109517
93.0 10.86371237990291 735.5996799430448 724.7359675631419
94.0 10.97401100042795 738.1576577927746 727.1836467923466
95.0 11.00311180791882 737.2442866514207 726.2411748435019
96.0 11.00389296783944 736.1099096306637 725.1060166628243
97.0 11.0334265995914 737.0041172428565 725.9706906432651
98.0 11.08362588319943 732.0076817906843 720.9240559074849
99.0 11.15240966551184 735.7527543233795 724.6003446578677
100.0 11.26187090477674 736.3312364371996 725.0693655324229
101.0 11.29210465390107 735.3027109778086 724.0106063239075
102.0 11.19701885412456 728.4339662944124 717.2369474402878
103.0 11.37714108443617 733.535091757655 722.1579506732188
104.0 11.43404127964576 733.9650859775771 722.5310446979313
105.0 11.52116601238615 735.8064354166124 724.2852694042263
106.0 11.4285356136043 728.8467470618935 717.4182114482892
107.0 11.61665260878802 734.247435328063 722.630782719275
108.0 11.59607959569068 731.8557323674327 720.259652771742
109.0 11.61859236087496 728.5324225785294 716.9138302176544
110.0 11.74821821602829 730.1426933675471 718.3944751515188
111.0 11.71104452004481 728.0544170492743 716.3433725292295
112.0 11.93467918438125 735.1981804895338 723.2635013051526
113.0 11.9405857816469 726.9990885934767 715.0585028118298
114.0 12.08041306090586 731.8112371984012 719.7308241374953
115.0 11.95051143564041 725.6780566922865 713.7275452566461
116.0 11.99831410557955 725.2423332766809 713.2440191711014
117.0 12.09493460049269 727.2796757246772 715.1847411241845
118.0 12.16312068965544 727.8304526861209 715.6673319964654
119.0 12.1328272076684 723.006290872742 710.8734636650736
120.0 12.32835284362344 724.5684047307558 712.2400518871323
121.0 12.25177857266068 727.7133180346669 715.4615394620062
122.0 12.14331358170422 721.2829054895318 709.1395919078276
123.0 12.28473306428037 720.390425278364 708.1056922140836
124.0 12.3608193563737 724.8358115236324 712.4749921672587
125.0 12.46346213907636 717.7673956891092 705.3039335500329
126.0 12.68339391764194 726.5703229293971 713.8869290117551
127.0 12.42042151669721 718.8087703141669 706.3883487974697
128.0 12.60230217551336 726.3770967669669 713.7747945914536
129.0 12.61789357147902 723.4097102682374 710.7918166967584
130.0 12.64898727460774 723.8622331098238 711.213245835216
131.0 12.66982740198817 724.5028765308193 711.8330491288311
132.0 12.57820980235824 719.0433252803254 706.4651154779671
133.0 12.89914585543778 726.5330923424755 713.6339464870377
134.0 12.76261363798643 720.9329249228259 708.1703112848394
135.0 12.6563597905141 715.8332994088487 703.1769396183346
136.0 12.86501920430082 726.7124488431835 713.8474296388826
137.0 12.48072096301552 706.7672241286708 694.2865031656553
138.0 12.66185125162543 722.2666090126631 709.6047577610377
139.0 12.82077273231788 723.2392650481845 710.4184923158666
140.0 12.85265952148853 713.0635949195788 700.2109353980902
141.0 12.57547155567854 713.2043627097127 700.6288911540342
142.0 12.6239434463679 712.1740819783764 699.5501385320085
143.0 12.50949304759345 711.2238301273082 698.7143370797147
144.0 12.61139022651391 714.6719088896551 702.0605186631412
145.0 12.96194858582183 725.089719380105 712.1277707942832
146.0 12.82240209701763 722.1434099424756 709.3210078454579
147.0 12.77858886065987 714.4531333815719 701.674544520912
148.0 12.58565228155976 716.8773484305113 704.2916961489515
149.0 12.52158208887107 708.9725089995073 696.4509269106362
150.0 12.52717659079452 708.3814608176343 695.8542842268398
151.0 12.53143485659839 715.6239039165742 703.0924690599758
152.0 12.39216546050683 708.4450832633441 696.0529178028373
153.0 12.34548430252419 709.4041427992665 697.0586584967423
154.0 12.64612253295587 717.2053197626266 704.5591972296707
155.0 12.60436709135267 717.0813127156213 704.4769456242686
156.0 12.52507335807351 711.0083553386081 698.4832819805346
157.0 12.49974622732067 714.0499093863281 701.5501631590075
158.0 12.17141626646492 696.7295335412501 684.5581172747851
159.0 12.44524947946618 712.4911789434387 700.0459294639725
160.0 12.52880135137168 715.6521721131631 703.1233707617914
161.0 12.1519545666282 703.4087132166419 691.2567586500137
162.0 12.51451755580647 707.1976211064077 694.6831035506013
163.0 11.93501940781402 678.3627279959469 666.4277085881329
164.0 12.32109227407507 705.5747311101683 693.2536388360932
165.0 12.37456779824257 712.2874426527205 699.912874854478
166.0 12.05983559605484 702.8901287764693 690.8302931804145
167.0 12.25742268054827 708.4999129317091 696.2424902511608
168.0 11.99448356692441 689.1172434453106 677.1227598783862
169.0 11.97244878561262 700.0018438305383 688.0293950449257
170.0 12.1036708091861 705.9052825199497 693.8016117107636
171.0 11.99055321132563 699.3083227213286 687.3177695100029
172.0 12.51411321897241 709.1439527434739 696.6298395245015
173.0 12.34329044481492 707.3433819045085 695.0000914596936
174.0 12.20459723350528 707.5586676949405 695.3540704614352
175.0 11.77129180127683 675.0297170549828 663.258425253706
176.0 12.17372136646314 704.963814602335 692.7900932358719
177.0 12.23051268778804 705.6151404552356 693.3846277674476
178.0 12.27408741965098 704.0590022159003 691.7849147962493
179.0 11.91686949885471 699.9317794541301 688.0149099552754
180.0 12.12275262512127 706.6026397143523 694.4798870892311
181.0 12.28905720312064 706.2369818358457 693.947924632725
182.0 11.76155914883808 691.6710832606538 679.9095241118157
183.0 11.36256229175781 678.5031293094743 667.1405670177165
184.0 12.1115494419602 706.5937276210316 694.4821781790714
185.0 11.38130431321052 666.0042603048392 654.6229559916287
186.0 11.76707260846703 688.5804109542808 676.8133383458138
187.0 11.77842882112771 691.0865855399818 679.3081567188541
188.0 11.54589219675582 689.8263995972955 678.2805074005397
189.0 11.98173870928166 700.8596556775554 688.8779169682737
190.0 11.89944575534786 693.1197997194511 681.2203539641032
191.0 11.50569942636736 690.0687328113241 678.5630333849567
192.0 12.04444757992167 701.4961322666098 689.4516846866881
193.0 11.88151496932297 697.1875920001807 685.3060770308578
194.0 11.6084588681463 685.8420709663155 674.2336120981692
195.0 11.84331394207666 693.1442329004993 681.3009189584226
196.0 11.3758267552355 682.1589701741619 670.7831434189264
197.0 11.79053791334856 691.5601402661834 679.7696023528349
198.0 11.26617785219736 680.0105414271709 668.7443635749735
199.0 11.85502256120227 692.1916220391474 680.3365994779451
200.0 11.86615767887697 697.9699923440454 686.1038346651684
201.0 10.89356261903969 654.7581441648571 643.8645815458174
202.0 11.67151598440564 696.8727464314066 685.2012304470009
203.0 11.0403640267859 670.225457337751 659.1850933109651
204.0 11.12995290245638 678.0771419243872 666.9471890219308
205.0 11.56204616051767 686.5867349203981 675.0246887598804
206.0 11.34353544272508 677.9057021965287 666.5621667538036
207.0 11.3753450801231 674.4335520149211 663.058206934798
208.0 11.07076229936497 674.9915871890806 663.9208248897156
209.0 11.39383433417004 679.2318386042167 667.8380042700467
210.0 10.76336497974167 657.9891232970815 647.2257583173398
211.0 11.61312460595505 687.0896865065869 675.4765619006319
212.0 11.22729050328724 679.0836616844432 667.856371181156
213.0 11.47355687711065 685.4371266184361 673.9635697413255
214.0 11.59283428571755 688.4613294800854 676.8684951943678
215.0 11.33481515471081 673.8048479175133 662.4700327628025
216.0 11.3163134018571 688.2432677752361 676.926954373379
217.0 11.24034047346949 677.5323574022907 666.2920169288212
218.0 11.61772617307885 680.7798395669615 669.1621133938826
219.0 11.05345323497232 669.3559048136659 658.3024515786936
220.0 11.48803479904046 687.4208816046838 675.9328468056433
221.0 11.15001384463698 680.3386796648933 669.1886658202563
222.0 11.26276259716342 679.9533852091857 668.6906226120223
223.0 10.93059823074675 673.6374948277673 662.7068965970206
224.0 11.36794287648138 677.9037416647776 666.5357987882962
225.0 11.42798101943129 681.5429336152067 670.1149525957754
226.0 11.10776988137003 671.2477505509549 660.1399806695849
227.0 11.19584460084693 679.2631642169398 668.0673196160928
228.0 11.12749783566285 674.4893735298621 663.3618756941992
229.0 11.56034297688741 688.9551940221496 677.3948510452622
230.0 10.5926904253885 642.3799612949145 631.787270869526
231.0 11.31318447292825 680.729082437325 669.4158979643968
232.0 10.5408511678719 663.1735209832803 652.6326698154084
233.0 10.53068687271909 654.7051147446118 644.1744278718927
234.0 11.06800944323152 671.3394606323753 660.2714511891438
235.0 11.17063774260381 675.2025837372527 664.0319459946489
236.0 10.81836380680337 672.3737621636379 661.5553983568346
237.0 10.88062424176686 673.6021037335732 662.7214794918063
238.0 11.19873493006699 676.0754227179712 664.8766877879042
239.0 10.85014253493238 673.6832076014152 662.8330650664828
240.0 11.15488301835561 678.8485222602596 667.693639241904
241.0 10.54701081406875 659.7417793444556 649.1947685303869
242.0 10.63077115545194 665.3378009596056 654.7070298041536
243.0 10.94756059031315 674.6168897342082 663.669329143895
244.0 10.76292478375138 669.0932282838605 658.3303035001091
245.0 11.16432602756066 674.9860121230297 663.821686095469
246.0 10.97897377425308 670.697235521676 659.7182617474229
247.0 10.82688811137323 679.9403102224175 669.1134221110443
248.0 10.61015310434694 667.2532884330779 656.643135328731
249.0 10.4723735648244 664.5090265755862 654.0366530107618
250.0 10.63565984152006 662.4261906243295 651.7905307828094
251.0 10.50137275548703 670.5133226424299 660.0119498869428
252.0 10.51849099747066 664.3072944783864 653.7888034809157
253.0 10.51803765127122 670.6935481224336 660.1755104711624
254.0 10.48937423082155 659.3394122471571 648.8500380163355
255.0 10.20020518486509 654.0721129569338 643.8719077720687
256.0 10.04625947425801 659.7056615100971 649.6594020358391
257.0 9.944916151166341 651.1242047038848 641.1792885527185
258.0 10.06991616014212 649.4790812443767 639.4091650842345
259.0 10.43583724622116 667.4632171959031 657.0273799496819
260.0 10.45579710586797 666.4814739860918 656.0256768802239
261.0 10.00730737055648 656.9028421383341 646.8955347677777
262.0 10.13862094166845 662.8382104651318 652.6995895234633
263.0 10.38550204498732 664.2054178273399 653.8199157823526
264.0 9.982705605334171 661.8449901977475 651.8622845924134
265.0 9.863681779496369 653.8329331714762 643.9692513919799
266.0 9.865699420741176 657.6201511492863 647.7544517285451
267.0 9.759069365883909 649.6605381062559 639.901468740372
268.0 9.848771127348951 655.7055209962694 645.8567498689205
269.0 9.94539402725712 663.9567549755124 654.0113609482553
270.0 9.359121326951997 636.704138441852 627.3450171149
271.0 9.725821027085755 661.9626927434199 652.2368717163342
272.0 9.70208541304373 657.8086776197113 648.1065922066676
273.0 9.455210083232744 648.2793453791281 638.8241352958954
274.0 9.710560688619213 661.3169345379074 651.6063738492882
275.0 9.428956315018505 653.8732575885583 644.4443012735397
276.0 9.115590191779367 643.0778817488014 633.962291557022
277.0 9.486870529632192 658.6601339613024 649.1732634316702
278.0 9.457995682359395 657.0741212338492 647.6161255514898
279.0 9.086854012952487 645.2599994448098 636.1731454318573
280.0 9.260506769099299 646.3729975689834 637.1124907998841
281.0 9.063127593999696 645.4895709818033 636.4264433878036
282.0 9.070846348853479 643.4159233515421 634.3450770026887
283.0 8.913820049638512 647.9852234698095 639.071403420171
284.0 9.003318255882305 642.2739432489134 633.2706249930311
285.0 9.163292509721516 651.2745703181462 642.1112778084247
286.0 8.990799828387215 645.2630350883495 636.2722352599623
287.0 8.797497754884905 646.4701862907409 637.672688535856
288.0 8.778232506186947 647.824817788718 639.046585282531
289.0 8.501569694445442 634.4112519097603 625.9096822153148
290.0 8.677582880724693 645.0041414616077 636.326558580883
291.0 8.745726536831416 650.905774719529 642.1600481826976
292.0 8.383630749748593 634.6213447342399 626.2377139844913
293.0 8.257577187925386 630.0794167767413 621.8218395888159
294.0 8.476095125769461 637.3155592342778 628.8394641085083
295.0 8.352502133687249 638.8686559719766 630.5161538382893
296.0 8.295797266032526 639.030316854392 630.7345195883595
297.0 8.341936895606962 643.777561608597 635.43562471299
298.0 8.152534114322514 637.6940313311267 629.5414972168041
299.0 8.571668729096684 646.3871469607321 637.8154782316354
300.0 8.154972001008725 629.945383385202 621.7904113841933
301.0 7.940221454520491 627.2722027640605 619.33198130954
302.0 8.093654208586761 643.8208474325941 635.7271932240074
303.0 7.931828251315924 635.7396351576699 627.807806906354
304.0 8.016682689439028 638.5307114724331 630.5140287829941
305.0 7.751961291067788 635.0693466396336 627.3173853485658
306.0 7.852962577052732 638.0787913279364 630.2258287508837
307.0 7.685235283797768 631.7587038261585 624.0734685423608
308.0 7.753982783674395 638.0249863255431 630.2710035418687
309.0 7.628275896501352 630.1362668751802 622.5079909786788
310.0 7.31903126487253 619.7933875151469 612.4743562502744
311.0 7.419893838845887 630.3553942076911 622.9355003688452
312.0 7.535127689584741 635.0546550210991 627.5195273315143
313.0 7.43838266103677 629.456080011985 622.0176973509482
314.0 7.21754371779803 622.7133310387745 615.4957873209764
315.0 7.241953433227502 633.5161457660059 626.2741923327784
316.0 7.327244819903944 622.5725711231365 615.2453263032325
317.0 7.268339727468651 632.8025462902878 625.5342065628192
318.0 7.067616574378467 628.4704020494702 621.4027854750917
319.0 7.266775961992706 633.8625060383086 626.5957300763159
320.0 7.038396297265325 625.6293426695862 618.5909463723209
321.0 7.144625441733058 633.7258311832854 626.5812057415524
322.0 7.011678255445899 628.4816628580215 621.4699846025756
323.0 6.766828812606686 625.3212502281489 618.5544214155422
324.0 6.791218095112234 625.4839614692231 618.6927433741109
325.0 6.67894469551227 625.0796288575278 618.4006841620156
326.0 6.749583778057688 627.947327716123 621.1977439380653
327.0 6.600922909764464 622.2691291809412 615.6682062711767
328.0 6.643827148537678 624.8009134085524 618.1570862600147
329.0 6.431340605212243 622.7210285657012 616.2896879604889
330.0 6.529365511343567 622.8247608098692 616.2953952985256
331.0 6.436263951668095 623.4598764241857 617.0236124725176
332.0 6.303094945361821 619.6507596973236 613.3476647519618
333.0 6.301440832620151 622.2245688455272 615.9231280129071
334.0 6.18600258074516 619.910374507857 613.7243719271118
335.0 6.077235509934703 611.7990682518365 605.7218327419018
336.0 6.202102625020072 620.3798648518301 614.17776222681
337.0 5.946522073090484 611.1842111737115 605.2376891006211
338.0 5.923821914545644 616.7724327371816 610.848610822636
339.0 5.799761281181197 616.8011266933578 611.0013654121766
340.0 5.887862793589644 616.9968236685932 611.1089608750036
341.0 5.791540409276989 613.8873858867305 608.0958454774535
342.0 5.615109430134015 612.8483107463323 607.2332013161983
343.0 5.629318851099578 614.9246721254102 609.2953532743106
344.0 5.740971365153837 617.9097801492351 612.1688087840813
345.0 5.540222632074695 612.3102701056703 606.7700474735956
346.0 5.403105953450084 608.477441290291 603.0743353368409
347.0 5.416933839742597 611.1136782307163 605.6967443909737
348.0 5.366465755183786 611.4866506002924 606.1201848451086
349.0 5.298221218198558 610.8440203349364 605.5457991167378
350.0 5.282626878419437 613.2059693909573 607.9233425125379
351.0 5.162941215477839 608.6456981955197 603.4827569800419
352.0 5.141490340468983 608.9210124533022 603.7795221128332
353.0 5.106222221902536 608.893251094416 603.7870288725134
354.0 5.021072406928938 606.5507063309759 601.529633924047
355.0 4.956438929373601 607.923243140402 602.9668042110284
356.0 4.955413706739147 607.1361869375221 602.180773230783
357.0 4.769320548559851 603.4300188183061 598.6606982697462
358.0 4.734276598719042 604.6400030110472 599.9057264123282
359.0 4.745729396916228 606.390573338294 601.6448439413777
360.0 4.787376803993541 604.9086144845133 600.1212376805198
361.0 4.538386743191514 599.3001720372496 594.7617852940581
362.0 4.578802804147278 602.7458014178655 598.1669986137182
363.0 4.620781553140972 606.0120989699791 601.3913174168381
364.0 4.554056819004947 605.5846156967041 601.0305588776991
365.0 4.405560233534452 599.4908971941234 595.085336960589
366.0 4.395512878065474 602.8450347890337 598.4495219109683
367.0 4.253283983389577 594.8331399642739 590.5798559808843
368.0 4.287743737289671 602.8519364288294 598.5641926915397
369.0 4.177537962435416 598.5614536003104 594.383915637875
370.0 4.14862409520609 598.4268075112209 594.2781834160148
371.0 4.101183270494746 597.8408260159888 593.7396427454941
372.0 3.99179960110886 597.538134865999 593.5463352648902
373.0 3.939452883428117 597.6760344863198 593.7365816028916
374.0 3.954482841362467 599.2031462645579 595.2486634231955
375.0 3.851596466286831 596.1271833936409 592.2755869273541
376.0 3.792664502987959 595.0738428716172 591.2811783686292
377.0 3.73309360536043 594.8101856089365 591.0770920035761
378.0 3.700486959518921 594.5239646927017 590.8234777331827
379.0 3.613793668027052 593.6470211721475 590.0332275041204
380.0 3.602275260036477 593.0402943841254 589.4380191240889
381.0 3.526126024666846 593.4347561026769 589.9086300780101
382.0 3.473911670436263 593.3615769859069 589.8876653154706
383.0 3.467272227390578 593.7374479005682 590.2701756731776
384.0 3.393548693595669 592.1772760299844 588.7837273363887
385.0 3.319808023207999 589.9713296009169 586.6515215777089
386.0 3.236643679168998 588.4276230772825 585.1909793981135
387.0 3.115327198168036 586.8120342209385 583.6967070227704
388.0 3.105490549346905 586.0030807546636 582.8975902053167
389.0 3.091123308543831 587.5331909746555 584.4420676661117
390.0 3.047018867206535 586.594933345733 583.5479144785265
391.0 2.891073534917713 585.2395959079559 582.3485223730382
392.0 2.917907577668418 585.6830304223367 582.7651228446683
393.0 2.880417513009901 585.7118069980213 582.8313894850114
394.0 2.868855002265027 586.6895721375123 583.8207171352473
395.0 2.76605812567416 584.7639285790907 581.9978704534165
396.0 2.69636005516096 582.4075192093944 579.7111591542334
397.0 2.669768674603577 583.4596702105942 580.7899015359906
398.0 2.615945864509523 582.909175895948 580.2932300314385
399.0 2.527943806964882 581.3730799421778 578.8451361352129
400.0 2.499572567238869 581.2842382568619 578.784665689623
401.0 2.445770313350107 580.6540389300672 578.2082686167171
402.0 2.434572902385129 580.9709723036311 578.536399401246
403.0 2.380895611304841 581.3526834590677 578.9717878477628
404.0 2.328533172361723 580.0550468249031 577.7265136525414
405.0 2.239723043623694 577.729017007217 575.4892939635933
406.0 2.203811029745556 577.1122183157034 574.9084072859578
407.0 2.113512393843989 576.4738099941327 574.3602976002887
408.0 2.159718904819067 577.9652531542329 575.8055342494139
409.0 2.064025753910771 576.7558948020817 574.6918690481709
410.0 1.980956781127575 574.9709063257559 572.9899495446283
411.0 1.949111763273965 574.6923047639285 572.7431930006546
412.0 1.855573236887629 571.9709821439826 570.115408907095
413.0 1.838705208441097 572.5144414610536 570.6757362526125
414.0 1.830184368309407 573.4774330961175 571.6472487278081
415.0 1.77281746896226 573.6844538484547 571.9116363794925
416.0 1.718313335030739 571.6975102982954 569.9791969632646
417.0 1.670554571227406 572.5487876347174 570.87823306349
418.0 1.647114625272909 571.4733113962536 569.8261967709807
419.0 1.576447241144094 570.8307953827398 569.2543481415957
420.0 1.540505233214087 569.9357897298447 568.3952844966306
421.0 1.488979090865113 569.4306470589917 567.9416679681266
422.0 1.453139595368619 569.4584250833383 568.0052854879697
423.0 1.383067571753619 567.5231196623931 566.1400520906395
424.0 1.341767702334696 567.8393804703638 566.4976127680291
425.0 1.313816905306554 566.4336772583928 565.1198603530863
426.0 1.23424103069775 565.4701648724923 564.2359238417946
427.0 1.211768848076587 565.895631930463 564.6838630823864
428.0 1.201366806668512 565.939408424103 564.7380416174345
429.0 1.133217767536267 564.9948431555552 563.8616253880189
430.0 1.073226381425368 563.697494655552 562.6242682741267
431.0 1.049391030745015 562.9422767259054 561.8928856951604
432.0 1.02592273292303 563.3151855503847 562.2892628174616
433.0 0.9350893893352206 562.1535952154856 561.2185058261504
434.0 0.9467784167548603 562.6559275512175 561.7091491344626
435.0 0.8712938783528549 561.0249554876429 560.15366160929
436.0 0.8325716829894373 560.4263867413488 559.5938150583594
437.0 0.8024705753414319 560.2615392723681 559.4590686970267
438.0 0.7317597508656485 558.4563556873941 557.7245959365284
439.0 0.7469450104848007 558.8215916496265 558.0746466391417
440.0 0.6987373610045328 558.4506127326508 557.7518753716463
441.0 0.6579440670025012 557.5569071882918 556.8989631212893
442.0 0.6182956077799429 557.3364513537226 556.7181557459427
443.0 0.5864776742625765 556.4584119201794 555.8719342459168
444.0 0.5624039368999297 556.3911463259228 555.8287423890229
445.0 0.5227981664487417 555.1341996370972 554.6114014706484
446.0 0.4717403196231233 554.1847677791601 553.713027459537
447.0 0.456246904866368 554.0535018222139 553.5972549173475
448.0 0.4191586182355001 554.0374250018672 553.6182663836317
449.0 0.4118187457557588 553.5324412692099 553.1206225234542
450.0 0.3471046054418959 552.2588898017809 551.911785196339
451.0 0.3369536311026984 552.1736659755075 551.8367123444048
452.0 0.3286072376484074 551.7889638545092 551.4603566168608
453.0 0.2675647620646496 550.5955217635372 550.3279570014726
454.0 0.2607489260087265 550.7313380570378 550.470589131029
455.0 0.2604385303337699 550.5639648015868 550.303526271253
456.0 0.2220564890642289 549.4531294913002 549.2310730022359
457.0 0.2098279140686759 549.1593452959297 548.9495173818611
458.0 0.1711201407911483 548.6021816496696 548.4310615088785
459.0 0.1530811088503893 548.0856994179927 547.9326183091423
460.0 0.1206554981586514 547.4562196475343 547.3355641493756
461.0 0.1205987088801958 547.0554095482417 546.9348108393615
462.0 0.1106829128759575 546.8288252379638 546.7181423250878
463.0 0.089945746341742 545.9668445332088 545.8768987868671
464.0 0.09433811636051484 546.1484109577766 546.0540728414161
465.0 0.0556534795807048 545.0057875588753 544.9501340792946
466.0 0.04039404182232649 544.3909289235616 544.3505348817393
467.0 0.02760309794495759 544.0120929872164 543.9844898892714
468.0 0.02578606906758303 543.4071950783418 543.3814090092742
469.0 0.05559315196488882 543.3996192321321 543.3440260801672
470.0 0.002247782643658408 542.4837956893322 542.4815479066885
471.0 0.03163905991078669 542.3736230491845 542.3419839892737
472.0 0.009026785182163793 541.7529959052789 541.7439691200967
473.0 0.04137687209105564 541.5863607324292 541.5449838603382
474.0 0.009906013265687172 540.6477424966379 540.6378364833722
475.0 0.01373215298012982 540.1719346523246 540.1582024993445
476.0 0.02979522002673483 540.086143931958 540.0563487119312
477.0 0.07803300111667449 540.1072535166425 540.0292205155259
478.0 0.04555048237604474 539.3750134576965 539.3294629753205
479.0 0 537.796632850707 537.796632850707
480.0 0.03744376584569276 538.0203913403397 537.9829475744941
481.0 0.07487141242294371 538.1378049492778 538.0629335368549
482.0 0.09184600575838506 537.5562713862887 537.4644253805303
483.0 0.09994804954212035 537.0015560345913 536.9016079850492
484.0 0.1017516560698864 536.343276655336 536.2415249992661
485.0 0.1405882997303381 536.05278730197 535.9121990022397
486.0 0.1735982402431678 535.5358848967786 535.3622866565354
487.0 0.1966503789883003 534.8766520282807 534.6800016492924
488.0 0.1945245114500245 535.047392139997 534.852867628547
489.0 0.2214904146317913 534.3241571727877 534.102666758156
490.0 0.289581032514787 534.3120900630153 534.0225090305005
491.0 0.3030083444768744 533.3327338554345 533.0297255109577
492.0 0.3513554176812802 533.0554267623743 532.704071344693
493.0 0.3722358028799882 532.424852896232 532.052617093352
494.0 0.4206460110611934 532.0111208331264 531.5904748220652
495.0 0.4842783784109733 531.7834924763412 531.2992140979302
496.0 0.4423844328390925 530.6409566306632 530.1985721978241
497.0 0.5314254513419086 530.3321311722444 529.8007057209025
498.0 0.5963226731473982 530.4203360132009 529.8240133400535
499.0 0.6555643210036179 529.6345412177657 528.978976896762
500.0 0.6700698856612132 529.2895511181211 528.6194812324599
501.0 0.792609750606493 529.198864033801 528.4062542831945
502.0 0.8791603273940547 528.8216288781865 527.9424685507924
503.0 0.8796083317780003 527.5065469121049 526.6269385803269
504.0 0.8946463916475105 527.0367845285307 526.1421381368832
505.0 1.014058042925432 526.9007698790742 525.8867118361488
506.0 1.087381325726225 526.4065032877582 525.319121962032
507.0 1.137606448855237 526.0563315028979 524.9187250540427
508.0 1.21129572068753 525.1470246357534 523.9357289150659
509.0 1.359623145021348 525.4228223202025 524.0631991751811
510.0 1.464610782759614 525.1922948808523 523.7276840980927
511.0 1.467219288326168 523.711569774769 522.2443504864428
512.0 1.566579535413211 523.4249949885629 521.8584154531497
513.0 1.707980642517249 521.9589490792241 520.2509684367069
514.0 1.715353553211591 521.7528637974851 520.0375102442736
515.0 1.814805627261926 520.9881566993292 519.1733510720673
516.0 2.021769869353372 520.1634756828595 518.1417058135061
517.0 2.165951087063521 520.1459321774643 517.9799810904008
518.0 2.07917677211495 520.0388369715491 517.9596601994342
519.0 2.320723205206719 519.8937280049442 517.5730047997375
520.0 2.337392269138128 519.1780066034239 516.8406143342858
521.0 2.509323501247385 518.4157404484355 515.9064169471881
522.0 2.53913690065494 519.2565951063714 516.7174582057165
523.0 2.86568670873173 516.2431870735653 513.3775003648335
524.0 2.99296499414672 517.1071765924164 514.1142115982696
525.0 3.262242535095792 514.9682167841914 511.7059742490956
526.0 3.271824532249707 513.7509976624919 510.4791731302422
527.0 3.414052503721077 515.2067181674305 511.7926656637094
528.0 3.549081462119698 514.0234084902507 510.474327028131
529.0 3.749045243045601 513.2536368411653 509.5045915981197
530.0 3.842351495777437 510.8071688279855 506.9648173322081
531.0 3.854112553463666 509.4523638756187 505.598251322155
532.0 4.069933662299372 509.6485192789112 505.5785856166119
533.0 3.979327835945036 512.2045583110986 508.2252304751535
534.0 4.483124889499884 509.1306196124337 504.6474947229338
535.0 4.503152272343013 513.3804113407527 508.8772590684097
536.0 4.841357522211456 508.1819173116587 503.3405597894473
537.0 4.957789213420737 508.0748203871991 503.1170311737784
538.0 5.580847209524479 498.6346512916652 493.0538040821407
539.0 5.371093394755989 505.0971051996697 499.7260118049137
540.0 5.359560123880465 511.9733134099415 506.613753286061
541.0 6.271225366824749 497.1242977020756 490.8530723352508
542.0 6.095108873490419 503.112865558051 497.0177566845605
543.0 6.572582463909058 496.1485206056195 489.5759381417104
544.0 6.543492899189673 515.9197983401121 509.3763054409224
545.0 6.920202728848231 496.5289773699901 489.6087746411418
546.0 7.543922100276659 458.9882548022429 451.4443327019662
547.0 8.277244553938354 462.4619654890377 454.1847209350993
548.0 9.586607805778001 442.4357905694151 432.8491827636371
549.0 8.949774848438264 530.2229959734727 521.2732211250345
550.0 6.800261158866941 513.739429560542 506.939168401675
551.0 10.52628583893811 431.3827810110667 420.8564951721286
552.0 10.63068984873674 436.6513017558014 426.0206119070647
553.0 9.774872034710824 446.2145640614204 436.4396920267096
554.0 9.315751360780856 457.1268742615622 447.8111229007813
555.0 12.1525643333344 419.4217057820332 407.2691414486988
556.0 11.27917092273175 435.629945095962 424.3507741732303
557.0 13.56521134595146 416.8790900844094 403.313878738458
558.0 10.02162053595373 445.98933535218 435.9677148162262
559.0 10.59073022014461 441.9596860662976 431.368955846153
560.0 13.75045989987691 420.395962241475 406.6455023415981
561.0 16.12267740815479 400.5180756978639 384.3953982897091
562.0 18.42458089753108 382.891400136621 364.4668192390899
563.0 16.82922828025829 394.4753832057574 377.6461549254991
564.0 17.57711044602648 392.1566166041665 374.57950615814
565.0 14.57220875758398 414.7196808993209 400.147472141737
566.0 18.28109040600034 381.5357290732145 363.2546386672142
567.0 19.49438646535044 377.5678144355132 358.0734279701628
568.0 22.94060437120767 361.5443383826503 338.6037340114427
569.0 19.49642944539414 377.6339954305306 358.1375659851365
570.0 22.3123119081881 362.4848973376976 340.1725854295095
571.0 22.49769000081108 363.2103584097442 340.7126684089331
572.0 29.03537049799498 333.8497241647423 304.8143536667473
573.0 22.52360457237536 363.7156738842907 341.1920693119153
574.0 27.79077511589416 341.2182605815939 313.4274854656997
575.0 21.97513343419348 364.6085455754261 342.6334121412326
576.0 36.56466885834158 306.1767798809301 269.6121110225886
577.0 36.97991016707118 304.2418181649136 267.2619079978425
578.0 22.94729386850307 361.7221178490375 338.7748239805344
579.0 30.95894416171771 329.7220658866083 298.7631217248906
580.0 50.58863859654397 261.817200434424 211.22856183788
581.0 40.02721617887299 295.7221242617113 255.6949080828383
582.0 45.71347272800465 277.7200111307964 232.0065384027917
583.0 51.23393839916877 263.3125272724155 212.0785888732468
584.0 55.46400171139465 253.7057418043093 198.2417400929146
585.0 66.36318143913207 227.170906483204 160.8077250440719
586.0 64.7140231577097 231.32140024722 166.6073770895103
587.0 63.89359594875817 233.5820161202737 169.6884201715155
588.0 64.72312194000721 231.4772390083035 166.7541170682962
591.0 75.73590271793274 205.722137 129.9862342820672
