0.0 12.30931816906844 800.844379587004 788.5350614179355
1.0 11.04339316556182 797.4437292519495 786.4003360863877
2.0 10.31824345229257 797.9319651587787 787.6137217064861
3.0 9.77975236039829 798.3137872948707 788.5340349344725
4.0 9.384200799249444 799.468434371818 790.0842335725685
5.0 9.021448536027288 797.5844043013295 788.5629557653022
6.0 8.711991201126921 795.9368838869623 787.2248926858354
7.0 8.45881983708258 796.5129490836534 788.0541292465708
8.0 8.24856749526214 795.5140012728917 787.2654337776295
9.0 8.084899853601709 795.0339115835062 786.9490117299045
10.0 7.906799543507745 794.1549074271284 786.2481078836207
11.0 7.807193677362321 794.2206077597136 786.4134140823512
12.0 7.663035827852458 792.7638605240327 785.1008246961802
13.0 7.571733492594109 792.8817157630293 785.3099822704352
14.0 7.471720315047358 791.9119482565619 784.4402279415145
15.0 7.410977283130999 792.0448348152358 784.6338575321048
16.0 7.336842483546867 791.6014439517728 784.264601468226
17.0 7.28478437080588 791.3755290906187 784.0907447198128
18.0 7.230367692928872 790.6311580163693 783.4007903234404
19.0 7.173749630430871 790.1843180977037 783.0105684672728
20.0 7.126927483218068 789.2188211457746 782.0918936625565
21.0 7.092847538563263 788.8657977700454 781.7729502314822
22.0 7.056478761023469 788.6292746405721 781.5727958795486
23.0 7.011515800696402 787.4968514538525 780.4853356531561
24.0 6.987975731369789 787.6207776724211 780.6328019410513
25.0 6.932727928337967 786.770208579393 779.8374806510551
26.0 6.929938285178091 786.7189062217855 779.7889679366074
27.0 6.902901710129979 786.1450860061377 779.2421842960077
28.0 6.868860462646281 785.6815823916912 778.8127219290449
29.0 6.844796820837542 785.0118165356358 778.1670197147983
30.0 6.824302780124089 784.7982366085979 777.9739338284739
31.0 6.801185843019937 784.4101136040584 777.6089277610385
32.0 6.781803165772329 783.4369476888966 776.6551445231243
33.0 6.759382165867569 783.1774067177123 776.4180245518448
34.0 6.737184593576401 782.7453559394968 776.0081713459204
35.0 6.743253097525552 782.8538674826746 776.110614385149
36.0 6.714310705234435 782.292965989262 775.5786552840275
37.0 6.699873575564929 781.8280543222498 775.1281807466849
38.0 6.694618290699929 781.7633528883359 775.068734597636
39.0 6.672447143588498 781.3064697911946 774.6340226476061
40.0 6.666250213397825 780.7000034351036 774.0337532217058
41.0 6.653295544553595 780.3231380512286 773.669842506675
42.0 6.643759103671728 779.4907044447684 772.8469453410967
43.0 6.61933447061142 778.4367601965549 771.8174257259435
44.0 6.616908422694414 778.3369345721122 771.7200261494178
45.0 6.604077159939218 777.7813107399681 771.1772335800289
46.0 6.604179324363812 777.7767731357556 771.1725938113917
47.0 6.598993725236936 777.2025291049129 770.6035353796759
48.0 6.590220031269802 776.7072255245342 770.1170054932644
49.0 6.592499126741274 776.676753862595 770.0842547358538
50.0 6.57101676693301 775.1893171720426 768.6183004051096
51.0 6.562187565272208 775.0972706654686 768.5350831001964
52.0 6.575033015705954 774.8146666852822 768.2396336695763
53.0 6.546610137836858 773.5147691126606 766.9681589748237
54.0 6.551985486315638 773.0139327023407 766.4619472160251
55.0 6.575700877478562 773.7432413598955 767.167540482417
56.0 6.57341550716608 773.1791873427078 766.6057718355418
57.0 6.575069874365753 772.1697394057161 765.5946695313504
58.0 6.559283074094536 771.2585327589026 764.6992496848081
59.0 6.580551038758008 771.341200209142 764.760649170384
60.0 6.58862797630629 770.5090566886954 763.9204287123891
61.0 6.574562731859345 769.5558577022228 762.9812949703635
62.0 6.597736132205007 769.9783411845176 763.3806050523126
63.0 6.603225090363518 769.2356412428085 762.632416152445
64.0 6.628620126005059 768.6081723565373 761.9795522305322
65.0 6.652503018405666 768.4679406019941 761.8154375835885
66.0 6.633651108894933 766.6724503249604 760.0387992160654
67.0 6.677752993346225 767.950881744664 761.2731287513177
68.0 6.673890245293524 766.0802783350529 759.4063880897594
69.0 6.699535947542899 766.1521524084575 759.4526164609146
70.0 6.721320921052363 765.9459618658858 759.2246409448334
71.0 6.730128074596693 765.2180970273168 758.4879689527201
72.0 6.742921146134064 763.9377849833391 757.194863837205
73.0 6.769225743736064 763.949461070138 757.180235326402
74.0 6.821081533259077 763.9238929477219 757.1028114144629
75.0 6.824030693992993 762.9636259729418 756.1395952789488
76.0 6.833834331119057 762.5743592568061 755.7405249256871
77.0 6.864200397215694 762.4264928461076 755.5622924488919
78.0 6.891431735290348 761.2505434329237 754.3591116976333
79.0 6.920825489003491 761.4573211930518 754.5364957040483
80.0 6.949123562629218 761.2181013011677 754.2689777385385
81.0 6.965239217624861 759.6876974390834 752.7224582214585
82.0 6.942773664050554 758.1020127094457 751.1592390453951
83.0 7.007959036427791 758.5366272287688 751.528668192341
84.0 7.047116367171899 758.5012763041568 751.4541599369849
85.0 7.05099134865955 756.8648905763423 749.8138992276828
86.0 7.086211849570949 756.2897828977494 749.2035710481784
87.0 7.137412609767599 756.6620642107797 749.5246516010121
88.0 7.149241688018099 755.8458688103485 748.6966271223304
89.0 7.202761237554907 755.2194100313812 748.0166487938263
90.0 7.224070624308985 753.9113218608759 746.6872512365669
91.0 7.247970553692849 754.0120700357813 746.7640994820885
92.0 7.24447767793316 751.4366591154205 744.1921814374873
93.0 7.293080765085962 750.9665600217393 743.6734792566534
94.0 7.379612856354736 751.5109501933357 744.131337336981
95.0 7.412783508058155 751.7527384518061 744.339954943748
96.0 7.438404666190531 750.3394971778544 742.9010925116639
97.0 7.461110318104338 750.3175828260136 742.8564725079092
98.0 7.572242582046951 748.6692090618901 741.0969664798431
99.0 7.604566311984336 749.2246615459234 741.6200952339391
100.0 7.699656721312121 750.2314795941456 742.5318228728335
101.0 7.756345665028422 748.8012562813408 741.0449106163124
102.0 7.75405502999168 745.5655153580464 737.8114603280547
103.0 7.871862030429317 747.5127807169151 739.6409186864858
104.0 7.929073585905917 747.2878391639965 739.3587655780905
105.0 7.997646947230967 747.6757812311202 739.6781342838893
106.0 8.007178068531459 743.6650209441848 735.6578428756533
107.0 8.121534156716911 746.4533665753456 738.3318324186286
108.0 8.142872157610445 744.4804818907243 736.3376097331139
109.0 8.212120748932381 742.8469670879928 734.6348463390604
110.0 8.311430375378841 744.4192453697787 736.1078149943998
111.0 8.316597933406875 742.2774353114695 733.9608373780627
112.0 8.447072879833493 745.4562058150532 737.0091329352197
113.0 8.56092938583692 741.9902023054535 733.4292729196165
114.0 8.641666465280695 743.9314010947173 735.2897346294366
115.0 8.611536480931122 739.5049944232902 730.8934579423591
116.0 8.669848422086793 739.0128991830037 730.3430507609169
117.0 8.732942183870305 740.5519993414258 731.8190571575555
118.0 8.794153702544521 740.73410361494 731.9399499123955
119.0 8.822187312136706 739.0084880112575 730.1863006991208
120.0 9.01304617726203 738.7516913096726 729.7386451324105
121.0 8.917546258567989 737.781911705273 728.864365446705
122.0 8.896083261769385 734.8896329518863 725.9935496901169
123.0 9.057109708019432 734.2097536415116 725.1526439334921
124.0 9.062585622418172 736.9679274248234 727.9053418024052
125.0 9.23903907373021 735.992554107302 726.7535150335718
126.0 9.364417669245829 738.1305792457097 728.7661615764639
127.0 9.192177309580555 735.4406687140785 726.2484914044979
128.0 9.289542258566794 737.5181548919544 728.2286126333876
129.0 9.3604233476161 734.8527349721354 725.4923116245193
130.0 9.36969948276758 736.5105696750185 727.140870192251
131.0 9.39370136150051 735.766377558805 726.3726761973044
132.0 9.387590115103674 732.2933215063217 722.905731391218
133.0 9.590408145411232 737.422320993146 727.8319128477348
134.0 9.546064809143421 733.3804421863098 723.8343773771663
135.0 9.494212543173856 732.1189435059303 722.6247309627564
136.0 9.568469495971043 736.0937140570905 726.5252445611194
137.0 9.465761943045238 725.8546935989402 716.388931655895
138.0 9.422616175551543 733.8620564184603 724.4394402429088
139.0 9.574065750585267 734.1273200656189 724.5532543150337
140.0 9.732378151586099 730.9478222099159 721.2154440583298
141.0 9.48454695709736 727.6075848094074 718.12303785231
142.0 9.541642693666846 727.4877357322652 717.9460930385984
143.0 9.450831418216004 726.0474383531204 716.5966069349044
144.0 9.48553866973456 729.4609626039905 719.975423934256
145.0 9.698962204929505 734.40020252418 724.7012403192505
146.0 9.596452496507489 732.9248119179607 723.3283594214532
147.0 9.662055787841065 729.2982450338091 719.6361892459681
148.0 9.458921882728455 727.7207944723017 718.2618725895733
149.0 9.485609252098663 725.2924509102439 715.8068416581452
150.0 9.510706546451564 724.4405349346008 714.9298283881493
151.0 9.429796647821274 726.2712814755181 716.8414848276969
152.0 9.41521992543052 720.5480850592211 711.1328651337905
153.0 9.346388116962185 721.6991780291068 712.3527899121446
154.0 9.530917588710511 726.3449250458975 716.814007457187
155.0 9.483404141287052 726.9605129093435 717.4771087680565
156.0 9.490800076365152 723.8542716537009 714.3634715773358
157.0 9.431776920025471 724.2273202902455 714.79554337022
158.0 9.325193508182606 717.1962315382043 707.8710380300217
159.0 9.413024985751018 722.125342060861 712.71231707511
160.0 9.441520213733201 724.6895873895395 715.2480671758063
161.0 9.272989882427982 714.9488098820007 705.6758199995727
162.0 9.539723390211132 721.2490745658367 711.7093511756255
163.0 9.344526396571414 708.6912841551338 699.3467577585624
164.0 9.383559854928965 718.7165840908163 709.3330242358874
165.0 9.351626294992504 721.2129266243608 711.8613003293683
166.0 9.173136641628523 715.8431658163165 706.670029174688
167.0 9.295882385356613 718.5020385249616 709.206156139605
168.0 9.312429099772922 708.2165779753676 698.9041488755947
169.0 9.143585902096951 712.7937043466337 703.6501184445368
170.0 9.190004567922344 715.7389748972264 706.5489703293041
171.0 9.159585921414834 713.2080076142737 704.0484216928588
172.0 9.538843108275746 719.5557472830953 710.0169041748196
173.0 9.390183767936817 718.8289691250822 709.4387853571453
174.0 9.258063515534589 717.7600227974779 708.5019592819434
175.0 9.240796492337503 704.8985848996102 695.6577884072727
176.0 9.294105171307679 713.2734102160952 703.9793050447875
177.0 9.315461594853471 716.0588507119667 706.7433891171132
178.0 9.39790716856171 713.8957474214537 704.497840252892
179.0 9.096773255392358 711.4020524289878 702.3052791735954
180.0 9.207198303925741 715.1425052684193 705.9353069644936
181.0 9.37130325599079 716.0998316413966 706.7285283854058
182.0 9.083719913143289 705.0231454997625 695.9394255866192
183.0 8.8641883233684 698.4650431161987 689.6008547928303
184.0 9.204408940360832 714.3246326175722 705.1202236772114
185.0 9.006451887964855 697.6692327240345 688.6627808360697
186.0 9.107839584868741 705.4000405365246 696.2922009516559
187.0 9.110020549769813 704.7642077716688 695.6541872218989
188.0 8.921687743083927 700.7888154180035 691.8671276749195
189.0 9.154884632220605 711.263248303375 702.1083636711544
190.0 9.20448368925443 705.3803878697698 696.1759041805154
191.0 8.859899041733998 702.7596511554816 693.8997521137476
192.0 9.228998071635685 709.8362362704891 700.6072381988534
193.0 9.145765624501431 705.4705372463885 696.324771621887
194.0 9.062205533570425 697.1189207160608 688.0567151824904
195.0 9.151591027666175 704.9546110431004 695.8030200154342
196.0 8.865118916214907 696.189035040947 687.3239161247321
197.0 9.126187175679163 703.4968797471056 694.3706925714264
198.0 8.799978418063594 693.8031535766908 685.0031751586272
199.0 9.193192478037989 702.7893588839663 693.5961664059283
200.0 9.115461436639583 706.2782510819448 697.1627896453052
201.0 8.787171468642695 681.4089443778966 672.6217729092539
202.0 8.940957657768878 704.7738986601181 695.8329410023492
203.0 8.718328976425256 688.4334930873624 679.7151641109372
204.0 8.695808044258665 692.2431681362111 683.5473600919525
205.0 8.997363808041167 697.8785471189162 688.881183310875
206.0 8.886606171716798 694.2490266971029 685.3624205253861
207.0 8.984766585874502 691.5568162331062 682.5720496472317
208.0 8.694584367937928 689.2409610547956 680.5463766868577
209.0 8.926710506876495 694.6647883848457 685.7380778779692
210.0 8.619843925857143 680.9284893375389 672.3086454116818
211.0 9.027639033489303 699.7053438394629 690.6777048059736
212.0 8.796999545000284 690.8307396700972 682.0337401250969
213.0 8.946513422295899 695.0981345444557 686.1516211221598
214.0 9.009036999449783 697.9259089650401 688.9168719655903
215.0 8.937805089991991 692.2295718418828 683.2917667518909
216.0 8.744962934693233 696.4789115958876 687.7339486611944
217.0 8.837563278614627 689.9808189822495 681.1432557036349
218.0 9.136758629564645 695.0156870399744 685.8789284104098
219.0 8.743880720287805 687.847404303052 679.1035235827641
220.0 8.937333293137372 695.3246801204586 686.3873468273212
221.0 8.718911821720322 689.5575319563517 680.8386201346314
222.0 8.813625585177726 691.8230980681687 683.009472482991
223.0 8.595636475982126 685.9110757554676 677.3154392794854
224.0 8.945051864225044 691.3288247827668 682.3837729185417
225.0 8.970119553004674 691.5276054624233 682.5574859094187
226.0 8.807737209609807 684.9942482349591 676.1865110253493
227.0 8.759064904605341 690.9662253905995 682.2071604859942
228.0 8.783439298218051 686.2123592063165 677.4289199080984
229.0 8.993542621059094 695.5650084817238 686.5714658606647
230.0 8.673527940789018 673.4564071727618 664.7828792319728
231.0 8.888767696369912 688.8200585024354 679.9312908060655
232.0 8.394660227766712 676.0109016678903 667.6162414401236
233.0 8.463274351541794 675.9533292361579 667.4900548846161
234.0 8.770615484188669 684.53431362633 675.7636981421413
235.0 8.824258903314807 685.7638463886451 676.9395874853303
236.0 8.522585054655681 682.6723449571847 674.149759902529
237.0 8.561721484285269 684.0982827799207 675.5365612956354
238.0 8.84852297054395 685.5936426062129 676.7451196356689
239.0 8.533352247442022 683.7747941639941 675.241441916552
240.0 8.734690825867888 689.5346331751421 680.7999423492742
241.0 8.461314122153605 673.5178097875992 665.0564956654456
242.0 8.420223976377118 680.2158559820095 671.7956320056324
243.0 8.626553052746144 683.6456730125229 675.0191199597768
244.0 8.521595687059174 680.3749472959484 671.8533516088892
245.0 8.83628524616586 684.4143232084278 675.578037962262
246.0 8.721389256860405 680.942513454677 672.2211241978166
247.0 8.414776138327298 687.2019997975107 678.7872236591834
248.0 8.399438570538231 678.6670291130718 670.2675905425336
249.0 8.319984839305665 675.0463767236084 666.7263918843027
250.0 8.495604035581804 676.0955931196131 667.5999890840313
251.0 8.250461670441477 679.464279962702 671.2138182922606
252.0 8.369877346879561 675.1367928656439 666.7669155187643
253.0 8.269774146773439 678.913784583304 670.6440104365305
254.0 8.388026521156042 674.4698167854521 666.0817902642961
255.0 8.187538125321543 670.3504628170707 662.1629246917492
256.0 7.992546738173612 669.14605840243 661.1535116642564
257.0 7.996236383718339 666.4007221867529 658.4044858030346
258.0 8.139254057904697 666.9902962162026 658.8510421582979
259.0 8.225603807314941 678.1177805648585 669.8921767575436
260.0 8.235305868028044 679.8060669590395 671.5707610910114
261.0 7.965025531870416 670.4205979821274 662.455572450257
262.0 8.009196428997539 673.744030439594 665.7348340105965
263.0 8.242519118672782 674.3268488690107 666.0843297503379
264.0 7.869201941696867 672.7247863887292 664.8555844470324
265.0 7.866315730077187 668.390576035784 660.5242603057068
266.0 7.812626218898605 670.3033505025807 662.4907242836821
267.0 7.832337805470594 665.0011547470455 657.1688169415749
268.0 7.822808268971532 669.4970916671009 661.6742833981294
269.0 7.804908369842206 673.2802871438895 665.4753787740473
270.0 7.600269258435167 659.2358788882997 651.6356096298645
271.0 7.619987878100722 671.2547733909552 663.6347855128545
272.0 7.641359682634144 670.4156776629055 662.7743179802714
273.0 7.564779471309808 662.3330204742558 654.768241002946
274.0 7.61592750986604 670.7715355827603 663.1556080728943
275.0 7.45919548947331 664.8326886943901 657.3734932049167
276.0 7.305741539752003 658.3771809466066 651.0714394068546
277.0 7.443680962159387 667.5583660573217 660.1146850951623
278.0 7.43509799265543 667.1004192027712 659.6653212101158
279.0 7.237680649443299 660.1498692054424 652.9121885559991
280.0 7.376329371328499 662.9392382935137 655.5629089221852
281.0 7.225591356129036 658.8389066273727 651.6133152712437
282.0 7.259200445937408 658.3443056667173 651.0851052207799
283.0 7.034839929217105 660.1530828166288 653.1182428874116
284.0 7.176457434140234 659.9858659210946 652.8094084869543
285.0 7.222368473207729 663.749416796236 656.5270483230283
286.0 7.145283255548217 659.487273059738 652.3419898041898
287.0 6.954773925867014 657.9865863555081 651.0318124296411
288.0 6.919402116617627 658.0331194119497 651.1137172953321
289.0 6.82362721335012 651.8678686072215 645.0442413938713
290.0 6.848948760024264 657.4418838108633 650.5929350508391
291.0 6.842967711999764 659.3512888672425 652.5083211552427
292.0 6.690246436601671 652.7163743531415 646.0261279165399
293.0 6.620010120956315 650.6457195017379 644.0257093807816
294.0 6.757390345265764 653.4146365362644 646.6572461909987
295.0 6.635622923982769 651.6852228518952 645.0495999279124
296.0 6.561311155423703 652.8137281037572 646.2524169483335
297.0 6.536065504017107 655.6317005683582 649.0956350643411
298.0 6.441028759073653 651.6220186365 645.1809898774264
299.0 6.725281319460633 657.678476169185 650.9531948497244
300.0 6.520903733737762 650.6581985047205 644.1372947709827
301.0 6.365060953192139 646.9442162909474 640.5791553377552
302.0 6.305336679320716 653.3805950214679 647.0752583421472
303.0 6.237963744912421 650.8360116415161 644.5980478966037
304.0 6.296646638884183 651.3325506521868 645.0359040133026
305.0 6.10557134063836 646.7903941378313 640.6848227971929
306.0 6.145166336212157 650.118044576521 643.9728782403089
307.0 6.064577164063052 646.8937383644665 640.8291612004034
308.0 6.05215826812728 649.3631977824437 643.3110395143164
309.0 6.040853632601598 644.9268572792679 638.8860036466663
310.0 5.846000262432742 641.5713899319934 635.7253896695606
311.0 5.821848973432686 645.2996452633097 639.477796289877
312.0 5.882599299263776 646.7302581698408 640.847658870577
313.0 5.853327781287636 644.8186095868134 638.9652818055257
314.0 5.742137179714304 640.0607893527024 634.3186521729881
315.0 5.628787958710958 643.8683725049779 638.2395845462669
316.0 5.823383460856855 642.6394257483615 636.8160422875046
317.0 5.644543730558874 645.3475990687181 639.7030553381593
318.0 5.528902997547674 640.7537105055913 635.2248075080437
319.0 5.6395789022268 644.9370867892515 639.2975078870247
320.0 5.532903789914992 639.893956851818 634.361053061903
321.0 5.519620855574708 644.3625681444477 638.842947288873
322.0 5.469755012480346 640.8797887881034 635.4100337756231
323.0 5.2795724492529 637.9675066530699 632.687934203817
324.0 5.29634863691986 638.5607560246263 633.2644073877065
325.0 5.187070370339433 638.5291449923115 633.3420746219721
326.0 5.217948174775172 639.8190574924344 634.6011093176592
327.0 5.154830506926842 636.3522475650082 631.1974170580814
328.0 5.164400041642161 637.349091251763 632.1846912101209
329.0 4.987088927373181 635.3059715386633 630.3188826112902
330.0 5.070479996628035 636.6105695077506 631.5400895111226
331.0 4.97707704246857 636.1529852712018 631.1759082287333
332.0 4.916300189478149 632.3857574774097 627.4694572879315
333.0 4.865649401408703 634.6492304492903 629.7835810478816
334.0 4.793989706643247 632.4291638687897 627.6351741621464
335.0 4.756406764088536 631.5061025437548 626.7496957796662
336.0 4.794216364711336 633.3597776617506 628.5655612970393
337.0 4.653587126479729 629.6320080718116 624.9784209453319
338.0 4.576289407130025 630.2312473620571 625.654957954927
339.0 4.461787880965777 629.0385995163606 624.5768116353948
340.0 4.538576471765268 630.1351447399552 625.5965682681899
341.0 4.483574630170153 628.6531141868648 624.1695395566947
342.0 4.339820200925916 626.1476913720286 621.8078711711027
343.0 4.314257166493385 628.0782119252311 623.7639547587377
344.0 4.385516856657057 629.6513208281312 625.2658039714741
345.0 4.272204041466557 625.8212130253106 621.549008983844
346.0 4.179609340767359 624.3754688487759 620.1958595080086
347.0 4.15397719576798 625.8404543638773 621.6864771681093
348.0 4.112065635805858 624.8140165795048 620.7019509436989
349.0 4.062305735494185 623.5324502590572 619.470144523563
350.0 4.01051998479745 624.8683269609971 620.8578069761997
351.0 3.951119729047456 622.7086423753105 618.757522646263
352.0 3.924196974647227 622.9058849307679 618.9816879561207
353.0 3.896647570837084 622.2341356250845 618.3374880542474
354.0 3.835699858459292 621.771806874516 617.9361070160567
355.0 3.772923311928847 620.2478027421474 616.4748794302186
356.0 3.778024154951088 620.3192481073905 616.5412239524394
357.0 3.658582514696631 616.9347594817002 613.2761769670035
358.0 3.602746695950414 617.7476109224168 614.1448642264663
359.0 3.587378703167648 618.8929504375378 615.3055717343701
360.0 3.639298758235129 619.0165706853046 615.3772719270695
361.0 3.465582383701297 616.1177117718679 612.6521293881666
362.0 3.463275442265972 617.2808265942859 613.8175511520199
363.0 3.466763810486239 618.3520280257974 614.8852642153112
364.0 3.406452225391245 617.9049970094625 614.4985447840712
365.0 3.349503816720472 614.2075056229608 610.8580018062403
366.0 3.296417567243906 615.5151136912797 612.2186961240358
367.0 3.24135065820303 613.0994665313114 609.8581158731083
368.0 3.193931403853763 614.7231851025088 611.529253698655
369.0 3.13741450356852 612.9706867725727 609.8332722690042
370.0 3.107386766425445 613.0706030385985 609.963216272173
371.0 3.077607049870419 611.8741592325085 608.796552182638
372.0 2.981536676528553 610.7605536981923 607.7790170216637
373.0 2.921768338756546 611.1283455252505 608.2065771864939
374.0 2.922995916173925 611.1989900410203 608.2759941248463
375.0 2.860448558179958 609.8349203397273 606.9744717815473
376.0 2.822546963591654 608.6415922847313 605.8190453211397
377.0 2.771157497497821 608.0241225132659 605.2529650157681
378.0 2.739151905880498 608.0331616429779 605.2940097370974
379.0 2.66781102217621 607.1436164998785 604.4758054777023
380.0 2.660250178243073 607.212293801543 604.5520436233
381.0 2.584783959068037 606.6969154198564 604.1121314607883
382.0 2.539035848447536 606.0862429510653 603.5472071026177
383.0 2.526792536965607 606.1943259807532 603.6675334437876
384.0 2.480497404074101 604.9295409055258 602.4490435014517
385.0 2.432980438939131 604.0271255354114 601.5941450964723
386.0 2.373352189058772 602.9407378204754 600.5673856314166
387.0 2.28440836893096 601.1736790904688 598.8892707215379
388.0 2.281681914663704 601.0673398466158 598.7856579319521
389.0 2.254365788217712 601.0252394769588 598.7708736887411
390.0 2.219821045028557 600.7306064845532 598.5107854395247
391.0 2.091855415340884 598.9902086016406 596.8983531862997
392.0 2.105089311506967 599.8963690746686 597.7912797631617
393.0 2.076170189552307 599.0353609211438 596.9591907315914
394.0 2.054211115953451 599.1649348526887 597.1107237367352
395.0 1.976842158518811 598.098840532902 596.1219983743832
396.0 1.941299775866411 596.7470072704473 594.8057074945809
397.0 1.904691740088082 596.8032628942774 594.8985711541893
398.0 1.859544064987579 596.3164345415511 594.4568904765635
399.0 1.794499429406894 595.1984552523859 593.403955822979
400.0 1.773115440016863 594.628419055803 592.8553036157861
401.0 1.729479833044118 594.1274342584138 592.3979544253697
402.0 1.710764137560162 594.44810212761 592.7373379900498
403.0 1.658113185850899 593.9278105812546 592.2696973954037
404.0 1.622942767059699 593.3509446619571 591.7280018948974
405.0 1.571043190425253 591.6112801510031 590.0402369605778
406.0 1.542288868635098 591.3633410986866 589.8210522300515
407.0 1.466178839380751 590.3765522155362 588.9103733761554
408.0 1.494443322283532 590.9511180039157 589.4566746816322
409.0 1.417230990615775 589.9888015316067 588.5715705409909
410.0 1.360838828784991 588.8204835561595 587.4596447273746
411.0 1.336817359223659 588.25409203638 586.9172746771563
412.0 1.282315873819929 586.6695287376937 585.3872128638738
413.0 1.256289500372322 587.0576419454205 585.8013524450482
414.0 1.239705804934706 586.9572508159406 585.7175450110059
415.0 1.18342214719208 586.5848934332297 585.4014712860377
416.0 1.157626833001064 585.4853543828894 584.3277275498884
417.0 1.10295483190785 585.3000666620232 584.1971118301154
418.0 1.094695845011801 584.7442455668878 583.649549721876
419.0 1.036821944266757 583.9272182559865 582.8903963117198
420.0 1.011679415811553 583.5046464315699 582.4929670157584
421.0 0.9739368541037236 582.5442887946959 581.5703519405921
422.0 0.9399909572280884 582.319609934154 581.3796189769259
423.0 0.8997908058019769 580.9816007207884 580.0818099149864
424.0 0.8547108236746708 580.9799706258596 580.1252598021849
425.0 0.8495339058536269 580.0295383287386 579.180004422885
426.0 0.7883665136871438 578.8788547146929 578.0904882010058
427.0 0.7630444260429704 578.7574741205091 577.9944296944662
428.0 0.7498536128653941 578.9298679899328 578.1800143770674
429.0 0.7006123289720212 577.8195093339157 577.1188970049437
430.0 0.6625088448307825 576.7186718253965 576.0561629805657
431.0 0.6487180982169621 576.3724775630094 575.7237594647924
432.0 0.6250017969071296 576.033180011759 575.4081782148519
433.0 0.5556769845014899 574.8037011758193 574.2480241913178
434.0 0.5586048948002002 575.2125882304611 574.6539833356609
435.0 0.512268749765743 573.7134872748633 573.2012185250976
436.0 0.4821802626159324 573.2989680258598 572.8167877632439
437.0 0.4573183184668567 572.8505584137318 572.3932400952649
438.0 0.4176282816559397 571.3375255883114 570.9198973066554
439.0 0.4263495390348813 571.6751669642492 571.2488174252143
440.0 0.3878596946108153 570.9431296574035 570.5552699627927
441.0 0.362011251726501 570.1939912449364 569.8319799932099
442.0 0.3261626450808144 569.9409174797876 569.6147548347068
443.0 0.3115281412895642 569.0085202128616 568.696992071572
444.0 0.2896969383347797 568.790637960665 568.5009410223302
445.0 0.2728763099041862 567.6389545574896 567.3660782475854
446.0 0.2387912025213009 566.7364760193161 566.4976848167948
447.0 0.2258553710778832 566.570666073146 566.3448107020681
448.0 0.1917254508686961 566.17996710277 565.9882416519013
449.0 0.1948296406609266 565.5828791987237 565.3880495580628
450.0 0.1523723045433606 564.4698324071802 564.3174601026368
451.0 0.1437451863940022 564.3340511883772 564.1903060019832
452.0 0.1444637798327584 563.7866749295797 563.642211149747
453.0 0.1050146904459396 562.6381499100051 562.5331352195592
454.0 0.09686920271790855 562.6133453164729 562.516476113755
455.0 0.1020527582159384 562.1996581827893 562.0976054245734
456.0 0.08272651468358941 561.2783545217798 561.1956280070962
457.0 0.07724814271840122 560.8544199428022 560.7771718000838
458.0 0.04991038559380886 560.1605803298731 560.1106699442793
459.0 0.04323555825399447 559.5002507000318 559.4570151417778
460.0 0.02256789829505096 558.8332175067309 558.8106496084359
461.0 0.03199340253970574 558.2685749212039 558.2365815186642
462.0 0.02807878575263174 557.8527438098089 557.8246650240562
463.0 0.02211880113739843 557.1444776479586 557.1223588468212
464.0 0.02522925005143221 557.0782636562714 557.05303440622
465.0 0.008880465854892619 555.834511045068 555.8256305792131
466.0 0.005076555941179214 555.2424769177717 555.2374003618305
467.0 0 554.8005179961558 554.8005179961558
468.0 0.008525952717134661 554.3221196911081 554.313593738391
469.0 0.04162247335927385 554.0479524768593 554.0063300035001
470.0 0.006431026929750436 553.0015972581041 552.9951662311743
471.0 0.03902144009173047 552.8412615659796 552.8022401258879
472.0 0.02914796032631366 552.0773376580508 552.0481896977245
473.0 0.06780913029384611 551.6576637809733 551.5898546506794
474.0 0.05190750748471204 550.934050683789 550.8821431763043
475.0 0.0669403828303118 550.2829346209576 550.2159942381273
476.0 0.08715288757293534 549.9249909912283 549.8378381036554
477.0 0.1357151828524129 549.9317186238244 549.796003440972
478.0 0.118448776802097 549.063532892233 548.9450841154309
479.0 0.1019645975968042 547.571209164011 547.4692445664142
480.0 0.1361703246924234 547.714831264935 547.5786609402425
481.0 0.1745020978764393 547.5579773966228 547.3834752987463
482.0 0.202584887061868 547.0217677849442 546.8191828978823
483.0 0.2230756487510972 546.3134163958349 546.0903407470838
484.0 0.238978816027692 545.5356147139685 545.2966358979408
485.0 0.2823164130656538 545.4171867112625 545.1348702981969
486.0 0.3269188389858569 544.7831671023755 544.4562482633896
487.0 0.3639810020023858 544.0579683238015 543.6939873217992
488.0 0.3596125650224215 544.0702624053223 543.7106498402999
489.0 0.4047233187002955 542.9923935288787 542.5876702101784
490.0 0.4704421099922036 543.3810211516474 542.9105790416552
491.0 0.5035410314929212 542.3197835810348 541.8162425495419
492.0 0.5614425441533455 541.6811168268561 541.1196742827027
493.0 0.5948545315553225 541.0883475558517 540.4934930242964
494.0 0.6524624098256307 540.6096299451488 539.9571675353232
495.0 0.7194214326046882 540.6069582626879 539.8875368300832
496.0 0.7026709539867366 539.144655330666 538.4419843766792
497.0 0.7970933343715194 538.9722446671038 538.1751513327323
498.0 0.8631040725808953 538.9025587822855 538.0394547097046
499.0 0.9386924729187562 538.1372030035509 537.1985105306322
500.0 0.9633130370325504 537.4087238993636 536.4454108623311
501.0 1.086251110023426 537.6745952524542 536.5883441424308
502.0 1.181075049149085 537.3561723879951 536.1750973388461
503.0 1.211607010901253 535.6248488624085 534.4132418515072
504.0 1.236121914968247 535.0664253816059 533.8303034666377
505.0 1.356855497868234 535.3012946476247 533.9444391497564
506.0 1.436867605016686 535.2474241419284 533.8105565369117
507.0 1.495296810229923 534.799630323806 533.3043335135761
508.0 1.592650410711681 533.4033819129078 531.8107315021961
509.0 1.734890335556762 533.9917534286952 532.2568630931384
510.0 1.846816107773746 533.6946363940991 531.8478202863253
511.0 1.880351988890205 531.9965988617452 530.116246872855
512.0 1.983541709731326 532.0667881893551 530.0832464796237
513.0 2.15456297293928 530.7163820835171 528.5618191105778
514.0 2.166950811060986 530.4058815449133 528.2389307338523
515.0 2.285233033730202 529.4220368570447 527.1368038233145
516.0 2.506174063719667 529.1241246545105 526.6179505907909
517.0 2.654283762241901 529.0655432006786 526.4112594384367
518.0 2.57282100781978 528.438152689377 525.8653316815572
519.0 2.817387437921021 528.6445874494778 525.8272000115568
520.0 2.84351740283038 528.5107565691813 525.6672391663509
521.0 3.030722505610885 527.9934801727379 524.962757667127
522.0 3.054325473389252 527.6654714381111 524.6111459647219
523.0 3.426712481433519 526.6702229498059 523.2435104683724
524.0 3.544755208810637 526.8630433919009 523.3182881830903
525.0 3.848606133215831 525.8743745838464 522.0257684506306
526.0 3.870693072073232 525.8226847897018 521.9519917176285
527.0 4.020190244255783 524.0487841980009 520.0285939537452
528.0 4.160602536483317 524.7317126920128 520.5711101555295
529.0 4.374714322145969 524.447399889751 520.0726855676051
530.0 4.513811757153582 522.3368213661165 517.8230096089629
531.0 4.567002776910327 519.4789238908989 514.9119211139886
532.0 4.785899061954912 519.4429539763926 514.6570549144377
533.0 4.652751866106516 520.8866247846693 516.2338729185627
534.0 5.215286336391616 519.2522379787034 514.0369516423117
535.0 5.125041128397353 525.8168959074644 520.691854779067
536.0 5.57713157008622 520.2516089030655 514.6744773329793
537.0 5.701800650388359 519.3970993111837 513.6952986607953
538.0 6.465281598768174 515.7314623959326 509.2661807971645
539.0 6.153347231167275 519.269411383512 513.1160641523448
540.0 6.02084092083372 524.8726662531825 518.8518253323488
541.0 7.194658040977669 515.4156638294647 508.2210057884871
542.0 6.902196476627687 520.6321291100432 513.7299326334155
543.0 7.411644168347413 523.5438118941614 516.132167725814
544.0 7.123748956061799 530.6875656819228 523.563816725861
545.0 7.829557274291353 516.9344361699875 509.1048788956962
546.0 9.381244561722966 461.4612910562573 452.0800464945343
547.0 10.05327664490667 465.6310222607203 455.5777456158136
548.0 11.76959243921892 446.2710655732652 434.5014731340463
549.0 9.03354561622116 564.0323411605185 554.9987955442973
550.0 7.482782944507208 524.6776144037209 517.1948314592137
551.0 12.96690204154177 432.6877234569695 419.7208214154277
552.0 12.96220959558525 438.8308115948799 425.8686019992947
553.0 11.91215147450618 447.6890748602953 435.7769233857891
554.0 11.22948283106665 458.928268954188 447.6987861231213
555.0 14.86001101382389 420.3185446102291 405.4585335964052
556.0 13.65038769583915 437.0662242317307 423.4158365358916
557.0 16.34157165285677 418.4890403251346 402.1474686722778
558.0 12.17576651065229 446.7255667580133 434.549800247361
559.0 12.83041464343819 443.023026376962 430.1926117335238
560.0 16.47260052496913 420.993120048263 404.5205195232939
561.0 19.26945574457506 401.6688423873552 382.3993866427801
562.0 21.96321635717115 383.411912637594 361.4486962804229
563.0 20.11636653487439 394.666073357562 374.5497068226876
564.0 20.91984394169808 392.7043757939447 371.7845318522466
565.0 17.42203902000553 415.13060003837 397.7085610183644
566.0 21.84611095665347 381.7671091052075 359.920998148554
567.0 23.15773289014967 377.9846712707196 354.82693838057
568.0 26.98377230732906 361.6156315400776 334.6318592327485
569.0 23.15885663497091 378.0206706426738 354.8618140077029
570.0 26.32461955615786 362.6142380027479 336.28961844659
571.0 26.49915016305891 363.3739332617509 336.874783098692
572.0 33.73011820709835 334.0889511845416 300.3588329774432
573.0 26.51744596014815 363.7191328700829 337.2016869099348
574.0 32.31982357712101 341.3723770253046 309.0525534481836
575.0 25.93971702118292 364.7537155526467 338.8139985314638
576.0 41.94029696746411 306.3830992495589 264.4428022820948
577.0 42.4018628833365 304.3598752683174 261.9580123849809
578.0 26.98790337015884 361.7221308909126 334.7342275207538
579.0 35.77306603353084 329.7221087223217 293.9490426887908
580.0 57.09398911060356 261.9199236910644 204.8259345804608
581.0 45.67394011839649 295.7221314331753 250.0481913147788
582.0 51.8181359268237 277.7207992451497 225.902663318326
583.0 57.72318255767673 263.3805421615281 205.6573596038514
584.0 62.22136647465697 253.7109153974477 191.4895489227907
585.0 73.84356219290482 227.2433446272222 153.3997824343174
586.0 72.08225955763353 231.3956564002736 159.3133968426401
587.0 71.20274253966676 233.6088605604298 162.406118020763
588.0 72.08888579344942 231.5152413825126 159.4263555890632
591.0 83.8128471436617 205.722137 121.9092898563383
