0.0 11.50319637130442 803.0448786588047 791.5416822875002
1.0 10.24420783248963 799.8876782048377 789.643470372348
2.0 9.514934602610894 800.3441587215222 790.8292241189113
3.0 8.973343140023698 800.683030381981 791.7096872419573
4.0 8.572747863345968 801.6628328646064 793.0900850012605
5.0 8.21484456657786 800.0048958082885 791.7900512417106
6.0 7.909697130181375 798.5306504099149 790.6209532797336
7.0 7.654128574453349 798.8451181957296 791.1909896212763
8.0 7.446517732142368 797.8909020115972 790.4443842794549
9.0 7.283856697657918 797.4575159338704 790.1736592362125
10.0 7.108150932199614 796.5914083193739 789.4832573871743
11.0 7.007993063580975 796.6462069247762 789.6382138611953
12.0 6.868303317940255 795.2242751150513 788.355971797111
13.0 6.776402235965728 795.2725668735881 788.4961646376223
14.0 6.679335617574433 794.3321933050402 787.6528576874658
15.0 6.61790966741301 794.4720495596157 787.8541398922027
16.0 6.5451263846014 793.9848660625584 787.439739677957
17.0 6.493650130761158 793.7681819751153 787.2745318443542
18.0 6.441584482730434 793.0410840223911 786.5994995396607
19.0 6.386410344702908 792.5379094755669 786.151499130864
20.0 6.342595749592749 791.6632346700901 785.3206389204974
21.0 6.309645037035423 791.2950651793521 784.9854201423167
22.0 6.27404511849177 791.0132156282121 784.7391705097204
23.0 6.232674427899906 789.9701937432806 783.7375193153807
24.0 6.208799143863277 789.9958664330181 783.7870672891548
25.0 6.156184711026271 789.2073850691799 783.0512003581536
26.0 6.153666934332692 789.097591538917 782.9439246045843
27.0 6.128419013386065 788.5779562221873 782.4495372088012
28.0 6.095898015630987 788.0923589327124 781.9964609170814
29.0 6.07397194237257 787.4736568426561 781.3996849002835
30.0 6.054226922817659 787.2126001443507 781.1583732215331
31.0 6.032325510692012 786.8479456158256 780.8156201051336
32.0 6.016088350292891 785.9567400276797 779.9406516773868
33.0 5.994519919419057 785.6772795456745 779.6827596262555
34.0 5.973798268163304 785.2099205549098 779.2361222867465
35.0 5.979617773556593 785.2596014792356 779.279983705679
36.0 5.952481899603182 784.7135952197169 778.7611133201137
37.0 5.9395644079752 784.2688945299642 778.329330121989
38.0 5.934498528050542 784.2091166569959 778.2746181289453
39.0 5.913887357110169 783.7191417726049 777.8052544154947
40.0 5.909756544057693 783.1155790727363 777.2058225286786
41.0 5.898090040300351 782.7209114202237 776.8228213799233
42.0 5.891301974990835 781.9383156671563 776.0470136921655
43.0 5.870227541075604 780.9983332027539 775.1281056616783
44.0 5.868271533204219 780.8233592730699 774.9550877398657
45.0 5.857342394360255 780.2500225171468 774.3926801227865
46.0 5.857566970912689 780.183934886017 774.3263679151043
47.0 5.85427234397454 779.6511803177673 773.7969079737928
48.0 5.847142823036889 779.1731639999918 773.3260211769549
49.0 5.849716119961409 779.0411267495962 773.1914106296348
50.0 5.833000010470327 777.7185869062741 771.8855868958038
51.0 5.8246917480041 777.4938745867199 771.6691828387158
52.0 5.838564924741648 777.2050588377242 771.3664939129826
53.0 5.814307427898969 776.0300652160036 770.2157577881046
54.0 5.821329035547003 775.5844797018835 769.7631506663365
55.0 5.842946781436454 776.1238654214288 770.2809186399924
56.0 5.842593344332388 775.5621715505988 769.7195782062665
57.0 5.84762426962808 774.616639134258 768.76901486463
58.0 5.834830066718135 773.7590830064464 767.9242529397283
59.0 5.855965522163002 773.7948737124229 767.9389081902599
60.0 5.866873411918798 773.0021264491628 767.135253037244
61.0 5.856030119894801 772.0590872951988 766.203057175304
62.0 5.878006481552501 772.3771136319587 766.4991071504062
63.0 5.886055357359313 771.6464970958857 765.7604417385264
64.0 5.913514204113406 771.1235789287414 765.210064724628
65.0 5.938107562411383 770.9033880668289 764.9652805044175
66.0 5.925204215738453 769.2100722072085 763.28486799147
67.0 5.965450514285566 770.2596925421673 764.2942420278818
68.0 5.967623682112457 768.6167032003085 762.649079518196
69.0 5.993309264072513 768.5762722046327 762.5829629405602
70.0 6.01591299606778 768.3496206050232 762.3337076089554
71.0 6.027308465820943 767.5966166071959 761.569308141375
72.0 6.044332976160133 766.4462858099924 760.4019528338323
73.0 6.070764507182371 766.4129481425358 760.3421836353535
74.0 6.122944464262707 766.3544858585373 760.2315413942746
75.0 6.129080501894811 765.470731939883 759.3416514379882
76.0 6.140540611633158 764.9240498611514 758.7835092495183
77.0 6.171439075465411 764.8199578635414 758.648518788076
78.0 6.202582312568976 763.779452740524 757.576870427955
79.0 6.231615906602667 763.8441772919158 757.6125613853131
80.0 6.260846492528287 763.5974061359926 757.3365596434643
81.0 6.282200711811576 762.1224301422761 755.8402294304646
82.0 6.264856629560352 760.691772123191 754.4269154936307
83.0 6.328980473149808 761.0019620825617 754.6729816094119
84.0 6.36851100181936 760.902471228051 754.5339602262316
85.0 6.377924249903567 759.3348859432258 752.9569616933222
86.0 6.415077041118283 758.8570480248023 752.441970983684
87.0 6.465239693694128 759.1879192345666 752.7226795408725
88.0 6.48015605603445 758.242051918105 751.7618958620706
89.0 6.5357838007836 757.7460077612326 751.210223960449
90.0 6.56163731013351 756.4647418983607 749.9031045882272
91.0 6.585444167310581 756.4645464151054 749.8791022477948
92.0 6.590274323874487 754.1992768326741 747.6090025087996
93.0 6.640838133860851 753.6324528268082 746.9916146929474
94.0 6.726027610579249 754.0482960670677 747.3222684564885
95.0 6.758419869737193 754.3169101333785 747.5584902636414
96.0 6.789053404611795 752.8758522634211 746.0867988588093
97.0 6.8120933474832 752.7519111486131 745.9398178011299
98.0 6.92866292423429 751.4598148344904 744.5311519102561
99.0 6.95980864824539 751.6603160126673 744.7005073644219
100.0 7.051738080056238 752.6741945546234 745.6224564745672
101.0 7.113492074260242 751.2834751552611 744.1699830810008
102.0 7.121549909082158 748.5041788638851 741.382628954803
103.0 7.233751524144667 750.051792652642 742.8180411284973
104.0 7.292044292127132 749.7651859371925 742.4731416450654
105.0 7.359814488361169 749.984829788665 742.6250153003039
106.0 7.382528851642876 746.3618274742182 738.9792986225753
107.0 7.488273572773718 748.8025330139437 741.3142594411699
108.0 7.516357099934472 746.9052475273187 739.3888904273842
109.0 7.591132229599079 745.4667920296236 737.8756598000245
110.0 7.685549291952659 746.928153816297 739.2426045243443
111.0 7.69794351815831 744.8923953741667 737.1944518560084
112.0 7.818854135253832 747.5310493728875 739.7121952376337
113.0 7.944101840461474 744.6046230507657 736.6605212103042
114.0 8.018974868968798 746.2334005385844 738.2144256696156
115.0 8.003478729649067 742.110888148967 734.107409419318
116.0 8.063640351253208 741.6486848737161 733.5850445224629
117.0 8.121882622329668 743.0472289181203 734.9253462957906
118.0 8.182897423741007 743.0997472574416 734.9168498337006
119.0 8.216418225998121 741.6914785324734 733.4750603064752
120.0 8.40900893836354 741.3326185616864 732.9236096233229
121.0 8.317368881942954 739.8869352786758 731.5695663967329
122.0 8.30488248642473 737.5219161340962 729.2170336476715
123.0 8.468567383591728 736.9866877515277 728.518120367936
124.0 8.465304021882871 739.303038933035 730.8377349111521
125.0 8.644537426510355 738.9976822580308 730.3531448315204
126.0 8.76423056851593 740.4325962852957 731.6683657167798
127.0 8.599762413184467 738.2472660331076 729.6475036199232
128.0 8.691344568755619 739.7408696914012 731.0495251226455
129.0 8.771484795143159 737.1818793670254 728.4103945718822
130.0 8.774963862703091 738.8948380689233 730.1198742062202
131.0 8.801832342546449 738.0318209092368 729.2299885666904
132.0 8.807026142334097 734.9331814505607 726.1261553082266
133.0 8.99376657928813 739.5333827153585 730.5396161360704
134.0 8.962593523175716 735.849513356127 726.8869198329513
135.0 8.914265826250729 734.9485584308512 726.0342926046004
136.0 8.976593509767869 738.060915063381 729.0843215536132
137.0 8.906306400473647 729.269703782876 720.3633973824023
138.0 8.837606458755468 736.0077505559349 727.1701440971795
139.0 8.988755461403688 736.2221379945419 727.2333825331382
140.0 9.156871241402902 734.0153661399161 724.8584948985132
141.0 8.920341883214569 730.3182342076644 721.3978923244498
142.0 8.978070100053263 730.1803547309856 721.2022846309323
143.0 8.891803906034719 728.8080995256036 719.9162956195689
144.0 8.915160205726161 732.0398047765769 723.1246445708508
145.0 9.113461534244531 736.3142288858303 727.2007673515858
146.0 9.01553320571023 734.9202047854628 725.9046715797526
147.0 9.09260682130689 732.0212061836465 722.9285993623396
148.0 8.895188777699335 729.8883430423374 720.993154264638
149.0 8.929462504492425 727.9493727600569 719.0199102555645
150.0 8.957171224261922 727.3458693609248 718.3886981366628
151.0 8.871037496067613 728.3932771244162 719.5222396283486
152.0 8.875393678932199 723.1159487376671 714.2405550587349
153.0 8.80243809883751 724.2119611480035 715.409523049166
154.0 8.972677374644121 728.222716307215 719.2500389325709
155.0 8.922665166362638 728.9614267465387 720.038761580176
156.0 8.940018663318755 726.2987529275607 717.3587342642419
157.0 8.88028790716343 726.222605937223 717.3423180300596
158.0 8.795347721187667 720.4542793920346 711.6589316708469
159.0 8.868719573222911 724.12625033617 715.2575307629471
160.0 8.888802969384289 726.492959194299 717.6041562249147
161.0 8.752171627635246 717.4056864392172 708.6535148115819
162.0 8.99797460575516 723.7561911089188 714.7582165031636
163.0 8.841384694481877 713.4838713004753 704.6424866059934
164.0 8.850101141001672 721.1782703393395 712.3281691983378
165.0 8.81048311545568 723.0816679854161 714.2711848699604
166.0 8.648791600398243 718.3426207250305 709.6938291246323
167.0 8.763489926757132 720.6067446133072 711.8432546865501
168.0 8.813163404420259 711.6921662655383 702.879002861118
169.0 8.629441744450765 715.4256580823422 706.7962163378915
170.0 8.666917926956971 717.7586332229528 709.0917152959958
171.0 8.644279642340683 715.7021049838794 707.0578253415387
172.0 9.003794346861671 721.5706828483327 712.566888501471
173.0 8.856719114868629 721.082001430694 712.2252823158254
174.0 8.728083239191454 719.8716274912104 711.1435442520189
175.0 8.751097082894334 709.2601224469965 700.5090253641022
176.0 8.780350059744062 715.0216231715353 706.2412731117912
177.0 8.791890067774829 717.9602659526897 709.1683758849149
178.0 8.882032925594545 715.8314593140102 706.9494263884156
179.0 8.588095703038125 713.5433441314279 704.9552484283898
180.0 8.686757340722864 716.8514272924365 708.1646699517137
181.0 8.847706017873379 718.0524130707129 709.2047070528395
182.0 8.596085579289407 707.6962703924964 699.100184813207
183.0 8.396850592060388 702.0253624248844 693.628511832824
184.0 8.686961265173654 715.9293044486388 707.2423431834652
185.0 8.539791297181043 702.6655151427928 694.1257238456118
186.0 8.618745342834971 708.1915947803723 699.5728494375373
187.0 8.623185422443539 707.545347222806 698.9221618003624
188.0 8.448820291865475 703.0488907878268 694.6000704959614
189.0 8.647250086145512 713.1921918183385 704.544941732193
190.0 8.716596761370091 707.7216046706573 699.0050079092872
191.0 8.379486135549486 705.3274152089449 696.9479290733954
192.0 8.726866420075822 711.586877255351 702.8600108352752
193.0 8.658508944465801 707.1570411540747 698.4985322096089
194.0 8.602091925802635 699.6104069724649 691.0083150466623
195.0 8.665066989570442 707.2537629221997 698.5886959326293
196.0 8.407231862715861 698.8355860260856 690.4283541633698
197.0 8.644671583462408 705.7524266981996 697.1077551147372
198.0 8.349901271017657 696.5672069592054 688.2173056881878
199.0 8.714667737821871 704.8639127872568 696.1492450494349
200.0 8.625244557796587 708.0066696866245 699.3814251288279
201.0 8.375971430952633 686.3580630865069 677.9820916555543
202.0 8.455609559182743 706.3316466970387 697.8760371378559
203.0 8.284996866361308 692.0597128791653 683.774716012804
204.0 8.250527550010545 695.1401133078923 686.8895857578817
205.0 8.534766504807562 700.148346940065 691.6135804352574
206.0 8.435378619058644 696.9377218951281 688.5023432760694
207.0 8.542367299632141 694.7161218852681 686.173754585636
208.0 8.259609501891662 692.1625289318767 683.902919429985
209.0 8.473901960281033 697.5328775752259 689.0589756149449
210.0 8.211375765469847 684.9252787944219 676.7139030289521
211.0 8.55841833535287 702.2207815440316 693.6623632086787
212.0 8.357884610048309 693.173383532982 684.8154989229337
213.0 8.493661565182694 697.1806302545205 688.6869686893378
214.0 8.546983125755316 699.8066191344854 691.2596360087301
215.0 8.493071477132523 695.2890375949708 686.7959661178383
216.0 8.287159563303417 698.267729870451 689.9805703071476
217.0 8.400875245473357 692.7081507149936 684.3072754695203
218.0 8.683778271566058 697.7052808890163 689.0215026174503
219.0 8.312866867062938 691.3391713333134 683.0263044662504
220.0 8.484461364854619 696.9415068247646 688.45704545991
221.0 8.284578464807678 691.5240877730898 683.2395093082821
222.0 8.371292507804902 694.0742834894276 685.7029909816227
223.0 8.172524636924079 688.4122724976181 680.2397478606941
224.0 8.50442019851487 693.8456120088501 685.3411918103353
225.0 8.529758341281174 693.5503338736197 685.0205755323385
226.0 8.388122341734674 687.7232402158649 679.3351178741302
227.0 8.319656979976906 693.124547519778 684.8048905398011
228.0 8.360256407563956 688.5259886096289 680.165732202065
229.0 8.540463143660622 696.933278992522 688.3928158488614
230.0 8.288606535123407 678.8154512929031 670.5268447577797
231.0 8.457857828277501 690.6193569834523 682.1614991551748
232.0 8.004873115987413 678.5811500278171 670.5762769118297
233.0 8.071899211614184 679.6718016617867 671.5999024501725
234.0 8.352648771749387 687.1524350780099 678.7997863062606
235.0 8.403169193546752 687.841161570163 679.4379923766163
236.0 8.111176076235632 684.715158907777 676.6039828315414
237.0 8.145347318588137 686.2497601648482 678.1044128462601
238.0 8.428155215300755 687.649707763515 679.2215525482142
239.0 8.118086891078521 685.8736829275201 677.7555960364415
240.0 8.300472514058838 691.4977246095274 683.1972520954686
241.0 8.079743065682904 676.4504427685288 668.3706997028459
242.0 8.015915359424338 682.8336830898026 674.8177677303783
243.0 8.212156502687225 685.6946732937285 677.4825167910413
244.0 8.117634219409316 682.6957190345455 674.5780848151361
245.0 8.419859026885141 686.5222715480006 678.1024125211155
246.0 8.316406667780922 683.122917586264 674.806510918483
247.0 7.988264806558159 688.7301043094324 680.7418395028742
248.0 8.001015042551593 680.9422045934145 672.9411895508629
249.0 7.934070996338807 677.1495145492832 669.2154435529444
250.0 8.105846019230458 678.6744154043264 670.5685693850959
251.0 7.849374414538576 681.3987636590256 673.549389244487
252.0 7.983550308444191 677.4030434146217 669.4194931061775
253.0 7.870987235293935 680.6519470730122 672.7809598377183
254.0 8.003502996948048 677.0356804740337 669.0321774770856
255.0 7.815848378780451 673.3172874125324 665.501439033752
256.0 7.625763934920747 671.3142091611639 663.6884452262432
257.0 7.637546475601963 669.3533787746301 661.7158322990281
258.0 7.777821281478138 670.6511496461135 662.8733283646353
259.0 7.828640466063854 680.2990750688483 672.4704346027845
260.0 7.832175943943641 682.1924301289173 674.3602541849737
261.0 7.592925859637247 673.0467331088563 665.4538072492191
262.0 7.626511969955434 675.9594445907278 668.3329326207724
263.0 7.858840408445245 676.4188285590216 668.5599881505764
264.0 7.489637474167459 674.8854285555707 667.3957910814033
265.0 7.500699137280725 671.1173179078272 663.6166187705465
266.0 7.440852663750718 672.6681606655624 665.2273080018116
267.0 7.478093822555601 667.8418268234645 660.3637330009089
268.0 7.453443925567566 672.0960966887105 664.6426527631429
269.0 7.423728832747232 675.13662002612 667.7128911933728
270.0 7.263554848376404 662.9546153108936 655.6910604625172
271.0 7.245162990997356 673.1066326162754 665.8614696252781
272.0 7.268766809404505 672.6860480488 665.4172812393955
273.0 7.218888489271304 665.1384350916947 657.9195466024234
274.0 7.24262932886123 672.6994315593046 665.4568022304434
275.0 7.105279246542795 667.0855085196305 659.9802292730877
276.0 6.972376767352301 661.3063790374831 654.3340022701308
277.0 7.081127428929621 669.3345840664744 662.2534566375448
278.0 7.073647748384849 669.1374239206752 662.0637761722904
279.0 6.898162049798904 662.9636045428428 656.0654424930439
280.0 7.027280652386383 665.9725156918868 658.9452350395005
281.0 6.890813349964659 661.5093355278852 654.6185221779206
282.0 6.925676629224453 661.3448366624424 654.419160033218
283.0 6.695374663058031 662.5308792633473 655.8355046002892
284.0 6.837116799827582 662.8840783779448 656.0469615781172
285.0 6.871100705227012 666.1521190329893 659.2810183277623
286.0 6.807950685904017 662.1775400510655 655.3695893651615
287.0 6.622407300190051 660.4273647278381 653.804957427648
288.0 6.587369632060198 660.1112476707482 653.523878038688
289.0 6.510707030082856 654.983365003083 648.4726579730001
290.0 6.518161988914451 659.8324125807632 653.3142505918488
291.0 6.50672779862568 661.079969299183 654.5732415005573
292.0 6.374022432276408 655.7782958215282 649.4042733892518
293.0 6.310512596648746 653.7928582449307 647.4823456482819
294.0 6.43906616148083 656.4436782350662 650.0046120735853
295.0 6.323501667132576 654.3462751077098 648.0227734405772
296.0 6.245176112918077 655.3851376600726 649.1399615471546
297.0 6.210601949328194 657.9320884021598 651.7214864528316
298.0 6.128408801397512 654.3009217230466 648.1725129216491
299.0 6.393574695778618 659.8849994189255 653.4914247231469
300.0 6.210599510387079 654.0558823760457 647.8452828656586
301.0 6.067225460740588 650.2282666989774 644.1610412382368
302.0 5.987404743713447 655.3589972120429 649.3715924683294
303.0 5.927431670816653 653.4598743383724 647.5324426675557
304.0 5.984905397601272 653.7929353749416 647.8080299773404
305.0 5.809031760234523 649.1388845696993 643.3298528094648
306.0 5.837384535972412 652.4072443155968 646.5698597796244
307.0 5.76690358597009 649.6000433191476 643.8331397331775
308.0 5.746872991270044 651.527915848404 645.781042857134
309.0 5.750039938369196 647.5388586768303 641.7888187384611
310.0 5.565059723389252 644.755120088588 639.1900603651988
311.0 5.528994659531535 647.9125111349053 642.3835164753737
312.0 5.585785391989628 648.9050740962397 643.3192887042501
313.0 5.562207862835354 647.4467930483824 641.884585185547
314.0 5.466204422407305 643.1768176359323 637.710613213525
315.0 5.341096533488689 645.9767135694776 640.6356170359889
316.0 5.538719867899802 645.8063843452025 640.2676644773027
317.0 5.35149879197527 647.6251516448248 642.2736528528496
318.0 5.251130771726999 643.1352175023898 637.8840867306628
319.0 5.34812343810888 647.1087806095219 641.760657171413
320.0 5.257718105894957 642.4958909306433 637.2381728247484
321.0 5.230049281793354 646.3490104970777 641.1189612152844
322.0 5.191398780879142 643.2265509136415 638.0351521327624
323.0 5.010466304155938 640.3945034291657 635.3840371250097
324.0 5.025207384072603 641.0124996042966 635.987292220224
325.0 4.915442029233906 641.1111914851435 636.1957494559096
326.0 4.942531206892347 642.0803054299974 637.1377742231051
327.0 4.890512429693765 638.9800544066937 634.0895419769999
328.0 4.897119947350828 639.7230032352571 634.8258832879063
329.0 4.726295694474435 637.6470381122864 632.920742417812
330.0 4.805375655547053 639.0038402320348 634.1984645764878
331.0 4.713275858420482 638.5244819246392 633.8112060662187
332.0 4.665085288497058 634.8750610733942 630.2099757848972
333.0 4.60675261043199 636.9618003940973 632.3550477836653
334.0 4.542279707748211 634.8734384517936 630.3311587440454
335.0 4.506843080469465 634.4489181823762 629.9420751019068
336.0 4.53941515631206 635.7301122690546 631.1906971127425
337.0 4.410030338622968 632.6382586502512 628.2282283116283
338.0 4.331310380714563 632.7278240513882 628.3965136706737
339.0 4.220822023116874 631.3665075383183 627.1456855152014
340.0 4.293870599161442 632.5910332874088 628.2971626882474
341.0 4.243434481778731 631.3100685854031 627.0666341036244
342.0 4.108077994488284 628.6631476551621 624.5550696606738
343.0 4.075944027415114 630.4893765567519 626.4134325293368
344.0 4.142309040509522 631.9014197200981 627.7591106795886
345.0 4.041267370152008 628.386814128352 624.3455467582
346.0 3.952989856257477 627.1336737401034 623.1806838838459
347.0 3.922561800375383 628.4006826869913 624.4781208866159
348.0 3.884160969534446 627.3147877822527 623.4306268127183
349.0 3.838729055567122 625.9892961756118 622.1505671200447
350.0 3.782482192502233 627.1373221405606 623.3548399480583
351.0 3.729818827227922 625.2650145788892 621.5351957516613
352.0 3.702208155434452 625.4109115753838 621.7087034199494
353.0 3.67691153233888 624.7252668923064 621.0483553599676
354.0 3.616944798135933 624.4895256282758 620.8725808301399
355.0 3.559870338319267 622.590187467506 619.0303171291868
356.0 3.564566946093794 622.7604172215481 619.1958502754543
357.0 3.456131720385944 619.5251720013962 616.0690402810103
358.0 3.39747252530359 620.2374463742003 616.8399738488967
359.0 3.378164028712516 621.3515949015982 617.9734308728857
360.0 3.429729374716223 621.5266622698708 618.0969328951546
361.0 3.26479310137108 618.9799757473739 615.7151826460028
362.0 3.259038391972671 619.8163778077546 616.557339415782
363.0 3.259266575390688 620.6491823312466 617.3899157558559
364.0 3.20034680442886 620.168073935886 616.9677271314571
365.0 3.155285888862661 616.8527805744732 613.6974946856106
366.0 3.097909952454755 617.9328617230145 614.8349517705597
367.0 3.050242066460399 615.9273474979331 612.8771054314727
368.0 2.998049745130448 616.9979436569097 613.9998939117792
369.0 2.946874137029201 615.5316903621599 612.5848162251307
370.0 2.916397278550821 615.6313043620421 612.7149070834913
371.0 2.890708814473769 614.3974737340042 611.5067649195304
372.0 2.798230523233785 613.2394821337362 610.4412516105024
373.0 2.73704960145847 613.5689994179207 610.8319498164622
374.0 2.738348890550689 613.4627853760349 610.7244364854842
375.0 2.67984485806779 612.3534177503169 609.6735728922491
376.0 2.645934780953671 611.1562890437684 608.5103542628147
377.0 2.59650895450459 610.535348069454 607.9388391149494
378.0 2.56441138423218 610.5122017468031 607.9477903625709
379.0 2.495902313625251 609.616375061589 607.1204727479638
380.0 2.487976676019788 609.7412101543008 607.253233478281
381.0 2.414191726298381 609.1346155210218 606.7204237947235
382.0 2.37048573190676 608.4701772237002 606.0996914917935
383.0 2.357965518080941 608.4980854148236 606.1401198967427
384.0 2.315644302109856 607.3680521458182 605.0524078437083
385.0 2.270909766578308 606.5558033833803 604.284893616802
386.0 2.214717377179754 605.5286527509631 603.3139353737833
387.0 2.131425295952734 603.8434914421668 601.7120661462141
388.0 2.128993224540941 603.7699173864916 601.6409241619507
389.0 2.102028868411932 603.5586189236601 601.4565900552482
390.0 2.068325746215618 603.2925676317755 601.2242418855599
391.0 1.945940122076949 601.5428432452687 599.5969031231918
392.0 1.95606613799712 602.4624114454207 600.5063453074236
393.0 1.9301393141048 601.5353462949322 599.6052069808274
394.0 1.9078738204967 601.5402062100881 599.6323323895914
395.0 1.833798295646396 600.5377889189221 598.7039906232757
396.0 1.802525530480051 599.3407821281745 597.5382565976944
397.0 1.765776608249018 599.296489598108 597.5307129898589
398.0 1.722160491894767 598.804194556769 597.0820340648742
399.0 1.660722445726573 597.6973423841071 596.0366199383806
400.0 1.641275789445357 597.1029109942979 595.4616352048525
401.0 1.59913225993184 596.6532613911679 595.054129131236
402.0 1.579363848464917 596.9024148158012 595.3230509673362
403.0 1.528510942743421 596.2779619096044 594.7494509668609
404.0 1.494993877437403 595.8245012799415 594.3295074025041
405.0 1.448816481616419 594.1386135186356 592.6897970370192
406.0 1.420751558118781 593.9281046962156 592.5073531380968
407.0 1.347852675747845 592.9019660388311 591.5541133630833
408.0 1.374402677532407 593.381026453819 592.0066237762866
409.0 1.300232251066613 592.4230327108372 591.1228004597706
410.0 1.24752357618741 591.3405534894701 590.0930299132827
411.0 1.225435610421753 590.7379257557406 589.5124901453189
412.0 1.175940552302751 589.3077438656483 588.1318033133456
413.0 1.148522470135154 589.6747645645252 588.52624209439
414.0 1.13249434440155 589.4220049312411 588.2895105868395
415.0 1.077413442029772 588.986228168434 587.9088147264042
416.0 1.055070557972381 588.0303281925992 586.9752576346268
417.0 1.001112209019436 587.6943969683147 586.6932847592953
418.0 0.9945929824894396 587.2243891875943 586.2297962051049
419.0 0.9393839150436202 586.380349216733 585.4409653016894
420.0 0.9155970912583135 585.9627017547122 585.0471046634539
421.0 0.8811068016766988 584.9634970727184 584.0823902710417
422.0 0.8478300788713594 584.733585679821 583.8857556009497
423.0 0.8119670320179429 583.4742592261409 582.662292194123
424.0 0.7668292674229461 583.4193941395944 582.6525648721714
425.0 0.7647310285508549 582.5741951673643 581.8094641388134
426.0 0.7074151301970757 581.3683793626774 580.6609642324803
427.0 0.6825401570045033 581.1811263506743 580.4985861936698
428.0 0.6687168244370404 581.3481610366005 580.6794442121634
429.0 0.6231461284363526 580.2322514956864 579.6091053672501
430.0 0.5886713816076787 579.1510303586655 578.5623589770578
431.0 0.5759193199703883 578.8664533244238 578.2905340044535
432.0 0.5534403599524088 578.4434533895532 577.8900130296008
433.0 0.4881251259380292 577.2088191724344 576.7206940464963
434.0 0.4896946706017069 577.5935534153009 577.1038587446992
435.0 0.4482968511105028 576.1363115756869 575.6880147245764
436.0 0.4195213344687522 575.7278137215537 575.308292387085
437.0 0.3962163043447126 575.2233946720647 574.82717836772
438.0 0.361484249161229 573.7823839408688 573.4208996917075
439.0 0.369082999099583 574.1126408761406 573.743557877041
440.0 0.3330876221476653 573.3216594055733 572.9885717834257
441.0 0.3097082282985696 572.5863276567107 572.2766194284122
442.0 0.2746203198822305 572.3263682455487 572.0517479256665
443.0 0.2631349676953034 571.4039906084455 571.1408556407502
444.0 0.2420329802630105 571.1549783015986 570.9129453213355
445.0 0.2290608160412379 570.0420892049949 569.8130283889537
446.0 0.1979592798440581 569.1451868170527 568.9472275372087
447.0 0.185557181948499 568.9760648770116 568.7905076950631
448.0 0.1527968001472212 568.5035496390816 568.3507528389344
449.0 0.1579965464728817 567.8920567465153 567.7340602000424
450.0 0.1191439738250526 566.8300492130656 566.7109052392405
451.0 0.1110121797693767 566.6601497642472 566.5491375844779
452.0 0.113646147582985 566.0988790519001 565.9852329043171
453.0 0.07799533639226722 564.9657012552229 564.8877059188307
454.0 0.06996996764424004 564.9041821148987 564.8342121472545
455.0 0.07667949543579328 564.4433308456056 564.3666513501698
456.0 0.0603969403882709 563.5603998685091 563.5000029281208
457.0 0.05639191601393341 563.1193796774245 563.0629877614106
458.0 0.03139397032252386 562.4013546996446 562.3699607293221
459.0 0.02697468002956291 561.7417300845669 561.7147554045373
460.0 0.008567471887991174 561.0554785393408 561.0469110674528
461.0 0.0200020514500462 560.4746054821338 560.4546034306838
462.0 0.01756408014487452 560.0263600881002 560.0087960079553
463.0 0.01398014953247356 559.3444830874904 559.330502937958
464.0 0.01742916647988053 559.2200624094282 559.2026332429483
465.0 0.005341864940276317 557.9595386057732 557.9541967408329
466.0 0.003549623760911821 557.3775398576415 557.3739902338806
467.0 0 556.9234627614973 556.9234627614973
468.0 0.01017571477007208 556.4617432595169 556.4515675447468
469.0 0.04440922046710957 556.1430763842844 556.0986671638173
470.0 0.01272092699429649 555.0879412838759 555.0752203568816
471.0 0.04598734309806721 554.9216904972737 554.8757031541757
472.0 0.03877827390227023 554.1199811903359 554.0812029164336
473.0 0.07909208837511104 553.6588251209529 553.5797330325778
474.0 0.06555642042783605 552.9784183310316 552.9128619106038
475.0 0.08291508367069302 552.3113444464627 552.228429362792
476.0 0.1045605458381575 551.877395931591 551.7728353857529
477.0 0.1533013343079734 551.8637191011185 551.7104177668106
478.0 0.1389742339921799 550.9935123792296 550.8545381452374
479.0 0.1275220479027888 549.5353137101442 549.4077916622414
480.0 0.1614143869262616 549.6409046834996 549.4794902965733
481.0 0.2005188545253872 549.4261982045756 549.2256793500502
482.0 0.2305378155053236 548.8953010431055 548.6647632276002
483.0 0.2535875560899865 548.1604451192034 547.9068575631134
484.0 0.2722385041530456 547.3774891797683 547.1052506756153
485.0 0.3161050811116181 547.2748661998342 546.9587611187226
486.0 0.3631026990783865 546.6082467069894 546.245144007911
487.0 0.402787852931396 545.8873844150208 545.4845965620894
488.0 0.3984597311389684 545.8413293501456 545.4428696190067
489.0 0.4475245368377876 544.7171151615301 544.2695906246923
490.0 0.5120172836228582 545.1703513356846 544.6583340520618
491.0 0.5489402542371087 544.0795750573768 543.5306348031397
492.0 0.6093748271862296 543.3645303336297 542.7551555064435
493.0 0.6449080545150866 542.7941689171355 542.1492608626204
494.0 0.7044199697204298 542.2829849009072 541.5785649311868
495.0 0.7715615682624599 542.313424864554 541.5418632962915
496.0 0.7598129220705336 540.843545246138 540.0837323240675
497.0 0.8552142462883434 540.6342564226977 539.7790421764093
498.0 0.9217361184761508 540.5397348803211 539.6179987618449
499.0 1.000190776144229 539.7949192860449 538.7947285099007
500.0 1.027580727220361 538.9648366638568 537.9372559366364
501.0 1.149948455194404 539.2745445827505 538.1245961275561
502.0 1.246197998630516 538.9548502106634 537.7086522120329
503.0 1.28285109241206 537.200427740229 535.917576647817
504.0 1.309485672247882 536.5757597105533 535.2662740383054
505.0 1.429716681836344 536.8735599870216 535.4438433051852
506.0 1.510049809005451 536.9019152183453 535.3918654093398
507.0 1.570302275744775 536.4078724043829 534.8375701286381
508.0 1.672961295149379 534.9214580432624 533.2484967481131
509.0 1.813624715766071 535.5304810759883 533.7168563602223
510.0 1.927006838377985 535.2056691743424 533.2786623359644
511.0 1.966558305292865 533.4827845543659 531.516226249073
512.0 2.069766048452109 533.6084276184074 531.5386615699553
513.0 2.246034141164152 532.2566039728368 530.0105698316726
514.0 2.259581372757202 531.9188738287954 529.6592924560382
515.0 2.381720134731029 530.903573039022 528.521852904291
516.0 2.604385156018942 530.6402899250933 528.0359047690743
517.0 2.753172127008559 530.6038786665834 527.8507065395748
518.0 2.673754286703984 529.8827152028906 527.2089609161866
519.0 2.918458691029383 530.0817655717171 527.1633068806877
520.0 2.944849106208255 530.12104869251 527.1761995863017
521.0 3.134473134430154 529.6064466668465 526.4719735324164
522.0 3.159843541050619 528.9505389585937 525.7906954175431
523.0 3.536236084559172 528.3710152484047 524.8347791638455
524.0 3.65436367091779 528.3616938097223 524.7073301388046
525.0 3.962401483229243 527.527790912637 523.5653894294078
526.0 3.984425107223573 527.6571449264138 523.6727198191902
527.0 4.141350761586104 525.4292928787176 521.2879421171315
528.0 4.279561267039372 526.2955659440195 522.0160046769801
529.0 4.495217096471577 526.1142432435335 521.6190261470619
530.0 4.64198769402209 524.051930754338 519.4099430603159
531.0 4.705623016675613 520.9601292885875 516.2545062719119
532.0 4.92540219876212 520.9246231250266 515.9992209262645
533.0 4.78741065786199 522.0151816382191 517.2277709803571
534.0 5.356597215512412 520.9381396780072 515.5815424624948
535.0 5.243465882240456 527.4366154121098 522.1931495298693
536.0 5.716061882103404 522.0233831032338 516.3073212211304
537.0 5.844623641446459 520.8645590530944 515.0199354116479
538.0 6.621674242415962 518.1728172743991 511.5511430319831
539.0 6.297434881915932 521.1500886334759 514.85265375156
540.0 6.145438296856427 526.5940987119948 520.4486604151384
541.0 7.35328245116976 518.6903995651198 511.3371171139501
542.0 7.042618446487119 523.4270495331074 516.3844310866203
543.0 7.542969072789804 526.7320455633894 519.1890764905996
544.0 7.232302158576095 532.2786214541125 525.0463192955364
545.0 7.986548954449627 519.3224899269347 511.3359409724851
546.0 9.738458945464561 461.827828488043 452.0893695425784
547.0 10.39836515848857 466.0316811179377 455.6333159594491
548.0 12.1870839995036 446.8311840473046 434.644100047801
549.0 9.034026478172954 565.3713311482092 556.3373046700362
550.0 7.612736291894194 526.6360704927577 519.0233342008635
551.0 13.43599269398479 432.8861418354427 419.4501491414579
552.0 13.40991293109691 439.1362041867577 425.7262912556608
553.0 12.32586574939791 447.8926005614803 435.5667348120824
554.0 11.60203800537618 459.1591854310298 447.5571474256537
555.0 15.37838629862809 420.4569952711229 405.0786089724948
556.0 14.10675050406912 437.2555097521963 423.1487592481272
557.0 16.87121130319026 418.71453129722 401.8433199940298
558.0 12.59387994187753 446.8333162344193 434.2394362925417
559.0 13.26347348060024 443.1762231978668 429.9127497172666
560.0 16.99432426857043 421.0650844657145 404.070760197144
561.0 19.8673086345432 401.8274752687963 381.9601666342531
562.0 22.6334561234148 383.488882160112 360.8554260366972
563.0 20.74152101598754 394.6907972352421 373.9492762192546
564.0 21.55444752496153 392.7783519550481 371.2239044300866
565.0 17.96728550985665 415.1837923587217 397.2165068488651
566.0 22.52169198171221 381.8019435790145 359.2802515973023
567.0 23.85082757873405 378.0495554178822 354.1987278391482
568.0 27.74660168151671 361.6248367076695 333.8782350261528
569.0 23.85183757803054 378.0818422717683 354.2300046937378
570.0 27.08171199159349 362.635409495082 335.5536975034886
571.0 27.2542216270326 363.3967514837841 336.1425298567515
572.0 34.61108114698172 334.1266647348347 299.515583587853
573.0 27.27142930260614 363.7195145001218 336.4480851975156
574.0 33.17083526987172 341.3943528263005 308.2235175564288
575.0 26.68809977966274 364.7777340589925 338.0896342793298
576.0 42.94511578913554 306.4165278698004 263.4714120806648
577.0 43.41527323506984 304.3799025107481 260.9646292756783
578.0 27.75039586422097 361.7221320131413 333.9717361489203
579.0 36.67619709040684 329.7221129976899 293.045915907283
580.0 58.30441091349262 261.9374776469202 203.6330667334276
581.0 46.72845342761886 295.7221321937267 248.9936787661078
582.0 52.95590949460049 277.7209045966304 224.7649951020299
583.0 58.93074892145434 263.3913756692591 204.4606267478048
584.0 63.47780486539437 253.7116454301288 190.2338405647344
585.0 75.23132547420034 227.2551274458625 152.0238019716622
586.0 73.44963120336852 231.4073401679923 157.9577089646238
587.0 72.55946261323412 233.6130579230699 161.0535953098358
588.0 73.45587763129459 231.5213358884609 158.0654582571663
591.0 85.30921873511874 205.722137 120.4129182648812
