0.0 11.10004598038679 804.1523438980081 793.0522979176213
1.0 9.844219431050971 801.1104482535481 791.2662288224972
2.0 9.112917259940512 801.5577018124106 792.4447845524701
3.0 8.569832063826191 801.8742906450193 793.3044585811931
4.0 8.16693910991279 802.7679350215977 794.6009959116849
5.0 7.811179788203661 801.2135024542623 793.4023226660587
6.0 7.507972381754391 799.8184862803017 792.3105138985473
7.0 7.251525255297067 800.0170736997576 792.7655484444605
8.0 7.045179178734952 799.0837176634256 792.0385384846906
9.0 6.882967164524424 798.6685994850774 791.785632320553
10.0 6.708442289653982 797.8087146164513 791.1002723267973
11.0 6.608023521373761 797.8572061834861 791.2491826621123
12.0 6.470520180884118 796.4550410215317 789.9845208406476
13.0 6.378405554301849 796.4718276308555 790.0934220765537
14.0 6.282777105821689 795.5438182448201 789.2610411389985
15.0 6.221005404499834 795.683145294958 789.4621398904582
16.0 6.148950297493206 795.1775098277914 789.0285595302982
17.0 6.097755643346875 794.9632233844593 788.8654677411124
18.0 6.046840906069138 794.2467351535903 788.1998942475212
19.0 5.992459369898044 793.7171612224152 787.7247018525172
20.0 5.950037103246691 792.8830514131344 786.9330143098877
21.0 5.917665810866319 792.5112539881853 786.593588177319
22.0 5.882507819529864 792.207588953421 786.3250811338911
23.0 5.842823228898048 791.2048152207869 785.3619919918888
24.0 5.818901014989263 791.1865513015264 785.3676502865372
25.0 5.76752649609866 790.4262392192051 784.6587127231064
26.0 5.765214437601977 790.2920390301134 784.5268245925114
27.0 5.740796071320073 789.7951321221048 784.0543360507847
28.0 5.70906183553141 789.3000457801362 783.5909839446048
29.0 5.688140242125155 788.705554958275 783.0174147161498
30.0 5.668828817612925 788.4226033425208 782.7537745249079
31.0 5.647508795896431 788.0663859312718 782.4188771353754
32.0 5.632741989664832 787.213350191109 781.5806082014442
33.0 5.61162470234082 786.9245937959425 781.3129690936016
34.0 5.59168383462396 786.4419227428537 780.8502389082297
35.0 5.59745042448625 786.465840488209 780.8683900637228
36.0 5.571201707970298 785.9246654154052 780.3534637074349
37.0 5.559016531321266 785.4912135698302 779.9321970385089
38.0 5.554048841406053 785.4258235345744 779.8717746931683
39.0 5.534254854566352 784.9237691531991 779.3895142986327
40.0 5.531151478694363 784.3233281215832 778.7921766428889
41.0 5.520148396016258 783.9226967984607 778.4025484024445
42.0 5.514675075046627 783.1609620582202 777.6462869831736
43.0 5.495134212171537 782.2732182986199 776.7780840864483
44.0 5.493503160209177 782.0666435116719 776.5731403514627
45.0 5.483547954266302 781.4844795155119 776.0009315612456
46.0 5.48391238392534 781.3883067907622 775.9043944068369
47.0 5.481509696894287 780.8762204852133 775.394710788319
48.0 5.475185276895983 780.4024099152231 774.9272246383271
49.0 5.478027376976418 780.2275119391009 774.7494845621245
50.0 5.463488924375049 778.9811783411409 773.5176894167659
51.0 5.455604060586374 778.697162273771 773.2415582131846
52.0 5.470001572025805 778.4032049141419 772.9332033421161
53.0 5.447671543803657 777.2855821036862 771.8379105598825
54.0 5.4554510741962 776.8624643839421 771.4070133097459
55.0 5.476252697642652 777.317328265581 771.8410755679383
56.0 5.476863767834993 776.7555065875032 771.2786428196682
57.0 5.483500570593069 775.8418438832441 770.3583433126511
58.0 5.472137377102262 775.0077793902363 769.5356420131341
59.0 5.493269085554217 775.0184625948988 769.5251935093446
60.0 5.505539627897621 774.2470505250032 768.7415108971056
61.0 5.496292679840484 773.3103980411982 767.8141053613577
62.0 5.517805027204291 773.5764752878511 768.0586702606468
63.0 5.527117216607833 772.8527776418971 767.3256604252892
64.0 5.555483845703673 772.3730448643101 766.8175610186064
65.0 5.580525703166299 772.1211919422296 766.5406662390633
66.0 5.570467606652049 770.4765945724261 764.906126965774
67.0 5.609071255254297 771.4203845649609 765.8113133097066
68.0 5.61398227330554 769.8797016644923 764.2657193911868
69.0 5.639823982132157 769.7905296344807 764.1507056523485
70.0 5.662867272663935 769.5503944771251 763.8875272044611
71.0 5.675582462340096 768.7906156324463 763.1150331701062
72.0 5.694560443799476 767.7007181377708 762.0061576939713
73.0 5.721115025371503 767.6435264109294 761.9224113855579
74.0 5.773498596168478 767.5694399930033 761.7959413968348
75.0 5.7811337572667 766.7200388870686 760.9389051298019
76.0 5.793611300640381 766.1066192220407 760.3130079214004
77.0 5.824729426426686 766.0159465107835 760.1912170843568
78.0 5.857659642229578 765.0381614931458 759.1805018509162
79.0 5.886686167728797 765.0406454324157 759.1539592646869
80.0 5.916397049080553 764.7864307069384 758.8700336578579
81.0 5.940297257954575 763.3407882589088 757.4004910009542
82.0 5.925317221163195 761.9846645837876 756.0593473626244
83.0 5.989073045375185 762.230988423761 756.2419153783858
84.0 6.028864670590452 762.1062696941432 756.0774050235527
85.0 6.040957272798537 760.574050493592 754.5330932207935
86.0 6.078958000879885 760.1385014831452 754.0595434822653
87.0 6.128658214260288 760.4459486243158 754.3172904100555
88.0 6.145272623785009 759.4462651256696 753.3009925018846
89.0 6.20180347851941 759.0009103897675 752.7991069112481
90.0 6.229885800605288 757.7402349423802 751.510349141775
91.0 6.253778743975218 757.6876826471927 751.4339039032174
92.0 6.26238758282267 755.562703488751 749.3003159059284
93.0 6.314048276448501 754.9546387239506 748.6405904475021
94.0 6.398710868759277 755.3242721520541 748.9255612832948
95.0 6.430697951508325 755.5904218899769 749.1597239384686
96.0 6.463869200580362 754.1392728312879 747.6754036307075
97.0 6.48720087998383 753.970336392563 747.4831355125792
98.0 6.60605356054775 752.8359978846239 746.2299443240761
99.0 6.63704673134888 752.8771610047333 746.2401142733844
100.0 6.727393744425857 753.8884342492178 747.1610405047919
101.0 6.791621187915918 752.5242229061348 745.7326017182189
102.0 6.80428704944971 749.9539935766445 743.1497065271948
103.0 6.914179454027083 751.3206184988387 744.4064390448116
104.0 6.973089508476169 751.0054755327723 744.0323860242961
105.0 7.040662929587497 751.1515094067959 744.1108464772084
106.0 7.069486668163878 747.7070922659966 740.6376055978327
107.0 7.171358331453942 749.987476244482 742.8161179130281
108.0 7.202718586502423 748.1266759733072 740.9239573868048
109.0 7.280018921635717 746.7741489625067 739.494130040871
110.0 7.372138607244916 748.1753483487519 740.803209741507
111.0 7.388001157240513 746.1994299903262 738.8114288330857
112.0 7.504800885189623 748.5899500235624 741.0851491383728
113.0 7.635083440830547 745.9032652895025 738.2681818486719
114.0 7.707408160318954 747.3920262907587 739.6846181304397
115.0 7.698840856668754 743.4180449939797 735.7192041373109
116.0 7.75988408511914 742.974817683135 735.2149335980159
117.0 7.815887524145876 744.2981966789177 736.4823091547718
118.0 7.876975177571205 744.2825798767822 736.405604699211
119.0 7.912849315923394 743.0171397992153 735.1042904832919
120.0 8.106419871996281 742.6220849134199 734.5156650414236
121.0 8.017285263046954 740.971714785894 732.954429522847
122.0 8.008629870051446 738.8502758763979 730.8416460063464
123.0 8.17344608867524 738.3970485427761 730.2236024541008
124.0 8.166394175876502 740.4830151464583 732.3166209705818
125.0 8.346209628566253 740.4643039360021 732.1180943074358
126.0 8.463902061823334 741.6034108510538 733.1395087892304
127.0 8.302729498883701 739.6181420688012 731.3154125699175
128.0 8.392114204950825 740.8709839123306 732.4788697073797
129.0 8.476736166096425 738.3746597391795 729.8979235730831
130.0 8.47727195327689 740.0920173335756 731.6147453802987
131.0 8.505707341917282 739.1868108630204 730.6811035211031
132.0 8.516079514518443 736.267200341392 727.7511208268735
133.0 8.695464004688575 740.602879030142 731.9074150254534
134.0 8.670411855326614 737.0998168839823 728.4294050286557
135.0 8.623418957790082 736.3471711023129 727.7237521445228
136.0 8.680841261105125 739.0741006896785 730.3932594285734
137.0 8.624956741497998 730.9545267295519 722.3295699880539
138.0 8.545085031095742 737.0860121534596 728.5409271223638
139.0 8.696143226544913 737.2801331323144 728.5839899057695
140.0 8.867952986679875 735.5190958092171 726.6511428225372
141.0 8.637499744876752 731.6737302278368 723.03623048296
142.0 8.695579438941199 731.5170707939509 722.8214913550097
143.0 8.611485705401957 730.18901165584 721.5775259504381
144.0 8.629419895385246 733.3135930873905 724.6841731920053
145.0 8.820974688731766 737.2925908866576 728.4716161979258
146.0 8.725250153625935 735.9240344677092 727.1987843140833
147.0 8.807134148370916 733.3765405280836 724.5694063797127
148.0 8.61325930326804 730.9932766991302 722.3800173958622
149.0 8.650748216911208 729.2537292707179 720.6029810538067
150.0 8.679421581470753 728.7914017362053 720.1119801547346
151.0 8.591657449026886 729.472090439376 720.8804329903491
152.0 8.604881912660933 724.4377066935829 715.8328247809219
153.0 8.529953728010872 725.4900097287514 716.9600560007405
154.0 8.693866223925911 729.1842007063637 720.4903344824378
155.0 8.642445989219272 729.9844751694304 721.3420291802111
156.0 8.664229872218387 727.5224947550016 718.8582648827833
157.0 8.60471072558212 727.2343012855818 718.6295905599997
158.0 8.529052797378265 722.0200263330242 713.4909735356459
159.0 8.59671248099219 725.1533131258138 716.5566006448216
160.0 8.612856668149314 727.4107948753667 718.7979382072174
161.0 8.491307726388705 718.6713186637962 710.1800109374075
162.0 8.726638096103641 724.9971017540924 716.2704636579888
163.0 8.586534189370199 715.7546859535231 707.1681517641529
164.0 8.582941436347669 722.4202064241477 713.8372649878
165.0 8.540227411185734 724.0427890133709 715.5025616021852
166.0 8.386147383819949 719.5961244720133 711.2099770881933
167.0 8.497303597143496 721.6870953005266 713.1897917033831
168.0 8.561828262637448 713.4090057932701 704.8471775306326
169.0 8.371704078959532 716.7653635625932 708.3936594836337
170.0 8.405498900437449 718.7925200637665 710.3870211633291
171.0 8.386176434252319 716.9407260831242 708.5545496488719
172.0 8.736418232458281 722.5864879081385 713.8500696756803
173.0 8.589827517605582 722.2170434295717 713.6272159119661
174.0 8.463100546924228 720.9496951525761 712.4865946056519
175.0 8.50355204250858 711.2920653443989 702.7885133018903
176.0 8.523941597729673 715.9246794031566 707.4007378054269
177.0 8.530407647232429 718.9121381392189 710.3817304919865
178.0 8.624335406588604 716.817510410369 708.1931750037804
179.0 8.333746171394022 714.6193136869821 706.2855675155881
180.0 8.427069806721614 717.723167659355 709.2960978526334
181.0 8.58612850390988 719.0437928756355 710.4576643717257
182.0 8.351561599639656 709.0461450396676 700.694583440028
183.0 8.161379718286203 703.7762946932044 695.6149149749181
184.0 8.428900272705355 716.7527737513009 708.3238734785955
185.0 8.302932884992895 705.0257139245749 696.722781039582
186.0 8.373396258977386 709.5514146750076 701.1780184160302
187.0 8.378919858742639 708.9505276721793 700.5716078134367
188.0 8.212191109662905 704.2118619136203 695.9996708039574
189.0 8.393698559070493 714.1595267157556 705.7658281566851
190.0 8.472387002120465 708.8949118600105 700.4225248578901
191.0 8.138698185340129 706.6342389348027 698.4955407494626
192.0 8.476266867023974 712.4908421420527 704.0145752750288
193.0 8.415433083932066 708.0261405071677 699.6107074232356
194.0 8.371522505390574 700.9050170571659 692.5334945517753
195.0 8.421585847628956 708.412298241716 699.9907123940871
196.0 8.177625437152613 700.1644361872887 691.9868107501361
197.0 8.403759403980151 706.881731939492 698.4779725355118
198.0 8.12403451151007 697.9663488834689 689.8423143719588
199.0 8.475471493680641 705.914192450711 697.4387209570303
200.0 8.380632251158643 708.8985722797532 700.5179400285945
201.0 8.166811131952048 688.772502489328 680.6056913573759
202.0 8.21366822129556 707.1235595252653 698.9098913039697
203.0 8.066399660474561 693.8811738471766 685.814774186702
204.0 8.026879945507584 696.6122892197501 688.5854092742425
205.0 8.303274762317789 701.3026452703492 692.9993705080314
206.0 8.209094224247926 698.2474409264605 690.0383467022126
207.0 8.319866946279283 696.2802975920312 687.9604306457519
208.0 8.041083327299353 693.6466428812959 685.6055595539965
209.0 8.246562192545131 698.9607393029282 690.7141771103831
210.0 8.004786710543953 686.8863776438662 678.8815909333222
211.0 8.323307220336503 703.4893959239642 695.1660887036277
212.0 8.138046597895404 694.3581757276603 686.2201291297649
213.0 8.267268302326457 698.2549740478338 689.9877057455073
214.0 8.316269981699842 700.7619443805625 692.4456743988626
215.0 8.269567999305849 696.7733353142496 688.5037673149437
216.0 8.05867030992639 699.1945163239518 691.1358460140254
217.0 8.181727854255649 694.1078578419133 685.9261299876577
218.0 8.45657270975004 699.052899977234 690.596327267484
219.0 8.095635622551024 693.0642035605311 684.9685679379801
220.0 8.258671376304825 697.7723524288008 689.5136810524959
221.0 8.067596383817989 692.5385695342936 684.4709731504756
222.0 8.149979859278971 695.198939227951 687.048959368672
223.0 7.960474584327439 689.68430607131 681.7238314869825
224.0 8.283613389498971 695.1055446102416 686.8219312207426
225.0 8.309695159072712 694.5888028272295 686.2791076681568
226.0 8.177532309857219 689.1046552778037 680.9271229679465
227.0 8.099927919885742 694.2021843037726 686.1022563838869
228.0 8.148415883672023 689.7020670066022 681.5536511229302
229.0 8.314890903473314 697.6389585504345 689.3240676469612
230.0 8.092124856241988 681.3763293316018 673.2842044753598
231.0 8.242792567567272 691.5598227815745 683.3170302140072
232.0 7.809398913367396 679.88569025416 672.0762913407926
233.0 7.874219256369932 681.4901143939082 673.6158951375383
234.0 8.143026698900772 688.477754586444 680.3347278875433
235.0 8.192681603507719 688.8976945842418 680.7050129807341
236.0 7.905571478632042 685.7560916161986 677.8505201375666
237.0 7.937114393929673 687.3496717753454 679.4125573814157
238.0 8.218034065413869 688.7146709533871 680.4966368879732
239.0 7.910475644227764 686.9475250415118 679.0370493972841
240.0 8.083588528744401 692.4790774011374 684.395488872393
241.0 7.887890537181418 677.9521776910492 670.0642871538678
242.0 7.813159994947646 684.1267592962128 676.3135993012652
243.0 8.005019285077993 686.7654102210963 678.7603909360183
244.0 7.915384065436571 683.8849053856691 675.9695213202326
245.0 8.211632235294809 687.6213699488436 679.4097377135488
246.0 8.113818798879535 684.2491619754105 676.135343176531
247.0 7.775769176623999 689.5166218272495 681.7408526506255
248.0 7.801605918568942 682.0968546151797 674.2952486966107
249.0 7.741134268197879 678.222373376625 670.4812391084272
250.0 7.910393412894017 679.9674972673413 672.0571038544473
251.0 7.64905382834842 682.3998028074887 674.7507489791403
252.0 7.790186125905018 678.5662532150905 670.7760670891855
253.0 7.672073286790119 681.552307217961 673.8802339311709
254.0 7.810717953813073 678.2934510408227 670.4827330870097
255.0 7.628947681456156 674.7885477839983 667.1596001025421
256.0 7.442269887614762 672.4535566134861 665.0112867258713
257.0 7.457141402413096 670.837043594801 663.3799021923879
258.0 7.595108900461285 672.5073247548991 664.9122158544379
259.0 7.630076619247138 681.4118519976455 673.7817753783984
260.0 7.630301680256549 683.3754329984159 675.7451313181594
261.0 7.406241727209212 674.3625314235129 666.9562896963037
262.0 7.435040103516002 677.0926592476476 669.6576191441316
263.0 7.667033720436238 677.4871252878198 669.8200915673836
264.0 7.299805659860874 675.9829385443644 668.6831328845035
265.0 7.317130959384895 672.4804078192746 665.1632768598897
266.0 7.254671226017024 673.851893531912 666.5972223058949
267.0 7.300067380189505 669.2599656185415 661.959898238352
268.0 7.268170081763848 673.3920511342178 666.123881052454
269.0 7.233484897750845 676.0791987638212 668.8457138660704
270.0 7.093217020041116 664.7637196674606 657.6705026474195
271.0 7.058101984232134 674.0471596117251 666.9890576274929
272.0 7.082303286592558 673.8176506174278 666.7353473308353
273.0 7.045063328720356 666.5563909191563 659.5113275904359
274.0 7.056225501986807 673.6852062996743 666.6289807976874
275.0 6.928142989083938 668.2374097000563 661.3092667109723
276.0 6.804666755742065 662.77648433424 655.9718175784979
277.0 6.900294928309385 670.2417407135128 663.3414457852034
278.0 6.893026690756738 670.1781765464741 663.2851498557173
279.0 6.727532276708906 664.3684660375231 657.6409337608142
280.0 6.851620358261167 667.4716010043846 660.6199806461234
281.0 6.722715986301849 662.8625893370311 656.1398733507293
282.0 6.757779442647354 662.8638435634749 656.1060641208275
283.0 6.525312968031717 663.7365827650631 657.2112697970314
284.0 6.666511486112662 664.293685217283 657.6271737311704
285.0 6.695113630379826 667.3630636302362 660.6679499998564
286.0 6.638561447045484 663.5314916909399 656.8929302438944
287.0 6.455795810604805 661.6796471387784 655.2238513281736
288.0 6.421404093777246 661.1727861926916 654.7513820989144
289.0 6.353005905148096 656.523287728632 650.1702818234839
290.0 6.352435042528966 661.0336267156639 654.681191673135
291.0 6.339109171974929 661.9669677575874 655.6278585856125
292.0 6.214753070917044 657.2791936228351 651.064440551918
293.0 6.154531859008411 655.3067485023862 649.1522166433778
294.0 6.278761600595822 657.9510849543371 651.6723233537412
295.0 6.166734523458325 655.7035303325953 649.536795809137
296.0 6.086547466420715 656.6721352291128 650.585587762692
297.0 6.047644932500872 659.0955626317538 653.0479176992529
298.0 5.971391070601708 655.6484065489174 649.6770154783157
299.0 6.227616329856852 661.0021769578814 654.7745606280246
300.0 6.053879616116671 655.7051547077347 649.651275091618
301.0 5.91688156197216 651.8246749353711 645.907793373399
302.0 5.828613270302681 656.3749884225154 650.5463751522127
303.0 5.771553381450127 654.7590521979579 648.9874988165078
304.0 5.828605200291434 655.034592019397 649.2059868191055
305.0 5.660469225451765 650.3308413978464 644.6703721723946
306.0 5.683285896601626 653.5625724008237 647.879286504222
307.0 5.617342039909952 650.9457022917637 645.3283602518537
308.0 5.594183143329897 652.6210292116722 647.0268460683424
309.0 5.604034310634496 648.8336800286704 643.2296457180359
310.0 5.423311756802018 646.2868274873114 640.8635157305094
311.0 5.381964936992863 649.2103481419369 643.8283832049441
312.0 5.437326842214382 649.9955711520049 644.5582443097905
313.0 5.416035361074606 648.7437316634538 643.3276963023792
314.0 5.32699071244019 644.7221146340865 639.3951239216463
315.0 5.197263434420713 647.052490130523 641.8552266961023
316.0 5.395120499286407 647.3385222191006 641.9434017198142
317.0 5.204793386783109 648.7662845614486 643.5614911746655
318.0 5.111913965183893 644.3399839307126 639.2280699655287
319.0 5.202336974102108 648.2072097255515 643.0048727514494
320.0 5.119528764707258 643.7947765922299 638.6752478275226
321.0 5.085446597635254 647.3528276192372 642.267381021602
322.0 5.051942461753042 644.4072122696993 639.3552698079463
323.0 4.875529149196768 641.6173113025632 636.7417821533664
324.0 4.889227704522623 642.2416289812953 637.3524012767726
325.0 4.779043293840357 642.4119036558153 637.6328603619749
326.0 4.804650681374277 643.2219356226343 638.41728494126
327.0 4.757719111557046 640.2956233523685 635.5379042408114
328.0 4.76316502669755 640.9187824742255 636.1556174475279
329.0 4.595631764325441 638.821889470314 634.2262577059886
330.0 4.672503476045173 640.1923919937667 635.5198885177215
331.0 4.581069312702089 639.7139115957079 635.1328422830058
332.0 4.539007956670047 636.1336388738202 631.5946309171502
333.0 4.477071266138584 638.1245732596256 633.647501993487
334.0 4.416014775683089 636.1077968979623 631.6917821222792
335.0 4.381077915689894 635.8739484106943 631.4928704950044
336.0 4.411714742121812 636.9150156985062 632.5033009563844
337.0 4.287176197292957 634.1031202003834 629.8159440030904
338.0 4.208353891845117 633.97958908509 629.7712351932449
339.0 4.100082152590081 632.5404797945164 628.4403976419263
340.0 4.171100628786844 633.8246016606314 629.6535010318446
341.0 4.122701133653881 632.6328978129422 628.5101966792883
342.0 3.991710352556025 629.9288891372392 625.9371787846831
343.0 3.956433278784585 631.6962327599718 627.7397994811872
344.0 4.020548844365034 633.0361056538201 629.015556809455
345.0 3.925239212550087 629.6762416617594 625.7510024492093
346.0 3.838896862569908 628.4981318612322 624.6592349986623
347.0 3.806321193633497 629.6705488686143 625.8642276749808
348.0 3.769732882334246 628.5716013024392 624.801868420105
349.0 3.726514788044546 627.2299187501297 623.5034039620852
350.0 3.668278908532646 628.2846376930399 624.6163587845073
351.0 3.618628851365331 626.5428153117742 622.9241864604089
352.0 3.590745303515636 626.6588799752087 623.068134671693
353.0 3.566582142306465 625.9755406456129 622.4089585033064
354.0 3.506833193807469 625.835953235433 622.3291200416255
355.0 3.453068012288739 623.7716374527509 620.3185694404622
356.0 3.457443132657554 623.9842526605485 620.526809527891
357.0 3.354312228902751 620.8289235139587 617.474611285056
358.0 3.294372426217171 621.4898718321315 618.1954994059144
359.0 3.273121599626256 622.5991671308449 619.3260455312187
360.0 3.324470907204643 622.776178883623 619.4517079764184
361.0 3.163485963380817 620.3923129302513 617.2288269668705
362.0 3.156416351273194 621.0760257937272 617.919609442454
363.0 3.155305754417055 621.8034035104818 618.6480977560647
364.0 3.097126197523133 621.3050755448988 618.2079493473756
365.0 3.057528250913979 618.1702273971566 615.1126991462426
366.0 2.998285564335934 619.1495838341606 616.1512982698247
367.0 2.953837731435847 617.3075845314618 614.353746800026
368.0 2.899918913044375 618.1467077259506 615.2467888129062
369.0 2.85106544915041 616.8057893876111 613.9547239384607
370.0 2.820366483662755 616.9036289423516 614.0832624586888
371.0 2.7967663747301 615.6556671139213 612.8589007391912
372.0 2.706131338169254 614.4840331733677 611.7779018351985
373.0 2.644299344638817 614.7895135201073 612.1452141754684
374.0 2.645853014063642 614.6030472410485 611.9571942269848
375.0 2.589051306155059 613.6130800013668 611.0240286952118
376.0 2.557140908750173 612.4148188789949 609.8576779702448
377.0 2.508692978028426 611.7994364322263 609.2907434541979
378.0 2.476599464407441 611.7528887130356 609.2762892486282
379.0 2.40951497752218 610.8534297902497 608.4439148127275
380.0 2.401342172229888 610.9997520133339 608.5984098411041
381.0 2.328504556778019 610.357144957478 608.0286404007
382.0 2.285887036907888 609.6672582240691 607.3813711871612
383.0 2.273331501902113 609.6555202563597 607.3821887544576
384.0 2.232817462528761 608.597874765389 606.3650573028602
385.0 2.189372741572975 607.8180029426345 605.6286302010615
386.0 2.13482596313303 606.8168809792405 604.6820550161075
387.0 2.054245364786136 605.1800462821584 603.1258009173722
388.0 2.051927580633234 605.1149216092042 603.062994028571
389.0 2.025343416458234 604.8309932739742 602.805649857516
390.0 1.99203305629379 604.5716623652575 602.5796293089637
391.0 1.872443894165046 602.8220289829124 600.9495850887473
392.0 1.881007138223531 603.7409917595191 601.8599846212956
393.0 1.85664779241223 602.7929867926827 600.9363390002705
394.0 1.834388065668439 602.7369810529239 600.9025929872555
395.0 1.761886251190508 601.7586727752829 599.9967865240924
396.0 1.732552707237804 600.635518847928 598.9029661406902
397.0 1.695853974686406 600.5486798097297 598.8528258350433
398.0 1.653011925730133 600.0526332913882 598.3996213656581
399.0 1.593370244061718 598.9449622325877 597.351591988526
400.0 1.574918839953344 598.3424289792443 596.767510139291
401.0 1.533450039585445 597.9229195647341 596.3894695251487
402.0 1.513255652477519 598.129300878129 596.6160452256515
403.0 1.463426906479121 597.460799591997 595.9973726855178
404.0 1.430580604844132 597.0661345025201 595.635553897676
405.0 1.387202524072349 595.4005554764984 594.0133529524261
406.0 1.359436893897035 595.2063045576489 593.8468676637519
407.0 1.28818956904169 594.1647153329148 592.8765257638731
408.0 1.313998495359021 594.6019456633674 593.2879471680084
409.0 1.241347371641412 593.6427960574292 592.4014486857878
410.0 1.190374126626289 592.5994135335304 591.4090394069041
411.0 1.169298451730725 591.9796353501579 590.8103368984272
412.0 1.122113029002041 590.6219695537906 589.4998565247886
413.0 1.094026284476199 590.9784182476956 589.8843919632194
414.0 1.078466200505393 590.6548704934753 589.5764042929699
415.0 1.024063062154325 590.1920644382599 589.1680013761056
416.0 1.003265445488986 589.3041771692627 588.3009117237737
417.0 0.9498524034080684 588.8979867046731 587.9481343012651
418.0 0.9440933198659038 588.4700807821254 587.5259874622595
419.0 0.8902506651707035 587.6132783313941 586.7230276662234
420.0 0.8671444933438535 587.1902441717838 586.3230996784399
421.0 0.8343245619659332 586.1767256237654 585.3424010617995
422.0 0.8013857049598767 585.9470820640482 585.1456963590883
423.0 0.7675936270387781 584.7237212883127 583.956127661274
424.0 0.7224950488655175 584.6427436040376 583.9202485551721
425.0 0.721800046935371 583.8503942951848 583.1285942482494
426.0 0.6664814104173762 582.6167585398864 581.950277129469
427.0 0.6419113636013673 582.3996356302991 581.7577242666977
428.0 0.6277812700302615 582.5617997516277 581.9340184815974
429.0 0.5840500905921747 581.4456373101521 580.86158721956
430.0 0.5513675548506045 580.371469057986 579.8201015031354
431.0 0.5390575589484397 580.1157679346872 579.5767103757387
432.0 0.5172976543003986 579.6575686284142 579.1402709741138
433.0 0.4539936688161213 578.4204773946766 577.9664837258605
434.0 0.4549152794384582 578.7930722484322 578.3381569689937
435.0 0.4159314257258052 577.3577676231558 576.94183619743
436.0 0.3878080107710145 576.9493493566776 576.5615413459066
437.0 0.3653536600429904 576.4169733314161 576.0516196713731
438.0 0.3330054780342057 575.013925414836 574.6809199368018
439.0 0.3400541501225402 575.3389537549892 574.9988996048666
440.0 0.3053798004548252 574.5204946244257 574.2151148239709
441.0 0.283219026668594 573.7904168853351 573.5071978586665
442.0 0.2485207006679925 573.5266782713995 573.2781575707315
443.0 0.2385944604433734 572.6115280190201 572.3729335585767
444.0 0.2178978701007009 572.346381287907 572.1284834178063
445.0 0.2067969909496192 571.255447426602 571.0486504356524
446.0 0.1771821254417041 570.3594166956278 570.1822345701861
447.0 0.1650497485572974 570.18994741217 570.0248976636127
448.0 0.1330809421815229 569.6754108490967 569.5423299069152
449.0 0.1393452416194883 569.0583704562367 568.9190252146172
450.0 0.1022279141087386 568.0229548170676 567.9207269029588
451.0 0.09439057887134732 567.8335647271984 567.7391741483271
452.0 0.09799795170027534 567.267273419459 567.1692754677587
453.0 0.06422609922776036 566.1420630512301 566.0778369520024
454.0 0.05630891985554175 566.0615234537875 566.005214533932
455.0 0.06384163316766259 565.5776709467931 565.5138293136254
456.0 0.04903230702049445 564.7130893855908 564.6640570785703
457.0 0.04578448090875177 564.2648787835384 564.2190943026297
458.0 0.02198782051599998 563.5345824623854 563.5125946418694
459.0 0.01869123465952455 562.8789496719186 562.8602584372591
460.0 0.001441316076634752 562.1810579949357 562.179616678859
461.0 0.01389895527994379 561.5942020345544 561.5803030792745
462.0 0.01224046286477007 561.1303128693013 561.1180724064365
463.0 0.009810905642328172 560.461301213082 560.4514903074397
464.0 0.01350525929896673 560.3069572930277 560.2934520337287
465.0 0.003570055898621083 559.0382885401175 559.0347184842189
466.0 0.002769850926590545 558.4620605182791 558.4592906673525
467.0 0 558.0013012845526 558.0013012845526
468.0 0.01097994840108996 557.5471601413822 557.5361801929811
469.0 0.0458380474109726 557.2073939447144 557.1615558973034
470.0 0.01591078836252231 556.1494808200465 556.133570031684
471.0 0.04952196769477919 555.9810537156571 555.9315317479623
472.0 0.04369504596646079 555.1594032077078 555.1157081617413
473.0 0.08488751101006035 554.6785545495452 554.5936670385351
474.0 0.0724792114985765 554.0196148513839 553.9471356398853
475.0 0.09101952732118164 553.3461241419993 553.2551046146781
476.0 0.1134822597671554 552.8717911481088 552.7583088883416
477.0 0.1623398589594409 552.846881904782 552.6845420458226
478.0 0.1494826519746547 551.9776920174496 551.8282093654749
479.0 0.1405000162885915 550.5386662269045 550.3981662106159
480.0 0.1742869983102618 550.6232810335854 550.4489940352751
481.0 0.2138522654365495 550.3798618065619 550.1660095411254
482.0 0.2448332953437866 549.8508495330173 549.6060162376735
483.0 0.2691965588625896 549.1028755023632 548.8336789435006
484.0 0.2892250074813218 548.3200341651352 548.0308091576539
485.0 0.3333381535600556 548.2231346693248 547.8897965157648
486.0 0.381576929022441 547.5388859778606 547.1573090488382
487.0 0.4225649691596843 546.8228747393963 546.4003097702366
488.0 0.4183362834908114 546.7441236370145 546.3257873535237
489.0 0.4694350163348945 545.5992485011061 545.1298134847712
490.0 0.5332334852865203 546.0829227552199 545.5496892699334
491.0 0.5721070086647281 544.9770947225424 544.4049877138777
492.0 0.6339071657480507 544.2234134295478 543.5895062637997
493.0 0.6704713967244134 543.6647853633526 542.9943139666282
494.0 0.7309790001546331 543.1358549735332 542.4048759733786
495.0 0.7981699411606539 543.1822017737907 542.3840318326301
496.0 0.7889258809987618 541.7138214543843 540.9248955733855
497.0 0.8848710880486764 541.4801935576672 540.5953224696186
498.0 0.951679873571017 541.3738546374832 540.4221747639122
499.0 1.031538426265515 540.6417262195532 539.6101877932877
500.0 1.060447753641678 539.7576585793612 538.6972108257195
501.0 1.182476755966419 540.0866815126196 538.9042047566532
502.0 1.279443167224256 539.7641826564152 538.4847394891909
503.0 1.319177464872866 538.0063331171042 536.6871556522313
504.0 1.346964107198007 537.342579256097 535.995615148899
505.0 1.466863685248919 537.6709275990191 536.2040639137702
506.0 1.547249770144079 537.741795276599 536.1945455064549
507.0 1.608476360012037 537.2222032444506 535.6137268844386
508.0 1.713904669969065 535.6904238244344 533.9765191544654
509.0 1.853756962207536 536.3065389818789 534.4527820196714
510.0 1.967905778155322 535.9653841478793 533.997478369724
511.0 2.010494216582448 534.2326360590651 532.2221418424826
512.0 2.113639822804256 534.3857308107362 532.272090987932
513.0 2.292536002373433 533.0307242745465 530.7381882721731
514.0 2.3066994523096 532.6781081911344 530.3714087388248
515.0 2.430803949666532 531.649926136939 529.2191221872724
516.0 2.654294592605392 531.3967098538031 528.7424152611978
517.0 2.803387578500248 531.3748815616997 528.5714939831994
518.0 2.725111635627019 530.6081878333423 527.8830761977152
519.0 2.969903845054257 530.7954370665698 527.8255332215155
520.0 2.99619070761557 530.930583265379 527.9343925577634
521.0 3.187029624108971 530.4093394550179 527.2223098309089
522.0 3.213720910607302 529.577032537781 526.3633116271737
523.0 3.591571721121211 529.2129393762427 525.6213676551215
524.0 3.710010369882543 529.095622971326 525.3856126014435
525.0 4.019947184152576 528.3347616840311 524.3148144998785
526.0 4.04171481332489 528.5465326237152 524.5048178103903
527.0 4.202918415266016 526.1107586874925 521.9078402722265
528.0 4.33981475176706 527.0483095331442 522.7084947813772
529.0 4.556105585443455 526.9222932008101 522.3661876153666
530.0 4.706652163247169 524.8828201120417 520.1761679487945
531.0 4.775806495203911 521.6781254207437 516.9023189255398
532.0 4.9960192571923 521.6492175370587 516.6531982798664
533.0 4.856083723666112 522.5430853860544 517.6870016623883
534.0 5.427821846994161 521.7945380905639 516.3667162435697
535.0 5.303411920569333 528.1899956712015 522.8865837506321
536.0 5.786038381733044 522.8754471413408 517.0894087596077
537.0 5.916949729845515 521.5555841955125 515.6386344656669
538.0 6.699569827671606 519.3144332992829 512.6148634716113
539.0 6.369892786512723 522.0190018288964 515.6491090423836
540.0 6.208335147580304 527.4021846145766 521.1938494669963
541.0 7.431125289484083 520.3308467226793 512.8997214331952
542.0 7.112026833610427 524.7858906749525 517.6738638413421
543.0 7.607521776567372 528.1153101237946 520.5077883472272
544.0 7.287373625558011 532.9978538786012 525.7104802530432
545.0 8.064883340655403 520.377622209869 512.3127388692136
546.0 9.919358781746228 462.0033290174745 452.0839702357283
547.0 10.57316689660368 466.2166933601305 455.6435264635268
548.0 12.39788062031269 447.0966608380203 434.6987802177076
549.0 9.035535097127247 565.8454612296424 556.8099261325152
550.0 7.677931380418644 527.6265954369451 519.9486640565265
551.0 13.67304272996012 432.9816379895821 419.3085952596219
552.0 13.63613702680647 439.2803180328421 425.6441810060357
553.0 12.53522350552763 447.988515927918 435.4532924223904
554.0 11.79078388400278 459.2662410131087 447.4754571291059
555.0 15.64015441814689 420.5238507248803 404.8836963067334
556.0 14.33745150316808 437.3437842926287 423.0063327894606
557.0 17.13850408738819 418.8208415102781 401.6823374228899
558.0 12.80555672918548 446.8848213281904 434.0792645990049
559.0 13.4825660191551 443.2490242200208 429.7664582008657
560.0 17.25785314999464 421.0980271724091 403.8401740224145
561.0 20.1687923808676 401.9019677577105 381.7331753768429
562.0 22.97123495619371 383.5256916183698 360.5544566621761
563.0 21.0568236254969 394.7023055083793 373.6454818828824
564.0 21.87441289143284 392.8130095627474 370.9385966713145
565.0 18.24259865925115 415.208464066554 396.9658654073028
566.0 22.86219463877917 381.8186638838393 358.9564692450602
567.0 24.20004878185914 378.0808999310393 353.8808511491802
568.0 28.13076113843032 361.6291079083707 333.4983467699404
569.0 24.2010065174113 378.1114832388823 353.910476721471
570.0 27.46298743481391 362.6457609029489 335.182773468135
571.0 27.63448493960619 363.4075147314342 335.773029791828
572.0 35.0542709085734 334.1449448629181 299.0906739543447
573.0 27.65117675811662 363.7196857896062 336.0685090314896
574.0 33.59906970320506 341.4047629706889 307.8056932674838
575.0 27.06501673715853 364.789487455891 337.7244707187324
576.0 43.45023883963552 306.4328177744385 262.9825789348029
577.0 43.92470902003672 304.3897606515002 260.4650516314635
578.0 28.13439836340627 361.7221324919846 333.5877341285783
579.0 37.13051886713954 329.7221148771504 292.5915960100109
580.0 58.91235557299241 261.9461340842632 203.0337785112708
581.0 47.25846633480231 295.7221325322976 248.4636661974952
582.0 53.52755240014995 277.7209538305816 224.1934014304317
583.0 59.53727457070561 263.3966340259928 203.8593594552872
584.0 64.1087793960264 253.7119905418931 189.6032111458667
585.0 75.92794834289988 227.2608735922957 151.3329252493958
586.0 74.1360584295914 231.4129957042128 157.2769372746214
587.0 73.24057357182093 233.6150869290978 160.3745133572768
588.0 74.14212204285074 231.524298638483 157.3821765956322
591.0 86.06016078435131 205.722137 119.6619762156487
