0.0 7.542761469754927 814.3001583824303 806.7573969126754
1.0 6.307179603617719 812.1890285815607 805.881848977943
2.0 5.557963831723173 812.592669375112 807.0347055433888
3.0 5.003083013637723 812.727472591559 807.7243895779213
4.0 4.585679443873653 812.9388396289325 808.3531601850589
5.0 4.242677357951106 812.0589225356678 807.8162451777167
6.0 3.951986020488633 811.1687432077358 807.2167571872471
7.0 3.694442482033985 810.6974247385811 807.0029822565471
8.0 3.49814008449201 809.9033962222974 806.4052561378054
9.0 3.339219308624895 809.5385160285502 806.1992967199253
10.0 3.174888802962645 808.7263934309392 805.5515046279766
11.0 3.072661844404046 808.7109103951375 805.6382485507334
12.0 2.953021288720519 807.5377065692999 804.5846852805794
13.0 2.861035783396636 807.3331401163845 804.4721043329879
14.0 2.777629681701145 806.4790816009629 803.7014519192617
15.0 2.713292683283844 806.5259160173155 803.8126233340317
16.0 2.648773560018602 805.9311138921997 803.2823403321811
17.0 2.600240168313192 805.6827765990385 803.0825364307253
18.0 2.558656587750762 805.096388483172 802.5377318954212
19.0 2.513117152978588 804.3897725886929 801.8766554357143
20.0 2.480735585271489 803.8110870834686 801.3303514981971
21.0 2.453500670675046 803.4620919367931 801.0085912661181
22.0 2.42382087489612 802.9963502712766 800.5725293963805
23.0 2.396767837114598 802.2595925343241 799.8628246972095
24.0 2.375056130476624 801.9795846360256 799.604528505549
25.0 2.333139234546924 801.3876423423361 799.0545031077891
26.0 2.333913645379411 801.1462642599657 798.8123506145863
27.0 2.315765351577926 800.7590269584982 798.4432616069203
28.0 2.291685554625287 800.2033165428825 797.9116309882572
29.0 2.278127983254622 799.7936164739663 797.5154884907117
30.0 2.264136091351015 799.3613077976054 797.0971717062544
31.0 2.247779285769827 799.0167407511425 796.7689614653726
32.0 2.243689456921085 798.4404573579082 796.1967679009871
33.0 2.227316478180966 798.071162352712 795.843845874531
34.0 2.21523949739358 797.5115721287962 795.2963326314027
35.0 2.222049818149459 797.3835276015809 795.1614777834314
36.0 2.203687554567687 796.8411020043021 794.6374144497344
37.0 2.197214432707717 796.5056657849947 794.308451352287
38.0 2.194173111884063 796.2986574697838 794.1044843578998
39.0 2.182321810951597 795.7405158714589 793.5581940605073
40.0 2.187965443884074 795.2135379295641 793.0255724856801
41.0 2.183201190937202 794.786031961074 792.6028307701368
42.0 2.188374420330411 794.1441711536885 791.9557967333581
43.0 2.179386048539463 793.5863356613582 791.4069496128187
44.0 2.182328401453586 793.2314310517648 791.0491026503112
45.0 2.181740867485814 792.5858877624034 790.4041468949176
46.0 2.185469178721004 792.2606052440622 790.0751360653412
47.0 2.18968955315615 791.8945371883986 789.7048476352424
48.0 2.190716459812045 791.3897723560444 789.1990558962324
49.0 2.198246903845004 791.008653340298 788.810406436453
50.0 2.198435032928372 790.2681379742514 788.0697029413231
51.0 2.197911549233935 789.6307380673546 787.4328265181207
52.0 2.217588219027956 789.2656738178432 787.0480855988153
53.0 2.208980276272747 788.5219278828009 786.3129476065281
54.0 2.222489102608378 788.1922334864516 785.9697443838433
55.0 2.241083392813911 788.1243044156905 785.8832210228766
56.0 2.250487768374066 787.5461103016588 785.2956225332848
57.0 2.269252615243342 786.8926408990251 784.6233882837817
58.0 2.269393491126802 786.1951097711577 783.9257162800309
59.0 2.292499321621475 785.9717932265339 783.6792939049124
60.0 2.315343917274783 785.3931284089674 783.0777844916927
61.0 2.319801150238437 784.5448861565885 782.2250850063501
62.0 2.340921600546494 784.386791244664 782.0458696441176
63.0 2.361006428999115 783.7348653585594 781.3738589295603
64.0 2.395318775865549 783.4557514118889 781.0604326360234
65.0 2.425881668039505 783.0803436183511 780.6544619503116
66.0 2.438072202838359 781.8028161518568 779.3647439490184
67.0 2.468751957093392 782.0241353179995 779.5553833609061
68.0 2.491979687558542 781.1335909947245 778.6416113071659
69.0 2.52200809842955 780.7729155848926 778.250907486463
70.0 2.550428075880281 780.3476465714966 777.7972184956163
71.0 2.57491514126688 779.6301153552097 777.0552002139428
72.0 2.607418866955845 778.9795306620123 776.3721117950565
73.0 2.63708146227063 778.6808922589752 776.0438107967046
74.0 2.692307078951829 778.5027716773961 775.8104645984443
75.0 2.71154315432897 777.8221404360137 775.1105972816847
76.0 2.736543186806254 776.9239148221188 774.1873716353126
77.0 2.769663518155153 776.7717369308023 774.0020734126472
78.0 2.814682854692897 776.2077843177318 773.3931014630389
79.0 2.847194025107176 775.8687126584335 773.0215186333263
80.0 2.882234347798816 775.4739244567962 772.5916901089974
81.0 2.926499439151561 774.3474601063215 771.4209606671699
82.0 2.927800738064841 773.5188905921312 770.5910898540664
83.0 2.992926777891778 773.2470589552782 770.2541321773864
84.0 3.036370856908253 772.9967799188434 769.9604090619351
85.0 3.069680014739867 771.8155252598743 768.7458452451344
86.0 3.113099309054326 771.571511106957 768.4584117979027
87.0 3.160722657559008 771.621983271914 768.461260614355
88.0 3.195289009009783 770.3932286244652 767.1979396154554
89.0 3.257629557259764 770.1431856931598 766.8855561359
90.0 3.30358879558865 769.1597244661141 765.8561356705255
91.0 3.332218835585432 768.6585923843615 765.326373548776
92.0 3.36622105131729 767.4054575795892 764.0392365282719
93.0 3.429840879772759 766.6232360578029 763.1933951780302
94.0 3.511301941155483 766.9124958156162 763.4011938744607
95.0 3.541740312429305 766.8318320319625 763.2900917195332
96.0 3.597903916073419 765.4037211746934 761.80581725862
97.0 3.626428713210259 764.9920978161515 761.3656691029412
98.0 3.756392350478221 764.8006464121322 761.044254061654
99.0 3.795899121978436 763.8243814411186 760.0284823191402
100.0 3.872990298044504 764.6747000527503 760.8017097547057
101.0 3.95687194172149 763.6363627946408 759.6794908529193
102.0 3.99746060085887 762.5052142262358 758.5077536253769
103.0 4.09789888227461 762.6978636732144 758.5999647909398
104.0 4.164379020095048 762.1555786775478 757.9911996574527
105.0 4.234395043883799 761.8920208651629 757.6576258212791
106.0 4.306589509589686 759.6811490981977 755.374559588608
107.0 4.384031704587144 760.8546054393321 756.470573734745
108.0 4.442350212316672 759.2712169232891 754.8288667109724
109.0 4.537369638376451 758.410106753257 753.8727371148805
110.0 4.613507273709555 759.2830208780994 754.6695136043898
111.0 4.65554775432175 757.8998389793621 753.2442912250403
112.0 4.75104515638382 758.6692819940995 753.9182368377156
113.0 4.912182927144224 757.4464816739175 752.5342987467733
114.0 4.970526484551351 757.9769776031686 753.0064511186173
115.0 5.013644449824983 755.1973920765516 750.1837476267266
116.0 5.080662252246541 755.0096638378081 749.9290015855615
117.0 5.122935220212644 755.544573038038 750.4216378178254
118.0 5.189998995028518 754.9208686766944 749.7308696816659
119.0 5.23767882113945 754.6745279401952 749.4368491190558
120.0 5.441283362747025 754.217970454642 748.7766870918949
121.0 5.38524156180956 751.6696615314518 746.2844199696422
122.0 5.396112976255596 751.024595447932 745.6284824716764
123.0 5.56379854053896 751.4697718708157 745.9059733302768
124.0 5.540993147563682 751.404050358729 745.8630572111653
125.0 5.710676203339102 752.7916145120364 747.0809383086973
126.0 5.825482002280449 752.6063597013858 746.7808776991053
127.0 5.6861424068856 751.0831233575394 745.3969809506538
128.0 5.766852511497673 751.4838203948992 745.7169678834015
129.0 5.885238177532409 749.880545886278 743.9953077087456
130.0 5.862821721421494 750.9226511803575 745.059829458936
131.0 5.905648895285249 750.1919740550883 744.286325159803
132.0 5.951275686020447 748.3934879381602 742.4422122521398
133.0 6.083527832983462 750.6326013417826 744.5490735087991
134.0 6.100231148827201 748.6153683113065 742.5151371624793
135.0 6.05766205939718 748.5568963100733 742.4992342506762
136.0 6.093896606870597 749.0041045577339 742.9102079508633
137.0 6.125051707754151 745.2531405270491 739.1280888192949
138.0 5.985860459837921 746.9392528221923 740.9533923623543
139.0 6.136997207125563 747.0733068511919 740.9363096440664
140.0 6.31404604180636 748.1948933403959 741.8808472985896
141.0 6.145471899403226 743.7600948592628 737.6146229598596
142.0 6.208705829138077 743.3661699070035 737.1574640778655
143.0 6.140170833123522 742.5029905915008 736.3628197583773
144.0 6.119609901053028 744.3022152467993 738.1826053457463
145.0 6.267741566462293 746.5943522227727 740.3266106563104
146.0 6.19137674896931 745.225702760717 739.0343260117477
147.0 6.292488919919446 745.2609156175433 738.9684266976239
148.0 6.144918530341317 741.5276202782059 735.3827017478645
149.0 6.20157723406521 740.6275152539438 734.4259380198786
150.0 6.227277927776181 741.5048810358673 735.2776031080912
151.0 6.148899614507749 739.6552604009774 733.5063607864696
152.0 6.2209263716762 737.1841443571405 730.9632179854643
153.0 6.1343224091674 737.3506598043021 731.2163373951347
154.0 6.264546808000688 738.4320761082534 732.1675293002527
155.0 6.195555094893138 739.8246533958964 733.6290983010033
156.0 6.245924401341815 738.382111855365 732.1361874540232
157.0 6.201745351520639 736.7482338010133 730.5464884494926
158.0 6.178617461629051 734.4366964297152 728.2580789680862
159.0 6.222932941315971 735.1135312751292 728.8905983338132
160.0 6.213609772608454 736.100361491111 729.8867517185025
161.0 6.198524443309181 730.9114704921708 724.7129460488616
162.0 6.348442453877575 735.804537842194 729.4560953883164
163.0 6.294012240393615 732.9180096755914 726.6239974351978
164.0 6.238229893765365 733.9729150212832 727.7346851275179
165.0 6.187268658704502 733.4077528112723 727.2204841525678
166.0 6.083641096376772 730.7587605156493 724.6751194192725
167.0 6.172086501423604 732.0526568233175 725.8805703218938
168.0 6.3296389323679 727.9820273214559 721.652388389088
169.0 6.104134072350187 729.1419327347888 723.0377986624386
170.0 6.12704076561975 728.7027819412115 722.5757411755918
171.0 6.126509126814049 727.8658387226642 721.7393295958502
172.0 6.408297802233062 731.8673611545435 725.4590633523104
173.0 6.257279296386162 732.4888284562975 726.2315491599114
174.0 6.149915270327303 731.1058936377618 724.9559783674345
175.0 6.296291530794638 726.1966061234049 719.9003145926103
176.0 6.299124301983337 724.9745445885934 718.67542028661
177.0 6.260710886041305 727.5576459694 721.2969350833587
178.0 6.383408206644296 726.2581551531233 719.874746946479
179.0 6.117989330640623 724.5229020363358 718.4049127056952
180.0 6.177303106260456 726.0788722444752 719.9015691382147
181.0 6.310750435274043 728.3582924804432 722.0475420451692
182.0 6.203660251899859 721.2523527076423 715.0486924557425
183.0 6.070615142279924 718.4217457423991 712.3511306001192
184.0 6.197028839883125 724.7509933733005 718.5539645334174
185.0 6.167238498216446 722.6907576329177 716.5235191347013
186.0 6.223414978400915 720.7981819861879 714.574767007787
187.0 6.229565056532338 721.5376457115802 715.3080806550479
188.0 6.144843162090605 715.6990059088377 709.5541627467471
189.0 6.194142237484339 722.944154622142 716.7500123846577
190.0 6.342020051221842 719.3226403441728 712.980620292951
191.0 6.025658119945293 718.8453679826951 712.8197098627498
192.0 6.303822550779344 721.5110713683815 715.2072488176021
193.0 6.313329712504661 716.7657065256282 710.4523768131236
194.0 6.347088492737688 713.7959983469325 707.4489098541948
195.0 6.297771685372848 718.9227534166869 712.6249817313141
196.0 6.165691957126875 712.2108034080256 706.0451114508987
197.0 6.306515492237606 716.9045993184538 710.5980838262162
198.0 6.139313896628055 710.8048600500341 704.665546153406
199.0 6.39752759623841 715.649971507866 709.2524439116276
200.0 6.262942858669521 717.8310506112482 711.5681077525786
201.0 6.269788121521581 707.8647310947341 701.5949429732125
202.0 6.130442581280303 714.6340435459358 708.5036009646555
203.0 6.118051033643174 709.8094518058693 703.6914007722261
204.0 6.056110573003374 710.143402313568 704.0872917405646
205.0 6.285905946361256 712.1035843287123 705.817678382351
206.0 6.233985610576461 709.1609459937855 702.9269603832091
207.0 6.357930394531318 709.6704272395464 703.3124968450151
208.0 6.1155628713269 707.2757756363738 701.1602127650469
209.0 6.249678983271819 711.4777541887435 705.2280752054717
210.0 6.158280926918822 703.3652284546725 697.2069475277537
211.0 6.26691928704946 714.8485618074358 708.5816425203864
212.0 6.224576625387402 705.1687741723575 698.9441975469701
213.0 6.299995243044795 708.6732132187793 702.3732179757345
214.0 6.321763948838209 709.6722915499157 703.3505276010775
215.0 6.307979133680883 708.9159093960775 702.6079302623966
216.0 6.083550203576312 708.3640129142435 702.2804627106672
217.0 6.256143777018635 707.0937980587154 700.8376542816967
218.0 6.465299331621161 711.1824972693541 704.717197937733
219.0 6.171056097610328 707.4264562239763 701.2554001263659
220.0 6.316009368784875 705.9802828907944 699.6642735220095
221.0 6.189336065586177 702.5095358625099 696.3201997969238
222.0 6.230077143920703 705.0662785510672 698.8362014071465
223.0 6.109223610208856 701.4888196828649 695.3795960726561
224.0 6.35670845530369 706.445170599435 700.0884621441313
225.0 6.401545609157232 704.8824821501787 698.4809365410214
226.0 6.331573507320232 701.7993378705138 695.4677643631935
227.0 6.196979434547735 703.8645626260154 697.6675831914677
228.0 6.305664054854196 700.8305114063615 694.5248473515073
229.0 6.38395400991792 704.6911107926973 698.3071567827794
230.0 6.305007318583241 700.6221778132138 694.3171704946305
231.0 6.385295720103584 701.2922082094622 694.9069124893586
232.0 6.104786742842849 692.0096194586844 685.9048327158415
233.0 6.119762421514852 696.5234634417366 690.4037010202217
234.0 6.309764835732762 700.756785543761 694.4470207080282
235.0 6.371468005157542 698.9197470364829 692.5482790313253
236.0 6.129152586411765 695.7085194590404 689.5793668726286
237.0 6.132214062416477 697.8680264787292 691.7358124163127
238.0 6.396643726911013 699.3222756712759 692.9256319443649
239.0 6.113686815268982 697.1051098731293 690.9914230578603
240.0 6.213488261426478 701.2927211938851 695.0792329324586
241.0 6.199559789356886 691.9928629423679 685.793303153011
242.0 6.048396156157685 695.3829649849931 689.3345688288354
243.0 6.208856416601187 697.6235764496895 691.4147200330883
244.0 6.156860962529194 695.3049806462806 689.1481196837514
245.0 6.403794180098987 698.6626775417576 692.2588833616586
246.0 6.355688315403103 695.3728576099543 689.0171692945512
247.0 5.956676588554869 697.2038306217594 691.2471540332045
248.0 6.073314523686105 692.8373262464078 686.7640117227216
249.0 6.075608102456528 688.6168951209002 682.5412870184436
250.0 6.209300695034743 691.5393196481806 685.3300189531458
251.0 5.921280219483023 692.3439424581922 686.4226622387092
252.0 6.113390326835214 689.8083432328687 683.6949529060334
253.0 5.964331880779363 690.6968875152844 684.732555634505
254.0 6.139907426738069 688.9422410591922 682.8023336324541
255.0 5.9934068455655 687.5711648840232 681.5777580384577
256.0 5.851853199681433 684.2625155436737 678.4106623439923
257.0 5.876525512527751 684.1766171698781 678.3000916573504
258.0 5.964785788897332 689.1388728304276 683.1740870415302
259.0 5.911950029274388 691.8874537560724 685.975503726798
260.0 5.881515824912209 693.6854905537485 687.8039747288363
261.0 5.783596728467255 685.8555287672484 680.0719320387811
262.0 5.777999247502259 687.9970417676146 682.2190425201123
263.0 6.013381536154831 687.5001119271503 681.4867303909955
264.0 5.661640681033775 686.3161639553825 680.6545232743487
265.0 5.718284508851171 684.5615686859015 678.8432841770503
266.0 5.64509697707101 684.5433613805153 678.8982644034443
267.0 5.74694880120315 681.8321929998683 676.0852441986652
268.0 5.659860240684712 684.7331364252104 679.0732761845257
269.0 5.60427975792898 684.8586287231961 679.2543489652672
270.0 5.585107279489475 679.8710361154392 674.2859288359497
271.0 5.45756208585215 682.8398599057789 677.3822978199267
272.0 5.47495198575633 683.8875056081204 678.412553622364
273.0 5.528237124687658 679.3450147681482 673.8167776434606
274.0 5.456684584002975 683.167919240629 677.711234656626
275.0 5.399124001520721 679.2118900166729 673.8127660151522
276.0 5.339360291373418 676.0072716852357 670.6679113938623
277.0 5.357039973900943 679.0098904652384 673.6528504913374
278.0 5.341356661193644 680.135139458636 674.7937827974424
279.0 5.242762803417192 676.6492229652785 671.4064601618613
280.0 5.316870987872887 680.1417997823761 674.8249287945033
281.0 5.261043561274007 675.3750943458872 670.1140507846132
282.0 5.285970350456872 676.670625336215 671.3846549857581
283.0 5.056767398609181 675.0430983083354 669.9863309097262
284.0 5.185200413198279 676.0630174265263 670.8778170133281
285.0 5.174396909320482 678.4116801688793 673.2372832595588
286.0 5.166281992888058 675.8550262337942 670.6887442409061
287.0 5.013392246272231 673.5968406145745 668.5834483683023
288.0 5.000144240391835 671.289494905496 666.2893506651041
289.0 4.976056653927159 669.7122497111583 664.7361930572311
290.0 4.925742490581634 671.8075435864566 666.8818010958749
291.0 4.915967275390867 670.6066343276009 665.69066705221
292.0 4.827827345514104 669.9400254689204 665.1121981234063
293.0 4.798931612402116 667.6655677196407 662.8666361072386
294.0 4.880093261960608 670.9542472736848 666.0741540117242
295.0 4.806002866342515 668.3435650072856 663.5375621409431
296.0 4.717297993486641 668.2215941188494 663.5042961253627
297.0 4.646786249017552 669.9390831054799 665.2922968564624
298.0 4.611460777224206 667.8114955662034 663.2000347889792
299.0 4.803465376579625 671.3830731972667 666.5796078206871
300.0 4.681202980835723 669.224340096971 664.5431371161352
301.0 4.605392261163339 664.9108152939509 660.3054230327875
302.0 4.474516721069664 666.2582079506849 661.7836912296152
303.0 4.427969872298746 666.0817235170231 661.6537536447244
304.0 4.482268602245727 666.4435716671103 661.9613030648646
305.0 4.387000839100289 661.3854953791245 656.9984945400242
306.0 4.363059793340109 664.2798949262045 659.9168351328644
307.0 4.32630510411883 662.8266213085812 658.5003162044624
308.0 4.29121798914121 662.8306211664295 658.5394031772883
309.0 4.349162521053447 660.2281884159059 655.8790258948525
310.0 4.193703369763988 658.9533166745113 654.7596133047473
311.0 4.116919812789213 660.7736971450508 656.6567773322616
312.0 4.17414176861941 659.889573859483 655.7154320908636
313.0 4.160130765552313 660.0513241282401 655.8911933626878
314.0 4.114883848524953 658.1777464453603 654.0628625968354
315.0 3.974466965184505 657.2181675293007 653.2437005641162
316.0 4.148940625806672 659.9449377736235 655.7959971478168
317.0 3.95329371239663 659.1624683591294 655.2091746467327
318.0 3.921544395678548 655.5441732009612 651.6226288052827
319.0 3.961538902448251 658.3454607554812 654.3839218530329
320.0 3.933807294956582 655.3569405675796 651.423133272623
321.0 3.861943726328346 656.791639928037 652.9296962017086
322.0 3.862383208980433 655.1871229293883 651.3247397204079
323.0 3.723137056138391 652.8291156393755 649.1059785832371
324.0 3.727959859017318 653.3237167765 649.5957569174827
325.0 3.607728912572656 654.2673657845774 650.6596368720048
326.0 3.631455135487701 653.8093366627996 650.1778815273119
327.0 3.618788458005881 652.0974503629288 648.4786619049229
328.0 3.621588779955477 651.9055157411513 648.2839269611958
329.0 3.485850766335587 649.5271896699746 646.0413389036391
330.0 3.54328086748703 650.7627892746778 647.2195084071908
331.0 3.456579945918637 650.4877192239731 647.0311392780544
332.0 3.463270186767068 647.7031193234369 644.2398491366698
333.0 3.376591751633324 648.8119289016906 645.4353371500573
334.0 3.340776967544703 647.3996371048418 644.0588601372971
335.0 3.302037088830481 647.8223978468702 644.5203607580397
336.0 3.328644181488387 647.5534154395164 644.224771258028
337.0 3.23144910160699 646.3362194675786 643.1047703659716
338.0 3.162403763504143 645.2942011887694 642.1317974252653
339.0 3.078919825435005 643.3702932278946 640.2913734024596
340.0 3.12804366808867 644.9987169884284 641.8706733203397
341.0 3.092650258962649 644.3447890849914 641.2521388260287
342.0 3.003252363330885 641.5068460321929 638.503593668862
343.0 2.945053373944105 642.598569021548 639.6535156476038
344.0 2.99343314550338 643.4675712958021 640.4741381502988
345.0 2.938575628833641 641.3482615780267 638.4096859491931
346.0 2.866425388676122 640.4168789842437 637.5504535955676
347.0 2.821040814654832 640.8715240667067 638.0504832520518
348.0 2.799622755554498 640.0335307734585 637.233908017904
349.0 2.776953298652598 638.646927684861 635.8699743862084
350.0 2.707880836116371 638.8785958860811 636.1707150499647
351.0 2.677030653068384 638.0134963235787 635.3364656705103
352.0 2.649388107600721 637.8024877101991 635.1530996025984
353.0 2.634171644353685 637.3192350496995 634.6850634053458
354.0 2.57192133952249 637.5001353860827 634.9282140465602
355.0 2.556669509074221 634.6894111211292 632.132741612055
356.0 2.55605243505615 635.0679804038607 632.5119279688046
357.0 2.494218037625085 632.6659399526012 630.1717219149761
358.0 2.426535047494313 632.9092753110943 630.4827402635999
359.0 2.38654898366277 634.2659162339524 631.8793672502896
360.0 2.438902476009371 633.9243330011321 631.4854305251227
361.0 2.302906424740932 632.6524020093944 630.3494955846535
362.0 2.29414654066608 632.2492759931607 629.9551294524946
363.0 2.287283483799995 632.3458591355991 630.0585756517991
364.0 2.236952991594852 631.7210605911603 629.4841075995654
365.0 2.234507940345585 629.8676424399314 627.6331344995858
366.0 2.164683729158071 630.1935887203282 628.0289049911701
367.0 2.140950353729959 629.1204371649981 626.9794868112681
368.0 2.084012576262711 628.7763904235805 626.6923778473178
369.0 2.048975912733034 628.1052449862708 626.0562690735377
370.0 2.016389728056636 628.2032739490992 626.1868842210425
371.0 2.012258800178 626.8935501962732 624.8812913960952
372.0 1.938226402386534 625.7747995924057 623.8365731900192
373.0 1.872836594344875 625.7920459067862 623.9192093124413
374.0 1.881760488422866 625.0738917992083 623.1921313107854
375.0 1.832358045659379 624.9318280267159 623.0994699810565
376.0 1.818542532749478 623.7158869315227 621.8973443987732
377.0 1.777403476330724 623.3414960014333 621.5640925251026
378.0 1.74809083030621 622.9171737604669 621.1690829301606
379.0 1.694144017657118 621.9809995212209 620.2868555035638
380.0 1.68301572476772 622.1570887061628 620.4740729813951
381.0 1.619826526540705 621.4981623927155 619.8783358661748
382.0 1.589114818248853 620.534722219283 618.9456074010341
383.0 1.578856168498093 620.2607655169225 618.6819093484244
384.0 1.548669569160578 619.905030236183 618.3563606670224
385.0 1.515948610636349 619.1381240297441 617.6221754191078
386.0 1.474821402049986 618.2599763612745 616.7851549592245
387.0 1.414217649506106 617.1706493840361 615.75643173453
388.0 1.413159916178929 617.0361429175984 615.6229830014194
389.0 1.393895174997747 616.3984470008004 615.0045518258027
390.0 1.364669400801074 616.0069098592446 614.6422404584435
391.0 1.269630331700144 614.3653548265839 613.0957244948837
392.0 1.265187085846453 615.1012239555163 613.8360368696699
393.0 1.254679783338191 614.3016650093687 613.0469852260305
394.0 1.237065729834629 613.7077495168669 612.4706837870322
395.0 1.177739364312492 612.8032481880495 611.625508823737
396.0 1.160793403042981 612.2313746350778 611.0705812320348
397.0 1.126862530568723 611.9228798220971 610.7960172915284
398.0 1.091327489651255 611.3884562287697 610.2971287391185
399.0 1.048766895613001 610.1244064162465 609.0756395206335
400.0 1.039448590712768 609.5249495875989 608.4855009968862
401.0 1.00108842638127 609.4896638989747 608.4885754725935
402.0 0.9812275725095367 609.1611985779784 608.1799710054689
403.0 0.9427145987239631 608.3312311848147 607.3885165860908
404.0 0.9120164648018938 608.3435566171158 607.4315401523139
405.0 0.893231071860035 606.6904036811092 605.7971726092492
406.0 0.8672670217592238 606.5768275672913 605.7095605455321
407.0 0.8112901899496347 605.5437391403088 604.7324489503592
408.0 0.8329902053394637 605.7124118325263 604.8794216271868
409.0 0.7744425234536763 604.6881249273016 603.9136824038479
410.0 0.7366797574205953 603.8889277812313 603.1522480238107
411.0 0.7259889276892422 603.1182441792698 602.3922552515806
412.0 0.6945787504326605 602.3174635467114 601.6228847962788
413.0 0.6613050561519949 602.5766910044038 601.9153859482518
414.0 0.6546196035688426 601.7537190124911 601.0990994089223
415.0 0.6077072290806563 601.1697552290235 600.5620479999428
416.0 0.5963129402384609 600.7579569046791 600.1616439644406
417.0 0.5523530355483805 599.8776786155556 599.3253255800072
418.0 0.5503575354963806 599.7981259469822 599.2477684114858
419.0 0.5096532398856014 598.8526852332113 598.3430319933257
420.0 0.4940698733230313 598.2136348334371 597.7195649601141
421.0 0.4766068262242272 597.2115416245264 596.7349347983022
422.0 0.4464795131813612 597.0117071651877 596.5652276520064
423.0 0.4291113235211877 596.0095182095797 595.5804068860585
424.0 0.3862459642294153 595.7200115911049 595.3337656268755
425.0 0.3942736755972834 595.3678996230355 594.9736259474382
426.0 0.3589284379156394 593.9165127447621 593.5575843068465
427.0 0.3389798138591679 593.504903675536 593.1659238616768
428.0 0.3227084509159299 593.5817757749754 593.2590673240595
429.0 0.2952358925548157 592.5169058532295 592.2216699606747
430.0 0.2785750720258557 591.428234983245 591.1496599112192
431.0 0.2684012975441297 591.3597543498774 591.0913530523332
432.0 0.2546486949321567 590.8046219426283 590.5499732476961
433.0 0.2096855150039359 589.5332617074957 589.3235761924917
434.0 0.2056950507588518 589.7985477417859 589.5928526910271
435.0 0.1866854254419703 588.5690839094146 588.3823984839726
436.0 0.1648559305937423 588.0836626521278 587.918806721534
437.0 0.1521026928645757 587.3230884881493 587.1709857952847
438.0 0.1379955285121828 586.3165093547504 586.1785138262382
439.0 0.140902136924113 586.5123920723417 586.3714899354176
440.0 0.1198198401992426 585.5244989581269 585.4046791179277
441.0 0.1084492557677345 584.8029039620762 584.6944547063085
442.0 0.07766162733826175 584.4806464080523 584.402984780714
443.0 0.08085521104854539 583.6970833756651 583.6162281646165
444.0 0.06513989750516459 583.2693645266338 583.2042246291286
445.0 0.06879461903515284 582.4482942492268 582.3794996301916
446.0 0.05297468916512998 581.4639122274557 581.4109375382905
447.0 0.0429510953394406 581.3617021482719 581.3187510529324
448.0 0.02145736956436155 580.4488995544659 580.4274421849015
449.0 0.03732708746517557 579.8616733530443 579.8243462655791
450.0 0.0137464023005831 579.0672286888769 579.0534822865764
451.0 0.01042781088796189 578.6342695935749 578.6238417826869
452.0 0.02285833017985016 578.0831485092939 578.060290179114
453.0 0.005441510822190118 577.0133654096307 577.0079238988085
454.0 0 576.7583433235764 576.7583433235764
455.0 0.01655399628448259 576.097821798968 576.0812678026835
456.0 0.01387063701479602 575.3411095737502 575.3272389367355
457.0 0.01770251123678175 574.8849264212664 574.8672239100296
458.0 0.005697886872694916 574.0369989626121 574.0313010757394
459.0 0.0116243381922768 573.5214170983321 573.5097927601398
460.0 0.00606720321608599 572.6460656382522 572.6399984350361
461.0 0.02780069402417197 572.0795587171822 572.051758023158
462.0 0.03428160067889181 571.4874443399495 571.4531627392706
463.0 0.04129895691989745 570.9269906268801 570.8856916699602
464.0 0.04952951518942145 570.5029256213994 570.45339610621
465.0 0.05953470888534117 569.1719054306002 569.1123707217148
466.0 0.0670996441130661 568.6691549931661 568.602055349053
467.0 0.07199356767712047 568.1233974175003 568.0514038498231
468.0 0.08978142414589158 567.707555539269 567.6177741151231
469.0 0.1316510287279541 567.2217497010483 567.0900986723203
470.0 0.1175649049203047 566.1774519459166 566.0598870409963
471.0 0.154275385056539 566.0230668169723 565.8687914319157
472.0 0.1625552496020838 564.9986046694513 564.8360494198492
473.0 0.2129291941900314 564.3885313451247 564.1756021509346
474.0 0.2091379733674276 563.8951560774907 563.6860181041233
475.0 0.238606084730177 563.1982046269376 562.9595985422074
476.0 0.2718028827325566 562.3148274164008 562.0430245336683
477.0 0.3226189068862178 562.1868027737451 561.8641838668589
478.0 0.3226630468097863 561.3686890050423 561.0460259582326
479.0 0.3341698494094453 560.145653852181 559.8114840027716
480.0 0.3688415294780207 560.0056895638246 559.6368480343466
481.0 0.4145496393311119 559.5519075131521 559.137357873821
482.0 0.454268923398275 558.9925039702659 558.5382350468676
483.0 0.4914000239111617 558.1410662460152 557.6496662221041
484.0 0.5233344251780465 557.4493707572718 556.9260363320938
485.0 0.5696408024297912 557.3241535387719 556.7545127363421
486.0 0.6306006102928228 556.4464390121092 555.8158384018164
487.0 0.6824258518735186 555.8735350463479 555.1911091944743
488.0 0.6821305542965132 555.4064832284574 554.7243526741608
489.0 0.7527012131047298 554.1535051218199 553.4008039087152
490.0 0.8083754408856712 554.8161999504425 554.0078245095568
491.0 0.8658017951206086 553.6150074798315 552.7492056847109
492.0 0.9428419235241715 552.5210779972891 551.5782360737649
493.0 0.9879028061877881 552.0354922274834 551.0475894212956
494.0 1.058848278732148 551.3330023239683 550.2741540452362
495.0 1.125375186338002 551.4996283765759 550.3742531902379
496.0 1.137787608532174 550.1825044435799 549.0447168350477
497.0 1.241259511663328 549.59937350252 548.3581139908566
498.0 1.311444573483438 549.4087044396283 548.0972598661449
499.0 1.402563720090574 548.863964717083 547.4614009969924
500.0 1.449758458871262 547.4112352121212 545.9614767532499
501.0 1.567696524800464 547.8307953114789 546.2630987866785
502.0 1.671755067916785 547.4020526850544 545.7302976171376
503.0 1.737946339105228 545.9072786955558 544.1693323564506
504.0 1.780094854859399 544.7074179276438 542.9273230727844
505.0 1.894927167076175 545.2547649795517 543.3598378124755
506.0 1.972199412800221 545.7721122480221 543.7999128352218
507.0 2.044393659690152 544.9871424349966 542.9427487753064
508.0 2.178271660600403 543.0402876657447 540.8620160051443
509.0 2.310746808867674 543.6347968096552 541.3240500007875
510.0 2.433514845494155 543.0591682022202 540.6256533567261
511.0 2.503646279111232 541.3469286636147 538.8432823845035
512.0 2.60415777681652 541.7376925883442 539.1335348115277
513.0 2.807317367398757 540.288983572865 537.4816662054662
514.0 2.828471488635262 539.7406647200688 536.9121932314336
515.0 2.970514893342166 538.7484171773202 535.7779022839781
516.0 3.201878596704704 538.3578046404235 535.1559260437188
517.0 3.35211615577759 538.5527513268829 535.2006351711053
518.0 3.28728520644504 537.4417300376769 534.1544448312319
519.0 3.535045805936327 537.2904973839406 533.7554515780042
520.0 3.551424444572277 538.5896661181052 535.0382416735329
521.0 3.755438193295973 537.665950827527 533.910512634231
522.0 3.809338191356589 534.9340283208018 531.1246901294452
523.0 4.182186307260585 536.8188041147384 532.6366178074779
524.0 4.3128521183364 535.5138639166242 531.2010117982878
525.0 4.634769607610962 535.3253672705309 530.6905976629199
526.0 4.649397571217081 535.9966036663183 531.3472060951012
527.0 4.861619049562319 532.3545770021811 527.4929579526187
528.0 4.984986235869743 533.2033971939798 528.21841095811
529.0 5.201910815261885 533.7391649352391 528.5372541199772
530.0 5.384569044271051 531.9461967804785 526.5616277362075
531.0 5.511599783552962 527.8010935512133 522.2894937676603
532.0 5.734208344754524 528.0127249164192 522.2785165716647
533.0 5.595383629589841 526.4801219861991 520.8847383566093
534.0 6.154915919373487 530.611119436652 524.4562035172785
535.0 5.949627445171156 533.6626206328591 527.7129931876879
536.0 6.511816346988434 529.7904812347933 523.2786648878049
537.0 6.676740597386122 526.9663667817658 520.2896261843797
538.0 7.481963347340688 527.4375980781725 519.9556347308318
539.0 7.122344607611013 528.0717935868092 520.9494489791982
540.0 6.876255668627627 533.4858269333453 526.6095712647177
541.0 8.162430522822729 535.1248086822356 526.9623781594129
542.0 7.794570272094757 536.1159131663317 528.321342894237
543.0 8.266977434012322 535.7595936653458 527.4926162313335
544.0 7.893783139291612 537.9492984818982 530.0555153426066
545.0 8.8644087729489 526.642102929548 517.7776941565991
546.0 11.69223532840467 463.3842316171405 451.6919962887358
547.0 12.29139142567018 467.5151978209221 455.2238063952519
548.0 14.43399335286982 449.0896532486309 434.6556598957611
549.0 9.18630460288765 567.4680958751161 558.2817912722284
550.0 8.344066665963164 536.8122467617758 528.4681800958127
551.0 15.9568517527997 433.7439170603764 417.7870653075767
552.0 15.8194559186159 440.3588733956381 424.5394174770222
553.0 14.57004545812709 448.7062666640492 434.1362212059221
554.0 13.63956995577007 460.0269583708905 446.3873884151204
555.0 18.14843277832414 421.0634265027654 402.9149937244413
556.0 16.56500890978309 437.9827604862487 421.4177515764656
557.0 19.69404781431559 419.6124384119998 399.9183905976842
558.0 14.86418163006176 447.2886587710706 432.4244771410088
559.0 15.60650725835377 443.8063170049712 428.1998097466174
560.0 19.78464273050749 421.3233673946731 401.5387246641656
561.0 23.03426681029134 402.449183412869 379.4149166025777
562.0 26.16581404586973 383.8138794841572 357.6480654382875
563.0 24.05093642243154 394.785443050029 370.7345066275975
564.0 24.90892116656387 393.0668940217295 368.1579728551656
565.0 20.87594449383284 415.3833109643572 394.5073664705244
566.0 26.0826927931744 381.9510183829175 355.8683255897431
567.0 27.49795249363714 378.3334303299114 350.8354778362743
568.0 31.74507186744807 361.6594716108142 329.9143997433662
569.0 27.4985501966773 378.3523278435492 350.8537776468719
570.0 31.0508643380173 362.7325926132511 331.6817282752338
571.0 31.2132775144811 363.4879932276809 332.2747157131998
572.0 39.19881771196716 334.2940363302621 295.095218618295
573.0 31.22605165945659 363.720787292359 332.4947356329024
574.0 37.60962095577975 341.4835517046458 303.8739307488661
575.0 30.61356421724059 364.8880280908443 334.2744638736037
576.0 48.15231724037591 306.5677260134419 258.4154087730659
577.0 48.66605619500609 304.4740563214277 255.8080001264216
578.0 31.74757928447869 361.7221351539204 329.9745558694417
579.0 41.376573200805 329.7221262471884 288.3455530463834
580.0 64.54036944642126 262.0206290178452 197.4802595714239
581.0 52.185740934316 295.722134657402 243.536393723086
582.0 58.8294937012695 277.7213113830993 218.8918176818298
583.0 65.15278367307144 263.439616366636 198.2868326935646
584.0 69.94468494523816 253.7145867982212 183.7699018529831
585.0 82.35429314702482 227.3085644802477 144.9542713332229
586.0 80.47065527307984 231.4588180710093 150.9881627979294
587.0 79.52758514929901 233.6314578135678 154.1038726642688
588.0 80.47526530161416 231.5486397558766 151.0733744542624
591.0 92.97579768304948 205.722137 112.7463393169505
