0.0 5.034847851823462 833.1843966016361 828.1495487498127
1.0 3.803691125735524 832.4170576390812 828.6133665133457
2.0 3.029845986487892 832.1854460433391 829.1556000568512
3.0 2.458599811649492 832.1712495743869 829.7126497627374
4.0 2.033542431413865 831.8425223933253 829.8089799619114
5.0 1.699143247626838 831.2324452310885 829.5333019834617
6.0 1.420254119540183 830.565008108624 829.1447539890838
7.0 1.172841066498949 829.9064072922525 828.7335662257536
8.0 0.9908088955964053 829.2530594708958 828.2622505752994
9.0 0.8393613262745791 828.70865801228 827.8692966860054
10.0 0.6917352445312466 827.9496969474111 827.2579617028799
11.0 0.5881385798009512 827.8818626986873 827.2937241188864
12.0 0.4905041799516571 827.1912205258652 826.7007163459136
13.0 0.4057768526806133 826.6780851118971 826.2723082592165
14.0 0.3418821318894875 825.9219726307238 825.5800904988343
15.0 0.2787603325812576 825.6437618282189 825.3650014956376
16.0 0.2281034848675871 825.1245747106794 824.8964712258118
17.0 0.1875922473858139 824.6579021099718 824.470309862586
18.0 0.1576851379871613 824.2732097196701 824.115524581683
19.0 0.1310173833266386 823.5620197388601 823.4310023555335
20.0 0.110298887115552 823.1809632713942 823.0706643842787
21.0 0.09172313495028854 822.7966090436602 822.7048859087099
22.0 0.07548829953105006 822.2590438799394 822.1835555804083
23.0 0.06442278125693515 821.7062333168607 821.6418105356038
24.0 0.05129523327119037 821.3686944302402 821.317399196969
25.0 0.02370005978445504 820.7614084100275 820.737708350243
26.0 0.03044077893153879 820.5981255908955 820.567684811964
27.0 0.02151793470584491 820.2657284833122 820.2442105486064
28.0 0.01347613341027021 819.5611526127837 819.5476764793734
29.0 0.007387984175023496 819.3787300414285 819.3713420572535
30.0 0.00656235223350278 818.8332596399784 818.8266972877449
31.0 0 818.4165052201668 818.4165052201668
32.0 0.006916279351271232 818.1423533526728 818.1354370733216
33.0 0.002453918458197826 817.5828789241675 817.5804250057093
34.0 0.005122426762118465 817.0458170547925 817.0406946280304
35.0 0.0170156285713758 816.8404422605205 816.8234266319492
36.0 0.01316848183832872 816.2818841843519 816.2687157025136
37.0 0.01476173890360526 815.9755227174454 815.9607609785418
38.0 0.01957779717473579 815.6444829436234 815.6249051464486
39.0 0.02334049153697594 815.0303437881766 815.0070032966396
40.0 0.04101097126610646 814.6683671866488 814.6273562153827
41.0 0.04879258045418483 814.1435444922552 814.0947519118011
42.0 0.06919804217862856 813.673840705259 813.6046426630803
43.0 0.07250013789594294 813.236762171459 813.1642620335631
44.0 0.08542058556129754 812.8726066917869 812.7871861062256
45.0 0.1026515251137782 812.2220107442841 812.1193592191704
46.0 0.1179669520746498 811.7527690868893 811.6348021348147
47.0 0.1320472776976159 811.3239162395152 811.1918689618176
48.0 0.1475802724708924 810.7887067810722 810.6411265086014
49.0 0.1656116250534611 810.457780601688 810.2921689766345
50.0 0.1808518692335418 809.9778282581616 809.7969763889281
51.0 0.2000188750562923 809.2294932515714 809.0294743765151
52.0 0.2313557106773448 808.7941107392809 808.5627550286035
53.0 0.238950847330121 808.249352087895 808.0104012405649
54.0 0.2616489259800634 807.9200273679376 807.6583784419576
55.0 0.28840128674924 807.4922980917785 807.2038968050292
56.0 0.3137527949116828 806.923113208851 806.6093604139394
57.0 0.3465450268964546 806.5366427179771 806.1900976910807
58.0 0.3641161337644175 805.9312823352123 805.5671662014479
59.0 0.3982032095864446 805.4216102431694 805.0234070335829
60.0 0.4352466378240459 804.9214283561826 804.4861817183586
61.0 0.4592929202251824 804.3616809579823 803.9023880377571
62.0 0.4924906318368605 803.7155717421529 803.223081110316
63.0 0.5293326982227068 803.1519513496931 802.6226186514704
64.0 0.5714850145859379 802.8926443180521 802.3211593034661
65.0 0.61247463087266 802.5909371876312 801.9784625567586
66.0 0.6539991632031825 801.6666310251111 801.0126318619079
67.0 0.688496524573803 801.335923012082 800.6474264875081
68.0 0.7285762710905639 800.9453067932803 800.2167305221898
69.0 0.7719784449842371 800.3892782368693 799.6172997918851
70.0 0.8169663036161564 799.7002425608558 798.8832762572396
71.0 0.8599565815459708 799.0509566556429 798.1910000740969
72.0 0.9043341266446989 798.8229860908052 797.9186519641605
73.0 0.9476997282002134 798.2244550455378 797.2767553173375
74.0 1.010192168898596 797.9867918100779 796.9765996411793
75.0 1.050090298586613 797.1016406156591 796.0515503170724
76.0 1.097269660997325 796.4981909571363 795.400921296139
77.0 1.140733562065754 795.9302190120604 794.7894854499947
78.0 1.197280161208394 795.6946793526928 794.4973991914844
79.0 1.241936635295516 795.250342375412 794.0084057401165
80.0 1.292907585473003 794.5497806044082 793.2568730189352
81.0 1.359448499155513 794.1126298716753 792.7531813725198
82.0 1.378050552742102 793.5589666761365 792.1809161233944
83.0 1.459573631023247 792.8162152681475 791.3566416371243
84.0 1.513205404756211 792.3914455930564 790.8782401883002
85.0 1.570660147680864 791.8238417187527 790.2531815710718
86.0 1.623357252313239 791.4261271285412 789.802769876228
87.0 1.676552352517414 791.1112173822862 789.4346650297688
88.0 1.7456736180331 789.8331033992118 788.0874297811787
89.0 1.813963073255732 789.8483222968142 788.0343592235585
90.0 1.881551579210145 789.2957997451621 787.414248165952
91.0 1.932040742296322 788.2825132542905 786.3504725119941
92.0 1.994080043101996 787.3288864347058 785.3348063916038
93.0 2.077155402859669 786.9168257393424 784.8396703364828
94.0 2.151116376828422 787.2778344099016 785.1267180330732
95.0 2.197848717889089 786.2417477938251 784.043899075936
96.0 2.289603228392278 785.1895070591249 782.8999038307326
97.0 2.329174350599203 784.9531961347559 782.6240217841567
98.0 2.462045415532844 784.9126332238954 782.4505878083625
99.0 2.539305719144013 783.3987707682481 780.859465049104
100.0 2.603005313220301 783.6618333101557 781.0588279969354
101.0 2.70975225839444 783.1556251468825 780.4458728884881
102.0 2.7614762278095 783.3436296994791 780.5821534716696
103.0 2.874020803825038 782.6328088944677 779.7587880906427
104.0 2.960488632406254 781.8970967960688 778.9366081636625
105.0 3.043636618735388 781.3279410691512 778.2843044504158
106.0 3.159582888694421 780.3080158467345 777.1484329580401
107.0 3.223796310130629 780.3594630991815 777.1356667890509
108.0 3.321575962892751 779.1413022529241 775.8197262900314
109.0 3.439013569212687 778.4257580933445 774.9867445241318
110.0 3.498159113584587 779.1922679233448 775.6941088097602
111.0 3.570938915488328 778.1423066423666 774.5713677268783
112.0 3.665211831060649 777.9108972900167 774.2456854589561
113.0 3.845109860631044 778.0656093928908 774.2204995322598
114.0 3.909829390960318 777.0976761832909 773.1878467923306
115.0 4.007976229207633 775.7888521487834 771.7808759195758
116.0 4.075391388761243 776.031887870619 771.9564964818578
117.0 4.125533140200619 774.9778454821474 770.8523123419468
118.0 4.216632631134136 774.3453241678809 770.1286915367467
119.0 4.25643143774789 774.972384378108 770.7159529403601
120.0 4.471819733101741 775.1377333972015 770.6659136640997
121.0 4.470910441054421 773.9139561634694 769.443045722415
122.0 4.50070687673832 772.5159694158268 768.0152625390885
123.0 4.641431075241516 774.2547402472821 769.6133091720406
124.0 4.661176420769538 771.4630906330965 766.8019142123269
125.0 4.796444829310413 772.64724201476 767.8507971854496
126.0 4.916781769593725 772.8838614687435 767.9670796991498
127.0 4.83716249259972 769.6296948394095 764.7925323468098
128.0 4.894374955542191 771.3374419725183 766.4430670169761
129.0 5.026897288337456 772.1458158778732 767.1189185895357
130.0 5.017221398959995 769.8981409932074 764.8809195942474
131.0 5.049753029763798 771.9996530058759 766.9498999761121
132.0 5.15301667028712 768.8853360728205 763.7323194025334
133.0 5.251852769359904 769.9097533216211 764.6579005522612
134.0 5.306159005768185 768.7655598341693 763.4594008284011
135.0 5.25545763779215 769.3980867033925 764.1426290656003
136.0 5.299134123370361 768.8276770442743 763.5285429209039
137.0 5.397050118241384 766.7618036603508 761.3647535421094
138.0 5.271100774393231 764.3431267843647 759.0720260099714
139.0 5.41377356683482 765.564259527082 760.1504859602471
140.0 5.534387163541806 768.5694914736466 763.0351043101048
141.0 5.472319421343733 765.0546379040505 759.5823184827068
142.0 5.553147991965842 764.0930968117934 758.5399488198276
143.0 5.503046397478849 763.2907538636578 757.7877074661789
144.0 5.475194173170852 761.7949341369918 756.3197399638209
145.0 5.571156397578072 764.2211191756538 758.6499627780757
146.0 5.526248960957331 763.2611014865072 757.7348525255499
147.0 5.601970053536672 764.6970951583528 759.0951251048161
148.0 5.543139611101732 762.2246935351898 756.6815539240881
149.0 5.62536205304683 761.3238846969659 755.6985226439191
150.0 5.619183719426797 762.0209076100448 756.401723890618
151.0 5.608378601637299 759.6342938479512 754.0259152463139
152.0 5.699572759877739 760.0313591954913 754.3317864356136
153.0 5.636414501997085 758.2001602256207 752.5637457236237
154.0 5.781851998511206 756.715629118033 750.9337771195218
155.0 5.656430712428269 759.3766279812098 753.7201972687815
156.0 5.759479715090833 756.4963494506676 750.7368697355768
157.0 5.755288778699609 755.8161791837247 750.0608904050251
158.0 5.795589180501723 752.4981593860696 746.7025702055679
159.0 5.806279019078883 755.1824618664599 749.376182847381
160.0 5.808291790997117 753.3262577484731 747.517965957476
161.0 5.855701305780763 753.170034552347 747.3143332465662
162.0 5.93022958391354 754.5014501194363 748.5712205355227
163.0 5.879828742403814 756.5393404833034 750.6595117408996
164.0 5.827307089565342 755.6335217979816 749.8062147084163
165.0 5.833447288505483 751.9531581025055 746.119710814
166.0 5.790825500763482 749.4821397202197 743.6913142194562
167.0 5.838458995969036 751.7157561946227 745.8772971986537
168.0 6.066196094835246 750.1798240437962 744.1136279489609
169.0 5.82787079621369 749.4795520814203 743.6516812852066
170.0 5.892205164235745 747.6187882368641 741.7265830726283
171.0 5.908026492177448 747.3529181438744 741.444891651697
172.0 6.123064904174163 748.8004249321589 742.6773600279847
173.0 5.933187911288001 750.687490754222 744.754302842934
174.0 5.851681551111457 750.00324369415 744.1515621430386
175.0 6.091500541136876 748.5397689362941 742.4482683951572
176.0 6.159977188773235 745.4585583648378 739.2985811760646
177.0 6.099951045733357 743.6203088114217 737.5203577656883
178.0 6.223345844181694 745.5044681189175 739.2811222747358
179.0 5.993920077299162 744.0342713605111 738.0403512832119
180.0 6.044895059383821 743.0932062111242 737.0483111517404
181.0 6.10293884940423 746.7271154391421 740.6241765897379
182.0 6.144706598931002 741.9484440876349 735.8037374887039
183.0 6.069671438858456 739.4566391664272 733.3869677275688
184.0 6.106633381671613 741.4825290680647 735.3758956863931
185.0 6.020264239491084 746.509068210666 740.4888039711749
186.0 6.222568162006294 737.923829681627 731.7012615196207
187.0 6.165949113906704 742.0152189659153 735.8492698520086
188.0 6.195452694299108 740.2535666190782 734.0581139247791
189.0 6.154077986132397 739.3142310549911 733.1601530688587
190.0 6.386374139150084 736.2894161872158 729.9030420480657
191.0 6.015093544846132 740.2985034700457 734.2834099251995
192.0 6.263942090154165 741.4731832707339 735.2092411805797
193.0 6.400264199520432 737.0150003831102 730.6147361835898
194.0 6.438104160687185 738.7397889725569 732.3016848118697
195.0 6.33796692287913 737.2303599701788 730.8923930472997
196.0 6.339071128150911 734.1995139033275 727.8604427751766
197.0 6.425325678969464 733.0954314137551 726.6701057347856
198.0 6.336232588878662 733.3878957083094 727.0516631194307
199.0 6.536350415201755 733.5507823121928 727.0144318969911
200.0 6.320583474596481 737.8390954368943 731.5185119622978
201.0 6.518791365091215 731.1168573151456 724.5980659500543
202.0 6.328616367374776 730.117830959898 723.7892145925232
203.0 6.321177940233828 732.8168193712529 726.4956414310191
204.0 6.268196596211001 732.1653953164255 725.8971987202145
205.0 6.49345577931106 731.5948654514539 725.1014096721428
206.0 6.546848906259301 726.5418123080141 719.9949634017548
207.0 6.605057341211984 731.1379008946278 724.5328435534158
208.0 6.401198971348285 729.8699084770591 723.4687095057108
209.0 6.44856110584575 733.0328016610038 726.584240555158
210.0 6.522041429947081 727.6476538253686 721.1256123954215
211.0 6.416682229026164 732.486882290042 726.0702000610158
212.0 6.631869434998519 723.3657133876793 716.7338439526808
213.0 6.605932154549568 727.5834878058231 720.9775556512736
214.0 6.642933457925686 725.7376083169482 719.0946748590225
215.0 6.604436730424608 728.4476451689663 721.8432084385416
216.0 6.411175448428651 726.2007280530222 719.7895526045935
217.0 6.5832449363846 726.6136643034011 720.0304193670165
218.0 6.672517327761445 733.312035390246 726.6395180624845
219.0 6.483970456975568 727.4472884137404 720.9633179567649
220.0 6.715125082273843 725.0297393861119 718.314614303838
221.0 6.639487918028158 724.4109431359091 717.7714552178809
222.0 6.676411366642888 720.410680763699 713.7342693970561
223.0 6.581574540179388 722.223351707218 715.6417771670386
224.0 6.700410216694531 728.4140873028533 721.7136770861587
225.0 6.767270810698582 728.9585744602613 722.1913036495628
226.0 6.783236078538074 723.7677014228491 716.984465344311
227.0 6.649901631500196 722.0221916835157 715.3722900520155
228.0 6.799079157529333 721.9138400559276 715.1147608983982
229.0 6.851904023745663 720.9280964795785 714.0761924558329
230.0 6.746965497677035 725.054834868787 718.3078693711099
231.0 6.8593049832196 724.1870937450401 717.3277887618205
232.0 6.819541951959446 713.8405384120378 707.0209964600784
233.0 6.698948783532491 718.794061482961 712.0951126994285
234.0 6.779438665943949 724.1724791155006 717.3930404495567
235.0 6.942342083802745 718.4531950698298 711.5108529860271
236.0 6.77646908094616 715.6317465166189 708.8552774356727
237.0 6.711558777295397 718.4243981562562 711.7128393789608
238.0 6.924798676033227 721.6350092342694 714.7102105582362
239.0 6.7408814178875 714.9838767532491 708.2429953353616
240.0 6.764015709091589 717.0082704974782 710.2442547883866
241.0 6.891459211606966 715.0415610000812 708.1501017884743
242.0 6.691565650783196 716.605662793096 709.9140971423128
243.0 6.772501392770022 720.1421346269229 713.3696332341529
244.0 6.787989031715128 717.0442453281757 710.2562562964606
245.0 6.956742020032438 719.4802883541769 712.5235463341445
246.0 6.984882054449597 717.5755036506378 710.5906215961882
247.0 6.614733918397964 712.9840306963765 706.3692967779785
248.0 6.79641163275039 712.4694655655204 705.67305393277
249.0 6.873166846917115 712.7653108043251 705.892143957408
250.0 6.968469021178428 711.2286381374834 704.260169116305
251.0 6.641419834280012 713.5039047184758 706.8624848841957
252.0 6.882684037921974 712.9000880830488 706.0174040451268
253.0 6.728003550805243 712.735919331015 706.0079157802098
254.0 7.001691453552101 705.7797816507861 698.778090197234
255.0 6.830188310404357 709.040501669342 702.2103133589376
256.0 6.736064246422774 708.837072411723 702.1010081653002
257.0 6.78279557468981 706.8921802096373 700.1093846349475
258.0 6.700516221656707 713.6220402448431 706.9215240231864
259.0 6.663601460545907 710.7683204120574 704.1047189515115
260.0 6.602294910839911 711.651565304887 705.0492703940471
261.0 6.716088552756872 702.2766131405447 695.5605245877878
262.0 6.601592533983415 709.5164701725158 702.9148776385324
263.0 6.909026280812053 704.2719782526742 697.3629519718621
264.0 6.548863152112926 706.1762902128467 699.6274270607338
265.0 6.647144700823582 704.3362289772128 697.6890842763892
266.0 6.573786509292977 705.4185446611808 698.8447581518878
267.0 6.734220422786969 703.021102311156 696.2868818883691
268.0 6.603140764444329 703.0268457500406 696.4237049855963
269.0 6.577018227730091 701.1517510795137 694.5747328517836
270.0 6.568555021195074 705.3443911585228 698.7758361373277
271.0 6.479351072239152 699.0808641201824 692.6015130479432
272.0 6.451813112147444 701.2866181259208 694.8348050137734
273.0 6.587153815815077 699.0294013191721 692.4422475033571
274.0 6.42941200588892 703.2476449439313 696.8182329380424
275.0 6.450283877504375 701.2909652310308 694.8406813535264
276.0 6.446936406877056 699.3895340204701 692.942597613593
277.0 6.457590250509667 697.4756886043478 691.0180983538382
278.0 6.393661078226691 699.4647475961428 693.0710865179161
279.0 6.375226288917479 696.5678391497575 690.19261286084
280.0 6.363737687270903 699.0952871866998 692.7315494994289
281.0 6.388838288424997 698.5841725789228 692.1953342904978
282.0 6.378419210085152 699.0249759727049 692.6465567626197
283.0 6.209374705917395 696.6526343176002 690.4432596116828
284.0 6.336063525818892 695.9096678339423 689.5736043081234
285.0 6.262892608198124 697.9478794996376 691.6849868914394
286.0 6.300235365727623 696.7331887122172 690.4329533464896
287.0 6.197598015789105 695.5817285412397 689.3841305254506
288.0 6.282249460411454 690.5320061242365 684.249756663825
289.0 6.273565333711135 690.4251612876797 684.1515959539686
290.0 6.203963915700641 689.8160009809344 683.6120370652338
291.0 6.238883947106571 688.3368797743022 682.0979958271956
292.0 6.125379256514571 690.0606990889692 683.9353198324546
293.0 6.159776802304827 687.827423671134 681.6676468688292
294.0 6.153457162286081 690.4208491776899 684.2673920154039
295.0 6.125058652240384 689.783933265179 683.6588746129386
296.0 6.056123612157701 688.9357770120493 682.8796533998916
297.0 5.932481481235114 691.4899247356461 685.557443254411
298.0 5.953181009890821 688.4895470591447 682.5363660492538
299.0 6.071337210396301 691.7643964571072 685.6930592467109
300.0 5.990530315413234 689.1748772590961 683.1843469436828
301.0 6.030491117663053 685.348354423301 679.3178633056379
302.0 5.869624553059388 686.7513159147919 680.8816913617325
303.0 5.842664621236088 684.1840461755964 678.3413815543603
304.0 5.866267950153508 686.4776093105308 680.6113413603773
305.0 5.912226589604668 680.9755647687694 675.0633381791647
306.0 5.805171772605734 684.5641593333279 678.7589875607221
307.0 5.799392478311553 683.4647969467869 677.6654044684754
308.0 5.770055313671264 683.7177783998054 677.9477230861342
309.0 5.899532000921227 680.5486671823542 674.6491351814329
310.0 5.761097151167563 680.2059147147725 674.444817563605
311.0 5.636060419240981 681.8926405987441 676.2565801795031
312.0 5.75869764952635 677.8772341373181 672.1185364877917
313.0 5.715633546969251 679.8406661439234 674.1250325969542
314.0 5.686943620685686 679.8318983092985 674.1449546886128
315.0 5.615782775793643 675.7719762596732 670.1561934838796
316.0 5.698286265435192 680.2324978882135 674.5342116227783
317.0 5.534421249695538 678.6605043095079 673.1260830598123
318.0 5.577393314660118 676.5468065554468 670.9694132407866
319.0 5.57471234771943 676.892617965608 671.3179056178885
320.0 5.607886937359304 675.070775080409 669.4628881430497
321.0 5.51608801730198 675.4895136591652 669.9734256418632
322.0 5.54555342435058 674.6196710946718 669.0741176703213
323.0 5.448099123672738 674.0014107197346 668.5533115960619
324.0 5.454072789284576 673.0901863319694 667.6361135426848
325.0 5.287181392216607 675.2163866914538 669.9292052992372
326.0 5.342460296381884 673.5479582514102 668.2054979550284
327.0 5.362756486690681 672.59448772155 667.2317312348593
328.0 5.380543550475809 671.7082942925902 666.3277507421143
329.0 5.308508133212392 669.3964738429868 664.0879657097744
330.0 5.34603126397399 669.5463529789253 664.2003217149513
331.0 5.255853994614961 670.0061545329445 664.7503005383296
332.0 5.324556437561148 667.8318773803695 662.5073209428084
333.0 5.210341328383792 669.2447963120103 664.0344549836265
334.0 5.211407216729733 667.5876897404929 662.3762825237632
335.0 5.162060073388837 667.6531662778304 662.4911062044415
336.0 5.213986949640693 666.0459105895766 660.8319236399359
337.0 5.133635770617277 665.6522113055599 660.5185755349426
338.0 5.085221754026774 665.3430528374374 660.2578310834106
339.0 5.052245392396504 663.5433594503414 658.4911140579449
340.0 5.065831010606899 664.232072151667 659.1662411410601
341.0 5.036993869302022 664.502139299434 659.465145430132
342.0 5.009816533954731 662.9300053791564 657.9201888452017
343.0 4.941502182598907 662.2209781642261 657.2794759816272
344.0 4.974611322282661 662.6340332030548 657.6594218807721
345.0 4.958028648920221 661.4845246703232 656.526496021403
346.0 4.906767196797582 660.9318153136013 656.0250481168037
347.0 4.864729272071383 659.9265820985841 655.0618528265127
348.0 4.844677762058371 660.9976131291842 656.1529353671259
349.0 4.859940997379441 659.4856219955988 654.6256809982194
350.0 4.80500039025003 657.8602840217874 653.0552836315374
351.0 4.78301458758307 657.9731530750246 653.1901384874416
352.0 4.763196082966047 657.7940097757982 653.0308136928322
353.0 4.755247921022347 657.6147527509523 652.8595048299299
354.0 4.702983249486846 656.1320088208098 651.4290255713229
355.0 4.747102758436488 655.134361423903 650.3872586654665
356.0 4.742106034519112 654.9096801171791 650.16757408266
357.0 4.729515759284107 653.4631574382786 648.7336416789945
358.0 4.657724021978593 653.4823721122259 648.8246480902473
359.0 4.566814730987768 655.8250726761043 651.2582579451165
360.0 4.65080574949687 654.0611762563636 649.4103705068667
361.0 4.534788539069187 653.2553906057498 648.7206020666807
362.0 4.552282400569116 651.8205708641301 647.268288463561
363.0 4.547151257480535 651.783755903778 647.2366046462975
364.0 4.515177910118822 650.8628606268724 646.3476827167536
365.0 4.544585680421192 650.283610296454 645.7390246160328
366.0 4.479430833626417 649.2394530226831 644.7600221890567
367.0 4.470125800008005 649.4202316956144 644.9501058956064
368.0 4.429215647680248 648.6611587456524 644.2319430979721
369.0 4.412583787588297 647.5730321971615 643.1604484095732
370.0 4.372401336052997 648.074215254862 643.701813918809
371.0 4.403446634969943 646.8583245361575 642.4548779011875
372.0 4.355017282560169 645.8291840462539 641.4741667636938
373.0 4.294064964426408 645.3864541177828 641.0923891533564
374.0 4.330441549711611 644.1143834516423 639.7839419019307
375.0 4.269432266291972 645.0496602956982 640.7802280294062
376.0 4.291204955641948 643.4894969660272 639.1982920103853
377.0 4.24646797753864 644.1956429944415 639.9491750169029
378.0 4.24346180897125 642.4199180711361 638.1764562621649
379.0 4.212859329804063 641.5862644475466 637.3734051177426
380.0 4.20051680758751 641.4533257995549 637.2528089919674
381.0 4.139647483043316 642.0726195079436 637.9329720249003
382.0 4.147665076646762 639.8964356168456 635.7487705401988
383.0 4.141777796584047 640.0666842798466 635.9249064832626
384.0 4.108485978918508 640.37636444988 636.2678784709615
385.0 4.10205740881607 639.0779981988126 634.9759407899966
386.0 4.083326286686276 638.2529923341072 634.1696660474209
387.0 4.038565189244824 637.9630358682211 633.9244706789763
388.0 4.043585231551598 637.6972823284481 633.6536970968965
389.0 4.040446158472213 637.184502416905 633.1440562584328
390.0 4.031264827856068 635.9518853018505 631.9206204739945
391.0 3.973093693075797 634.6421328385085 630.6690391454327
392.0 3.955482947747329 634.9982500194223 631.042767071675
393.0 3.953419912396348 635.1388992808009 631.1854793684045
394.0 3.964707296314731 633.5518123992374 629.5871051029227
395.0 3.927482055656565 632.7483514939897 628.8208694383332
396.0 3.916956928936582 632.7650314319369 628.8480745030003
397.0 3.894760807581018 632.0286126258949 628.1338518183139
398.0 3.871949395271268 631.6170910400188 627.7451416447475
399.0 3.869426990943133 629.8407538754911 625.971326884548
400.0 3.874076872245091 629.4049049257843 625.5308280535392
401.0 3.825375721967775 630.061409174087 626.2360334521192
402.0 3.827642038529825 628.8043645864085 624.9767225478787
403.0 3.806477143921805 628.3319705115514 624.5254933676296
404.0 3.77158384129566 628.4556947912472 624.6841109499516
405.0 3.800558161893582 626.5538736540549 622.7533154921613
406.0 3.778408810939278 626.2454643709693 622.4670555600301
407.0 3.741590414682947 625.8771941771152 622.1356037624323
408.0 3.764386762525824 625.6910722089681 621.9266854464423
409.0 3.73401588521706 624.4770971856049 620.7430813003878
410.0 3.71436796992905 623.8325356097882 620.1181676398591
411.0 3.728704363841311 622.7185593039824 618.989854940141
412.0 3.707326989479888 622.6622492008954 618.9549222114156
413.0 3.66697373758378 622.9415350474996 619.2745613099158
414.0 3.690129822620044 621.623079969324 617.932950146704
415.0 3.658654051378898 620.8683554122301 617.2097013608513
416.0 3.65202018527252 620.8816982051609 617.2296780198884
417.0 3.635830079196322 619.6738983354423 616.0380682562459
418.0 3.629264000879779 620.0693378189485 616.4400738180687
419.0 3.614440219784123 618.9996215365094 615.3851813167252
420.0 3.622197956471276 617.9870392093669 614.3648412528956
421.0 3.6268127262504 617.3465914166245 613.7197786903741
422.0 3.602734592481983 616.962188618294 613.3594540258121
423.0 3.61218342449902 615.812660135216 612.200476710717
424.0 3.578020613883387 615.4707966556801 611.8927760417967
425.0 3.588410704798854 615.6099484952425 612.0215377904436
426.0 3.592932628020178 614.1418408720806 610.5489082440604
427.0 3.585932921127888 613.5738661987749 609.987933277647
428.0 3.570247602079705 613.3935065434201 609.8232589413404
429.0 3.569423115031568 612.3864578501739 608.8170347351423
430.0 3.584110519750412 611.1186257398566 607.5345152201062
431.0 3.575394701334026 610.9588607815536 607.3834660802195
432.0 3.567742119657212 611.25191459923 607.6841724795727
433.0 3.557747508950961 609.8448002253347 606.2870527163837
434.0 3.550227394985264 609.7493073923958 606.1990799974105
435.0 3.55963935902877 608.8271324418823 605.2674930828535
436.0 3.554786313192453 607.9802964305169 604.4255101173245
437.0 3.565589051199787 606.9965997169739 603.4310106657741
438.0 3.565914088857773 606.9969880230855 603.4310739342277
439.0 3.571986113539617 606.4782877292699 602.9063016157303
440.0 3.577998766742182 605.427343031774 601.8493442650318
441.0 3.585601087686175 604.769842781296 601.1842416936098
442.0 3.566741192743209 604.0600405821326 600.4932993893894
443.0 3.584500998910299 603.8650770237524 600.2805760248421
444.0 3.584827332921167 603.0438487770761 599.4590214441549
445.0 3.602221173502023 602.8653555378124 599.2631343643104
446.0 3.620733461111867 601.1569463772419 597.53621291613
447.0 3.605704896848023 601.8087968874854 598.2030919906374
448.0 3.618089648370144 600.1338829694264 596.5157933210562
449.0 3.644488808689956 600.0860814598455 596.4415926511555
450.0 3.637567751237469 599.543203454168 595.9056357029305
451.0 3.65449318058255 598.42525791644 594.7707647358575
452.0 3.679069792041985 598.1451803193252 594.4661105272833
453.0 3.692316975294063 596.7745845728507 593.0822675975566
454.0 3.695226940592174 596.5447509574931 592.849524016901
455.0 3.733314889541585 595.6115249056756 591.878210016134
456.0 3.752823240487158 594.6211087179726 590.8682854774854
457.0 3.765031384596893 594.5909233073761 590.8258919227792
458.0 3.779039822428416 593.4573084932767 589.6782686708482
459.0 3.792893342643124 593.3926580118508 589.5997646692077
460.0 3.818309972787046 591.9271856797488 588.1088757069617
461.0 3.851704500847309 591.7485889439592 587.8968844431119
462.0 3.878317710287832 590.7973503187956 586.9190326085077
463.0 3.896883499909147 590.6108014071704 586.7139179072613
464.0 3.92161452509798 589.870351450136 585.9487369250381
465.0 3.96841850591132 588.5274684131116 584.5590499072003
466.0 3.987954245495907 588.1171481095039 584.129193864008
467.0 4.009792239260591 587.5011816977721 583.4913894585115
468.0 4.040698025520764 586.8940065955287 582.853308570008
469.0 4.098686819839698 586.2667811738438 582.1680943540041
470.0 4.111619143422126 585.2646727547944 581.1530536113723
471.0 4.151032114235888 585.3361182784952 581.1850861642594
472.0 4.192198421453838 583.9673443791068 579.775145957653
473.0 4.259225094324887 583.6086491317716 579.3494240374468
474.0 4.268946194649938 582.9122449541795 578.6432987595295
475.0 4.318375678710389 582.1599773780858 577.8416016993754
476.0 4.386038967582353 580.5870101308796 576.2009711632972
477.0 4.441154097442462 580.6476032071699 576.2064491097274
478.0 4.462572098406056 579.805723132663 575.343151034257
479.0 4.503471348102065 578.7644803289828 574.2610089808807
480.0 4.547121256766617 578.4028381907219 573.8557169339552
481.0 4.60530372622751 578.2167053024093 573.6114015761817
482.0 4.666783002629837 577.0957943433995 572.4290113407697
483.0 4.727338313542877 576.4443218887549 571.716983575212
484.0 4.77364418886596 576.1250082280329 571.3513640391669
485.0 4.830650924677641 575.37808330468 570.5474323800023
486.0 4.922044218503682 574.153466883752 569.2314226652483
487.0 4.981254492810739 574.4362160715819 569.4549615787712
488.0 5.00455179522046 573.2102082038102 568.2056564085897
489.0 5.11054247325905 572.0105684867341 566.9000260134751
490.0 5.154635217602772 572.0109466333041 566.8563114157013
491.0 5.24159613179368 571.3863807880187 566.144784656225
492.0 5.357140268491301 569.7884854194763 564.431345150985
493.0 5.420445925504461 568.838278065157 563.4178321396526
494.0 5.512490441732739 568.3948803463681 562.8823899046354
495.0 5.577450307666248 568.2080957088365 562.6306454011702
496.0 5.618380439140874 567.4581459225981 561.8397654834572
497.0 5.7492205799711 566.3481903627455 560.5989697827744
498.0 5.826592674791179 566.230049529691 560.4034568548998
499.0 5.928879033923336 566.0664449107361 560.1375658768127
500.0 6.031086688695763 563.6699330278645 557.6388463391688
501.0 6.144401604857443 563.5967101738697 557.4523085690123
502.0 6.268368052756197 562.7860589610834 556.5176909083272
503.0 6.355342469159274 563.1369301552607 556.7815876861015
504.0 6.452295624213372 560.191175285788 553.7388796615746
505.0 6.556779565303582 560.4055399145989 553.8487603492953
506.0 6.607309598690809 562.1382684515396 555.5309588528488
507.0 6.706746478095122 561.1637707441992 554.4570242661041
508.0 6.906459757368478 558.5284180230129 551.6219582656444
509.0 7.031315584167166 558.6347187089778 551.6034031248106
510.0 7.181766225607257 557.4054255433673 550.22365931776
511.0 7.289769146240193 556.8119356043961 549.5221664581559
512.0 7.381905702887729 556.9229908978844 549.5410851949967
513.0 7.632517068713475 555.347009286782 547.7144922180686
514.0 7.679683400661026 553.8155067965948 546.1358233959338
515.0 7.838667005220824 554.2050817343099 546.3664147290891
516.0 8.101955170907481 552.4179635456954 544.3160083747879
517.0 8.244926185638517 552.9957591885842 544.7508330029456
518.0 8.212553449057989 551.651539953503 543.438986504445
519.0 8.487014165432016 550.2602884862871 541.773274320855
520.0 8.427900863336153 554.787459053499 546.3595581901628
521.0 8.696271819834665 550.7294994874911 542.0332276676565
522.0 8.876278359738557 544.3343224491965 535.458044089458
523.0 9.132212020435555 552.5198708821171 543.3876588616815
524.0 9.345945554737831 547.3791363307989 538.0331907760611
525.0 9.669464557566348 548.1028752683751 538.4334107108087
526.0 9.668941963383196 548.3341001899698 538.6651582265866
527.0 9.96828593323058 547.3220644125099 537.3537784792793
528.0 10.12574975008103 542.6444511399723 532.5187013898913
529.0 10.30695830148549 545.4926810131736 535.1857227116881
530.0 10.52584744358832 545.4246598519009 534.8988124083125
531.0 10.79382559031367 539.1206841654907 528.326858575177
532.0 11.0056386326295 540.1725610446987 529.1669224120692
533.0 10.99345994020749 531.4544308622422 520.4609709220347
534.0 11.23375620994836 553.9404676837211 542.7067114737727
535.0 11.14108036537735 540.1334587803842 528.9923784150068
536.0 11.77326705092656 540.1074528218038 528.3341857708772
537.0 12.04645125456602 535.5175121282554 523.4710608736893
538.0 12.85855664137978 535.0908722118469 522.2323155704672
539.0 12.50024236571449 534.006792298204 521.5065499324895
540.0 12.07929316207745 541.3329971187005 529.253703956623
541.0 13.14824184719198 557.2882017653156 544.1399599181236
542.0 12.82163473885079 553.4651556210556 540.6435208822048
543.0 13.49322042180254 539.4908825164529 525.9976620946504
544.0 13.03257407324217 543.7056639740018 530.6730899007596
545.0 14.35492591458726 530.3810368285078 516.0261109139206
546.0 19.0051133570693 465.1941586887956 446.1890453317263
547.0 19.51523031091446 468.8030747906593 449.2878444797448
548.0 22.20059223488349 451.275858579529 429.0752663446455
549.0 13.63921189451052 567.7135247597138 554.0743128652033
550.0 13.40246465571506 551.2391967538347 537.8367320981196
551.0 24.19732794649111 434.7657988342799 410.5684708877888
552.0 23.87391833860931 441.5881395610012 417.7142212223919
553.0 22.37101793128926 449.539007364628 427.1679894333387
554.0 21.1100120664032 460.7980768901383 439.6880648237351
555.0 26.79483772902388 421.8101723288785 395.0153345998546
556.0 24.71176584516595 438.6634657485417 413.9516999033757
557.0 28.41896677487121 420.4933813536218 392.0744145787506
558.0 22.71604364975221 447.8162475773715 425.1002039276193
559.0 23.57033290525497 444.4763679180803 420.9060350128253
560.0 28.47558805659816 421.5314283431852 393.055840286587
561.0 32.31761574036763 403.0348012424042 370.7171855020366
562.0 36.040857161587 384.1859221680693 348.1450650064823
563.0 33.5762742504917 394.8755731578302 361.2992989073385
564.0 34.50115052450337 393.3419401207391 358.8407895962357
565.0 29.75749369845452 415.5559230912857 385.7984293928312
566.0 36.00865856338983 382.1261784295042 346.1175198661144
567.0 37.55756723036959 378.6768099001112 341.1192426697416
568.0 42.37452472910253 361.6899293667083 319.3154046376058
569.0 37.55783345707107 378.6850703760992 341.1272369190281
570.0 41.63119266348358 362.8638458572355 321.2326531937519
571.0 41.77805498625001 363.5793856632331 321.8013306769831
572.0 50.76683212836804 334.5046557416986 283.7378236133306
573.0 41.78621003839825 363.7216471506192 321.9354371122209
574.0 48.94198836950608 341.5752455875125 292.6332572180064
575.0 41.12359384691689 365.0348582585798 323.9112644116629
576.0 60.71189374443333 306.7639042407677 246.0520104963343
577.0 61.29702466170434 304.6062489259137 243.3092242642094
578.0 42.37586416365493 361.7221365963698 319.3462724327149
579.0 53.12996616525296 329.7221338563857 276.5921676911327
580.0 78.74795209110813 262.139583060569 183.3916309694608
581.0 65.15019235735205 295.7221362185657 230.5719438612137
582.0 72.4600091569382 277.721688388991 205.2616792320528
583.0 79.33934635627468 263.5000442256386 184.1606978693639
584.0 84.52440331403653 253.7175680319104 169.1931647178739
585.0 97.98215452908936 227.3782059189791 129.3960513898898
586.0 95.93551992214677 231.5218344369119 135.5863145147651
587.0 94.90881614216609 233.6537540586547 138.7449379164886
588.0 95.93823106114954 231.5833036495316 135.6450725883821
591.0 109.4751154662783 205.722137 96.2470215337217
