0.0 4.441131035769156 910.4442157065726 906.0030846708034
1.0 3.090778578581183 909.2755226046519 906.1847440260707
2.0 2.338259118345404 908.8173156306932 906.4790565123478
3.0 1.792541960267748 908.3689009307126 906.5763589704449
4.0 1.351503188350958 907.2974729050017 905.9459697166508
5.0 1.029226927664439 908.0573807698695 907.0281538422051
6.0 0.8839158308880075 905.3834582881935 904.4995424573055
7.0 0.6117798089384749 906.0884079724515 905.4766281635131
8.0 0.42986717504521 905.4957738694768 905.0659066944316
9.0 0.3593140804127155 904.9697317425092 904.6104176620965
10.0 0.2446702521339748 905.3734869323094 905.1288166801754
11.0 0.1790344194835059 904.0614585626228 903.8824241431393
12.0 0.08911038301017515 903.9892259612017 903.9001155781915
13.0 0.05838303673312832 903.3440672691767 903.2856842324436
14.0 0.05946155409224249 902.7949189988909 902.7354574447987
15.0 0.01597684285450695 903.4073564223877 903.3913795795332
16.0 0.01233242034490939 902.4238740681376 902.4115416477927
17.0 0.03548850270310657 902.3669005399883 902.3314120372852
18.0 0.03817647217511284 902.1164196606334 902.0782431884583
19.0 0 902.3143738655878 902.3143738655878
20.0 0.07460824696635844 900.365826104801 900.2912178578347
21.0 0.09838764131924836 900.295877115799 900.1974894744798
22.0 0.09288432085578302 900.4315211265967 900.3386368057409
23.0 0.1496360162367173 900.0703729996821 899.9207369834454
24.0 0.1675839156026769 899.4544963851836 899.2869124695809
25.0 0.2408122927411266 898.7391893041254 898.4983770113843
26.0 0.228367648275808 898.8728046519038 898.644437003628
27.0 0.2535919774601757 898.2596512542893 898.0060592768291
28.0 0.3590852102801046 897.3594286725706 897.0003434622905
29.0 0.3303720941164669 897.9470413276377 897.6166692335212
30.0 0.382347864195173 897.8508456732296 897.4684978090344
31.0 0.3975631254764597 897.4805989401408 897.0830358146643
32.0 0.4607661184419419 896.1416967078213 895.6809305893794
33.0 0.5187008565080981 896.3900880862247 895.8713872297166
34.0 0.5497298708892435 896.8988187860299 896.3490889151406
35.0 0.6084999208438567 895.1156415829002 894.5071416620563
36.0 0.6768862479540011 894.5991046896267 893.9222184416727
37.0 0.69759950174467 894.5807049176478 893.8831054159031
38.0 0.7275852731731866 894.0387878948934 893.3112026217202
39.0 0.8125412039183774 893.3201011839318 892.5075599800135
40.0 0.8008143415768766 893.8552040488633 893.0543897072864
41.0 0.8998182280689322 893.1621565731487 892.2623383450798
42.0 1.015555874716902 891.9132881979313 890.8977323232144
43.0 1.030194645300466 892.0871092228901 891.0569145775896
44.0 1.077954872742846 892.9946720849669 891.916717212224
45.0 1.130235979993513 892.7919764043937 891.6617404244002
46.0 1.28030085798462 889.0387159416574 887.7584150836728
47.0 1.304314985068139 891.1106620544146 889.8063470693465
48.0 1.40429020932963 889.299995845445 887.8957056361153
49.0 1.410106289895377 889.3997653764992 887.9896590866038
50.0 1.509289918341877 888.9151598537563 887.4058699354144
51.0 1.58903093755207 888.5289091342035 886.9398781966514
52.0 1.694933556880648 887.6024832667165 885.9075497098358
53.0 1.726134592569762 888.295252875978 886.5691182834082
54.0 1.791753848505579 887.6513689387573 885.8596150902517
55.0 1.913113574976785 885.1869058812577 883.2737923062809
56.0 1.964189313872604 886.2070028728712 884.2428135589986
57.0 2.02664273040478 886.3021863962215 884.2755436658168
58.0 2.169598869592911 884.1220472800687 881.9524484104758
59.0 2.244324701600088 883.2669849531349 881.0226602515348
60.0 2.291264790681465 886.1939876061419 883.9027228154605
61.0 2.293421781211565 886.5120820903405 884.2186603091289
62.0 2.488738247968129 883.0298369131311 880.541098665163
63.0 2.625045671634106 882.9158722449943 880.2908265733602
64.0 2.704444141913582 882.0229174053898 879.3184732634762
65.0 2.741598095259089 882.0334397696796 879.2918416744205
66.0 2.815270119759283 884.3470392880173 881.531769168258
67.0 2.91727470684069 882.1359523807421 879.2186776739014
68.0 3.042705407721483 880.7218976302641 877.6791922225426
69.0 3.14694639248783 882.2372883467309 879.0903419542431
70.0 3.247638137539304 879.6739191054526 876.4262809679133
71.0 3.49635927451407 874.5936639365132 871.0973046619992
72.0 3.340629006115139 883.4374514881737 880.0968224820585
73.0 3.5041390339594 880.7879083360186 877.2837693020592
74.0 3.713333920172862 875.9078317811803 872.1944978610075
75.0 3.802880647090199 877.0289047096889 873.2260240625987
76.0 3.998924955962689 873.2562809095027 869.25735595354
77.0 4.30203272095531 868.3790470669504 864.0770143459951
78.0 4.147655265956971 875.969800346996 871.822145081039
79.0 4.277410444792627 873.4584444270877 869.1810339822951
80.0 4.372101172976324 874.3775625353984 870.005461362422
81.0 4.527505100925045 873.0749497603521 868.5474446594271
82.0 4.573142309718697 872.0543550891544 867.4812127794357
83.0 4.766225865249674 871.5146225358784 866.7483966706287
84.0 5.081630790439131 863.6122808573742 858.530650066935
85.0 5.149429232041053 865.4684859310066 860.3190566989656
86.0 4.988097394514077 873.711713767015 868.723616372501
87.0 5.315590187730668 863.0887803235547 857.7731901358241
88.0 5.471158788798286 866.1423735852499 860.6712147964516
89.0 5.485595465244863 863.3163116915715 857.8307162263266
90.0 5.345371320015506 870.7117889992421 865.3664176792266
91.0 5.759030306566751 863.3804494453039 857.6214191387371
92.0 5.929219869568223 865.086722511523 859.1575026419548
93.0 5.748410438056199 876.0297565621542 870.281346124098
94.0 6.023593101107016 868.6486796624967 862.6250865613897
95.0 6.369129058354309 862.2165289777437 855.8473999193893
96.0 6.81098731299995 851.248666395668 844.437679082668
97.0 6.700858975978423 856.9641019160418 850.2632429400634
98.0 6.868497028887913 863.8815641274887 857.0130670986008
99.0 7.304357678865559 847.885510124973 840.5811524461074
100.0 7.041848251651176 859.1764279190774 852.1345796674262
101.0 6.714494415041354 883.6084834840052 876.8939890689639
102.0 7.359704694417511 854.513223800236 847.1535191058185
103.0 7.375341593193357 856.7757473436773 849.4004057504839
104.0 7.281493189978034 863.0832044444207 855.8017112544426
105.0 7.780682878858458 853.4983587526494 845.7176758737909
106.0 7.691863133658649 862.1845302216085 854.4926670879499
107.0 7.977428075479027 862.4673967022666 854.4899686267876
108.0 8.325257521732069 851.8962245952299 843.5709670734979
109.0 8.693800777290675 851.715344672704 843.0215438954133
110.0 8.319456157504744 855.5917404414789 847.2722842839742
111.0 8.966471147117269 845.3846150587545 836.4181439116372
112.0 9.441141512477016 836.8309450208075 827.3898035083305
113.0 8.509252480183647 859.0899419592762 850.5806894790925
114.0 9.706491871846566 835.8514295146106 826.144937642764
115.0 8.76723284929292 869.9477405665933 861.1805077173004
116.0 9.607063255208006 844.9149636259472 835.3079003707391
117.0 10.14336445416766 836.28338102429 826.1400165701224
118.0 8.257573311817176 883.0004887289782 874.742915417161
119.0 10.06009740891346 840.7762275153192 830.7161301064058
120.0 7.443826983882736 927.140560548885 919.6967335650023
121.0 9.648506512988201 851.2580954138066 841.6095889008184
122.0 9.218899943303597 869.4284221080963 860.2095221647927
123.0 10.4562461098513 839.729633706434 829.2733875965827
124.0 8.9130440151433 881.2556758543139 872.3426318391706
125.0 9.115105097416836 887.5341294766231 878.4190243792062
126.0 11.45273345574325 826.9134828266475 815.4607493709042
127.0 10.4246931812561 855.3515657186295 844.9268725373734
128.0 10.81437626797582 845.2792364683367 834.4648602003609
129.0 11.31009873483474 833.3371775306645 822.0270787958297
130.0 11.03221389936699 848.3387001954287 837.3064862960617
131.0 10.20240782966496 856.8107823571638 846.6083745274988
132.0 11.78365540222834 831.4244009506455 819.6407455484171
133.0 12.22762936511329 821.8550726238201 809.6274432587068
134.0 8.773963387318713 899.0076228582625 890.2336594709438
135.0 8.174827214299611 929.4092865886968 921.2344593743972
136.0 12.33724278703943 822.3056804648722 809.9684376778328
137.0 11.93314578561543 842.9369457991078 831.0038000134924
138.0 13.47491575917158 808.1742302587514 794.6993144995799
139.0 12.09586650607405 835.0674058713167 822.9715393652426
140.0 8.06548247268292 915.1621776853556 907.0966952126727
141.0 11.88572086355659 838.947520251265 827.0617993877084
142.0 13.14255546602317 818.3611542908925 805.2185988248694
143.0 13.0571492875468 817.3823205557381 804.3251712681913
144.0 13.82985036795181 808.943115749919 795.1132653819672
145.0 12.66248611198084 829.1743390760556 816.5118529640747
146.0 8.554406429870144 940.2140047679589 931.6595983380887
147.0 13.09683169480529 820.6423766865706 807.5455449917653
148.0 12.22844649540579 841.7964990163913 829.5680525209856
149.0 9.698017691588489 886.7937498658626 877.0957321742741
150.0 13.75993932050246 811.6269697269182 797.8670304064158
151.0 13.19895185524202 821.8059918860045 808.6070400307625
152.0 14.1447109059313 804.1836794028192 790.0389684968879
153.0 13.55656298428805 817.7369029382513 804.1803399539633
154.0 13.85870892279683 815.6123936163046 801.7536846935078
155.0 13.64387412108546 813.6852687560787 800.0413946349932
156.0 13.85423982001024 819.744442189706 805.8902023696957
157.0 13.8672995748567 813.514650499392 799.6473509245353
158.0 8.188005947571957 930.9097106630012 922.7217047154293
159.0 13.43842902799136 826.3561523481049 812.9177233201136
160.0 13.41526789527748 830.7301371973765 817.3148693020991
161.0 14.70202738059284 804.792143210569 790.0901158299762
162.0 13.40567729817423 836.7367701610596 823.3310928628854
163.0 8.356174022189417 906.7224511261825 898.366277103993
164.0 13.50633487165532 826.9725600839438 813.4662252122885
165.0 14.93833353066945 801.4395294942929 786.5011959636234
166.0 14.98019090876265 802.6508535685596 787.670662659797
167.0 13.86165477538619 823.3462761899398 809.4846214145536
168.0 15.01697426076205 806.3772522738514 791.3602780130893
169.0 15.42173395053283 797.5426388824827 782.1209049319499
170.0 15.22400127380244 803.7750315081336 788.5510302343312
171.0 14.33811942105656 819.8128447436004 805.4747253225438
172.0 14.75540005550436 817.8140541154826 803.0586540599782
173.0 14.69274965255385 807.8829026971008 793.190153044547
174.0 14.29474143747157 816.5383588760033 802.2436174385317
175.0 12.94847137274536 837.1136595885728 824.1651882158274
176.0 15.27900548190424 803.0868415764477 787.8078360945435
177.0 11.82327596396056 983.4082728890548 971.5849969250943
178.0 8.096036603085114 917.3141475871552 909.2181109840701
179.0 14.99166078718985 809.5013535929059 794.509692805716
180.0 15.98596616733306 794.6631917867048 778.6772256193718
181.0 12.28001208519745 858.6878688549465 846.407856769749
182.0 15.12898568540867 815.4630558356037 800.3340701501951
183.0 16.81808849658676 784.734401931362 767.9163134347752
184.0 15.54235684361817 807.1083652259014 791.5660083822833
185.0 13.38166639983033 951.9354603710216 938.5537939711913
186.0 16.58821257671758 797.2422916845236 780.654079107806
187.0 9.910372980811184 887.2627888242199 877.3524158434087
188.0 15.3008951802365 805.8453442246814 790.5444490444449
189.0 10.44876442723796 881.4941441709979 871.0453797437599
190.0 17.6430755491135 780.4916013931114 762.8485258439979
191.0 15.93149478840446 801.4238425628287 785.4923477744242
192.0 15.42269088438876 809.2771626247576 793.8544717403689
193.0 16.65701626513449 790.2949273867167 773.6379111215822
194.0 16.50276544711591 795.2119519711776 778.7091865240617
195.0 15.37098623876629 823.1671738677241 807.7961876289579
196.0 13.28507721017445 849.8532219550735 836.5681447448991
197.0 17.95539767079546 781.2846351938117 763.3292375230162
198.0 17.19671309034591 785.4090668875665 768.2123537972206
199.0 17.26323174376497 792.4360650550136 775.1728333112486
200.0 16.44924774828048 794.8063819949877 778.3571342467072
201.0 18.42499123283714 771.907376092673 753.4823848598358
202.0 16.44991958638235 805.7303423674656 789.2804227810833
203.0 16.90888481563419 798.982722775642 782.0738379600078
204.0 17.54775428790886 783.2183943252456 765.6706400373367
205.0 17.90921713672928 780.1868951246925 762.2776779879633
206.0 18.59375148895729 773.9919908738024 755.3982393848451
207.0 16.98069028122376 800.5642835541295 783.5835932729058
208.0 17.79908862175775 781.3408350652523 763.5417464434945
209.0 16.02088479449959 812.0174982858582 795.9966134913586
210.0 17.9171476790727 786.2342878566312 768.3171401775585
211.0 18.50312724422618 768.1369877438225 749.6338604995964
212.0 19.4944492489433 761.4642882745522 741.9698390256089
213.0 19.02900534896628 765.5367341350714 746.5077287861052
214.0 17.63294586906554 800.7841759908601 783.1512301217946
215.0 17.18209788600964 795.9181684035724 778.7360705175627
216.0 8.06605893765347 923.7132677482377 915.6472088105842
217.0 19.4517651759574 760.6834617280694 741.231696552112
218.0 17.00543917392225 793.6744086770373 776.668969503115
219.0 17.61909776040638 794.7409044980315 777.1218067376252
220.0 8.680673486784296 903.6995286810768 895.0188551942925
221.0 14.3447907043614 835.5117242952505 821.1669335908891
222.0 20.22070210001126 755.2554350587049 735.0347329586936
223.0 17.98206556840179 790.8608006487217 772.87873508032
224.0 11.74997907804629 867.1218856432666 855.3719065652204
225.0 15.73184739388047 815.8013469077121 800.0694995138316
226.0 18.6466267662175 780.4561749810702 761.8095482148527
227.0 18.53304742428939 777.7436140650691 759.2105666407797
228.0 19.52921889067397 763.2693135628116 743.7400946721376
229.0 17.44293110083409 804.4208198556408 786.9778887548067
230.0 16.57168445848177 811.471668079354 794.8999836208722
231.0 17.5675850157879 791.2324238782408 773.6648388624529
232.0 20.04505201500644 761.1173347331192 741.0722827181128
233.0 19.45749998909033 765.9772811249273 746.5197811358369
234.0 17.77289939219943 789.1878201729877 771.4149207807883
235.0 19.28875043880188 775.2188593691675 755.9301089303656
236.0 19.79729280913863 762.880834119148 743.0835413100094
237.0 18.91340369008294 778.440238292343 759.5268346022601
238.0 17.40476831786518 803.4974421609173 786.0926738430521
239.0 20.46151928181209 755.941666553573 735.4801472717609
240.0 19.9196185742948 764.7846691352935 744.8650505609987
241.0 20.30434200554273 758.6923090792736 738.3879670737308
242.0 15.078441391933 831.9378524105152 816.8594110185822
243.0 17.96321331842255 790.9286384510615 772.9654251326389
244.0 17.70063945864573 803.1770262317902 785.4763867731445
245.0 20.35893146417777 755.9708681772186 735.6119367130408
246.0 19.86923782159746 763.8266697548817 743.9574319332842
247.0 19.65505554011476 769.4641581804759 749.8091026403611
248.0 19.19107835756985 781.1330540158381 761.9419756582683
249.0 18.54408573251284 781.3073028805041 762.7632171479912
250.0 17.94220119222431 802.9981639381164 785.0559627458921
251.0 19.05287789069211 774.1497468598233 755.0968689691312
252.0 16.90701850600318 813.0446056454573 796.1375871394541
253.0 18.41799572408669 784.3269627975069 765.9089670734202
254.0 21.99886523900821 740.4779463196808 718.4790810806726
255.0 19.98337836005805 767.0127044345142 747.0293260744562
256.0 19.41753458379272 780.1247762415135 760.7072416577208
257.0 20.42434207443934 761.2764521170751 740.8521100426357
258.0 20.24250482350865 759.4914718104297 739.248966986921
259.0 20.61710188612193 752.3890235740959 731.771921687974
260.0 8.353125475769316 909.7182070182404 901.365081542471
261.0 22.56627425050726 729.7955602949666 707.2292860444593
262.0 19.81849998056622 766.8177461003224 746.9992461197562
263.0 22.4362963330617 732.8238436272875 710.3875472942258
264.0 20.6609396544414 753.2448336941466 732.5838940397052
265.0 21.04682100518103 752.0736042887444 731.0267832835634
266.0 18.49683563133742 789.2230076320881 770.7261720007507
267.0 19.98758300350772 774.7441648212396 754.7565818177319
268.0 21.08905580753777 754.1703852145903 733.0813294070526
269.0 18.18722181073862 801.8743303014492 783.6871084907106
270.0 19.0839384505977 778.9643855964381 759.8804471458404
271.0 21.72841220031828 741.161484025359 719.4330718250408
272.0 19.94209504209798 777.6803984911764 757.7383034490784
273.0 22.24555094143921 734.742165734068 712.4966147926288
274.0 18.93594486999763 781.0614121470425 762.1254672770449
275.0 12.92228052877616 855.6118255170103 842.6895449882341
276.0 20.27369466884482 762.5480342581842 742.2743395893394
277.0 21.01582332969016 752.0393249094333 731.0235015797431
278.0 21.339179658746 743.3809326904714 722.0417530317254
279.0 14.91220959144809 835.5334693694789 820.6212597780308
280.0 20.11916037239074 771.5795177590391 751.4603573866483
281.0 20.18405810639968 763.5277305635469 743.3436724571472
282.0 20.50929101725842 764.8672804481299 744.3579894308715
283.0 20.46011390005435 758.3194163886234 737.859302488569
284.0 19.34325920752651 785.6327732300697 766.2895140225432
285.0 19.17511505766598 788.5339705295334 769.3588554718674
286.0 21.75846162748851 737.8467023173922 716.0882406899037
287.0 14.30920629257964 841.5678839843375 827.2586776917579
288.0 22.06756260281431 737.7564968274382 715.6889342246239
289.0 20.48979215892264 770.8077488577675 750.3179566988449
290.0 20.17538444931528 777.3516807426215 757.1762962933062
291.0 21.65976473458528 749.1185146518668 727.4587499172816
292.0 20.6142861300402 763.945025807994 743.3307396779538
293.0 21.24222796942266 754.5283479874426 733.28612001802
294.0 22.09231964386863 738.3505325629045 716.2582129190359
295.0 22.04550949968549 735.6523672681358 713.6068577684503
296.0 20.03891736950566 774.082196872336 754.0432795028303
297.0 19.3800191328294 776.5656342971346 757.1856151643052
298.0 20.74957786165264 763.1156210475996 742.366043185947
299.0 14.69899690259555 837.0132569413438 822.3142600387482
300.0 22.35651477403181 728.4959857599046 706.1394709858728
301.0 20.91303059242317 757.2693806684894 736.3563500760662
302.0 17.34075425849992 809.7383001918676 792.3975459333676
303.0 22.39122032329002 736.1036643200465 713.7124439967565
304.0 22.13789602429712 733.7016013300933 711.5637053057962
305.0 22.15928769051321 741.8391283761753 719.6798406856621
306.0 21.29996177276492 749.8564724262306 728.5565106534657
307.0 20.99545712350438 755.5843345727977 734.5888774492933
308.0 18.95085047033845 790.4476747490555 771.496824278717
309.0 21.79815598859251 743.7869953406257 721.9888393520332
310.0 15.11551088491275 833.5978525879302 818.4823417030175
311.0 21.43271469030109 743.1949840759116 721.7622693856105
312.0 22.84788038503734 726.2210028243005 703.3731224392632
313.0 22.02549769038652 738.5052415251041 716.4797438347176
314.0 22.47734885831711 729.807334579349 707.3299857210319
315.0 22.4660843183385 739.6910351416225 717.224950823284
316.0 21.28765882896103 752.9541167453378 731.6664579163768
317.0 19.77513132156078 778.0613783463262 758.2862470247655
318.0 21.8445829090524 743.891434217134 722.0468513080816
319.0 22.24852760327084 734.8590835513717 712.6105559481009
320.0 22.31964068614195 737.4944152235176 715.1747745373756
321.0 22.22513291715762 736.0860434909338 713.8609105737762
322.0 21.30607605835141 760.9178821554418 739.6118060970904
323.0 20.4220240327208 768.7708309140169 748.3488068812961
324.0 21.72641505354321 747.0985105483696 725.3720954948264
325.0 21.81480191105594 738.9168537828183 717.1020518717624
326.0 22.4284739509331 731.8465135869733 709.4180396360402
327.0 22.31243466288616 734.8414860349701 712.5290513720839
328.0 23.06512145896636 720.9627706454469 697.8976491864806
329.0 22.51066542077097 731.3882872071163 708.8776217863453
330.0 23.14306079676296 720.125228922835 696.9821681260721
331.0 22.37830901692211 732.6645962871217 710.2862872701996
332.0 23.4358712766359 717.4135991634746 693.9777278868387
333.0 21.96136491383434 737.6438393019485 715.6824743881142
334.0 14.51106595444477 839.663345879503 825.1522799250582
335.0 21.8204185988705 749.1438899410908 727.3234713422203
336.0 23.08980197521622 730.155843889477 707.0660419142608
337.0 23.36084109723473 716.6034480983023 693.2426070010676
338.0 22.47057965081863 733.558357299344 711.0877776485254
339.0 22.51010420186422 737.9391687188784 715.4290645170142
340.0 22.65806678673771 739.6733668686263 717.0153000818886
341.0 21.95394936912621 748.2114208277599 726.2574714586336
342.0 14.31052907125562 841.6687850342798 827.3582559630242
343.0 23.00155210177505 724.433413951186 701.4318618494109
344.0 22.63179219523329 733.6123384089854 710.9805462137521
345.0 23.39373782877008 717.3980190327267 694.0042812039567
346.0 23.02523400832954 721.1302929779902 698.1050589696607
347.0 23.93482813751561 705.8876836701862 681.9528555326706
348.0 22.63652579944031 726.8627397756489 704.2262139762085
349.0 22.44052472005557 734.9480984638538 712.5075737437983
350.0 23.79810246734014 710.1610256715454 686.3629232042053
351.0 23.58350521303711 713.1633930106972 689.5798877976601
352.0 23.34592715337481 716.0079419174125 692.6620147640377
353.0 22.91964611407328 727.7082264717601 704.7885803576868
354.0 23.96026895853917 709.3390512188711 685.3787822603319
355.0 23.44427245248605 715.8118440404019 692.3675715879159
356.0 22.69882566081921 740.6203233311064 717.9214976702872
357.0 23.15745049385333 725.5360878215169 702.3786373276636
358.0 23.37673786055149 720.2675629620971 696.8908251015456
359.0 22.6569120588657 734.1818071857353 711.5248951268695
360.0 23.07544146153986 722.6577092710796 699.5822678095397
361.0 23.29666520648206 718.762618593714 695.4659533872319
362.0 23.85782986819767 709.2397305429228 685.3819006747251
363.0 23.21840405979797 721.8642162961335 698.6458122363355
364.0 23.65115894266178 716.4585880132584 692.8074290705966
365.0 22.24362203899262 744.641499387675 722.3978773486824
366.0 24.0279655698948 710.9621353362573 686.9341697663625
367.0 23.8759076088558 708.8521247265178 684.976217117662
368.0 22.60082705842675 740.7090142045073 718.1081871460806
369.0 23.97428125994688 713.0201542247167 689.0458729647698
370.0 24.0784659838742 704.9564299002856 680.8779639164114
371.0 23.78522382344073 714.0851703911236 690.2999465676828
372.0 23.48774368580862 728.6212223520535 705.1334786662449
373.0 23.95733124767469 712.6187383129387 688.6614070652641
374.0 24.48316038397164 701.9364047638167 677.4532443798451
375.0 23.43683641928233 721.6219248796958 698.1850884604135
376.0 24.06209369142077 712.4941703105379 688.4320766191171
377.0 23.28980553540647 722.8515656530617 699.5617601176553
378.0 24.56607338405094 700.030672031649 675.4645986475981
379.0 24.39228460955952 704.416088597786 680.0238039882265
380.0 24.42190144813545 702.1419651704868 677.7200637223513
381.0 23.31227137870571 725.7011596288945 702.3888882501887
382.0 24.67275487105727 697.7744924171329 673.1017375460756
383.0 23.45460133959516 729.9665349356207 706.5119335960255
384.0 24.18093695258792 710.5392344136807 686.3582974610927
385.0 24.39464612702801 708.1144450451904 683.7197989181624
386.0 24.38934046967299 704.7396545898516 680.3503141201786
387.0 22.93029482085666 744.696183939202 721.7658891183454
388.0 24.06973596538456 713.5244700809984 689.4547341156138
389.0 24.50113014675731 702.2767602217242 677.7756300749669
390.0 22.50491997548528 752.0786710073394 729.5737510318541
391.0 24.70915066700222 704.3098554104028 679.6007047434006
392.0 21.37413830609688 769.3421576213053 747.9680193152085
393.0 23.67451303258352 731.3236204637126 707.6491074311291
394.0 24.8924641976056 697.7503638430059 672.8578996454003
395.0 24.82656055368721 699.6330960102164 674.8065354565292
396.0 24.19781075689061 717.1735513648218 692.9757406079312
397.0 25.0926098948561 695.0339036472045 669.9412937523484
398.0 24.99937873807474 695.9687408857899 670.9693621477151
399.0 24.59307338327318 709.7592775283657 685.1662041450926
400.0 25.22490299348737 694.0058833400025 668.7809803465151
401.0 24.95347090825292 702.1082485776163 677.1547776693634
402.0 24.86530666083656 703.9164031796645 679.0510965188279
403.0 25.41067688119737 688.8145306780266 663.4038537968292
404.0 25.18665078573832 694.6840036932633 669.497352907525
405.0 24.99189901803836 704.3721647746564 679.380265756618
406.0 25.56951892269082 688.5678143758404 662.9982954531496
407.0 25.31191523576277 692.8726827794809 667.5607675437182
408.0 24.3707361970261 716.4629075349156 692.0921713378894
409.0 25.68124949671011 687.2370913867592 661.5558418900491
410.0 25.80403907427621 683.641695581368 657.8376565070918
411.0 25.70102402458698 689.4966372206623 663.7956131960753
412.0 25.85475882013014 685.8549670745213 660.0002082543912
413.0 25.63610853368085 687.7428699553951 662.1067614217143
414.0 21.83588454357397 766.6377094036499 744.801824860076
415.0 26.09029489470672 682.7019418943921 656.6116469996854
416.0 25.39569113891451 699.2498810916788 673.8541899527643
417.0 26.06152464552195 684.0002684719787 657.9387438264567
418.0 26.01932512820517 682.0694284489496 656.0501033207444
419.0 26.31858456656309 676.8582439794556 650.5396594128925
420.0 25.51082315030993 702.9372670757274 677.4264439254174
421.0 25.47645989343412 704.3431382055593 678.8666783121252
422.0 26.04664182912977 687.5654738125713 661.5188319834415
423.0 26.55370042445648 677.5678932347502 651.0141928102937
424.0 26.04501437852735 692.0422845735802 665.9972701950528
425.0 26.01600331904334 690.4646791974127 664.4486758783694
426.0 26.18510284532817 685.9933911285906 659.8082882832625
427.0 26.26159264371181 686.3332929204333 660.0717002767215
428.0 26.14170773703064 692.9399097289908 666.7982019919602
429.0 26.65594753359577 679.0679380542966 652.4119905207008
430.0 26.59365070469687 686.3316377302847 659.7379870255879
431.0 26.88975657097061 679.5329501119987 652.6431935410281
432.0 26.79120304492486 674.4598471687083 647.6686441237834
433.0 26.46357166994151 685.0834975215125 658.6199258515709
434.0 26.89642121123207 677.935566706441 651.0391454952089
435.0 26.66444860931499 686.0079157556505 659.3434671463355
436.0 26.56823319483811 691.7597367894484 665.1915035946103
437.0 27.55587796220764 665.2179445903052 637.6620666280975
438.0 27.16414794362071 672.4866585635363 645.3225106199155
439.0 27.05908256552167 678.1790434032881 651.1199608377665
440.0 27.45344671105084 671.0035394456276 643.5500927345767
441.0 26.94171410789755 688.6457429060555 661.7040287981579
442.0 27.68678838931355 667.3258249668133 639.6390365774997
443.0 27.52541340552232 670.1585974909832 642.6331840854609
444.0 26.48069120777304 707.6768455155818 681.1961543078088
445.0 27.51531255582885 673.7093082870641 646.1939957312353
446.0 27.98678094485621 666.1443936312447 638.1576126863885
447.0 21.00771622951385 777.4333704104888 756.4256541809749
448.0 27.59990916548128 678.2455397625137 650.6456305970325
449.0 26.6558942574566 705.1676520340804 678.5117577766238
450.0 27.82135690059517 671.4139339641107 643.5925770635156
451.0 27.65234043480358 682.8473138048158 655.1949733700122
452.0 28.1380138408257 667.7915903507332 639.6535765099076
453.0 28.7217412717074 656.9853428744374 628.26360160273
454.0 27.39181880713594 689.1657610459779 661.773942238842
455.0 27.90028904825154 688.2398240935535 660.339535045302
456.0 28.41270245073252 675.120127935473 646.7074254847405
457.0 28.56188690020096 664.3531929145099 635.7913060143089
458.0 28.91653353811585 659.3497113545439 630.433177816428
459.0 29.12918417132452 654.3489529819442 625.2197688106196
460.0 29.10338525101937 660.6510118385895 631.5476265875701
461.0 29.04153104414934 662.7331602868006 633.6916292426512
462.0 29.20538992086025 664.5093592731174 635.3039693522571
463.0 28.98231816591227 663.5838317048526 634.6015135389404
464.0 29.12528917224154 664.7378663751116 635.6125772028701
465.0 28.93138399600815 674.7404500701599 645.8090660741518
466.0 29.75617005114027 653.2352039558851 623.4790339047448
467.0 24.5693546963022 744.8540548984 720.2847002020978
468.0 29.37087111001311 666.9079263182376 637.5370552082244
469.0 29.87292566182299 658.5048909705493 628.6319653087263
470.0 30.0668152989206 654.6596738026864 624.5928585037658
471.0 30.21702726551915 651.236876720606 621.0198494550869
472.0 30.11650368412471 657.6908751057793 627.5743714216546
473.0 27.24910710874145 716.550036403262 689.3009292945205
474.0 30.39718692471507 654.9250505334976 624.5278636087826
475.0 30.95085149598701 642.6616321400515 611.7107806440645
476.0 31.35421478475176 637.3984451065888 606.044230321837
477.0 30.35779799610649 661.5064747876438 631.1486767915374
478.0 30.40849633052073 667.256165432446 636.8476691019253
479.0 31.74823106594221 634.6638861224214 602.9156550564792
480.0 31.34345465046059 646.8595565061577 615.5161018556971
481.0 31.34238739240394 643.8212874130398 612.4789000206358
482.0 31.49792804521452 647.0974398455783 615.5995118003638
483.0 28.67849360939972 705.2392979436298 676.5608043342301
484.0 30.50183186640095 676.641032842185 646.1392009757841
485.0 32.43243390491089 631.7836910299689 599.351257125058
486.0 32.38138004697794 638.7484432229524 606.3670631759744
487.0 32.32825715759714 636.8153498391608 604.4870926815637
488.0 31.76109199517593 653.6048771678421 621.8437851726662
489.0 32.2148935827089 646.6595110854987 614.4446175027898
490.0 32.87769945202091 640.1484099956891 607.2707105436682
491.0 32.59090089622946 644.0875681638215 611.4966672675921
492.0 33.53461323635253 626.7183370102776 593.1837237739251
493.0 33.5956837466456 633.1320054359891 599.5363216893435
494.0 29.42313421093907 701.5901010926986 672.1669668817595
495.0 34.25675996658086 620.423178844943 586.1664188783622
496.0 34.33630695568078 620.219610210641 585.8833032549602
497.0 34.20002710478694 627.9377905344866 593.7377634296997
498.0 33.62280763172151 641.7330230185791 608.1102153868576
499.0 34.71045951532786 619.6197039543193 584.9092444389915
500.0 31.81232396470425 680.4678196169362 648.6554956522319
501.0 35.30346218001273 618.1367871700154 582.8333249900027
502.0 34.28677381534252 645.8650940493018 611.5783202339592
503.0 34.70617636286109 634.588965675071 599.8827893122099
504.0 35.80186698948784 619.5199187126185 583.7180517231307
505.0 36.50394024231958 607.3846566009918 570.8807163586722
506.0 35.82810686755847 620.0627758292844 584.2346689617259
507.0 36.29912964479179 610.4087375946162 574.1096079498244
508.0 36.76633616641792 609.1906989633986 572.4243627969806
509.0 37.27217985944413 602.9593498488436 565.6871699893995
510.0 37.30963158022979 608.2168942315944 570.9072626513646
511.0 36.53263542040673 621.8132035455092 585.2805681251024
512.0 37.8110604298531 601.379638925186 563.5685784953329
513.0 37.75643017118867 611.0649142361966 573.3084840650079
514.0 38.37585352757778 603.1367947222062 564.7609411946284
515.0 37.95332646074539 610.9624287882148 573.0091023274694
516.0 39.14187834516782 596.2294155875591 557.0875372423912
517.0 39.43608138967976 592.9277104935903 553.4916291039106
518.0 39.53949474023169 591.5527376771825 552.0132429369508
519.0 39.97864255942392 591.6417267854624 551.6630842260385
520.0 39.04173084117601 600.3419120746057 561.3001812334297
521.0 40.79292095760206 581.3713900906183 540.5784691330162
522.0 41.47416079465696 583.2367199323791 541.7625591377222
523.0 39.29582308336367 610.9444016512205 571.6485785678568
524.0 41.59274555597764 583.9590542257694 542.3663086697918
525.0 41.67088290060704 588.2044214223869 546.5335385217799
526.0 41.93556830921004 583.4020589550591 541.4664906458491
527.0 40.46474265663556 606.957305955268 566.4925632986324
528.0 43.78335944796081 565.1072960884633 521.3239366405025
529.0 42.84106395905525 582.5104283557031 539.6693643966478
530.0 42.15993869036039 595.2974527201913 553.137514029831
531.0 44.18435503178181 572.0596314263393 527.8752763945575
532.0 44.38571027334301 570.6819342642268 526.2962239908838
533.0 46.64786411881717 543.0908185599725 496.4429544411553
534.0 42.41007600343755 588.6607602453583 546.2506842419207
535.0 45.61747209538171 557.0966658772524 511.4791937818707
536.0 45.79271906926291 563.6625938647258 517.8698747954629
537.0 46.59408779997751 558.7897438775257 512.1956560775482
538.0 48.5562806288029 541.1327976879351 492.5765170591322
539.0 48.22331864691436 541.6392986058517 493.4159799589374
540.0 46.45138475268189 557.804608642422 511.3532238897401
541.0 45.6106172986884 573.5360033569511 527.9253860582627
542.0 45.34355506651579 575.1263118609338 529.782756794418
543.0 49.10984065336898 541.4680951535036 492.3582545001346
544.0 47.54559696691598 555.2324281269749 507.6868311600589
545.0 51.05678512913575 531.7003066930284 480.6435215638926
546.0 63.06553468351807 468.7390635158643 405.6735288323462
547.0 63.36113722704415 470.3293641671459 406.9682269401018
548.0 68.14861610915612 453.4826584714466 385.3340423622905
549.0 46.38334215043401 567.7221369396383 521.3387947892043
550.0 46.89169743026355 563.5202902233324 516.6285927930688
551.0 72.16280376338227 436.7006909995556 364.5378872361733
552.0 71.08669242711202 443.2242989265029 372.1376064993909
553.0 68.60050998731711 450.8302596390344 382.2297496517173
554.0 66.02691121594755 461.5990162697002 395.5721050537527
555.0 76.44669867269432 423.4362518089028 346.9895531362085
556.0 72.38044575393928 439.4926954121576 367.1122496582183
557.0 78.4106969294532 421.530711459052 343.1200145295988
558.0 69.18540709586333 448.8594382337574 379.6740311378941
559.0 70.48771595567393 445.4407112671903 374.9529953115164
560.0 78.42176143889061 421.70601981576 343.2842583768694
561.0 84.62106723063695 403.6457826449227 319.0247154142858
562.0 90.75701943425952 384.9097745965618 294.1527551623023
563.0 86.92154645669411 395.0194125553686 308.0978660986745
564.0 88.09586339580775 393.6618574222358 305.5659940264281
565.0 80.4811385690229 415.7091982926384 335.2280597236155
566.0 90.96388240199777 382.4937029292677 291.5298205272699
567.0 93.0276438437865 379.3418123810042 286.3141685372177
568.0 100.2149677206793 361.7189558326577 261.5039881119784
569.0 93.02765813017599 379.3422198826387 286.3145617524627
570.0 99.24881489957652 363.2097990810994 263.9609841815229
571.0 99.34687919927787 363.6958583203075 264.3489791210297
572.0 112.3843927108428 334.9842788666383 222.5998861557955
573.0 99.34862445833794 363.722123503417 264.373499045079
574.0 109.6288697800884 341.6955772459891 232.0667074659008
575.0 98.45392435514418 365.3866963581021 266.9327720029579
576.0 126.3596862753639 307.2208266938587 180.8611404184948
577.0 127.2441176916377 304.9771950426957 177.733077351058
578.0 100.2151189260842 361.72213699821 261.5070180721258
579.0 115.5399720316493 329.7221369611954 214.1821649295461
580.0 151.1018726417964 262.4970652668929 111.3951926250965
581.0 132.4801236666627 295.7221369842191 163.2420133175564
582.0 142.4957793063291 277.7220849391412 135.2263056328121
583.0 151.6232295743071 263.6273400521572 112.0041104778502
584.0 158.4159499445902 253.721367787837 95.30541784324672
585.0 176.1188847233275 227.5413739537569 51.42248923042939
586.0 173.4124176416361 231.6467155597645 58.23429791812841
587.0 172.0530841088753 233.6969955481496 61.64391143927426
588.0 173.4120101407826 231.6590337836521 58.24702364286953
591.0 191.1654414949175 205.722137 14.55669550508244
