0.0 4.377754123168626 923.7649761823585 919.3872220591899
1.0 3.040162230233945 920.4430605417965 917.4028983115626
2.0 2.281243890045878 920.2773233592025 917.9960794691566
3.0 1.728652746258382 920.5362774348986 918.8076246886402
4.0 1.299427107137537 919.1730312916895 917.873604184552
5.0 0.9602825100868867 919.9824552151923 919.0221727051054
6.0 0.8515569850438074 917.5153503707298 916.663793385686
7.0 0.5642902041733353 918.2779712235167 917.7136810193434
8.0 0.3934013359283246 917.0066208016374 916.6132194657091
9.0 0.327931483640925 916.6897195200067 916.3617880363658
10.0 0.2037961591749201 917.2982683685252 917.0944722093503
11.0 0.1558557795916964 916.1542806006897 915.998424821098
12.0 0.06658136086983134 915.9526845073134 915.8861031464436
13.0 0.04645266127545128 915.1105662475413 915.0641135862658
14.0 0.05538345866371751 914.5981924787636 914.5428090200999
15.0 0 915.4758971132298 915.4758971132298
16.0 0.0128831395228531 914.2135559050438 914.2006727655209
17.0 0.03449363970544682 914.5264714899369 914.4919778502314
18.0 0.04131035905438544 914.2102416957548 914.1689313367004
19.0 0.003213202766972612 913.9024216002375 913.8992083974705
20.0 0.1070470503163138 912.1423488836697 912.0353018333534
21.0 0.1319175627579299 912.1014427585465 911.9695251957885
22.0 0.1257311215496838 912.0133839466994 911.8876528251497
23.0 0.1875018787011119 911.7983516582655 911.6108497795644
24.0 0.2152357967734434 911.1538740391804 910.938638242407
25.0 0.2968309744237716 910.9035253589199 910.6066943844961
26.0 0.2852584826382587 910.5976941130999 910.3124356304616
27.0 0.3195749040928106 910.0705856749043 909.7510107708115
28.0 0.4395334873736225 909.2204978557003 908.7809643683267
29.0 0.4004328462673047 909.9609390396007 909.5605061933333
30.0 0.4522094741784044 910.193221732666 909.7410122584876
31.0 0.4780966022930619 909.1157112259928 908.6376146236998
32.0 0.5623569710259074 907.797720693611 907.2353637225851
33.0 0.6145005229399134 908.426013291943 907.8115127690031
34.0 0.6361890343924557 909.2126710697474 908.576482035355
35.0 0.7273418527547094 906.7912368620486 906.0638950092939
36.0 0.8020550032322235 906.5982814663012 905.796226463069
37.0 0.8239163408730287 906.494560694908 905.6706443540349
38.0 0.8647464881778536 905.6294080888675 904.7646616006897
39.0 0.9586231622470103 905.3573180824584 904.3986949202114
40.0 0.944607160648172 905.0458731713593 904.1012660107111
41.0 1.052497950542513 904.7412708161787 903.6887728656362
42.0 1.183901836679847 904.1914318683185 903.0075300316387
43.0 1.198447405705413 904.0353343898932 902.8368869841878
44.0 1.229641846247631 905.3687578887738 904.1391160425262
45.0 1.286192288671434 905.1146233170362 903.8284310283648
46.0 1.499049600002915 900.8425471234679 899.343497523465
47.0 1.489598447916634 903.2076288655488 901.7180304176322
48.0 1.616149240984446 901.7635763056266 900.1474270646422
49.0 1.628067099405657 900.7267847624396 899.098717663034
50.0 1.73229654331019 900.7488135857126 899.0165170424024
51.0 1.819481351940729 900.2801340917572 898.4606527398165
52.0 1.935758829167617 900.1173573068361 898.1815984776685
53.0 1.958150443220551 900.5773225421985 898.6191720989779
54.0 2.034658314587445 899.9170598412249 897.8824015266374
55.0 2.201764406853487 896.4761327379626 894.2743683311091
56.0 2.234936887148623 897.9177556057091 895.6828187185605
57.0 2.292975010327261 898.5722789038432 896.279303893516
58.0 2.468238428868279 896.7868901064649 894.3186516775967
59.0 2.564950275360541 894.7983323918444 892.2333821164839
60.0 2.558314811816071 899.0688330244637 896.5105182126477
61.0 2.560116393683153 898.7816300076907 896.2215136140075
62.0 2.817904317852785 894.2615453968047 891.443641078952
63.0 2.945276170345389 895.9825112628035 893.0372350924581
64.0 3.045035553699591 894.2225883060882 891.1775527523886
65.0 3.081212103721218 894.5240941521015 891.4428820483803
66.0 3.116875994484805 897.2525259174472 894.1356499229624
67.0 3.261505544681626 893.9965490940803 890.7350435493986
68.0 3.407042471270139 892.9898484917282 889.582806020458
69.0 3.479831263280971 895.8480424553528 892.3682111920719
70.0 3.628441648970045 892.3920413248853 888.7635996759153
71.0 3.977011548530461 884.3060274054018 880.3290158568713
72.0 3.664523668499058 896.0877343290635 892.4232106605644
73.0 3.864102693438899 894.4883484823524 890.6242457889135
74.0 4.168470411900417 886.8858708153157 882.7174004034153
75.0 4.246023377669095 887.3950859099431 883.1490625322741
76.0 4.498882156070416 884.1470689680188 879.6481868119483
77.0 4.873622672736687 880.3031338190877 875.429511146351
78.0 4.586425321518238 890.0919092958824 885.5054839743642
79.0 4.767198703379459 885.9587272975056 881.1915285941262
80.0 4.848256013547336 886.9624025960961 882.1141465825487
81.0 5.02681769882908 885.3765770479516 880.3497593491225
82.0 5.083036582946647 885.522485542913 880.4394489599664
83.0 5.299477868215167 882.8011309380365 877.5016530698213
84.0 5.757028035940399 872.1846360460282 866.4276080100878
85.0 5.776212113693826 877.587118497079 871.8109063833852
86.0 5.488657107144192 885.2835244890115 879.7948673818673
87.0 6.010200350605661 870.4809332838935 864.4707329332879
88.0 6.089146366315368 878.7384857212735 872.6493393549581
89.0 6.176558434336276 871.4308870887116 865.2543286543753
90.0 5.921331458500906 878.7599824981933 872.8386510396924
91.0 6.454783829624865 870.8851262300252 864.4303424004004
92.0 6.5887593352401 874.3861687446253 867.7974094093852
93.0 6.196565442875806 891.7739299357789 885.5773644929031
94.0 6.610549689674033 880.9537645517832 874.3432148621091
95.0 7.071905077040476 872.4466882216093 865.3747831445688
96.0 7.715517023941815 857.0857808847069 849.3702638607651
97.0 7.499728131864287 865.4092350763823 857.909506944518
98.0 7.533062024921449 876.7232097103531 869.1901476854317
99.0 8.271562406796551 853.00332462506 844.7317622182634
100.0 7.818110960154341 866.7795394909772 858.9614285308229
101.0 7.044514645074787 901.1578257178316 894.1133110727568
102.0 8.21610763836655 861.3285308697412 853.1124232313747
103.0 8.163361782245856 870.3810658248309 862.2177040425851
104.0 8.006559610014988 870.2056515267831 862.1990919167681
105.0 8.667802994225141 859.0299422615193 850.3621392672941
106.0 8.436187216679283 869.2497610437497 860.8135738270705
107.0 8.695676850932615 873.0285905038508 864.3329136529181
108.0 9.23753007866404 858.3796769358484 849.1421468571843
109.0 9.593528489899638 860.965399487876 851.3718709979764
110.0 9.178044871129023 861.835923310844 852.657878439715
111.0 9.990000208379056 851.1953725061462 841.2053722977671
112.0 10.60344118167074 842.1188997275866 831.5154585459158
113.0 9.322528708447906 864.8065977910112 855.4840690825633
114.0 10.89730783763598 839.7716412961348 828.8743334584988
115.0 9.401044128050131 878.2602625940949 868.8592184660448
116.0 10.64476137630466 851.0898082220941 840.4450468457895
117.0 11.32626308039661 841.2690098095524 829.9427467291557
118.0 8.69596955352014 890.536114014537 881.8401444610168
119.0 11.17224546022377 846.0883257799946 834.9160803197708
120.0 7.222192245286561 933.0833304394632 925.8611381941767
121.0 10.60075056297032 856.2481752583195 845.6474246953492
122.0 9.892073369305784 874.5881330775393 864.6960597082335
123.0 11.59670099900033 844.1251697781535 832.5284687791532
124.0 9.414084971465894 885.2871673165134 875.8730823450475
125.0 9.518403853221477 892.3569277471674 882.8385238939459
126.0 12.80682978078425 830.2470501251216 817.4402203443373
127.0 11.32726593307387 860.2373861880521 848.9101202549783
128.0 11.86744493173507 850.9377803072545 839.0703353755195
129.0 12.55755319827029 837.863466944686 825.3059137464157
130.0 12.03790390226594 854.6318951802501 842.5939912779842
131.0 11.08008246985616 861.7570046206918 850.6769221508356
132.0 13.07283325699369 835.0553727074605 821.9825394504669
133.0 13.66874816066394 825.1735387614599 811.5047906007959
134.0 9.027052028092539 900.7952582151728 891.7682061870802
135.0 7.966226822168641 931.2172206790504 923.2509938568818
136.0 13.77302201132518 825.6248726402633 811.8518506289381
137.0 13.03429213669229 848.9443563168469 835.9100641801546
138.0 15.13190375827493 812.340110243203 797.2082064849281
139.0 13.33166547201048 839.17577176957 825.8441062975596
140.0 8.069073732442289 916.8288487870471 908.7597750546048
141.0 13.05867252336079 843.3475148074278 830.288842284067
142.0 14.64266414293384 822.5344935304935 807.8918293875597
143.0 14.58231225320686 819.9538963534228 805.371584100216
144.0 15.48290214769312 812.7281509072093 797.2452487595162
145.0 13.99739317662871 832.8999042081136 818.9025110314849
146.0 8.195812354091756 941.4583331965273 933.2625208424355
147.0 14.5652957264124 824.3786821847595 809.8133864583471
148.0 13.35230757374446 847.6480373353021 834.2957297615577
149.0 10.14666163266178 888.5758445409737 878.429182908312
150.0 15.37107030265658 815.5554946214398 800.1844243187832
151.0 14.6469214540808 826.1959958939339 811.5490744398531
152.0 15.88413273195605 806.53459220949 790.6504594775339
153.0 15.07549129247522 821.4043570457113 806.3288657532361
154.0 15.42060121585455 818.3463798154925 802.925778599638
155.0 15.22971450749765 816.6626183827714 801.4329038752738
156.0 15.34388173391073 823.8722821522592 808.5284004183485
157.0 15.46014806394479 816.3460435020424 800.8858954380977
158.0 7.96864384244074 931.5040145620245 923.5353707195838
159.0 14.82621591419688 830.128537672483 815.3023217582862
160.0 14.73866710706428 834.3273567843055 819.5886896772413
161.0 16.43640344999625 807.6773935200079 791.2409900700116
162.0 14.63115856702248 841.3599273219015 826.728768754879
163.0 8.442245573838203 915.9330779484332 907.490832374595
164.0 14.8822659532577 831.209256325238 816.3269903719803
165.0 16.72707347350844 804.1980133810586 787.4709399075501
166.0 16.75093607707169 805.4726401344315 788.7217040573598
167.0 15.30070607717693 827.094433339905 811.7937272627281
168.0 16.72996711180081 809.5865785039405 792.8566113921397
169.0 17.26801347373735 801.3249258519063 784.056912378169
170.0 16.97342456110333 807.6882430892409 790.7148185281376
171.0 15.83642474313727 823.5994973254172 807.7630725822799
172.0 16.28608326756334 822.0634170967878 805.7773338292244
173.0 16.38469509385072 810.2745078669831 793.8898127731323
174.0 15.8424994612851 820.1757085266695 804.3332090653844
175.0 14.18221132800127 839.2054398190906 825.0232284910894
176.0 17.05099956591715 805.5054433745875 788.4544438086704
177.0 10.84293347758475 987.3560555408624 976.5131220632776
178.0 8.080377541902288 917.5801020138526 909.4997244719503
179.0 16.65883167182434 812.5579155427893 795.899083870965
180.0 17.8913618697446 797.3696452790197 779.4782834092751
181.0 13.18600156528652 860.3408144393053 847.1548128740188
182.0 16.7045881733028 819.1180874166008 802.413499243298
183.0 18.88303459017906 787.4958146230714 768.6127800328924
184.0 17.24867102897599 810.7630046755139 793.5143336465379
185.0 12.44692235479638 1001.979073985956 989.5321516311599
186.0 18.4554412437446 801.0353404987949 782.5798992550503
187.0 10.36790698928143 887.5622700832386 877.1943630939572
188.0 17.03490990327278 807.8754742170091 790.8405643137363
189.0 11.00111966131258 881.6621721889884 870.6610525276759
190.0 19.78285863766984 783.3075153570376 763.5246567193677
191.0 17.72269394317015 805.7735704961939 788.0508765530237
192.0 17.09555025784808 812.8837004464758 795.7881501886278
193.0 18.64400066817959 792.1197149563343 773.4757142881548
194.0 18.40573132947441 798.1707533584886 779.7650220290142
195.0 16.83903820312455 826.283670630251 809.4446324271265
196.0 14.34194799422345 850.9428232522677 836.6008752580443
197.0 20.0819307245804 784.8609277282941 764.7789970037137
198.0 19.25881694179393 787.9657937442153 768.7069768024214
199.0 19.21698105256083 795.5688658389792 776.3518847864183
200.0 18.35641495916163 797.9071505807507 779.5507356215891
201.0 20.70765073249802 774.2469759459674 753.5393252134694
202.0 18.19503203469156 808.69900798167 790.5039759469785
203.0 18.75036124889901 803.3276779154429 784.5773166665439
204.0 19.64142397466603 786.5578303903188 766.9164064156527
205.0 20.05705490752947 783.0678530184888 763.0107981109594
206.0 20.84638975541356 776.5181174442826 755.671727688869
207.0 18.80472871708688 804.2910138265888 785.4862851095019
208.0 19.92795377124099 784.2292003125038 764.3012465412628
209.0 17.66161535009278 815.5610509519086 797.8994356018158
210.0 19.96875453091981 789.8943081727947 769.9255536418749
211.0 20.84541877725584 770.1607872110018 749.315368433746
212.0 21.95206807392075 763.295477994653 741.3434099207322
213.0 21.41855036657952 767.449892400404 746.0313420338245
214.0 19.46639466070369 804.0131282019926 784.5467335412889
215.0 19.08776733928985 798.4186406062896 779.3308732669998
216.0 7.957130033249046 923.7210526538962 915.7639226206472
217.0 21.91639917772929 763.0495178358871 741.1331186581578
218.0 18.94327404751861 796.0314019240494 777.0881278765308
219.0 19.53732977699931 798.657273798283 779.1199440212837
220.0 8.87816656935844 903.7175285594079 894.8393619900494
221.0 15.62857579285147 836.9084175853554 821.279841792504
222.0 22.77565715244748 757.8611950999731 735.0855379475256
223.0 19.96737674052826 794.2951247847877 774.3277480442595
224.0 12.53385892173062 867.4605507522896 854.926691830559
225.0 17.32656530072894 817.5011343893353 800.1745690886063
226.0 20.7965306139803 783.9403849214637 763.1438543074834
227.0 20.73260082952555 779.7874462311628 759.0548454016373
228.0 21.95967017697386 765.2322519132468 743.272581736273
229.0 19.22732183269373 806.702774522207 787.4754526895133
230.0 18.23676502694216 813.9754515886209 795.7386865616787
231.0 19.55701646032863 792.6510856802974 773.0940692199687
232.0 22.51579533469448 762.9638550490978 740.4480597144033
233.0 21.84597198491403 767.9884930012281 746.142521016314
234.0 19.78942627124837 791.4474536835536 771.6580274123052
235.0 21.53319589550786 777.7458414959428 756.2126456004349
236.0 22.23867267620848 764.6597239143613 742.4210512381528
237.0 21.09605338375606 782.0799634869452 760.9839101031892
238.0 19.20068085752788 806.0036852294338 786.8030043719059
239.0 23.00828664944208 758.7425146195256 735.7342279700835
240.0 22.3261743427302 767.6382996725108 745.3121253297806
241.0 22.81249171045243 760.8749019392354 738.062410228783
242.0 16.42985125428106 832.8462939337168 816.4164426794357
243.0 19.95627192890129 793.2105239006068 773.2542519717055
244.0 19.50719719265172 805.4457726231878 785.9385754305361
245.0 22.90753287438185 758.297489684438 735.3899568100562
246.0 22.2973188522391 765.6482604835813 743.3509416313422
247.0 21.98854895357295 772.2379659222138 750.2494169686409
248.0 21.34449424650586 783.8257821012923 762.4812878547865
249.0 20.6926488858072 783.1442483847286 762.4515994989214
250.0 19.7627784495452 804.3168489801415 784.5540705305963
251.0 21.31180038207367 776.4339438092052 755.1221434271315
252.0 18.5624934440307 814.4171684426172 795.8546749985865
253.0 20.517375472499 786.44817978961 765.930804317111
254.0 24.80621099647901 742.2302684926875 717.4240574962085
255.0 22.36273010174321 769.2101688592437 746.8474387575005
256.0 21.58148057695212 783.809022007413 762.2275414304609
257.0 22.8919013933085 763.9585533704535 741.066651977145
258.0 22.72949040105225 762.7912975701489 740.0618071690966
259.0 23.22750174946913 754.0393288172681 730.811827067799
260.0 8.456456617903195 909.7215709325128 901.2651143146096
261.0 25.54052063609947 731.5997402133237 706.0592195772243
262.0 22.19160706049246 769.8962932908963 747.7046862304038
263.0 25.36555047364773 734.3659766727092 709.0004261990615
264.0 23.25181750262355 755.9188665422021 732.6670490395786
265.0 23.66077363047844 754.7061484848781 731.0453748543997
266.0 20.52032437199187 791.8698433781467 771.3495190061548
267.0 22.24528305884904 777.7556023134953 755.5103192546463
268.0 23.6641355769544 757.9026666335923 734.2385310566379
269.0 20.02992533642413 802.9536756615937 782.9237503251696
270.0 21.26967484107697 781.468544638743 760.1988697976661
271.0 24.51924044853547 743.1976979250527 718.6784574765172
272.0 22.15017534909385 781.2936496868201 759.1434743377262
273.0 25.13868020521385 736.9064272553686 711.7677470501547
274.0 21.08676355452974 783.7957213326755 762.7089577781458
275.0 13.89679014843025 855.6903253511096 841.7935352026794
276.0 22.72162136255926 764.9998632812577 742.2782419186984
277.0 23.63369176033385 754.1505521192501 730.5168603589163
278.0 24.09366597454215 745.1019531114834 721.0082871369413
279.0 16.21415337419243 835.665443428688 819.4512900544956
280.0 22.42343992430372 774.886735214786 752.4632952904823
281.0 22.6115273696561 766.6183449065788 744.0068175369227
282.0 22.91306786044281 768.9919442416885 746.0788763812457
283.0 22.97291913217382 760.8594592052627 737.8865400730889
284.0 21.43089718455322 788.4110085672752 766.980111382722
285.0 21.21762140464944 791.2154855446386 769.9978641399892
286.0 24.59956914167081 739.817615441318 715.2180462996472
287.0 15.51271639925264 841.6777909008584 826.1650745016058
288.0 24.91155155833193 740.1207428962599 715.209191337928
289.0 22.81032409837167 774.1804321551789 751.3701080568072
290.0 22.39848735715225 780.116710401797 757.7182230446448
291.0 24.31910019912279 752.7144809203559 728.3953807212331
292.0 23.03932692779217 767.2874498238378 744.2481228960456
293.0 23.81726143701181 757.7888976768635 733.9716362398517
294.0 24.92083169596818 741.6333351191689 716.7125034232007
295.0 24.92220396692104 737.7720272967018 712.8498233297808
296.0 22.30234957027168 777.688874087704 755.3865245174323
297.0 21.5995076741629 779.8698886971111 758.2703810229482
298.0 23.18087377111459 767.4619803298265 744.281106558712
299.0 15.9737101726019 837.3971779371293 821.4234677645274
300.0 25.34527318302716 730.4980041342519 705.1527309512247
301.0 23.44748025294379 759.8858684556626 736.4383882027188
302.0 19.05405424386099 810.8228797235248 791.7688254796639
303.0 25.2473432889231 740.686430897942 715.4390876090189
304.0 25.03793934036515 736.7641604725178 711.7262211321527
305.0 24.93237396626399 745.6480138482243 720.7156398819604
306.0 23.94142948523962 753.6481212112288 729.7066917259891
307.0 23.54958424639766 759.0539047296406 735.504320483243
308.0 20.96228934571091 793.0545803064639 772.092290960753
309.0 24.54292946033116 746.863910806022 722.3209813456908
310.0 16.44956579591121 833.6909885606418 817.2414227647305
311.0 24.18364728617864 745.8857070224686 721.7020597362899
312.0 25.87157190609719 729.0248633053991 703.1532913993019
313.0 24.85009997876204 741.8378232323663 716.9877232536043
314.0 25.44056302597848 732.8153183335789 707.3747553076005
315.0 25.26172319016502 745.2942236449103 720.0325004547453
316.0 23.88068345614044 757.0060669527529 733.1253834966125
317.0 21.98214512165907 780.7880523358206 758.8059072141615
318.0 24.57861080854853 748.212571662611 723.6339608540625
319.0 25.13195768473379 738.0169384331148 712.884980748381
320.0 25.16048604775752 741.2115602625731 716.0510742148156
321.0 25.08644936777493 739.6885711942968 714.6021218265218
322.0 23.77745607351336 765.2807477550976 741.5032916815842
323.0 22.7667708353959 772.7944161830325 750.0276453476366
324.0 24.41415257885568 750.9800074646259 726.5658548857702
325.0 24.62703329822833 742.6353310466228 718.0082977483945
326.0 25.34817144508104 736.5203789534372 711.1722075083562
327.0 25.18909650295263 739.0480352255607 713.858938722608
328.0 26.16650864225533 724.2549843911707 698.0884757489154
329.0 25.44593265693834 735.0246572554317 709.5787245984934
330.0 26.26212483264599 722.8568153080274 696.5946904753814
331.0 25.29298032602385 736.2476044896583 710.9546241636345
332.0 26.59303831287206 721.0476723893879 694.4546340765158
333.0 24.79928592862079 740.7577187732375 715.9584328446167
334.0 15.74643847071349 839.7091690246805 823.962730553967
335.0 24.47173431665529 753.9110861498461 729.4393518331908
336.0 26.02937428109901 736.722735240933 710.693360959834
337.0 26.53237085231134 719.7492642152139 693.2168933629025
338.0 25.36998473144203 737.5387193552114 712.1687346237694
339.0 25.32670319825306 744.2908245793223 718.9641213810692
340.0 25.44746373484612 746.3909982212404 720.9435344863943
341.0 24.61601969194299 753.6264768350833 729.0104571431403
342.0 15.51316088125486 841.7104869813444 826.1973261000896
343.0 26.03775414157558 729.3862930905678 703.3485389489922
344.0 25.52302321167653 738.8756433656558 713.3526201539793
345.0 26.54881425423854 721.2043038787787 694.6554896245401
346.0 26.12435201215619 724.2684006796741 698.144048667518
347.0 27.27607562941623 708.7961065261738 681.5200308967575
348.0 25.64326821032229 730.1620635947295 704.5187953844072
349.0 25.31736979393631 739.0975687316662 713.7801989377299
350.0 27.06924764349765 713.6470472641199 686.5777996206223
351.0 26.80580631427039 716.7789654794614 689.973159165191
352.0 26.52125709695596 719.8128398045248 693.2915827075688
353.0 25.90681807515868 732.435655554848 706.5288374796893
354.0 27.23632949386176 714.1505230083912 686.9141935145294
355.0 26.62817359585081 719.0030543532565 692.3748807574057
356.0 25.47559709718682 747.188635225757 721.7130381285702
357.0 26.18430422649352 729.7540843204549 703.5697800939614
358.0 26.48180417387728 724.9702467607373 698.4884425868601
359.0 25.52648490272772 741.1641303285433 715.6376454258156
360.0 26.14874432670775 726.2645231300335 700.1157788033258
361.0 26.42699865737829 722.9301595131851 696.5031608558068
362.0 27.14178880804695 712.9484106033965 685.8066217953495
363.0 26.30126428972051 726.0403869060147 699.7391226162942
364.0 26.81240899950415 721.7708565950233 694.9584475955192
365.0 24.97319264358267 748.7174954382964 723.7443027947138
366.0 27.27826429927327 716.0513548382152 688.773090538942
367.0 27.16588838102684 712.5646436382927 685.3987552572659
368.0 25.37850037991966 746.8063629021523 721.4278625222326
369.0 27.18621041496765 719.0243682904583 691.8381578754906
370.0 27.42981667652005 708.6020962325606 681.1722795560406
371.0 26.98393018736493 719.419026442596 692.435096255231
372.0 26.44384929733188 736.5994605048916 710.1556112075597
373.0 27.17586123547479 718.4881031422456 691.3122419067708
374.0 27.88114133385028 706.1506847038522 678.2695433700019
375.0 26.51636308885857 727.0971916033639 700.5808285145054
376.0 27.28400101482203 718.3744129243403 691.0904119095183
377.0 26.35613011860166 727.3559787718672 700.9998486532655
378.0 27.99562549229953 703.962815627056 675.9671901347565
379.0 27.74886232350278 709.0224341895072 681.2735718660044
380.0 27.82029634490692 705.7433990995205 677.9231027546135
381.0 26.32330770535932 731.9354715068779 705.6121638015185
382.0 28.139505710772 701.4331786553705 673.2936729445985
383.0 26.39429560970769 737.3711229681245 710.9768273584168
384.0 27.4280849647299 717.1263074604292 689.6982224956993
385.0 27.67813395602469 715.1336806750962 687.4555467190715
386.0 27.74094749269918 709.3482865636154 681.6073390709162
387.0 25.64967627779164 751.0770259818254 725.4273497040337
388.0 27.274107673612 719.6565119938135 692.3824043202015
389.0 27.88954142639921 707.1107345736138 679.2211931472146
390.0 25.12392611586517 756.517749651515 731.3938235356498
391.0 28.04979332302756 711.8954927370104 683.8456994139828
392.0 23.73460280293519 771.9269502124831 748.1923474095479
393.0 26.58959330662503 739.58015030393 712.9905569973049
394.0 28.35495434454785 702.4311043241228 674.076149979575
395.0 28.25661119389826 704.7657004651706 676.5090892712724
396.0 27.34089515106089 724.3470789494971 697.0061837984362
397.0 28.59367510682875 700.3821548906037 671.788479783775
398.0 28.48703214435221 701.0629281999677 672.5758960556155
399.0 27.86274976052126 715.5904607200283 687.7277109595071
400.0 28.74577114555132 698.9929841354614 670.2472129899101
401.0 28.32643852351426 710.1947535029095 681.8683149793952
402.0 28.2246108883804 709.9682302145147 681.7436193261343
403.0 29.01658694906666 693.1354733810293 664.1188864319626
404.0 28.69219940097161 700.2868819344689 671.5946825334973
405.0 28.34133131752897 711.0708238449054 682.7294925273764
406.0 29.1800138766641 693.05504427285 663.8750303961859
407.0 28.85220832669968 697.6594270659619 668.8072187392622
408.0 27.53932029901812 722.0017072161669 694.4623869171488
409.0 29.30991084548181 692.1931197135709 662.8832088680891
410.0 29.4947727828478 687.6884803343386 658.1937075514908
411.0 29.29451199927054 694.6612622081927 665.3667502089221
412.0 29.50064138213093 691.6461540174732 662.1455126353422
413.0 29.25542664166305 692.868114385114 663.6126877434509
414.0 24.24971965826903 768.470210339841 744.220490681572
415.0 29.78867546145596 688.1601809337423 658.3715054722864
416.0 28.82811490142267 705.832615221451 677.0045003200283
417.0 29.73954545995525 689.5282487512762 659.7887032913209
418.0 29.73469239721997 686.352501180507 656.617808783287
419.0 30.11712819704752 681.006586302633 650.8894581055854
420.0 28.871699527174 711.9157405972971 683.0440410701231
421.0 28.82331447363777 712.2604402961378 683.4371258225001
422.0 29.66660676594533 693.6901018795013 664.0234951135559
423.0 30.33939349968219 682.4563060941627 652.1169125944805
424.0 29.58441297805853 699.9952075075457 670.4107945294871
425.0 29.591250970488 696.6708473701216 667.0795963996336
426.0 29.83616802549549 691.3665186353875 661.530350609892
427.0 29.90203616293781 692.6122948349816 662.7102586720437
428.0 29.66635969536593 701.2266453594039 671.560285664038
429.0 30.41735084740965 684.3817609486149 653.9644101012052
430.0 30.22556896725 694.3440280187842 664.1184590515342
431.0 30.62968901355846 687.3006114615705 656.6709224480121
432.0 30.63146763672279 678.7028144648679 648.0713468281451
433.0 30.13066431487555 690.6353893474167 660.5047250325412
434.0 30.66947708947748 684.4633984265174 653.7939213370399
435.0 30.30895552853624 693.0657714793658 662.7568159508296
436.0 30.11903477176011 699.6249522390163 669.5059174672562
437.0 31.54482743337463 669.4845234208576 637.939695987483
438.0 31.03559374769185 677.2125364144083 646.1769426667164
439.0 30.83493266908715 684.127938294214 653.2930056251269
440.0 31.34624691758203 676.3833918649279 645.0371449473458
441.0 30.53862581628592 697.2908968398054 666.7522710235194
442.0 31.64123462586457 672.2403365350142 640.5991019091496
443.0 31.43401007903586 675.2685731457543 643.8345630667184
444.0 29.7842819027343 716.3982078015953 686.613925898861
445.0 31.36626370872674 679.3709859113671 648.0047222026404
446.0 31.96339575178777 671.0059414841706 639.0425457323828
447.0 23.26273643677301 777.6491026781823 754.3863662414093
448.0 31.37083777838404 685.7482641550824 654.3774263766984
449.0 30.00288573467351 713.5250674417664 683.5221817070929
450.0 31.71027057173457 677.1858418009778 645.4755712292433
451.0 31.34731458140125 691.3220031394605 659.9746885580593
452.0 32.08356752633968 673.8696747181674 641.7861071918277
453.0 32.84782446907 661.571566418115 628.723741949045
454.0 31.00536268945361 695.4039092871236 664.39854659767
455.0 31.50694401931785 698.0406673940364 666.5337233747185
456.0 32.23378267525416 683.5948229063295 651.3610402310753
457.0 32.57262154520138 669.3452757500102 636.7726542048089
458.0 33.00625724845175 664.4537755669632 631.4475183185115
459.0 33.30064831837098 658.9185395230342 625.6178912046632
460.0 33.16481669592758 667.3381323402537 634.1733156443261
461.0 33.06771448139694 669.8704030088443 636.8026885274473
462.0 33.20011189048368 672.5249953541171 639.3248834636334
463.0 33.01156012388841 668.424588872177 635.4130287482886
464.0 33.1261245437732 671.3748626679207 638.2487381241475
465.0 32.77019154668615 682.6259243890585 649.8557328423724
466.0 33.94719297378901 658.6380657329698 624.6908727591808
467.0 27.35789682978697 745.4636542367081 718.1057574069211
468.0 33.34323188871779 673.45183109047 640.1085992017522
469.0 33.97483874178503 665.5296288968423 631.5547901550573
470.0 34.23891456437811 660.300089070761 626.0611745063829
471.0 34.44318934250145 656.8171755112976 622.3739861687962
472.0 34.23965753303475 663.9281936888556 629.6885361558209
473.0 30.47905143214003 719.4227983063887 688.9437468742486
474.0 34.56520981059703 661.2408774313073 626.6756676207103
475.0 35.32430836081366 647.0493739744596 611.725065613646
476.0 35.81605809089336 641.2432094499973 605.4271513591039
477.0 34.43435127950839 666.7934613380801 632.3591100585717
478.0 34.38946104645342 673.8361256571107 639.4466646106572
479.0 36.25469947258879 638.7724452334326 602.5177457608438
480.0 35.64850671074069 652.7831902938165 617.1346835830758
481.0 35.70786714532313 647.7213511827318 612.0134840374086
482.0 35.80820572182368 652.1168276823427 616.3086219605191
483.0 32.10020236303107 707.8138200449092 675.7136176818782
484.0 34.34494499367052 683.1336518998845 648.788706906214
485.0 36.99301717075038 635.7317952501025 598.7387780793522
486.0 36.82629117926115 644.1698661773892 607.3435749981281
487.0 36.81137600909982 640.9082882814136 604.0969122723138
488.0 35.97476348547732 659.0792818470225 623.1045183615452
489.0 36.54418898651949 651.4228140592481 614.8786250727286
490.0 37.29695972607879 647.1426702806795 609.8457105546007
491.0 36.96010401126664 649.3756127002465 612.4155086889798
492.0 38.1897078107448 630.2759075125063 592.0861997017615
493.0 38.13939090497821 638.8884932321882 600.74910232721
494.0 32.92251585305621 702.7155076558387 669.7929918027825
495.0 39.01565967857577 624.0647948168615 585.0491351382857
496.0 39.10016163051937 623.7477262594548 584.6475646289355
497.0 38.83885275032558 632.5613621209339 593.7225093706083
498.0 38.04711789170666 646.3644701232467 608.31735223154
499.0 39.49212319487335 622.7056962290167 583.2135730341434
500.0 35.65464034093006 682.3456598034564 646.6910194625263
501.0 40.10956480223779 622.0718303898219 581.9622655875841
502.0 38.65683811765873 650.7613061143273 612.1044679966685
503.0 39.25350200667355 639.1341144318111 599.8806124251376
504.0 40.59088681851341 623.9423465683809 583.3514597498675
505.0 41.4925354870703 610.6802415420898 569.1877060550195
506.0 40.61110720234371 624.2628808513208 583.6517736489771
507.0 41.24605664662864 612.8629439771579 571.6168873305292
508.0 41.73702104523123 611.8015360076034 570.0645149623721
509.0 42.34252619201186 605.6690016573135 563.3264754653016
510.0 42.29633634961972 611.7133468544238 569.4170105048041
511.0 41.31173082514965 624.4563036343762 583.1445728092266
512.0 42.9140606315793 603.9311475579084 561.0170869263291
513.0 42.70507632056086 614.8486907304127 572.1436144098519
514.0 43.45395065305197 606.5990407887858 563.1450901357338
515.0 42.91105469943444 614.1245788610925 571.2135241616581
516.0 44.34329684052667 598.4811147790938 554.1378179385671
517.0 44.69215552551802 595.0388756937098 550.3467201681917
518.0 44.81801127027043 593.597761029015 548.7797497587446
519.0 45.26007833738298 593.9826423543161 548.7225640169331
520.0 44.18221850047199 602.377459465706 558.195240965234
521.0 46.24162847177043 583.4078346610419 537.1662061892715
522.0 46.89495082621442 586.5751826886484 539.680231862434
523.0 44.28318609354454 612.8494566413138 568.5662705477693
524.0 47.01069678703422 586.5305249967646 539.5198282097304
525.0 47.02579215280726 590.9025945340227 543.8768023812155
526.0 47.36825625440736 585.7872423003909 538.4189860459835
527.0 45.53387613572528 608.2140064519648 562.6801303162396
528.0 49.52204166917404 566.6297021422592 517.1076604730851
529.0 48.30093988305371 584.810553142815 536.5096132597613
530.0 47.42439269318519 596.941474307074 549.5170816138888
531.0 49.82543079729874 573.5896091937478 523.764178396449
532.0 50.05268112575846 571.900325636568 521.8476445108095
533.0 52.75967664811889 544.179842951039 491.4201663029201
534.0 47.78817951203697 588.8877625229357 541.0995830108987
535.0 51.50062844684259 558.8726948259528 507.3720663791102
536.0 51.58358468604663 565.0586933759994 513.4751086899528
537.0 52.47099686641012 559.9520332534864 507.4810363870763
538.0 54.7324835901639 541.2986299831683 486.5661463930044
539.0 54.38489563118857 542.0895809596788 487.7046853284902
540.0 52.34156738657097 558.8865999111438 506.5450325245729
541.0 51.26214403562951 573.6234506100944 522.3613065744649
542.0 50.96613333568093 575.3812489886862 524.4151156530053
543.0 55.2893291157727 541.6339901653386 486.3446610495659
544.0 53.49371044784789 555.8578711004131 502.3641606525652
545.0 57.41151096081954 531.7092996095287 474.2977886487092
546.0 70.53216641047779 469.0207198450554 398.4885534345776
547.0 70.80992427224867 470.4273874070832 399.6174631348345
548.0 75.91910206672556 453.5466995132741 377.6275974465486
549.0 52.13345613976871 567.7221369879486 515.5886808481799
550.0 52.71105541087268 563.6114118780191 510.9003564671464
551.0 80.24174978256872 436.8383111209628 356.5965613383941
552.0 79.05312049448696 443.3080251411744 364.2549046466874
553.0 76.41693808857923 450.9206086518562 374.503670563277
554.0 73.64554860152522 461.6278455184367 387.9822969169114
555.0 84.7863484420529 423.5810346899375 338.7946862478846
556.0 80.42187769505172 439.5330166264742 359.1111389314225
557.0 86.80861365660507 421.572266187114 334.7636525305089
558.0 77.03984887469131 448.9448936589488 371.9050447842575
559.0 78.41256571930128 445.4911565891226 367.0785908698213
560.0 86.81752426291782 421.7105112887993 334.8929870258815
561.0 93.37718105664322 403.6653816423366 310.2882005856934
562.0 99.8823905610186 384.9712992477638 285.0889086867452
563.0 95.84007488404079 395.0325933245575 299.1925184405167
564.0 97.05201008131346 393.674915733209 296.6229056518955
565.0 88.99661237745665 415.7130147617561 326.7164023842994
566.0 100.1284272295043 382.5289206586664 282.4004934291621
567.0 102.2695792064675 379.390771199589 277.1211919931215
568.0 109.8259191450571 361.719805943919 251.8938867988618
569.0 102.2695887525322 379.3910398843677 277.1214511318355
570.0 108.8229965436733 363.2455167863643 254.422520242691
571.0 108.9155232360637 363.7011422607374 254.7856190246737
572.0 122.5730830844299 335.0291177033648 212.4560346189349
573.0 108.9169448808533 363.7221287216964 254.8051838408431
574.0 119.6771894201943 341.7010574923827 222.0238680721884
575.0 107.9839748971369 365.418767256054 257.4347923589171
576.0 137.1685886698474 307.2625816683127 170.0939929984652
577.0 138.0995123744495 305.0174776631318 166.9179652886823
578.0 109.8260319755515 361.7221369991463 251.8961050235949
579.0 125.8540775496671 329.7221369787428 203.8680594290757
580.0 162.9429592744411 262.5391047287602 99.59614545431911
581.0 143.5511407986193 295.7221369907341 152.1709961921148
582.0 153.9830772816862 277.7220981474604 123.7390208657742
583.0 163.4555042222607 263.6376811494769 100.1821769272162
584.0 170.4964248662933 253.7215335154532 83.22510864915999
585.0 188.8512975729963 227.5563323256071 38.70503475261072
586.0 186.0436560883547 231.6561468649294 45.61249077657471
587.0 184.6337069723664 233.7001944575902 49.06648748522382
588.0 186.0430826200726 231.665447176598 45.62236455652545
591.0 204.4457501248834 205.722137 1.276386875116549
