0.0 4.36589193608433 926.4528743585042 922.0869824224199
1.0 3.034753587888029 922.694610367133 919.659856779245
2.0 2.273990719872139 922.6035063661388 920.3295156462667
3.0 1.718855419535958 922.9747038793523 921.2558484598164
4.0 1.292406999355861 921.5846431053127 920.2922361059569
5.0 0.9499402994695992 922.3637719924845 921.4138316930149
6.0 0.8479854950100643 919.9922099350326 919.1442244400225
7.0 0.5576559688391533 920.745486103685 920.1878301348459
8.0 0.3901930612478248 919.335411063263 918.9452180020151
9.0 0.3254162379810666 919.0474527218125 918.7220364838314
10.0 0.1991171769141167 919.666474091434 919.4673569145199
11.0 0.1542851345194342 918.5933602927405 918.439075158221
12.0 0.06538155227636513 918.3630817273708 918.2977001750945
13.0 0.04771180881074762 917.4859376071106 917.4382257982998
14.0 0.05816549112708573 916.97576689118 916.9176014000529
15.0 0 917.8861920959855 917.8861920959855
16.0 0.0167121187683044 916.5585046484236 916.5417925296553
17.0 0.03736252734668333 916.9445114592899 916.9071489319432
18.0 0.04516054272200613 916.6035033870727 916.5583428443507
19.0 0.008017471673743094 916.1829911781487 916.174973706475
20.0 0.1171786052730516 914.5153152903246 914.3981366850515
21.0 0.1422435001313905 914.4728903857702 914.3306468856388
22.0 0.1363940669267082 914.3171307200149 914.1807366530882
23.0 0.1989482575758884 914.1199874959368 913.9210392383609
24.0 0.2286386312157609 913.4844020734521 913.2557634422363
25.0 0.3110629784286239 913.3316094592305 913.0205464808019
26.0 0.3005033525321393 912.9219133869999 912.6214100344678
27.0 0.3364065136541827 912.4351522641163 912.0987457504622
28.0 0.4592012360837958 911.5880527099846 911.1288514739008
29.0 0.4177947544252187 912.3428179388492 911.925023184424
30.0 0.4689467731221208 912.6404722866451 912.1715255135229
31.0 0.4983019483711829 911.4003331887402 910.902031240369
32.0 0.5866097464399969 910.1247051524585 909.5380954060185
33.0 0.6369795568814507 910.8109467257001 910.1739671688186
34.0 0.6563758285592687 911.6318801058336 910.9755042772743
35.0 0.7550245226605103 909.1183722503707 908.3633477277102
36.0 0.8304264832095459 908.9901619942929 908.1597355110833
37.0 0.8526897120358092 908.8626459113226 908.0099561992868
38.0 0.8962704403844881 907.9308337018687 907.0345632614842
39.0 0.9910544925090982 907.7720268045473 906.7809723120382
40.0 0.9782017914418183 907.2598739491664 906.2816721577245
41.0 1.087195137909185 907.0264657205099 905.9392705826007
42.0 1.220319416347234 906.6666489495657 905.4463295332185
43.0 1.235480445809447 906.4308038009518 905.1953233551424
44.0 1.262833044399259 907.7793760301738 906.5165429857745
45.0 1.320295315451155 907.524215195808 906.2039198803568
46.0 1.546294572350685 903.2527352131744 901.7064406408237
47.0 1.529921992841359 905.5914696994602 904.0615477066189
48.0 1.660847004058352 904.3054925182576 902.6446455141992
49.0 1.676284330000091 902.9579496328372 901.2816653028371
50.0 1.780594271203051 903.0897270798892 901.3091328086862
51.0 1.869442525949288 902.5961572546971 900.7267147287479
52.0 1.986229681258765 902.6462977621739 900.6600680809152
53.0 2.007504359114889 902.9899511400512 900.9824467809363
54.0 2.086139551042649 902.3520178205436 900.265878269501
55.0 2.264071137437143 898.7350280879734 896.4709569505363
56.0 2.293054532885233 900.2181803967719 897.9251258638866
57.0 2.349168442210924 900.9934924864305 898.6443240442196
58.0 2.529962713112226 899.3557446920418 896.8257819789296
59.0 2.633115899154652 897.1398608331859 894.5067449340312
60.0 2.613707598664346 901.5720417842429 898.9583341855786
61.0 2.616536638374584 901.1618950356451 898.5453583972705
62.0 2.888583662383242 896.4609843279143 893.5724006655311
63.0 3.010646502406559 898.6240777587786 895.6134312563721
64.0 3.116174699052131 896.6401316059867 893.5239569069346
65.0 3.151370616979781 897.0866307013533 893.9352600843736
66.0 3.179273868659539 899.7187425078372 896.5394686391777
67.0 3.334068899816944 896.326668817586 892.992599917769
68.0 3.482846643774802 895.4100997612941 891.9272531175193
69.0 3.547191667546632 898.4583508827241 894.9111592151774
70.0 3.706332020141934 895.0348595449494 891.3285275248074
71.0 4.080679258822122 886.2044844116695 882.1238051528474
72.0 3.732136429594092 898.4118273317654 894.6796909021714
73.0 3.936405227173499 897.2179201365079 893.2815149093344
74.0 4.26477225497742 889.0373111751461 884.7725389201687
75.0 4.341397445104759 889.3106250128667 884.9692275677619
76.0 4.604112184480341 886.3434284678716 881.7393162833913
77.0 4.990572792347408 882.9470852246641 877.9565124323167
78.0 4.673501083659876 892.9716901851464 888.2981891014865
79.0 4.86738873309784 888.5102892823148 883.6429005492169
80.0 4.945825852877505 889.4540086491474 884.5081827962699
81.0 5.129729384530389 887.7438305888132 882.6141012042828
82.0 5.184833764602345 888.496330676012 883.3114969114096
83.0 5.411055734269531 884.9449491144786 879.5338933802091
84.0 5.901819583634437 873.7922361544422 867.8904165708077
85.0 5.903543440024896 880.3886628806597 874.4851194406348
86.0 5.593611502785088 887.3572137540558 881.7636022512707
87.0 6.161165066910939 871.782263117524 865.621098050613
88.0 6.213902933419957 881.619169103762 875.4052661703421
89.0 6.32455364593442 873.2231302512114 866.8985766052769
90.0 6.047722285582147 880.1053309866547 874.0576087010725
91.0 6.605867324353243 872.1850751199308 865.5792077955775
92.0 6.729488095414861 876.0224863178774 869.2929982224626
93.0 6.283183492080695 894.8122121627795 888.5290286706988
94.0 6.731101961860499 883.282708496507 876.5516065346465
95.0 7.219340788275086 874.3513747123589 867.1320339240838
96.0 7.911112806966965 858.106774126458 850.195661319491
97.0 7.669547674401403 866.956611254662 859.2870635802606
98.0 7.668814913210883 878.9644449022768 871.295629989066
99.0 8.480941063387484 853.888099408258 845.4071583448705
100.0 7.985216454841976 868.0730425241431 860.0878260693011
101.0 7.106489290994343 903.9222158336383 896.815726542644
102.0 8.400533889809908 862.4910604018858 854.0905265120759
103.0 8.316492888246339 874.8657501697855 866.5492572815392
104.0 8.164350473717833 871.3852018255167 863.2208513517989
105.0 8.86065947300297 859.9357707857962 851.0751113127933
106.0 8.598129054558529 870.3625442129802 861.7644151584217
107.0 8.84636393466757 874.7850997897967 865.9387358551291
108.0 9.433646944474442 859.4998081498013 850.0661612053269
109.0 9.782371238731933 862.5902723808972 852.8079011421652
110.0 9.363992552674519 862.8682176331613 853.5042250804868
111.0 10.20955641706717 852.1796982556427 841.9701418385755
112.0 10.85143117746651 843.0659291393471 832.2144979618806
113.0 9.50035591634024 865.7330174672462 856.2326615509059
114.0 11.15343623230818 840.4424894595864 829.2890532272782
115.0 9.539288098195375 879.4606280175078 869.9213399193125
116.0 10.86639374832933 852.1782205921157 841.3118268437864
117.0 11.57896946103237 842.139533151859 830.5605636908266
118.0 8.796375232204688 891.6203496540985 882.8239744218938
119.0 11.41033766003821 846.9920271197197 835.5816894596815
120.0 7.194480246943323 933.6273876521002 926.4329074051568
121.0 10.80756017462596 857.0538142250617 846.2462540504357
122.0 10.04320641149314 875.3200165429188 865.2768101314257
123.0 11.84203665567973 844.8575284559868 833.0154918003071
124.0 9.532824143965986 885.7906878585686 876.2578637146026
125.0 9.616688161821737 892.8959328529162 883.2792446910945
126.0 13.09658840792292 830.8173870176701 817.7207986097472
127.0 11.52467907625497 860.9320205427209 849.4073414664659
128.0 12.09337172975046 851.8385571008397 839.7451853710893
129.0 12.82396636419868 838.6460099941595 825.8220436299608
130.0 12.25338201187102 855.620166975044 843.366784963173
131.0 11.27224544783596 862.5054812669317 851.2332358190957
132.0 13.34927679816791 835.6329605071235 822.2836837089556
133.0 13.97586214296404 825.7620898367794 811.7862276938154
134.0 9.099737277082279 900.9688139551832 891.8690766781009
135.0 7.946785955959544 931.3470386240751 923.4002526681156
136.0 14.07915409708097 826.1886286939073 812.1094745968264
137.0 13.26946159389844 849.8502287373388 836.5807671434403
138.0 15.48059836465857 813.1233686860553 797.6427703213967
139.0 13.59670649516721 839.816635659875 826.2199291647077
140.0 8.092019617303499 916.9917329528797 908.8997133355762
141.0 13.31060353045145 844.0533381201657 830.7427345897143
142.0 14.9601374805867 823.2722996266077 808.312162146021
143.0 14.90763438690903 820.37167510303 805.464040716121
144.0 15.83167475983899 813.3813338434823 797.5496590836433
145.0 14.28283412314343 833.4922489603089 819.2094148371655
146.0 8.14713692577929 941.5344426933498 933.3873057675705
147.0 14.87730369876784 825.0052147731088 810.1279110743409
148.0 13.59222391240457 848.5411475343507 834.9489236219461
149.0 10.25838310468655 888.765965636577 878.5075825318904
150.0 15.71118737971131 816.2423024290564 800.5311150493451
151.0 14.9536457133814 826.9601159991427 812.0064702857613
152.0 16.25258570561292 806.9374807423013 790.6848950366883
153.0 15.39772876016447 822.0129767107855 806.615247950621
154.0 15.75307112022918 818.7727923856274 803.0197212653982
155.0 15.56645061404336 817.161957897986 801.5955072839426
156.0 15.65960138111567 824.5316764677615 808.8720750866458
157.0 15.79851811770152 816.8238397204176 801.0253216027161
158.0 7.948495731448831 931.5525140293786 923.6040182979298
159.0 15.12220838027311 830.7137251888772 815.5915168086041
160.0 15.02219552961129 834.851875970618 819.8296804410067
161.0 16.80301203544398 808.1576269934588 791.3546149580148
162.0 14.89359199745825 842.0086634311378 827.1150714336795
163.0 8.465509014106396 918.4699911931261 910.0044821790197
164.0 15.17515595273224 831.8630130319757 816.6878570792435
165.0 17.10474642291767 804.6618008159669 787.5570543930492
166.0 17.12494531105938 805.9366972872402 788.8117519761808
167.0 15.6069686019085 827.6828644316975 812.075895829789
168.0 17.09176449626709 810.1211351860283 793.0293706897612
169.0 17.65538500259252 801.9925390244675 784.337154021875
170.0 17.34130359043619 808.3520344218625 791.0107308314263
171.0 16.15448482469935 824.1912685428957 808.0367837181963
172.0 16.60983896308209 822.7358354752725 806.1259965121905
173.0 16.74368954690532 810.6578046508089 793.9141151039036
174.0 16.17060710209717 820.765920783956 804.5953136818588
175.0 14.45014238527122 839.5179241305123 825.0677817452411
176.0 17.42587063560932 805.9167129181964 788.4908422825871
177.0 10.66750530727132 987.496142913067 976.8286376057957
178.0 8.101364281878707 917.6059835092632 909.5046192273845
179.0 17.01178039685844 813.0508034061044 796.039023009246
180.0 18.29245164928648 797.8252036574098 779.5327520081233
181.0 13.3893003055083 860.5331891653779 847.1438888598696
182.0 17.03835783644126 819.6792042456938 802.6408464092525
183.0 19.31591941222212 787.9664644574863 768.6505450452642
184.0 17.60845149347002 811.3584717730831 793.7500202796131
185.0 12.23007681391735 1004.202909392844 991.9728325789262
186.0 18.84722471528481 801.6408225607272 782.7935978454424
187.0 10.48348729421355 887.5913509934897 877.1078636992761
188.0 17.40292814438117 808.1943605831393 790.7914324387581
189.0 11.13585441376002 881.6758076945633 870.5399532808033
190.0 20.23063441258264 783.7836431742108 763.5530087616282
191.0 18.09830215155836 806.4842830527544 788.3859809011961
192.0 17.44866412109124 813.4854775995427 796.0368134784514
193.0 19.06289987578887 792.4174220560085 773.3545221802196
194.0 18.80591981458295 798.6679653973134 779.8620455827304
195.0 17.15244185843847 826.6911042216937 809.5386623632553
196.0 14.57625816592613 851.0638789813468 836.4876208154207
197.0 20.52587431309315 785.4434868743926 764.9176125612994
198.0 19.6914792752234 788.4002727280018 768.7087934527784
199.0 19.62717041243012 796.0599094556222 776.4327390431921
200.0 18.75718848064855 798.4333055528521 779.6761170722036
201.0 21.18478239316446 774.6444279589947 753.4596455658302
202.0 18.56384859923722 809.143255827162 790.5794072279247
203.0 19.13620616844022 803.9919382971677 784.8557321287275
204.0 20.07915504932665 787.1095430454566 767.03038799613
205.0 20.50630921204466 783.562156818977 763.0558476069323
206.0 21.31724272301564 776.938542451275 755.6212997282594
207.0 19.18803989805561 804.8696039326028 785.6815640345472
208.0 20.37344410794748 784.7127913931262 764.3393472851787
209.0 18.00865321802827 816.0875450030764 798.0788917850482
210.0 20.39762406801145 790.478821300585 770.0811972325736
211.0 21.33499692052396 770.5057159626068 749.1707190420828
212.0 22.46504248357832 763.6048410606529 741.1397985770746
213.0 21.91777912749707 767.7714242822968 745.8536451547997
214.0 19.85267225267371 804.4433105320393 784.5906382793656
215.0 19.48939066272006 798.8034204445723 779.3140297818522
216.0 7.959812228538087 923.7214173621176 915.7616051335795
217.0 22.42983541142174 763.4638686432152 741.0340332317934
218.0 19.35146103985494 796.4200859561925 777.0686249163376
219.0 19.93927527320375 799.2399944814512 779.3007192082474
220.0 8.942119958099596 903.7187508686166 894.776630910517
221.0 15.90762874130546 837.1127248905915 821.2050961492861
222.0 23.30673051613803 758.3246428730024 735.0179123568643
223.0 20.38343896290721 794.822332714474 774.4388937515668
224.0 12.71463154583279 867.4985754540444 854.7839439082117
225.0 17.66736820830662 817.7396433583605 800.0722751500539
226.0 21.24527403058049 784.5155630185854 763.2702889880049
227.0 21.19368589033108 780.1132911117751 758.919605221444
228.0 22.46694335876788 765.5777027013558 743.110759342588
229.0 19.60520442804109 807.0122396825039 787.4070352544628
230.0 18.59038397797051 814.3304069197255 795.740022941755
231.0 19.97716743608067 792.8567546552545 772.8795872191738
232.0 23.03139838771542 763.268219530304 740.2368211425886
233.0 22.34486601938104 768.3157123979956 745.9708463786146
234.0 20.21355340848731 791.8088895935424 771.5953361850551
235.0 22.0024978830426 778.1427178712687 756.1402199882261
236.0 22.74851526103518 764.9526016139851 742.2040863529499
237.0 21.55108022022908 782.6832532097978 761.1321729895687
238.0 19.58046719833704 806.3576056623931 786.7771384640561
239.0 23.53741913079099 759.2336900109615 735.6962708801705
240.0 22.82729008059557 768.1076037477254 745.2803136671299
241.0 23.33498308866749 761.245775564855 737.9107924761875
242.0 16.72328313338 832.9569239837156 816.2336408503356
243.0 20.37574818467449 793.5552187244395 773.179470539765
244.0 19.88960948102556 805.7346028212353 785.8449933402098
245.0 23.43777593294122 758.7199204695373 735.2821445365961
246.0 22.8044263961729 765.9493426448965 743.1449162487236
247.0 22.47524960669471 772.6777874250416 750.2025378183469
248.0 21.79544469533886 784.2180142187037 762.4225695233649
249.0 21.14381550384968 783.4519137773665 762.3080982735169
250.0 20.1494327519815 804.4801684999528 784.3307357479713
251.0 21.78432921421666 776.8091511298157 755.0248219155991
252.0 18.91604713818262 814.5867481848019 795.6707010466193
253.0 20.95831147265096 786.783677995766 765.8253665231151
254.0 25.38923855577297 742.532423176652 717.143184620879
255.0 22.85952443472023 769.5611687940111 746.7016443592909
256.0 22.03294848452673 784.3530041730761 762.3200556885493
257.0 23.40548471219335 764.4039872758269 740.9985025636336
258.0 23.24581847394413 763.3721658591237 740.1263473851795
259.0 23.7713778141946 754.3057278582813 730.5343500440867
260.0 8.501595353974306 909.7217486577232 901.2201533037489
261.0 26.15679774127059 731.9225791008656 705.765781359595
262.0 22.68566060447761 770.4036251028714 747.7179644983938
263.0 25.97329131429428 734.6366658695286 708.6633745552343
264.0 23.78994994997124 756.3981470340145 732.6081970840433
265.0 24.20371239316103 755.1444860212362 730.9407736280751
266.0 20.94528983954823 792.2742468095089 771.3289569699607
267.0 22.71656880784508 778.2002596864359 755.4836908785908
268.0 24.19743328875993 758.5383352692635 734.3409019805036
269.0 20.42141825367196 803.0731892522538 782.6517709985818
270.0 21.72733057916916 781.8468239104098 760.1194933312406
271.0 25.098541139452 743.5355786875371 718.4370375480851
272.0 22.61074694582045 781.7867990715233 759.1760521257029
273.0 25.73815949736692 737.2843444615531 711.5461849641861
274.0 21.53698447432926 784.2324126464431 762.6954281721139
275.0 14.11606695624316 855.6970929089337 841.5810259526905
276.0 23.23174618755444 765.3836604005792 742.1519142130248
277.0 24.17832595303269 754.4882103227457 730.309884369713
278.0 24.6662251102725 745.3850150408339 720.7187899305614
279.0 16.49884660357361 835.6770998133797 819.1782532098061
280.0 22.90358625106536 775.3729636595827 752.4693774085173
281.0 23.11638723324076 767.1414571306526 744.0250698974118
282.0 23.41167905713171 769.634732487587 746.2230534304553
283.0 23.49588709409862 761.2545027758714 737.7586156817728
284.0 21.86870669348892 788.7794579382891 766.9107512448002
285.0 21.64664568816836 791.5483095967542 769.9016639085858
286.0 25.18901078007561 740.1503772498694 714.9613664697938
287.0 15.77775339250906 841.6871640001042 825.9094106075952
288.0 25.50092190829873 740.5193464735883 715.0184245652895
289.0 23.29367894332041 774.6608880077522 751.3672090644318
290.0 22.86342414251749 780.4811160806159 757.6176919380984
291.0 24.86958055681306 753.2998347766144 728.4302542198013
292.0 23.54349361894872 767.7988481803839 744.2553545614352
293.0 24.35153154986498 758.2928067006163 733.9412751507513
294.0 25.50556184138078 742.1935130198978 716.6879511785171
295.0 25.51855923520376 738.1184945716094 712.5999353364056
296.0 22.77387940789744 778.2126954184996 755.4388160106022
297.0 22.06262130713731 780.3760709314304 758.3134496242931
298.0 23.68473422238889 768.1136866537091 744.4289524313202
299.0 16.2525792278826 837.4416790351294 821.1890998072468
300.0 25.96417320574818 730.8415266575935 704.8773534518453
301.0 23.97467791991597 760.2881633913425 736.3134854714265
302.0 19.419638640947 810.9478945823771 791.5282559414302
303.0 25.83550469249841 741.4467456189467 715.6112409264483
304.0 25.63731714026499 737.293104975137 711.655787834872
305.0 25.5053131779464 746.2523161881493 720.7470030102029
306.0 24.488025750421 754.2633089040156 729.7752831535946
307.0 24.07930379662023 759.6006726451858 735.5213688485656
308.0 21.38518543411616 793.3845808039131 771.9993953697969
309.0 25.11130583453546 747.3766962267587 722.2653903922232
310.0 16.74073666709747 833.6982812337907 816.9575445666933
311.0 24.75395693693804 746.3155520693361 721.5615951323981
312.0 26.49612299372505 729.5066168486779 703.0104938549528
313.0 25.43403960676215 742.3865067982158 716.9524671914536
314.0 26.05271580179095 733.3213354151572 707.2686196133663
315.0 25.83622922102269 746.1912042269781 720.3549750059554
316.0 24.41722928659315 757.6471942338782 733.229964947285
317.0 22.44389324213942 781.1554456300359 758.7115523878965
318.0 25.14286929555666 748.9085869817167 723.7657176861601
319.0 25.72795447712725 738.5364653865911 712.8085109094638
320.0 25.74709239144561 741.8110593300948 716.0639669386492
321.0 25.67732085871114 740.2731711925575 714.5958503338464
322.0 24.28952171307606 765.882147477543 741.592625764467
323.0 23.25389699831705 773.3829042025073 750.1290072041902
324.0 24.96996267505112 751.5826288037655 726.6126661287144
325.0 25.20790499293903 743.2371772883087 718.0292722953697
326.0 25.94874396963804 737.339783915425 711.391039945787
327.0 25.78196707961359 739.7535980042256 713.971630924612
328.0 26.80575716957307 724.8276041935795 698.0218470240064
329.0 26.05148481531969 735.6298251228221 709.5783403075024
330.0 26.90591732750789 723.3133757319504 696.4074584044425
331.0 25.89452502195078 736.8379512601212 710.9434262381704
332.0 27.24282005031189 721.6941195347697 694.4512994844578
333.0 25.38631746620416 741.2529425057607 715.8666250395566
334.0 16.01793375851492 839.7124388966725 823.6945051381576
335.0 25.01897609023501 754.6156415118891 729.5966654216541
336.0 26.63094186542217 737.8146026718818 711.1836608064596
337.0 27.18593928161987 720.2842238911067 693.0982846094868
338.0 25.96790935191953 738.1716756357992 712.2037662838797
339.0 25.90414596501495 745.3177090170452 719.4135630520303
340.0 26.01911265062649 747.4129549823922 721.3938423317657
341.0 25.16436745252696 754.4319937419668 729.2676262894398
342.0 15.77811319192103 841.7134341068038 825.9353209148828
343.0 26.66116646324029 730.2531203117967 703.5919538485564
344.0 26.11714646607881 739.7356078206581 713.6184613545793
345.0 27.19800983351264 721.847592460628 694.6495826271154
346.0 26.76351899583561 724.7845723245938 698.0210533287582
347.0 27.96393887777678 709.3023025078617 681.338363630085
348.0 26.26374888348965 730.6906028583159 704.4268539748262
349.0 25.91054997935873 739.7474145960329 713.8368646166742
350.0 27.74216989002728 714.2411194457633 686.498949555736
351.0 27.46875919586655 717.3910053727815 689.922246176915
352.0 27.1744078946135 720.4840230156854 693.3096151210719
353.0 26.52108083540337 733.1879349681035 706.6668541327002
354.0 27.90787207450921 715.0142869695731 687.1064148950639
355.0 27.28422893622776 719.5224125093916 692.2381835731638
356.0 26.04506077241053 748.1637573442258 722.1186965718152
357.0 26.80736386610105 730.4169510954358 703.6095872293348
358.0 27.11957563590614 725.7482398844523 698.6286642485461
359.0 26.11353164939064 742.2828449588162 716.1693133094255
360.0 26.7820492195237 726.839477818325 700.0574285988013
361.0 27.07071938396312 723.6162233589058 696.5455039749427
362.0 27.8169185871116 713.5766259875109 685.7597074003993
363.0 26.93552515394069 726.7150646491455 699.7795394952048
364.0 27.46034084623136 722.6690642210914 695.20872337486
365.0 25.53730697949522 749.2889798746177 723.7516728951225
366.0 27.94435534610241 716.9183071335734 688.973951787471
367.0 27.84220733260738 713.1966205900337 685.3544132574263
368.0 25.94890592168584 747.7099333029764 721.7610273812906
369.0 27.84309434479435 720.048032977658 692.2049386328637
370.0 28.11853519685283 709.2178797964177 681.0993445995649
371.0 27.63919831559299 720.3549976908891 692.7157993752961
372.0 27.04679237532564 737.8205221923991 710.7737298170735
373.0 27.83433720955754 719.4758364670288 691.6414992574712
374.0 28.57820166100414 706.8741977362104 678.2959960752063
375.0 27.14785513426972 727.9768453249047 700.828990190635
376.0 27.94311352724501 719.3716415381916 691.4285280109466
377.0 26.98666161960021 728.0546171257186 701.0679555061184
378.0 28.69951701257649 704.6251213781201 675.9256043655437
379.0 28.43705033845988 709.7963523914865 681.3593020530266
380.0 28.51856504443541 706.3341385338122 677.8155734893768
381.0 26.93989528764389 732.9306389808868 705.9907436932429
382.0 28.8512958718988 702.0481644031943 673.1968685312955
383.0 26.99500931570666 738.472915774319 711.4779064586123
384.0 28.09111936924441 718.2269964638864 690.135877094642
385.0 28.34757043742141 716.3483319016992 688.0007614642778
386.0 28.42816844126277 710.1149077204738 681.6867392792111
387.0 26.20848472195306 751.897669198246 725.689184476293
388.0 27.9294210097756 720.6627457255109 692.7333247157353
389.0 28.58365911615297 707.9399425337254 679.3562834175725
390.0 25.66566319630686 757.0710244422388 731.4053612459319
391.0 28.72962179874098 713.2323417911112 684.5027199923702
392.0 24.22755726693498 772.2060900699984 747.9785328030634
393.0 27.18432774789754 740.7334062570839 713.5490785091864
394.0 29.06419823638599 703.2186574441619 674.154459207776
395.0 28.95861820792188 705.6294484202142 676.6708302122923
396.0 27.982523731914 725.4470103957406 697.4644866638266
397.0 29.30940352301871 701.3167523679764 672.0073488449576
398.0 29.2005291786104 701.9467909103219 672.7462617317115
399.0 28.53185430354045 716.4845485364905 687.95269423295
400.0 29.46613090156783 699.8464633226608 670.380332421093
401.0 29.01195534917038 711.5994178444216 682.5874624952513
402.0 28.91113214377936 710.9358816426889 682.0247494989095
403.0 29.75505806935989 693.8765431795894 664.1214851102295
404.0 29.40845151088397 701.2502138686446 671.8417623577606
405.0 29.0248037684833 712.1480575305221 683.1232537620388
406.0 29.91917587341044 693.8111640010004 663.8919881275899
407.0 29.57686465033175 698.4576984045074 668.8808337541756
408.0 28.18881907454697 722.8169145506979 694.6280954761509
409.0 30.05181689985954 693.0594680490402 663.0076511491807
410.0 30.25066109770583 688.3845487073089 658.1338876096031
411.0 30.02912826175799 695.5379588329528 665.5088305711948
412.0 30.24443051095704 692.7028911884613 662.4584606775043
413.0 29.99513410475343 693.7777192017733 663.7825850970199
414.0 24.75443701283437 768.6614826494167 743.9070456365823
415.0 30.54365437107113 689.1206810993059 658.5770267282347
416.0 29.52838046661135 706.8904333959634 677.362052929352
417.0 30.49036918226221 690.4918544807233 660.0014852984611
418.0 30.49515002771384 687.0786372362095 656.5834872084956
419.0 30.89436149383229 681.7329732724695 650.8386117786372
420.0 29.55369356323413 713.3690147512575 683.8153211880233
421.0 29.50450856845074 713.47350641983 683.9689978513792
422.0 30.4049126887326 694.7317892388745 664.3268765501419
423.0 31.1128597947244 683.2990357971508 652.1861760024264
424.0 30.30355383848391 701.3490730709737 671.0455192324898
425.0 30.32065465726049 697.6782261348889 667.3575714776284
426.0 30.58197124737156 692.2750034206609 661.6930321732893
427.0 30.64412587842869 693.6968530502757 663.052727171847
428.0 30.38208669225497 702.6113519466798 672.2292652544248
429.0 31.18533055688302 685.2751627571266 654.0898322002436
430.0 30.96312785199569 695.7024517558726 664.7393239038769
431.0 31.3890306669605 688.6797376846455 657.290707017685
432.0 31.416954705073 679.4271136912777 648.0101589862047
433.0 30.87945635368605 691.5525128949602 660.6730565412742
434.0 31.43757710723732 685.6163282850967 654.1787511778593
435.0 31.05081186188085 694.2117886520561 663.1609767901752
436.0 30.84099326674298 700.8598666569118 670.0188733901689
437.0 32.3599551183248 670.2282479801749 637.8682928618501
438.0 31.82650175978017 678.0226184288082 646.196116669028
439.0 31.60469968087906 685.1432688822723 653.5385692013932
440.0 32.14032244352602 677.3088364670924 645.1685140235664
441.0 31.26842432761038 698.6775515832709 667.4091272556605
442.0 32.44842828439057 673.0827400261727 640.6343117417821
443.0 32.23166107297825 676.1581572070168 643.9264961340386
444.0 30.45623823862953 717.5592505528572 687.1030123142277
445.0 32.15162740292051 680.3093475009429 648.1577200980224
446.0 32.7751919354514 671.8169198840178 639.0417279485664
447.0 23.73794866673108 777.6658342295128 753.9278855627817
448.0 32.13704240723567 687.025250949057 654.8882085418213
449.0 30.68390917487018 714.6792467838338 683.9953376089636
450.0 32.5029932887377 678.1567778589795 645.6537845702418
451.0 32.09699636041837 692.6841268977123 660.587130537294
452.0 32.88695881251209 674.9344717223711 642.047512909859
453.0 33.68986538090625 662.3647581266766 628.6748927457703
454.0 31.74273946246997 696.3244182875351 664.5816788250651
455.0 32.23728672523811 699.4850382316463 667.2477515064082
456.0 33.00869173357528 684.9536688417435 651.9449771081682
457.0 33.39103459775198 670.1765222500774 636.7854876523254
458.0 33.84020813511186 665.3236199774707 631.4834118423589
459.0 34.15178503522065 659.7111264056657 625.559341370445
460.0 33.99033428429362 668.5156361635137 634.5253018792201
461.0 33.88541309115317 671.1288643934026 637.2434513022494
462.0 34.01030347105167 673.8611902978599 639.8508868268082
463.0 33.8340323873665 669.2016076809996 635.3675752936331
464.0 33.93979193622466 672.4928925391859 638.5531006029613
465.0 33.54966652638288 683.8779925860974 650.3283260597146
466.0 34.80082121730129 659.5822176023231 624.7813963850218
467.0 27.93929287122227 745.5166879922067 717.5773951209844
468.0 34.15154516483654 674.5051281711344 640.3535830062978
469.0 34.80797057267998 666.7419832108012 631.9340126381212
470.0 35.08853808236453 661.2361730911371 626.1476350087726
471.0 35.3035623580545 657.7879512079583 622.4843888499038
472.0 35.07851474928305 664.9618885772476 629.8833738279646
473.0 31.14543314510514 719.7477126843223 688.6022795392172
474.0 35.41284500270816 662.3056395990989 626.8927945963907
475.0 36.21618965530691 647.798711806689 611.5825221513821
476.0 36.72651692972286 641.900738438832 605.1742215091091
477.0 35.26571801634295 667.6008720350307 632.3351540186877
478.0 35.19986021391708 674.7840118764852 639.5841516625682
479.0 37.17359018550486 639.4902008120979 602.316610626593
480.0 36.52416619194518 653.7903309259154 617.2661647339702
481.0 36.59906324849138 648.3614549344654 611.762391685974
482.0 36.68656888335064 652.9290950843695 616.2425262010188
483.0 32.80538381510096 708.0995493132766 675.2941654981756
484.0 35.12805463583613 684.0355568378565 648.9075022020204
485.0 37.92302405987085 636.4150431154647 598.4920190555939
486.0 37.73074243859966 645.0953155720081 607.3645731334085
487.0 37.72565930355325 641.6142806379528 603.8886213343995
488.0 36.83314889186776 659.9427981408982 623.1096492490304
489.0 37.42681658856575 652.1824800738825 614.7556634853167
490.0 38.19370901885682 648.3208752149616 610.1271661961048
491.0 37.84979670781186 650.2356823357502 612.3858856279383
492.0 39.13931103506665 630.8799212086683 591.7406101736016
493.0 39.06308594018903 639.8581040752834 600.7950181350944
494.0 33.64527368706575 702.8426499115449 669.1973762244791
495.0 39.9858258700494 624.699058327471 584.7132324574216
496.0 40.07154867340776 624.3508235531611 584.2792748797534
497.0 39.78337388445483 633.3631347418835 593.5797608574286
498.0 38.94900425635627 647.0928772656033 608.143873009247
499.0 40.4678279496063 623.2282376825479 582.7604097329416
500.0 36.4449227183585 682.5548822905405 646.109959572182
501.0 41.08870399649902 622.7505909445706 581.6618869480716
502.0 39.54764379818443 651.4811034494092 611.9334596512247
503.0 40.18010625912379 639.8538768838879 599.6737706247641
504.0 41.56585905213691 624.6871730222707 583.1213139701338
505.0 42.50924889182526 611.2455114231832 568.736262531358
506.0 41.58526226271598 624.9653542904313 583.3800920277153
507.0 42.2558879721694 613.2709416276539 571.0150536554845
508.0 42.75136794199531 612.2296146588149 569.4782467168195
509.0 43.37654118571041 606.1409357105966 562.7643945248861
510.0 43.31231913543754 612.319187512305 569.0068683768675
511.0 42.28780179471613 624.8657945867996 582.5779927920834
512.0 43.95488305358366 604.3724527255349 560.4175696719513
513.0 43.71302435576376 615.4878063375364 571.7747819817726
514.0 44.48833419758337 607.1800168950287 562.6916826974453
515.0 43.92189996859817 614.6454736617852 570.723573693187
516.0 45.40436287393841 598.85415151537 553.4497886414316
517.0 45.76434098003212 595.400325912854 549.6359849328218
518.0 45.8948062196118 593.944800150476 548.0499939308642
519.0 46.33696637702973 594.380079086657 548.0431127096273
520.0 45.23145782550814 602.713596130655 557.4821383051469
521.0 47.35240743402875 583.771698600532 536.4192911665032
522.0 47.99807734889696 587.1344499597344 539.1363726108375
523.0 45.3021306323962 613.133847777374 567.8317171449778
524.0 48.11445732819896 586.9797053599917 538.8652480317928
525.0 48.11678093893252 591.3600813040334 543.2433003651008
526.0 48.47529589571347 586.1984320712229 537.7231361755094
527.0 46.57020089017388 608.401488090347 561.8312872001731
528.0 50.69169794843675 566.8977263816999 516.2060284332631
529.0 49.41361298037114 585.1922403471141 535.778627366743
530.0 48.49918166285871 597.1828690291641 548.6836873663054
531.0 50.97561677687818 573.8420729031677 522.8664561262896
532.0 51.20855403377967 572.1022267142124 520.8936726804327
533.0 54.00465136788895 544.3812783900883 490.3766270221993
534.0 48.88792939270635 588.9190311837589 540.0311017910526
535.0 52.69871223608564 559.1960752778425 506.4973630417568
536.0 52.76392412137618 565.2948783778395 512.5309542564633
537.0 53.66895546182015 560.1425590969607 506.4736036351405
538.0 55.99192677435818 541.3265982211597 485.3346714468015
539.0 55.6409282390198 542.1696879761269 486.5287597371071
540.0 53.54227106039275 559.0748497012632 505.5325786408704
541.0 52.41679376490628 573.6350061744133 521.218212409507
542.0 52.11473334840864 575.4167360121816 523.302002663773
543.0 56.54941575731965 541.6656126992882 485.1161969419686
544.0 54.70678019065379 555.9621522414003 501.2553720507465
545.0 58.70691843727716 531.7105680474155 473.0036496101384
546.0 72.04948903489685 469.0722346015623 397.0227455666654
547.0 72.32399027154703 470.4455002869096 398.1215100153625
548.0 77.4975713371937 453.557059521861 376.0594881846673
549.0 53.30795513334906 567.722136991217 514.4141818578679
550.0 53.89926461567886 563.6237441489086 509.7244795332297
551.0 81.88178230154308 436.8630319764847 354.9812496749417
552.0 80.67074228173411 443.3226155347264 362.6518732529923
553.0 78.0045461077453 450.937099900652 372.9325537929067
554.0 75.19370487402111 461.6326494232946 386.4389445492734
555.0 86.47850623507275 423.6079853955458 337.129479160473
556.0 82.05457293178638 439.5400200813916 357.4854471496052
557.0 88.51260459764404 421.5792648455455 333.0666602479014
558.0 78.63506747042936 448.9606218924398 370.3255544220105
559.0 80.02192761692228 445.4999147212587 365.4779871043364
560.0 88.52114574449216 421.7112318333075 333.1900860888154
561.0 95.15284802041368 403.668587009623 308.5157389892093
562.0 101.7318354793344 384.982743369616 283.2509078902817
563.0 97.64823389736595 395.0351216171005 297.3868877197346
564.0 98.867694034126 393.6771210441384 294.8094270100124
565.0 90.72417717580321 415.7136201037471 324.9894429279439
566.0 101.9857515131867 382.5356105493103 280.5498590361236
567.0 104.142359449703 379.3996150479033 275.2572555982003
568.0 111.7725842423634 361.7199437835097 249.9473595411462
569.0 104.1423682683089 379.3998625969928 275.2574943286839
570.0 110.7622474617714 363.2522587416312 252.4900112798598
571.0 110.8537194685445 363.702044953023 252.8483254844784
572.0 124.6352202491097 335.0375177114531 210.4022974623434
573.0 110.8550851529817 363.7221294792371 252.8670443262554
574.0 121.7113204553258 341.7019915143226 219.9906710589968
575.0 109.9144062656399 365.4247133143597 255.5103070487198
576.0 139.3547737329235 307.2703487955307 167.9155750626072
577.0 140.2949978401434 305.0251344358967 164.7301365957533
578.0 111.7726907812144 361.7221369992619 249.9494462180475
579.0 127.9413748490149 329.7221369811137 201.7807621320988
580.0 165.3355797520428 262.5471926145219 97.21161286247914
581.0 145.7898204207716 295.7221369916542 149.9323165708826
582.0 156.3050130509299 277.7221003167267 121.4170872657968
583.0 165.8464177221183 263.6395739173056 97.79315619518734
584.0 172.9369957721695 253.7215615947192 80.7845658225497
585.0 191.4222306818261 227.5591155618229 36.13688487999675
586.0 188.5943639595231 231.6578561206091 43.06349216108593
587.0 187.1743023139303 233.7007729084753 46.52647059454495
588.0 188.5937623575345 231.6666274946635 43.07286513712904
591.0 207.1262880466475 205.722137 -1.404151046647512
