0.0 4.303975768113568 938.1391623141458 933.8351865460323
1.0 3.015635418179467 932.873455378879 929.8578199606995
2.0 2.243469530452197 933.2039702139114 930.9605006834592
3.0 1.673859577419982 933.8621096526497 932.1882500752297
4.0 1.260130006635874 932.5054837899131 931.2453537832773
5.0 0.9045148566005637 933.0059451628296 932.101430306229
6.0 0.8285045030236962 931.284645412436 930.4561409094123
7.0 0.5252946525463542 931.8754093838555 931.3501147313091
8.0 0.3779439057241225 929.9136733219384 929.5357294162142
9.0 0.3154046891335349 929.727308158926 929.4119034697925
10.0 0.1797550222074137 930.2337030548061 930.0539480325987
11.0 0.1458815484981651 929.5674996327147 929.4216180842165
12.0 0.05964500769217846 929.2182752056168 929.1586301979246
13.0 0.05408107710962675 928.2314930574389 928.1774119803293
14.0 0.07139210259982215 927.7154228020782 927.6440306994783
15.0 0 928.6750153129946 928.6750153129946
16.0 0.03645717523883813 927.0232349568648 926.986777781626
17.0 0.05021623417199448 927.7237215362451 927.6735053020731
18.0 0.06351516992918123 927.234332356635 927.1708171867058
19.0 0.03481804445007815 926.2898363389434 926.2550182944933
20.0 0.1635856893679587 925.2479196690542 925.0843339796863
21.0 0.1896695670068557 925.181338198329 924.9916686313221
22.0 0.1881523827535096 924.6478084787516 924.4596560959981
23.0 0.2538038337877449 924.4882110107263 924.2344071769385
24.0 0.2917647214040647 923.9331206508747 923.6413559294706
25.0 0.3745372461458945 924.1858854927166 923.8113482465707
26.0 0.3723377390673354 923.3044197210938 922.9320819820265
27.0 0.4135504147824865 923.0726386600618 922.6590882452793
28.0 0.5488855214999241 922.2719577994204 921.7230722779205
29.0 0.4972592353784678 922.9435940836197 922.4463348482412
30.0 0.5434168973273601 923.4954967101445 922.9520798128171
31.0 0.5942953036201876 921.5216168457828 920.9273215421626
32.0 0.6985003827337807 920.5990164097881 919.9005160270543
33.0 0.7393201257232543 921.4346117549576 920.6952916292344
34.0 0.7477026884215571 922.2982799975965 921.5505773091749
35.0 0.8824142788420054 919.5773597093016 918.6949454304596
36.0 0.958675013447467 919.7213492348227 918.7626742213753
37.0 0.9837935657812652 919.4451087978322 918.461315232051
38.0 1.042065862204289 918.2353905731767 917.1933247109724
39.0 1.136631483221363 918.6219106510087 917.4852791677873
40.0 1.136283666106091 917.2167485458968 916.0804648797907
41.0 1.248044811048563 917.2232047046087 915.9751598935601
42.0 1.38136652772376 917.8509708153008 916.469604287577
43.0 1.402380433639483 917.2114923056249 915.8091118719854
44.0 1.413448659171601 918.3143579391242 916.9009092799526
45.0 1.475006604665373 918.0554577428297 916.5804511381643
46.0 1.757616425689041 914.3090281421874 912.5514117164983
47.0 1.71253174740938 916.2371449127563 914.5246131653469
48.0 1.856149119252881 915.9094002801002 914.0532511608473
49.0 1.899799466592267 912.9424054637976 911.0426059972053
50.0 2.000497519204306 913.5684849126017 911.5679873933974
51.0 2.097912187087811 912.9226200747525 910.8247078876647
52.0 2.208570187850705 914.0703474603187 911.861777272468
53.0 2.230339335680876 913.623076632686 911.3927372970051
54.0 2.317078474954808 913.2250971084134 910.9080186334586
55.0 2.549217285457119 909.00346666931 906.4542493838528
56.0 2.558890120220931 910.4572340312741 907.8983439110532
57.0 2.602526621465611 911.6435567163891 909.0410300949235
58.0 2.801594975849523 910.9335458713157 908.1319508954662
59.0 2.940806545868 907.9575488205154 905.0167422746474
60.0 2.861413759633782 912.406031141697 909.5446173820632
61.0 2.872724223058549 911.5757584958952 908.7030342728366
62.0 3.214229230461325 906.3351240258474 903.1208947953861
63.0 3.295907721325313 910.5718218661306 907.2759141448053
64.0 3.43665023034805 907.3278699059003 903.8912196755523
65.0 3.460008757199017 908.8893181252762 905.4293093680772
66.0 3.46049794793403 910.260501553722 906.8000036057879
67.0 3.663499893825613 906.7800874240112 903.1165875301856
68.0 3.824359436795861 906.086680129578 902.2623206927821
69.0 3.846544902930112 909.4138807409395 905.5673358380094
70.0 4.045876416522823 907.40912730457 903.3632508880472
71.0 4.564882219987258 894.9020842620687 890.3372020420815
72.0 4.043695691267518 907.960298839995 903.9166031487275
73.0 4.251184479323561 909.2350422699674 904.9838577906439
74.0 4.707631225792598 898.6530049196844 893.9453736938918
75.0 4.790607410895887 897.4547381416717 892.6641307307758
76.0 5.083751725843751 896.541293084997 891.4575413591532
77.0 5.501661364164888 896.206160641011 890.7044992768462
78.0 5.048778334413038 905.7531047315592 900.7043263971462
79.0 5.31280758745652 899.970105370158 894.6572977827015
80.0 5.382888188637759 900.4058772368211 895.0229890481833
81.0 5.597068720580379 897.7638072271585 892.1667385065781
82.0 5.616526591312987 903.0418040179547 897.4252774266417
83.0 5.92545487396788 893.9646954501941 888.0392405762262
84.0 6.584396603742127 880.5333170898361 873.948920486094
85.0 6.450823064370968 895.4277082663226 888.9768852019517
86.0 6.083327153655893 895.5350931962696 889.4517660426137
87.0 6.883625484810411 876.9355314880047 870.0519060031943
88.0 6.748584467584363 896.5560643174408 889.8074798498565
89.0 7.00165832978137 883.8531322469085 876.8514739171271
90.0 6.659320222203883 885.2002228976762 878.5409026754723
91.0 7.329214468123958 877.2743249283254 869.9451104602015
92.0 7.395019877505645 882.4331001020741 875.0380802245685
93.0 6.654523556318336 907.5183274385076 900.8638038821893
94.0 7.280389337536756 892.8746010132536 885.5942116757168
95.0 7.904338807914306 882.1662402156401 874.2619014077258
96.0 8.843743574820983 862.1583628423936 853.3146192675726
97.0 8.467745801411029 873.2560967835685 864.7883509821575
98.0 8.293611917425414 887.3750351023135 879.0814231848881
99.0 9.4802485538996 857.3804828107126 847.900234256813
100.0 8.781279424178414 873.0581790386915 864.2768996145131
101.0 7.387131316293622 913.3866122637689 905.9994809474753
102.0 9.278880020975367 866.9604207678891 857.6815407469138
103.0 8.871065510124817 907.5137306681064 898.6426651579815
104.0 8.922650382690981 875.8531658352146 866.9305154525236
105.0 9.785754219064976 863.3469353144005 853.5611810953356
106.0 9.37832345217072 874.3718482835333 864.9935248313626
107.0 9.554852070662009 881.2418581070732 871.6870060364112
108.0 10.36543843477714 863.9229218246143 853.5574833898372
109.0 10.66513866356388 868.8815081137986 858.2163694502347
110.0 10.25375085232948 866.7860251771283 856.5322743247988
111.0 11.25176813316686 855.981299341315 844.7295312081481
112.0 12.02193412495131 846.8971443528215 834.8752102278702
113.0 10.35722406160369 869.2098028709123 858.8525788093086
114.0 12.37028163416428 843.0834714943716 830.7131898602073
115.0 10.21168222857366 883.4826638487211 873.2709816201474
116.0 11.91381791272379 856.5197987070588 844.605980794335
117.0 12.77358960215611 845.6019886034258 832.8283990012697
118.0 9.301934150510384 895.2673689794957 885.9654348289853
119.0 12.53855902978454 850.4912697049264 837.9527106751419
120.0 7.142611525027322 934.9699064457384 927.8272949207111
121.0 11.79888722379691 860.0477627818771 848.2488755580802
122.0 10.78751090368675 877.8266580292745 867.0391471255878
123.0 13.00867692333128 847.6589508959872 834.6502739726559
124.0 10.13915833630338 887.3614393952072 877.2222810589038
125.0 10.13087405495565 894.4058664746402 884.2749924196845
126.0 14.46812567053964 833.0586961745622 818.5905705040226
127.0 12.47859364428081 863.2649820410194 850.7863883967386
128.0 13.16801191034933 855.1169269312804 841.9489150209311
129.0 14.08337549174314 841.7248569636312 827.641481471888
130.0 13.2783835741767 859.1883868224908 845.9100032483141
131.0 12.20018374384537 865.1572716780839 852.9570879342386
132.0 14.66134668071106 837.7679872055149 823.1066405248038
133.0 15.42450091578668 828.1536170654577 812.729116149671
134.0 9.508879448016779 901.4164743910765 891.9075949430597
135.0 7.942860348275089 931.6204994893036 923.6776391410285
136.0 15.5246982112842 828.3818178526541 812.8571196413699
137.0 14.38629361049833 853.0022822042149 838.6159885937166
138.0 17.10911628384055 816.4297797189097 799.3206634350691
139.0 14.85570024914793 842.133745944339 827.2780456951911
140.0 8.277584825917862 917.416584078461 909.1389992525431
141.0 14.50821260370164 846.6711229828213 832.1629103791196
142.0 16.45053191074961 826.2284822347004 809.7779503239508
143.0 16.44459758593288 821.9499189657639 805.505321379831
144.0 17.46604443537128 815.9417571861719 798.4757127508006
145.0 15.63487184683454 835.6925522431695 820.057680396335
146.0 8.012985924414226 941.6801472462517 933.6671613218375
147.0 16.34734587963578 827.4177661875124 811.0704203078766
148.0 14.73068900575118 851.6704220799466 836.9397330741954
149.0 10.84257347333868 889.28859487889 878.4460214055514
150.0 17.30533505439846 818.9656443919174 801.660309337519
151.0 16.39500350553162 829.9778926344044 813.5828891288728
152.0 17.98380226893529 808.5207744701288 790.5369722011935
153.0 16.91450980294309 824.3328219876701 807.418312184727
154.0 17.32221432591949 820.3261068105804 803.0038924846609
155.0 17.15191437541987 819.0902462151522 801.9383318397323
156.0 17.14580646103916 826.9657623848182 809.8199559237791
157.0 17.39195430498754 818.6869594342468 801.2950051292592
158.0 7.943196885724096 931.6652941969085 923.7220973111844
159.0 16.52226555914438 832.8256036908976 816.3033381317533
160.0 16.36854253250224 836.6568003424919 820.2882578099896
161.0 18.5235867902305 810.0011099842056 791.4775231939751
162.0 16.14165264633673 844.1547479605906 828.0130953142539
163.0 8.549459713316934 933.0962976510715 924.5468379377546
164.0 16.55914298100188 834.2125545343224 817.6534115533205
165.0 18.87556325344141 806.4591569781503 787.5835937247089
166.0 18.87942240480785 807.7047746433562 788.8253522385484
167.0 17.0529479911226 829.8452052484965 812.7922572573739
168.0 18.78891692705899 812.1715934691262 793.3826765420672
169.0 19.46265749880694 804.6729376397342 785.2102801409273
170.0 19.06143206400382 810.929641224732 791.8682091607282
171.0 17.65351421695251 826.3523021545829 808.6987879376304
172.0 18.1318975338077 825.1966115488584 807.0647140150507
173.0 18.43333153307227 812.0999671821493 793.666635649077
174.0 17.71455169928297 822.9883481320889 805.2737964328059
175.0 15.7325747125567 840.6389060853376 824.9063313727809
176.0 19.18567511280612 807.5375859709455 788.3519108581394
177.0 9.962042345982038 987.6950007913286 977.7329584453466
178.0 8.281678489006433 917.6737575380507 909.3920790490443
179.0 18.67067806532464 814.9036764271016 796.232998361777
180.0 20.16888080018989 799.5978645227492 779.4289837225593
181.0 14.38532083638739 861.0991715221604 846.713850685773
182.0 18.60921157997127 821.6977370475097 803.0885254675384
183.0 21.33487472601368 789.8073996267741 768.4725249007605
184.0 19.29473043575511 813.6048625557535 794.3101321199984
185.0 11.29991365218662 1007.327886493055 996.0279728408683
186.0 20.67740359342405 803.8842462469853 783.2068426535613
187.0 11.08939057468072 887.6672549857465 876.5778644110657
188.0 19.13536239754687 809.3736457141012 790.2382833165543
189.0 11.82838002257768 881.7071218419914 869.8787418194137
190.0 22.31648122565852 785.633602342537 763.3171211168785
191.0 19.85216282854745 809.1456728815511 789.2935100530037
192.0 19.10453200780357 815.7951079896809 796.6905759818774
193.0 21.02480506760537 793.5514087743779 772.5266037067725
194.0 20.67696649466017 800.5926444659001 779.9156779712399
195.0 18.63743388543333 827.9777926024631 809.3403587170298
196.0 15.71389395552888 851.4069883579113 835.6930944023825
197.0 22.59144214644526 787.6115128851 765.0200707386548
198.0 21.71062830437743 790.1005750639411 768.3899467595636
199.0 21.54401210205287 797.8453700688973 776.3013579668444
200.0 20.62987247584028 800.4774059396502 779.8475334638099
201.0 23.40529782548702 776.1936729414777 752.7883751159907
202.0 20.29618558759526 810.7250854232452 790.42889983565
203.0 20.93833537883236 806.3433917873215 785.4050564084891
204.0 22.11759180066391 789.1961387672276 767.0785469665637
205.0 22.59806262977467 785.5123897609716 762.9143271311969
206.0 23.50885398710675 778.5567503300321 755.0478963429254
207.0 20.9812806601194 806.9483179062553 785.9670372461359
208.0 22.44883888184935 786.5762848539321 764.1274459720827
209.0 19.64061892034011 817.9197746686782 798.2791557483381
210.0 22.39541677599989 792.6325388651262 770.2371220891263
211.0 23.61321988346411 771.8578186945716 748.2445988111075
212.0 24.84975303209575 764.8128329441015 739.9630799120058
213.0 24.24028941897487 769.0148931050862 744.7746036861113
214.0 21.66485438583248 805.8159724041135 784.151118018281
215.0 21.37108061552033 800.198971390222 778.8278907747017
216.0 8.058423955553075 923.7220187257136 915.6635947701606
217.0 24.81296596852729 765.1175560079085 740.3045900393812
218.0 21.26212361850236 797.9156533544175 776.6535297359152
219.0 21.81658905851863 801.2681103011052 779.4515212425866
220.0 9.316431628792324 903.721260303229 894.4048286744367
221.0 17.24356184981588 837.834432360158 820.5908705103422
222.0 25.76744898717624 760.2011437117976 734.4336947246213
223.0 22.32569502167088 796.7147891813866 774.3890941597157
224.0 13.61360592561088 867.6086443484613 853.9950384228504
225.0 19.28029299453555 818.5476111548209 799.2673181602854
226.0 23.33249454368866 786.6932010744466 763.3607065307579
227.0 23.34462887786466 781.3316440743935 757.9870151965289
228.0 24.82455357144353 766.9768139033569 742.1522603319133
229.0 21.3830160521186 808.0256130760427 786.6425970239241
230.0 20.25745439919427 815.529822450067 795.2723680508727
231.0 21.94807039308187 793.5691503564286 771.6210799633467
232.0 25.42821624771472 764.4346613716935 739.0064451239788
233.0 24.66583710329104 769.5515503183738 744.8857132150828
234.0 22.1970128756016 793.1658082422342 770.9687953666326
235.0 24.18827861370961 779.59682321103 755.4085445973204
236.0 25.11978792603152 766.074794707739 740.9550067817075
237.0 23.66565630074578 784.96768907837 761.3020327776242
238.0 21.36534773521429 807.5487290508995 786.1833813156852
239.0 25.98858208445547 761.1995976655222 735.2110155810667
240.0 25.15363413944621 769.8826968074323 744.7290626679861
241.0 25.76046282685713 762.698473617249 736.9380107903918
242.0 18.12711880659976 833.294604343962 815.1674855373623
243.0 22.33911865192713 794.7915565276347 772.4524378757076
244.0 21.6886940934263 806.6288015280195 784.9401074345932
245.0 25.8959784397838 760.4636074445303 734.5676290047465
246.0 25.16312070827625 767.1030792422812 741.9399585340049
247.0 24.73785798499476 774.3095254279358 749.571667442941
248.0 23.8992225321317 785.5730403461417 761.67381781401
249.0 23.25045325640035 784.6526656935958 761.4022124371955
250.0 21.97122746785875 804.9859359806619 783.0147085128032
251.0 23.98500303775626 778.2463897159692 754.2613866782129
252.0 20.5887464723241 815.1042262385064 794.5154797661823
253.0 23.01831361041859 788.0301131818792 765.0117995714606
254.0 28.08932269418682 743.7327238326178 715.643401138431
255.0 25.17033142843157 770.8773341825208 745.7070027540893
256.0 24.1344188131243 786.2241528150495 762.0897340019252
257.0 25.78860013111433 766.1105698361878 740.3219697050735
258.0 25.63637666355068 765.6904149005999 740.0540382370493
259.0 26.29676297048994 755.3073488228888 729.0105858523989
260.0 8.791265123693725 909.7220629132035 900.9307977895098
261.0 29.00563362655347 733.2403026794193 704.2346690528658
262.0 24.97898147135392 772.3242058860863 747.3452244147324
263.0 28.78556979519055 735.7246445625016 706.9390747673111
264.0 26.28179030721113 758.3612116860117 732.0794213788006
265.0 26.71914133223734 756.8275628468354 730.1084215145981
266.0 22.93144728285342 793.7312869298682 770.7998396470148
267.0 24.91015133856031 779.7542309215897 754.8440795830294
268.0 26.66288349648816 761.0030623450511 734.340178848563
269.0 22.26642337561641 803.4110984629165 781.1446750873001
270.0 23.86151766503933 783.1898482015573 759.328330536518
271.0 27.78087036827939 744.8369380161198 717.0560676478405
272.0 24.75526400227923 783.3861338771707 758.6308698748914
273.0 28.50969358449807 738.7955029719572 710.2858093874591
274.0 23.63545127860359 785.8687773385346 762.233326059931
275.0 15.18919395904312 855.713311394173 840.5241174351299
276.0 25.6016581157891 766.787471594319 741.1858134785299
277.0 26.70485444633204 755.751587106314 729.046732659982
278.0 27.3200546667706 746.4671499803603 719.1470953135897
279.0 17.86622324494531 835.7055560716786 817.8393328267333
280.0 25.1357693363461 777.070162934883 751.9343935985369
281.0 25.45751692257694 769.1836030350076 743.7260861124306
282.0 25.72170994885496 771.9520890318779 746.2303790830229
283.0 25.92328592477801 762.6895483948317 736.7662624700536
284.0 23.91456662520269 789.9609770266945 766.0464104014918
285.0 23.6543250055959 792.559111364678 768.9047863590821
286.0 27.91706014569279 741.4477491001753 713.5306889544825
287.0 17.05673691889571 841.7095944171436 824.6528574982479
288.0 28.22648588256747 742.0714887494685 713.8450028669011
289.0 25.54071489271059 776.2926630419055 750.751948149195
290.0 25.03144558569449 781.6568387410794 756.6253931553849
291.0 27.41437318604446 755.5004512570357 728.0860780709912
292.0 25.88266343857395 769.6467530689934 743.7640896304195
293.0 26.82641305533343 760.1095256163956 733.2831125610621
294.0 28.20485170624441 744.3859881138155 716.1811364075711
295.0 28.27746385588076 739.4304650017931 711.1530011459123
296.0 24.96627178304737 780.0119949887783 755.045723205731
297.0 24.21722974394214 782.2018378361179 757.9846080921757
298.0 26.01845938724487 770.3964288989335 744.3779695116886
299.0 17.59279100795535 837.5736274600341 819.9808364520787
300.0 28.82433967853707 732.1985031623335 703.3741634837965
301.0 26.42087477115965 761.7525542609957 735.331679489836
302.0 21.147830189288 811.315095645309 790.167265456021
303.0 28.54418756831274 744.3040114949008 715.759823926588
304.0 28.40346623539106 739.3802891281475 710.9768228927564
305.0 28.1508593436154 748.4646309686548 720.3137716250394
306.0 27.01439119287476 756.5736088597538 729.5592176668791
307.0 26.53210297260513 761.6231877488802 735.0910847762751
308.0 23.36525712617578 794.4076278382722 771.0423707120964
309.0 27.7386697011669 749.3669216423627 721.6282519411958
310.0 18.13738041462505 833.7146821417277 815.5773017271026
311.0 27.39309092376348 747.9163736300108 720.5232827062473
312.0 29.37711191529485 731.4109365889703 702.0338246736755
313.0 28.13048960984203 744.4673944796958 716.3369048698538
314.0 28.87733712831407 735.2745011575196 706.3971640292055
315.0 28.47958602525387 749.4565659737952 720.9769799485414
316.0 26.89779000549004 760.0042256177843 733.1064356122943
317.0 24.59730548237894 782.3744560244824 757.7771505421035
318.0 27.74629758210493 751.4820910687048 723.7357934865998
319.0 28.47954337374458 740.5216262414001 712.0420828676555
320.0 28.454072239737 744.0502405301259 715.5961682903889
321.0 28.40394402955092 742.4616996505617 714.0577556210108
322.0 26.66240983204175 767.8619032379317 741.19949340589
323.0 25.51442384662936 775.4174055775729 749.9029817309435
324.0 27.53857681191995 753.7730101614171 726.2344333494972
325.0 27.88900029388282 745.4847575872452 717.5957572933624
326.0 28.71048418959104 740.594412236092 711.883928046501
327.0 28.51331309293727 742.4673976804001 713.9540845874628
328.0 29.74981117077949 727.0987447893297 697.3489336185503
329.0 28.84322846022001 737.9504178303686 709.1071893701486
330.0 29.87455266897388 725.0742647317605 695.1997120627867
331.0 28.66878433839502 739.0899875817895 710.4212032433945
332.0 30.23153669986525 724.3127157365815 694.0811790367162
333.0 28.09863209078458 743.0909350121543 714.9923029213697
334.0 17.3261359777105 839.7194001168263 822.3932641391158
335.0 27.54638585370269 757.0646359398955 729.5182500861928
336.0 29.38936101923359 741.8879484300796 712.498587410846
337.0 30.19586284210554 722.3726827796994 692.1768199375939
338.0 28.72489105380123 740.5072463243066 711.7823552705054
339.0 28.55647557506351 749.0775364835765 720.521060908513
340.0 28.6464971374465 750.9698401867134 722.3233430492669
341.0 27.69363620268452 757.231074458624 729.5374382559394
342.0 17.05687964592962 841.7196846721532 824.6628050262236
343.0 29.52410082203091 733.6966117663062 704.1725109442752
344.0 28.84948631249159 742.9612210508105 714.1117347383189
345.0 30.18477476240751 724.3386392081868 694.1538644457793
346.0 29.7094878663927 726.7558823543444 697.0463944879517
347.0 31.12893139251411 711.3199372847189 680.1910058922048
348.0 29.12546643745327 732.6619303184005 703.5364638809473
349.0 28.64575530774629 742.1245738729969 713.4788185652506
350.0 30.83721910560852 716.5627625616596 685.7255434560511
351.0 30.51843690367331 719.7656695190955 689.2472326154222
352.0 30.17747718936397 723.1988877533661 693.0214105640021
353.0 29.34784574088039 735.9475452313348 706.5996994904544
354.0 30.98710692999329 718.5230243985598 687.5359174685665
355.0 30.30621984522003 721.4798174400775 691.1735975948575
356.0 28.66431721600985 751.5108855353751 722.8465683193653
357.0 29.67663067576175 732.8369310196929 703.1603003439311
358.0 30.05079949033001 728.7019249197918 698.6511254294618
359.0 28.80631776105111 746.3476934439245 717.5413756828734
360.0 29.7000386828023 728.9728971942953 699.272858511493
361.0 30.03168074460131 726.227381286535 696.1957005419337
362.0 30.92083750802717 716.0187237665395 685.0978862585124
363.0 29.8544865859759 729.2441470300355 699.3896604440596
364.0 30.43312694808388 726.1260632156109 695.692936267527
365.0 28.14504411997068 751.2226116450806 723.07756752511
366.0 30.99969498934915 720.2941999959226 689.2945050065734
367.0 30.95125037146837 715.675113369427 684.7238629979586
368.0 28.57446443871925 750.8392554912909 722.2647910525716
369.0 30.85202785207273 723.9893663596393 693.1373385075666
370.0 31.28404780743414 711.6048316124934 680.3207838050592
371.0 30.64308567295571 724.0914135859485 693.4483279129928
372.0 29.80886851316105 742.0634755953447 712.2546070821837
373.0 30.85182920464232 723.2367108157564 692.384881611114
374.0 31.77752333145831 709.7144016462473 677.936878314789
375.0 30.0479672834468 731.2277393278114 701.1797720443646
376.0 30.9629013879244 723.2227658939422 692.2598645060178
377.0 29.88850392498555 730.5898952556189 700.7013913306334
378.0 31.93181249129379 707.185414052855 675.2536015615612
379.0 31.59507988668774 712.7739780329176 681.1788981462299
380.0 31.72811598105754 708.5786777035753 676.8505617225177
381.0 29.76930692312997 736.59683079416 706.82752387103
382.0 32.1206688783794 704.4308034596993 672.3101345813199
383.0 29.75101822622847 742.2527664916295 712.5017482654011
384.0 31.12568255953036 722.3686737116601 691.2429911521298
385.0 31.40654115025434 721.0573069741465 689.6507658238922
386.0 31.58217411542933 713.0480016230184 681.4658275075891
387.0 28.78602686829471 754.4389467202846 725.6529198519899
388.0 30.93235461286404 724.4441631413602 693.5118085284961
389.0 31.7662470497803 711.1922379883548 679.4259909385745
390.0 28.17406667275365 758.7935809291455 730.6195142563918
391.0 31.83099600933346 718.4776482425029 686.6466522331694
392.0 26.5248343203517 772.9868671189139 746.4620327985622
393.0 29.91300814663713 744.4718101064392 714.5588019598021
394.0 32.31650862407183 706.2534297860889 673.936921162017
395.0 32.1758945832185 708.9508055239178 676.7749109406993
396.0 30.92224899942627 729.3057670452414 698.3835180458151
397.0 32.58547547166665 705.0353631153617 672.449887643695
398.0 32.46833009655333 705.4497326568783 672.981402560325
399.0 31.60144320157608 719.6574332784694 688.0559900768934
400.0 32.76607281382758 703.1793218934803 670.4132490796528
401.0 32.1371351718246 717.0181815985181 684.8810464266935
402.0 32.05624101618762 714.4747304373924 682.4184894212048
403.0 33.14016762334298 696.7810543163217 663.6408866929788
404.0 32.68626349303781 705.0129528157296 672.3266893226918
405.0 32.15263338000484 716.1013758580033 683.9487424779984
406.0 33.30709653742009 696.7360950461129 663.4289985086928
407.0 32.89828664106718 701.5130916133412 668.614804972274
408.0 31.17295992509565 725.6550640662196 694.4821041411239
409.0 33.44793206189465 696.5147367896969 663.0668047278023
410.0 33.71553337189032 691.1355752187034 657.4200418468131
411.0 33.3925504928446 698.9438361285068 665.5512856356622
412.0 33.64191021129523 697.0610465149438 663.4191363036485
413.0 33.37961329490817 697.4650732731708 664.0854599782626
414.0 27.10705667720368 769.1925349689075 742.0854782917038
415.0 33.99545418820313 692.9464685366116 658.9510143484084
416.0 32.73235363749852 710.7826011015632 678.0502474640647
417.0 33.92351369896657 694.3011387536001 660.3776250546335
418.0 33.97981565791551 689.9012183698443 655.9214027119288
419.0 34.45407597390007 684.6429252054795 650.1888492315794
420.0 32.6631222429382 718.6465041228637 685.9833818799255
421.0 32.61880864870556 717.7210191784768 685.1022105297713
422.0 33.77959304716081 698.7571683727817 664.9775753256208
423.0 34.65203186143893 686.6105361578185 651.9585042963795
424.0 33.58193666890098 706.5342802715767 672.9523436026757
425.0 33.65721183518917 701.4128270492108 667.7556152140216
426.0 33.99467915785151 695.8077899650585 661.8131108072069
427.0 34.03405774827936 697.9616106262532 663.9275528779739
428.0 33.6446120685479 707.8127509942618 674.1681389257139
429.0 34.69855085419895 688.7024673193822 654.0039164651832
430.0 34.32446233035279 700.8592201682793 666.5347578379265
431.0 34.84665542741034 694.1209515644793 659.2742961370689
432.0 35.01419925303803 682.2657027081133 647.2515034550752
433.0 34.30569746927564 695.0465599095746 660.740862440299
434.0 34.94192306163717 690.2195290649086 655.2776060032714
435.0 34.43908894652539 698.4320110559205 663.9929221093951
436.0 34.13748722673707 705.2951782851257 671.1576910583886
437.0 36.08968486926294 673.1929571743126 637.1032723050497
438.0 35.4452637312567 681.2038578111528 645.7585940798961
439.0 35.12167792497285 689.0966467446619 653.974968819689
440.0 35.76952234331384 680.9393980207728 645.1698756774589
441.0 34.59518321761321 703.6976162377296 669.1024330201164
442.0 36.13941056188089 676.3896124608198 640.2502018989389
443.0 35.87786964123943 679.703420175282 643.8255505340425
444.0 33.53288983695241 721.1948157370576 687.6619259001052
445.0 35.74184365857011 683.8620429898211 648.120199331251
446.0 36.48832794341983 674.921067574229 638.4327396308092
447.0 25.96255154890923 777.7037358357572 751.7411842868479
448.0 35.62958986487417 691.9462103156708 656.3166204507967
449.0 33.80094153904642 718.4081337160856 684.6071921770392
450.0 36.12502182172591 681.880756546776 645.7557347250501
451.0 35.51390474957838 697.6360010871775 662.1220963375991
452.0 36.55317298212671 679.1662951430899 642.6131221609632
453.0 37.53917690776198 665.5010386670451 627.9618617592831
454.0 35.11914274917594 699.5152423017924 664.3960995526164
455.0 35.56671213254779 704.323460402469 668.7567482699212
456.0 36.53937196629053 689.8636186528089 653.3242466865183
457.0 37.13327734764025 673.3602449440965 636.2269675964563
458.0 37.65080787212489 668.7134598790289 631.0626520069041
459.0 38.04201062703867 662.852144862644 624.8101342356054
460.0 37.75234991263948 673.1925712935349 635.4402213808954
461.0 37.60963003326885 676.1056601302051 638.4960300969362
462.0 37.69968339222826 678.839257720109 641.1395743278807
463.0 37.59677846546293 672.0871142296416 634.4903357641787
464.0 37.65131124672652 676.7685311785361 639.1172199318096
465.0 37.10423374752212 688.4141757381451 651.309941990623
466.0 38.6971360865851 663.3355107569485 624.6383746703634
467.0 30.64079950253451 745.6455644101823 715.0047649076478
468.0 37.84179520092894 678.3977606382599 640.555965437331
469.0 38.6035641015196 671.4616759219088 632.8581118203892
470.0 38.96797748081011 664.7841756774533 625.8161981966432
471.0 39.22944265434276 661.6258949914563 622.3964523371135
472.0 38.90638110815383 668.8700659543619 629.9636848462081
473.0 34.2217062841572 720.6898769038209 686.4681706196637
474.0 39.2789010069436 666.390476498028 627.1115754910844
475.0 40.29141969027705 650.7262145447535 610.4347948544764
476.0 40.88833372477712 644.4799931335212 603.5916594087441
477.0 39.06816037026261 670.4748330359123 631.4066726656497
478.0 38.90455558564013 677.9644284801044 639.0598728944642
479.0 41.3710814702111 642.3600677279357 600.9889862577246
480.0 40.51805530506235 657.6864054446743 617.168350139612
481.0 40.6751751258181 650.7950974347023 610.1199223088842
482.0 40.69960511315082 655.9624239593805 615.2628188462296
483.0 36.05742144946224 708.9132000567711 672.8557786073089
484.0 38.71169361654169 686.9969387138202 648.2852450972785
485.0 42.17178831571693 639.1289987996423 596.9572104839254
486.0 41.8568188797404 648.6874572721161 606.8306383923757
487.0 41.90291193301796 644.4184033935498 602.5154914605318
488.0 40.75501324236597 663.0933932174465 622.3383799750805
489.0 41.46089582462949 654.9884114430095 613.52751561838
490.0 42.27732565891311 652.7841372994953 610.5068116405821
491.0 41.91224758534108 653.4519623863113 611.5397148009703
492.0 43.47911206625502 633.2376274448715 589.7585153786165
493.0 43.27463628190926 643.5536245100416 600.2789882281323
494.0 36.98067893701276 703.2183278915245 666.2376489545117
495.0 44.41688614439542 627.2291085277928 582.8122223833974
496.0 44.5093704435844 626.7114027786956 582.2020323351112
497.0 44.09350383488963 636.5445990015881 592.4510951666985
498.0 43.07085173394708 649.7647406150453 606.6938888810982
499.0 44.92777480967306 625.269412050252 580.3416372405789
500.0 40.08201210531044 683.1500931799772 643.0680810746668
501.0 45.55878500903703 625.4314456925343 579.8726606834973
502.0 43.62065604679634 653.9767220702387 610.3560660234424
503.0 44.41346238365595 642.4914843704149 598.078021986759
504.0 46.01536572801564 627.5530675961144 581.5377018680987
505.0 47.15227463790399 613.4610387702032 566.3087641322992
506.0 46.03253620279992 627.6581554035854 581.6256192007854
507.0 46.87330396596657 614.8426688620626 567.969364896096
508.0 47.38855952903239 613.8560631744206 566.4675036453882
509.0 48.10034625081128 608.0254895038437 559.9251432530324
510.0 47.95053812222339 614.7298654451059 566.7793273228825
511.0 46.75366939666085 626.3621373850868 579.608467988426
512.0 48.71038178190687 606.128486781192 557.4181049992851
513.0 48.3143284145816 617.9590511016503 569.6447226870686
514.0 49.21057662311634 609.4134274770146 560.2028508538982
515.0 48.54028104682518 616.6313956177205 568.0911145708953
516.0 50.25351968335391 600.2831631651621 550.0296434818081
517.0 50.66369392301418 596.8288118555525 546.1651179325383
518.0 50.81543668962757 595.3053783083192 544.4899416186916
519.0 51.25635026098339 595.9372353766086 544.6808851156253
520.0 50.02860570792727 604.0004766734843 553.971870965557
521.0 52.42511758825639 585.2550920527601 532.8299744645037
522.0 53.03044253014306 589.2698212209777 536.2393786908346
523.0 49.96508731400602 614.1365565660022 564.1714692519962
524.0 53.15288510729021 588.7716791309363 535.6187940236461
525.0 53.09772344762126 593.1318407907133 540.034117343092
526.0 53.52984502183996 587.8204878823354 534.2906428604954
527.0 51.31433909953306 609.0717749865241 557.757435886991
528.0 56.03267651017027 567.9767183887911 511.9440418786208
529.0 54.49475203743219 586.6468093517837 532.1520573143515
530.0 53.41485429874402 598.0183994076354 544.6035451088914
531.0 56.22975737525538 574.8086951975457 518.5789378222903
532.0 56.48990853151673 572.881249850086 516.3913413185693
533.0 59.68663595573561 545.2258338596033 485.5391979038677
534.0 53.92241198023013 589.0234804477035 535.1010684674734
535.0 58.16561259700795 560.5241386106474 502.3585260136395
536.0 58.15422546112443 566.2103017045589 508.0560762434344
537.0 59.14013069922008 560.8648429056902 501.7247122064702
538.0 61.74504309519814 541.4364811318279 479.6914380366297
539.0 61.37691006053212 542.4956313657353 481.1187213052032
540.0 59.02569425866724 559.8234604818704 500.7977662232031
541.0 57.69892768365376 573.6719165982652 515.9729889146114
542.0 57.3689173798712 575.5345385279126 518.1656211480414
543.0 62.30524591547603 541.8017867127869 479.4965407973109
544.0 60.24873599808366 556.3612532573081 496.1125172592245
545.0 64.6227628901773 531.7148326243975 467.0920697342202
546.0 78.96222118839167 469.2864973871847 390.3242761987931
547.0 79.22320972895962 470.5218339226942 391.2986241937346
548.0 84.68689784003203 453.5959271520553 368.9090293120232
549.0 58.67974976927673 567.7221369978347 509.0423872285579
550.0 59.33238963530425 563.6638265453784 504.3314369100742
551.0 89.34763703160412 436.964233300821 347.6165962692169
552.0 88.03610054239163 443.3809032843473 355.3448027419557
553.0 85.2347651648468 451.0056938413521 365.7709286765053
554.0 82.24679993409821 461.651117409684 379.4043174755858
555.0 94.1788311530319 423.7218913156683 329.5430601626364
556.0 89.48801635583713 439.5679207552209 350.0799043993838
557.0 96.26688253294211 421.6064175131069 325.3395349801648
558.0 85.89955840330409 449.0264171528262 363.1268587495221
559.0 87.35031250139894 445.5347650428003 358.1844525414013
560.0 96.27396841508305 421.7139166339897 325.4399482189067
561.0 103.2297945285159 403.6807167748799 300.450922246364
562.0 110.1404901049852 385.0310993296368 274.8906092246517
563.0 105.8714094598305 395.0461170256284 289.1747075657979
564.0 107.1247482746693 393.6856947558963 286.5609464812271
565.0 98.5847485912456 415.7158528959839 317.1311043047383
566.0 110.4300253627444 382.564430738 272.1344053752556
567.0 112.6561180339089 379.4359985501892 266.7798805162804
568.0 120.6191218919515 361.7204617265099 241.1013398345584
569.0 112.6561242409336 379.4361707142439 266.7800464733103
570.0 119.5751904567459 363.2810680148982 243.7058775581523
571.0 119.6621217440489 363.7055884379415 244.0434666938926
572.0 134.0010944869487 335.073213620382 201.0721191334333
573.0 119.663265519246 363.722132081816 244.05886656257
574.0 130.9514283467741 341.7056493406785 210.7542209939044
575.0 118.6876910237547 365.4497250512298 246.7620340274751
576.0 149.2788866233283 307.3031308629309 158.0242442396027
577.0 150.2609633643873 305.0580578545813 154.797094490194
578.0 120.6192045715845 361.7221369996124 241.1029324280279
579.0 137.4207618608996 329.7221369888136 192.3013751279139
580.0 176.188635874955 262.5823474422043 86.39371156724926
581.0 155.9504278853185 295.7221369947472 139.7717091094287
582.0 166.8402731068999 277.7221085522794 110.8818354453795
583.0 176.6920126257493 263.6474503382377 86.95543771248841
584.0 184.0061130864595 253.7216709960382 69.71555790957877
585.0 203.0778824106468 227.5708650897968 24.49298267914995
586.0 200.1590401410742 231.6649077431877 31.50586760211353
587.0 198.6935107728666 233.7031549237788 35.00964415091226
588.0 200.1583296847636 231.6715625370983 31.5132328523347
591.0 219.2752578594757 205.722137 -13.5531208594757
