0.0 4.107432647549927 980.5705369427346 976.4631042951846
1.0 2.961380547694835 980.6911629137429 977.7297823660481
2.0 2.050568662520787 982.2048304334434 980.1542617709226
3.0 1.462650833096945 980.6974316382281 979.2347808051312
4.0 1.056565304469415 981.0076077541983 979.9510424497289
5.0 0.7176273317709688 979.394025770964 978.6763984391931
6.0 0.6078681651722835 981.4444735885099 980.8366054233376
7.0 0.323598317629585 979.6754590202481 979.3518607026186
8.0 0.2898460072645257 978.7950240933322 978.5051780860677
9.0 0.212262605340314 979.2035384139503 978.99127580861
10.0 0.1016820086553505 977.9387739426566 977.8370919340013
11.0 0.07437088558508798 977.6984036813915 977.6240327958064
12.0 0.002091799642142872 977.6538368565501 977.6517450569079
13.0 0.05562925341898442 976.8513323770847 976.7957031236657
14.0 0.104405815377408 976.5000725862047 976.3956667708273
15.0 0 976.2564087625658 976.2564087625658
16.0 0.1611477112205878 975.0612396542301 974.9000919430095
17.0 0.1176244616088151 975.3649925758879 975.2473681142791
18.0 0.1645249494499137 975.483163220418 975.3186382709681
19.0 0.2699388129276926 972.615883360698 972.3459445477703
20.0 0.3384103041313574 975.2164601392693 974.8780498351379
21.0 0.3848666622510695 974.5855592225267 974.2006925602756
22.0 0.4576161071233104 973.4720250229111 973.0144089157878
23.0 0.5425300352328109 973.0511225470386 972.5085925118058
24.0 0.6076117613279567 972.756450143872 972.1488383825441
25.0 0.6675055849004617 972.8958491015456 972.2283435166451
26.0 0.749153092262386 971.7682344053057 971.0190813130433
27.0 0.7778578501653156 972.0451679390065 971.2673100888412
28.0 0.9129774405014346 973.1947973520948 972.2818199115934
29.0 0.8935945460411251 971.8511937838828 970.9575992378417
30.0 0.9148296868327681 971.5807547192771 970.6659250324443
31.0 1.148496737432533 968.9989045246072 967.8504077871747
32.0 1.205820612995339 971.7404267803443 970.534606167349
33.0 1.264654030601613 969.1740742891524 967.9094202585508
34.0 1.239163627556721 969.6640381585737 968.4248745310169
35.0 1.517740200592571 968.3194049656756 966.8016647650831
36.0 1.54425509234189 969.8452867908365 968.3010316984946
37.0 1.638045393771989 968.1800755893132 966.5420301955412
38.0 1.771992056927002 967.9676086033946 966.1956165464676
39.0 1.84166142147001 966.9715142808223 965.1298528593523
40.0 1.943732522887269 966.9275588268972 964.98382630401
41.0 2.037115632646802 968.3401760741573 966.3030604415105
42.0 2.060722208948103 969.0432377768252 966.9825155678771
43.0 2.221417475231299 965.5540568388548 963.3326393636235
44.0 2.211517491218798 966.6508461695226 964.4393286783038
45.0 2.381468610706103 962.1966001355218 959.8151315248157
46.0 2.649616125857873 967.2377244631891 964.5881083373312
47.0 2.549685471073227 967.4427462356199 964.8930607645467
48.0 2.663499446746094 966.5964648610698 963.9329654143237
49.0 2.992120862469218 965.3411290379752 962.3490081755059
50.0 3.049244538740967 964.1442230703911 961.0949785316501
51.0 3.255729019861654 961.7088685630625 958.4531395432008
52.0 3.171881612556692 965.6762418856358 962.5043602730792
53.0 3.365479115557214 962.1174520007514 958.7519728851941
54.0 3.408487235243004 963.5393481862924 960.1308609510494
55.0 3.86057327256898 963.1853233951458 959.3247501225768
56.0 3.890766529180417 960.1959680494364 956.305201520256
57.0 3.938443059447298 958.7621597507695 954.8237166913222
58.0 4.005104399841433 962.7635452049165 958.7584408050751
59.0 4.228364347334765 964.1386888943078 959.910324546973
60.0 4.172314364127474 959.7181203246409 955.5458059605134
61.0 4.236877132733041 957.893862674873 953.65698554214
62.0 4.753356012547197 960.7335281402832 955.980172127736
63.0 4.46794630253943 964.3221317825274 959.854185479988
64.0 5.149644152772568 951.6190531549651 946.4694090021926
65.0 4.729179813786361 963.1273686100239 958.3981887962376
66.0 4.995958359279084 955.8160086810441 950.820050321765
67.0 5.242264162906671 956.9618176896353 951.7195535267286
68.0 5.599488819596205 952.2650087634328 946.6655199438366
69.0 5.628635135131012 949.3234198612765 943.6947847261455
70.0 5.363374656491111 962.0949625584793 956.7315879019882
71.0 6.664886735235383 964.9367313647763 958.2718446295409
72.0 5.963507568534616 949.3784646719579 943.4149571034232
73.0 5.694857129165376 960.8201216813336 955.1252645521682
74.0 6.778517287289017 958.6631813564887 951.8846640691997
75.0 7.343837173027317 943.9314314860476 936.5875943130203
76.0 7.036864895755093 966.4654634109167 959.4285985151616
77.0 7.298370795492153 958.9111045278265 951.6127337323344
78.0 6.86871685173291 949.1824596612569 942.313742809524
79.0 7.717177538533389 936.202572784707 928.4853952461736
80.0 7.671912781157134 943.2591918279959 935.5872790468388
81.0 8.432950035709507 927.6034288758984 919.1704788401889
82.0 7.259015100467094 952.9529830730901 945.693967972623
83.0 9.153266820051382 920.3106839506108 911.1574171305594
84.0 10.95859132464878 901.0703658872298 890.111774562581
85.0 7.67591202432076 977.4121329093977 969.736220885077
86.0 9.478924845442632 913.9460933889543 904.4671685435117
87.0 11.76536469224166 890.3362589447815 878.5708942525398
88.0 8.598844079660182 952.9851088193882 944.386264739728
89.0 8.314174334082247 983.2589577934935 974.9447834594112
90.0 11.05169614558957 896.6445161185113 885.5928199729218
91.0 12.2330147851133 890.2626389926733 878.02962420756
92.0 11.87157890947488 897.504998141175 885.6334192317001
93.0 8.759027712419469 940.1792257516701 931.4201980392506
94.0 10.75041733795137 915.4381308023679 904.6877134644165
95.0 12.241347088547 902.0792048696552 889.8378577811082
96.0 14.90643240703746 873.2157748293116 858.3093424222741
97.0 13.55721760622589 890.0122192939257 876.4550016876998
98.0 12.47629588456388 902.0144147026657 889.5381188181018
99.0 15.94832186581553 867.0972754325051 851.1489535666896
100.0 14.08004772274263 885.2529056537015 871.1728579309588
101.0 9.861027354902446 926.9200434553674 917.059016100465
102.0 15.07058361234922 877.1845079995056 862.1139243871564
103.0 8.371816041050705 989.362842808959 980.9910267679083
104.0 14.11183170892097 886.3391887172514 872.2273570083305
105.0 15.93802236137905 871.3826759406172 855.4446535792381
106.0 14.78977060886946 881.9399878233214 867.1502172144519
107.0 14.35721364489931 892.7764952152722 878.4192815703729
108.0 16.36899609706841 876.248150180733 859.8791540836646
109.0 16.28325434656474 882.22564491898 865.9423905724152
110.0 16.15721172176659 876.3944895402527 860.2372778184861
111.0 17.91901823123273 865.6858869888553 847.7668687576226
112.0 19.28453948323169 857.9477780283321 838.6632385451004
113.0 16.15825111074426 877.5007839460596 861.3425328353154
114.0 20.03564319537813 850.6735972268998 830.6379540315217
115.0 15.134959114256 889.6377804001719 874.5028212859159
116.0 18.51322100440166 868.199898032595 849.6866770281933
117.0 20.21962141135597 855.2368836945066 835.0172622831507
118.0 13.42761965806317 900.7313983012349 887.3037786431717
119.0 19.67943242961282 859.1521424504033 839.4727100207905
120.0 8.744848688132406 935.9048710326766 927.1600223445442
121.0 18.34669147819418 866.631198443252 848.2845069650578
122.0 16.1836543006269 882.6829831401763 866.4993288395494
123.0 20.43351306456761 854.5211110262582 834.0875979616906
124.0 14.97073620640909 889.6822800795388 874.7115438731297
125.0 14.5400711798768 895.6725708952299 881.1324997153531
126.0 22.96583937412133 839.3132583542528 816.3474189801315
127.0 18.96504255826816 866.9673495053139 848.0023069470457
128.0 20.12632991178 861.367389257204 841.2410593454241
129.0 21.91669479049187 849.9194349911023 828.0027402006104
130.0 19.95947300021749 865.942858160914 845.9833851606965
131.0 18.49325611133264 870.3775790015301 851.8843228901975
132.0 22.90987290770441 842.6437915281583 819.7339186204539
133.0 24.25914355854383 835.8361196428846 811.5769760843407
134.0 13.46924454116197 901.7160369574967 888.2467924163348
135.0 9.852702435215384 931.7218440956076 921.8691416603923
136.0 24.40934472719607 834.1164299942875 809.7070852670914
137.0 21.59546995157784 858.2944432773758 836.6989733257979
138.0 26.69300424035077 827.3148890051807 800.6218847648299
139.0 22.83662945017921 846.7330828859902 823.896453435811
140.0 11.12082855110266 917.7150145862624 906.5941860351598
141.0 22.13164471412322 852.4147646214364 830.2831199073132
142.0 25.44098245487629 834.5379236397827 809.0969411849064
143.0 25.8742077170633 825.8572758829863 799.983068165923
144.0 27.24702625815891 822.5922739528112 795.3452476946523
145.0 24.06848028695797 840.9785208604858 816.9100405735279
146.0 9.278252639388054 941.7220888333303 932.4438361939422
147.0 25.33259214343843 833.5018284874242 808.1692363439858
148.0 22.05159230008007 856.8205730622649 834.7689807621849
149.0 15.67038484513661 889.7085026647435 874.0381178196069
150.0 26.85480554549366 826.343972150073 799.4891666045794
151.0 25.14883459635608 837.8457200694574 812.6968854731013
152.0 28.37009382602973 812.8704082647377 784.500314438708
153.0 26.15369837621206 829.8887796259629 803.7350812497509
154.0 26.93148041076365 823.6611126174474 796.7296322066838
155.0 26.772218733821 824.1008103110838 797.3285915772628
156.0 26.23614837713425 832.2456813891397 806.0095330120054
157.0 27.05356375632781 823.7620986108139 796.7085348544861
158.0 9.852699627252947 931.7216881764379 921.868988549185
159.0 25.23070378580305 837.0405313577116 811.8098275719086
160.0 24.85994273042377 839.7386310191962 814.8786882887724
161.0 28.8320941174765 814.7521181393688 785.9200240218923
162.0 24.12698265988376 847.2197421864833 823.0927595265995
163.0 8.3354716349285 981.6329664581045 973.297494823176
164.0 25.15963262500035 838.9934194984953 813.833786873495
165.0 29.43507494301362 811.3168781427006 781.881803199687
166.0 29.37017336507342 812.1551603611796 782.7849869961061
167.0 25.96992453741884 834.6997089465447 808.7297844091259
168.0 28.95685360313724 817.320808749018 788.3639551458807
169.0 30.0686489148288 812.469576959808 782.4009280449792
170.0 29.27097192100731 817.5949916826121 788.3240197616048
171.0 26.84070445287058 831.0407125905643 804.2000081376938
172.0 27.40742179766806 830.1926137175218 802.7851919198537
173.0 28.64003639483038 815.8356082065446 787.1955718117142
174.0 27.10427769481377 828.2571142188403 801.1528365240265
175.0 23.95694753609686 843.1075678949714 819.1506203588746
176.0 29.70265884873949 812.2860707927834 782.583411944044
177.0 8.370764482695602 987.7221351164321 979.3513706337365
178.0 11.12094201519883 917.7211966957201 906.6002546805212
179.0 28.67685743135858 819.4675446789102 790.7906872475516
180.0 31.25700035220338 804.4687013155593 773.211700963356
181.0 21.26420087392569 861.6810190903856 840.4168182164599
182.0 28.18027055860005 825.803684303502 797.623413744902
183.0 33.12742062489691 794.8031126645177 761.6756920396207
184.0 29.39319971572328 818.9212415073186 789.5280417915953
185.0 8.500901157482821 1007.7221190016 999.221217844117
186.0 31.50415096620396 808.9529699017667 777.4488189355627
187.0 16.05608369461525 887.7208606458014 871.6647769511861
188.0 29.59685199194001 812.1520799391295 782.5552279471895
189.0 17.23132627506511 881.7220325315381 864.490706256473
190.0 34.44494244557495 790.582634255029 756.137691809454
191.0 30.24908495969339 815.0439964771919 784.7949115174985
192.0 29.03730690555398 821.3942530276932 792.3569461221392
193.0 32.62990325949271 796.540179871252 763.9102766117593
194.0 31.72388671027612 805.6532088553074 773.9293221450313
195.0 27.89546023015748 829.5639890311155 801.6685288009581
196.0 23.31978489393992 851.7099619610339 828.390177067094
197.0 34.61233046343267 792.1518317752142 757.5395013117815
198.0 33.52138181259678 794.7707840647136 761.2494022521168
199.0 32.8707739266349 801.445122941063 768.5743490144281
200.0 31.67193767654317 805.7266251605333 774.0546874839902
201.0 36.24552459273013 780.3718916016339 744.1263670089037
202.0 30.72273612578988 813.9938774843372 783.2711413585473
203.0 31.64493111307776 810.567488189787 778.9225570767093
204.0 33.99979397239255 794.0013938305456 760.0015998581531
205.0 34.73258184203039 791.0806277219983 756.348045879968
206.0 36.1997703996463 782.7741094280915 746.5743390284452
207.0 31.66652034266255 810.8198706490987 779.1533503064362
208.0 34.52845195695185 791.3749770702567 756.8465251133048
209.0 29.55622658359158 821.0450397277828 791.4888131441913
210.0 34.07753453834743 797.2653627305164 763.187828192169
211.0 36.76388663462981 775.6613670522524 738.8974804176226
212.0 38.55235212939881 768.2172785957323 729.6649264663335
213.0 37.63388782201313 772.2552153460498 734.6213275240367
214.0 32.55005275560384 807.5442623005878 774.994209544984
215.0 32.56091395815996 803.2092802316007 770.6483662734407
216.0 10.49338832496052 923.7221369682089 913.2287486432484
217.0 38.44218419987917 769.913583343328 731.4713991434488
218.0 32.56064190979766 801.9603679756559 769.3997260658582
219.0 32.93756009358494 804.7924494854827 771.8548893918977
220.0 13.12980534905115 903.7221349995373 890.5923296504861
221.0 25.78608774379458 839.2567173584888 813.4706296146942
222.0 39.74476353718722 765.9557386870699 726.2109751498827
223.0 33.77076395025886 800.448602722453 766.6778387721942
224.0 20.04222478600146 867.7162314074912 847.6740066214898
225.0 29.20448083610019 819.9849628555044 790.7804820194042
226.0 35.44732235358247 791.6970543641833 756.2497320106008
227.0 35.89058522494776 784.3134481468742 748.4228629219265
228.0 38.34827772284294 771.5485863122443 733.2003085894014
229.0 32.120738109853 809.4889236884974 777.3681855786444
230.0 30.41879765861232 817.4058368847197 786.9870392261073
231.0 33.66970260644605 794.8877191060115 761.2180164995655
232.0 39.20301048800028 767.5159555777111 728.3129450897108
233.0 38.05913355295235 772.5771503222365 734.5180167692841
234.0 33.88631177996863 796.5599325361238 762.6736207561552
235.0 36.88975205992095 782.8009489600373 745.9111969001163
236.0 38.77239431184688 769.0482550771459 730.275860765299
237.0 35.90829943773908 790.0500408719068 754.1417414341677
238.0 32.11717861151593 809.3981894551931 777.2810108436772
239.0 39.9128970591392 766.9563819458958 727.0434848867566
240.0 38.51215365387644 773.9869276154222 735.4747739615458
241.0 39.63365972586225 766.7913464970254 727.1576867711631
242.0 27.06071042300792 833.6863902733137 806.6256798503058
243.0 33.95698196497259 797.4375508776679 763.4805689126953
244.0 32.55345772074768 807.6470269633964 775.0935692426488
245.0 39.86804259142844 766.2169683620346 726.3489257706061
246.0 38.75027638356563 770.0920705738122 731.3417941902466
247.0 37.79425404563556 778.2101861442467 740.4159320986111
248.0 36.21929334958604 788.0385867272024 751.8192933776164
249.0 35.56290823782922 788.0584240868296 752.4955158490004
250.0 32.97905210172 805.6298036194146 772.6507515176946
251.0 36.74441923311209 782.0131079968407 745.2686887637286
252.0 30.85279635078506 815.6797086866112 784.8269123358262
253.0 35.10919549219746 790.9650021118759 755.8558066196784
254.0 43.36364979646258 747.3258039167894 703.9621541203268
255.0 38.50134158570821 774.182409795847 735.6810682101388
256.0 36.40043465092742 789.201370672677 752.8009360217495
257.0 39.43032870429663 770.3789090100507 730.948580305754
258.0 39.2182957965159 772.0737920941635 732.8554962976476
259.0 40.74136358561348 757.7672385098021 717.0258749241886
260.0 12.18152870084472 909.7221369597661 897.5406082589214
261.0 44.99805121348053 737.4870727098299 692.4890214963494
262.0 38.1547473769452 776.7677845680662 738.613037191121
263.0 44.63428884553483 739.0449780771862 694.4106892316513
264.0 40.39399680938467 764.6537030283908 724.2597062190061
265.0 41.02257544459217 761.1623493479453 720.1397739033531
266.0 34.64137054611539 796.6860080323701 762.0446374862547
267.0 37.65564221925374 782.6463968938124 744.9907546745586
268.0 40.62111759911369 767.0621669687424 726.4410493696287
269.0 33.40955940604967 803.7094235056826 770.2998640996329
270.0 36.32953877434799 785.75920059387 749.429661819522
271.0 42.9630737333702 748.3784864368116 705.4154127034414
272.0 37.27916203939126 785.4900219534903 748.210859914099
273.0 44.09667914118609 743.3432636831218 699.2465845419357
274.0 35.86909952449415 789.7681593343023 753.8990598098081
275.0 22.49586961261982 855.7220500475352 833.2261804349154
276.0 39.2313038942848 769.804385291503 730.5730813972182
277.0 41.12275161872939 758.8705887778656 717.7478371591362
278.0 42.39175863129982 749.2950196567288 706.903261025429
279.0 26.64342882276275 835.7219257222994 809.0784968995366
280.0 38.05770763176639 780.2918170530859 742.2341094213195
281.0 38.83578130132699 774.645674204027 735.8098929027
282.0 38.96137070209801 776.4145122396832 737.4531415375852
283.0 39.8396904050698 765.6779593041385 725.8382688990687
284.0 35.98203167651597 791.5253672672805 755.5433355907646
285.0 35.55516389622415 793.6475476820579 758.0923837858338
286.0 43.32486939485617 745.092169297504 701.7672999026478
287.0 25.39234492609354 841.7219796520324 816.3296347259389
288.0 43.58942811494789 746.3452254158799 702.755797300932
289.0 38.55552877770599 779.0118419587274 740.4563131810214
290.0 37.7055719703561 783.3707467448588 745.6651747745027
291.0 41.81370692872512 760.6251308612874 718.8114239325623
292.0 39.30852439163645 773.6152843490347 734.3067599573982
293.0 40.94176202814193 763.7263630341226 722.7846010059807
294.0 43.35086970107982 750.4105283002902 707.0596585992104
295.0 43.85042507532993 742.6586002035515 698.8081751282215
296.0 37.68975058402117 783.0290401650538 745.3392895810327
297.0 36.72659918037286 785.9750501581604 749.2484509777876
298.0 39.39201074749768 774.4715047973606 735.079494049863
299.0 26.22555450238648 837.7128637379576 811.4873092355712
300.0 44.88057631662644 736.1314568554924 691.250880538866
301.0 40.42207235992928 765.0279521357609 724.6058797758316
302.0 31.70265518531547 811.6947091164707 779.9920539311552
303.0 43.69787729994061 750.3936429414919 706.6957656415513
304.0 43.89597419483768 745.1403124410906 701.2443382462529
305.0 43.07061425199971 753.0175950007473 709.9469807487476
306.0 41.30676465031562 762.0277890159927 720.7210243656771
307.0 40.49353653597641 766.3865394325226 725.8930028965462
308.0 35.1232452734062 795.6125410390515 760.4892957656453
309.0 42.55017310885949 754.9365595231371 712.3863864142776
310.0 27.06170517328781 833.7220917566505 806.6603865833627
311.0 42.33718988402198 751.6644318849585 709.3272420009366
312.0 45.46182153136564 736.9457159130251 691.4838943816594
313.0 43.29904454735364 749.4153387583365 706.1162942109829
314.0 44.69178948004477 740.2923383702411 695.6005488901963
315.0 43.28379173889249 755.6714849918751 712.3876932529826
316.0 40.97022450623187 765.0666250722422 724.0964005660103
317.0 37.1836176108024 784.5140538218303 747.3304362110279
318.0 42.41164823854891 756.8396773668897 714.4280291283408
319.0 43.92304734730414 745.7463148865233 701.8232675392192
320.0 43.66124521874227 749.244525816453 705.5832805977107
321.0 43.71646580559581 747.4846642631517 703.7681984575559
322.0 40.28341358298617 770.8481511792644 730.5647375962783
323.0 38.55248442586975 778.8983331344534 740.3458487085836
324.0 42.07243600307212 758.4592023307418 716.3867663276697
325.0 42.96990854874591 750.516618423422 707.546709874676
326.0 44.02894203666155 749.2977635449334 705.2688215082719
327.0 43.76923678000583 749.2165249037509 705.447288123745
328.0 46.10473396328795 733.4389068909024 687.3341729276144
329.0 44.44953785566928 743.7940274036901 699.3444895480209
330.0 46.43163214587625 729.6845192895355 683.2528871436592
331.0 44.19607614611345 744.8056686169452 700.6095924708317
332.0 46.74281307607649 732.3322137050266 685.5894006289501
333.0 43.38222914273537 747.309647221475 703.9274180787397
334.0 25.80874868824076 839.7221264245691 813.9133777363284
335.0 41.8706814979336 761.4979359268009 719.6272544288673
336.0 44.66981070621769 749.8718861727388 705.2020754665211
337.0 46.911775639826 727.9940135722792 681.0822379324532
338.0 44.17869984654231 745.6457874947373 701.467087648195
339.0 43.35262075365743 756.1432749321639 712.7906541785064
340.0 43.37465509759162 756.6756470652318 713.3009919676402
341.0 41.9953479180493 762.1219530120896 720.1266050940402
342.0 25.39234726252413 841.7221269742623 816.3297797117382
343.0 45.32231462947 742.9428021564247 697.6204875269547
344.0 44.06874688864131 750.2367963385728 706.1680494499315
345.0 46.73891119433469 730.8061986837958 684.0672874894611
346.0 46.12757288826969 731.9067489432622 685.7791760549925
347.0 48.61502035918815 717.2700674654813 668.6550471062932
348.0 45.13632155482464 737.3395925124665 692.2032709576419
349.0 43.98699101946162 747.3556709475603 703.3686799280987
350.0 47.94657028445453 722.8753368550983 674.9287665706438
351.0 47.40117734679841 725.9526051436076 678.5514277968092
352.0 46.7421122367886 731.7175383743358 684.9754261375472
353.0 45.10921531756956 741.7343270597597 696.6251117421902
354.0 47.83102886096535 728.9005213100941 681.0694924491288
355.0 47.11723925189145 726.1911794782337 679.0739402263423
356.0 43.37762363642836 756.7579840249776 713.3803603885493
357.0 45.68879864128497 737.9427228479598 692.2539242066749
358.0 46.28430540306327 735.8187767751414 689.5344713720781
359.0 43.77630635746944 753.880990445424 710.1046840879545
360.0 45.97696960585539 733.8665239208504 687.889554314995
361.0 46.44803160966024 732.837920929299 686.3898893196387
362.0 48.06349759403331 722.478345017763 674.4148474237297
363.0 46.08262590453389 735.2502768024646 689.1676508979307
364.0 46.808419853842 734.4813927909316 687.6729729370896
365.0 42.92702291824451 754.7231868889193 711.7961639706748
366.0 47.77723605701034 729.2275532711041 681.4503172140938
367.0 48.10128459435531 722.7691126109912 674.6678280166359
368.0 43.32732661291794 756.1829787106508 712.8556520977328
369.0 47.35699058163753 733.1364464238861 685.7794558422485
370.0 48.74345864564416 717.8771725954318 669.1337139497876
371.0 47.09904884770661 734.4001449376974 687.3010960899908
372.0 45.14947016130048 748.6503485179649 703.5008783566644
373.0 47.43291246652174 731.6022452914133 684.1693328248916
374.0 49.33779130953496 717.4776817108407 668.1398904013058
375.0 46.11709043157377 738.0936719250697 691.976581493496
376.0 47.51872370471544 732.717575258372 685.1988515536565
377.0 46.04749521107129 736.1080741131513 690.06057890208
378.0 49.70394033425506 713.8802425814549 664.1763022471999
379.0 48.94868090579423 720.3102180237014 671.3615371179072
380.0 49.43413425578738 714.2550493412632 664.8209150854758
381.0 45.43572678124603 744.4260328331667 698.9903060519206
382.0 50.09559773221877 710.8878260325216 660.7922283003028
383.0 45.10523000232176 748.236773840843 703.1315438385212
384.0 47.76489623654599 730.9790919019324 683.2141956653864
385.0 48.07069459153291 731.7984010840954 683.7277064925625
386.0 48.92309618541473 720.4303863866922 671.5072902012775
387.0 43.40764378622344 757.4074685872887 713.9998248010653
388.0 47.43698528751958 733.022165905898 685.5851806183784
389.0 49.18936515897942 720.0216806581029 670.8323154991235
390.0 42.50646659134861 761.1561427002391 718.6496761088905
391.0 48.63638418407469 730.4989474833704 681.8625632992957
392.0 39.89809025543239 773.6841456734911 733.7860554180587
393.0 45.17588926777523 749.2113785778844 704.0354893101092
394.0 50.13333037549838 713.9547735150452 663.8214431395469
395.0 49.78618740158283 717.1748102753157 667.3886228737329
396.0 47.17531253889583 735.7039069115296 688.5285943726338
397.0 50.39868736497477 715.6525256977957 665.2538383328209
398.0 50.27178972140676 715.3945934957953 665.1228037743885
399.0 48.55509197695936 725.5270296923755 676.9719377154162
400.0 50.77354161194787 711.9119470342267 661.1384054222789
401.0 49.06731352715866 728.6087948706971 679.5414813435384
402.0 49.33070848461867 721.5133041375979 672.1825956529792
403.0 51.62430137325218 704.5720960589395 652.9477946856873
404.0 50.53244017644672 714.6433022759513 664.1108620995046
405.0 49.29210904694629 724.0412680550861 674.7491590081398
406.0 51.80806687066787 704.4766903751694 652.6686235045015
407.0 51.06255922366048 709.1261872455828 658.0636280219223
408.0 47.7321191858965 731.1324783564577 683.4003591705612
409.0 51.89372413478125 706.5106664202521 654.6169422854708
410.0 52.60284007595726 699.1551717071834 646.5523316312261
411.0 51.70937235872787 707.856565360366 656.1471930016381
412.0 51.94112698306387 710.4047331406039 658.46360615754
413.0 51.71313522365037 708.8845624407752 657.1714272171248
414.0 40.77405672126015 769.6868781224989 728.9128214012388
415.0 52.68229376005824 703.4361194271192 650.753825667061
416.0 50.25202002851838 718.8772690624937 668.6252490339753
417.0 52.52769077461701 704.4585171473971 651.9308263727801
418.0 52.97658448161914 697.3699548843605 644.3933704027414
419.0 53.78491384027967 693.3840769931209 639.5991631528413
420.0 49.59924632270742 727.9566331005307 678.3573867778233
421.0 49.70472852016058 724.8446480190302 675.1399194988696
422.0 52.08839453547234 708.6825563293719 656.5941617938996
423.0 53.85301781600481 695.452489542775 641.5994717267701
424.0 51.29631277295459 718.0514810037515 666.7551682307969
425.0 51.85308856460188 709.3021428307747 657.4490542661728
426.0 52.53269917216215 705.4215093190294 652.8888101468672
427.0 52.36514833694296 709.2401100398584 656.8749617029154
428.0 51.30571574203415 718.5022505915336 667.1965348494994
429.0 53.77882489304887 697.0651293131179 643.286304420069
430.0 52.47565426547622 711.7038302982632 659.228176032787
431.0 53.40059088834891 706.9022188538607 653.5016279655118
432.0 54.56290300797142 690.0856182804658 635.5227152724944
433.0 52.93647790174102 703.9006232910259 650.9641453892849
434.0 53.78558239626794 702.8556463999589 649.0700640036909
435.0 52.85442847867301 706.7424883792203 653.8880599005473
436.0 52.08270181566682 713.799791990304 661.7170901746372
437.0 56.26865023329125 681.8896477697645 625.6209975364733
438.0 55.05422012779862 690.0313944573697 634.9771743295711
439.0 54.14035743049097 699.1657749683418 645.0254175378509
440.0 55.37683209309871 690.7493816492694 635.3725495561707
441.0 52.63800949974659 712.8659410407447 660.2279315409981
442.0 56.09120889489193 685.6426088199936 629.5513999251017
443.0 55.55822272835627 690.1127201512944 634.5544974229381
444.0 50.56158639036158 725.3699258052299 674.8083394148684
445.0 55.20483953314712 692.0889365028585 636.8840969697114
446.0 56.60362759971882 682.7291565611449 626.1255289614261
447.0 39.02554573479139 777.7219692845934 738.696423549802
448.0 54.42995723193526 703.4481038611251 649.0181466291899
449.0 51.00541705921647 723.1773713470343 672.1719542878178
450.0 55.71436005048872 690.8755191617517 635.161159111263
451.0 54.00851647163414 706.8646367879491 652.8561203163149
452.0 56.26056878680283 690.6352959436553 634.3747271568525
453.0 58.29923603843239 674.4984512663436 616.1992152279112
454.0 53.61278197515848 705.2502871563311 651.6375051811726
455.0 53.7194787942441 710.926141738871 657.2066629446269
456.0 55.6188299114595 698.6390891534641 643.0202592420046
457.0 57.38236680511554 681.4204467740753 624.0380799689597
458.0 58.20268945081638 677.6801874334763 619.4774979826599
459.0 59.00617639729808 671.8136690520249 612.8074926547269
460.0 57.88960154708385 685.4493362507917 627.5597347037078
461.0 57.5364054756051 688.4702650594203 630.9338595838152
462.0 57.5387363809887 688.4589925292644 630.9202561482757
463.0 58.01018736293222 678.6071793782003 620.5969920152681
464.0 57.63090977560924 686.6455806388109 629.0146708632017
465.0 56.32779364123993 697.0326083860768 640.7048147448369
466.0 59.61283677868 673.7797966690644 614.1669598903844
467.0 46.08296160035731 745.7209010718687 699.6379394715113
468.0 57.785565364843 686.7414238648805 628.9558585000375
469.0 58.93296938513961 682.8409698878913 623.9080005027517
470.0 59.87628843951272 673.0502908892879 613.1740024497752
471.0 60.28941433887397 672.0392505170652 611.7498361781913
472.0 59.51887114835891 677.7427144623355 618.2238433139766
473.0 51.47388456948034 721.6479836381406 670.1740990686603
474.0 60.04548174495974 676.1676682374695 616.1221864925098
475.0 62.22503209721524 658.5240325294567 596.2990004322415
476.0 63.29456553998936 651.5796516364294 588.28508609644
477.0 59.708606447859 676.1564368432782 616.4478303954192
478.0 59.0703719175096 682.7580670162655 623.6876950987559
479.0 63.89625477940214 651.0193374579198 587.1230826785177
480.0 61.93575811282511 667.4197597815658 605.4840016687407
481.0 62.68850188863393 657.0252446228685 594.3367427342345
482.0 62.34158301237472 663.0141094771485 600.6725264647738
483.0 54.20057266297595 709.6767642888016 655.4761916258257
484.0 58.30335067857338 691.1352196620145 632.8318689834411
485.0 64.97815488359306 647.2540490456589 582.2758941620659
486.0 63.97268016460851 657.6711852431381 593.6985050785296
487.0 64.33889134259063 652.7931307182425 588.4542393756519
488.0 61.95047669412432 669.6031557577967 607.6526790636723
489.0 63.24549619891532 661.1439172527934 597.898421053878
490.0 64.11708360311098 662.311473888162 598.1943902850511
491.0 63.78365018046297 660.7238488075729 596.94019862711
492.0 66.80728726688852 639.6575925011278 572.8503052342393
493.0 65.83271465454305 651.8065311471058 585.9738164925628
494.0 55.56922838821927 703.6603116167368 648.0910832285175
495.0 68.16070593719545 634.7431061705094 566.5824002333139
496.0 68.32824280655371 633.0801008892763 564.7518580827226
497.0 67.15209360532301 645.5537848928185 578.4016912874955
498.0 65.30958358245169 655.6830168952686 590.3734333128169
499.0 68.89464058914957 631.0076344848113 562.1129938956618
500.0 60.16673440782262 683.6942552989621 623.5275208911395
501.0 69.4880249816492 632.9594359013945 563.4714109197453
502.0 65.67023235524184 658.4038442082449 592.7336118530031
503.0 67.21982802409496 648.103219733812 580.883391709717
504.0 69.84482674940997 634.6112627372972 564.7664359878872
505.0 72.01674854590995 619.4147733112258 547.3980247653158
506.0 69.87127082314347 634.3814090844679 564.5101382613244
507.0 71.69705737108929 619.0370767036807 547.3400193325914
508.0 72.31144131947914 617.9448629598333 545.6334216403541
509.0 73.39863760806866 613.5738142510959 540.1751766430273
510.0 72.74839315313455 621.817295927486 549.0689027743515
511.0 70.84796833247807 629.7687188351118 558.9207505026337
512.0 74.18434133677723 611.3539905900163 537.1696492532391
513.0 72.94859285412667 624.1550813436057 551.2064884894791
514.0 74.48148824371215 614.9910250943366 540.5095368506244
515.0 73.3223139351612 621.664684032817 548.3423700976558
516.0 76.25884333209488 603.9350008424863 527.6761575103914
517.0 76.90362590473636 601.0789340143674 524.175308109631
518.0 77.17477884404583 599.2295893050886 522.0548104610428
519.0 77.58446319600067 600.3406991342879 522.7562359382872
520.0 75.79104794453055 607.335050109446 531.5440021649154
521.0 79.51383712495516 589.978052255473 510.4642151305178
522.0 79.87249351439438 594.2998812757604 514.427387761366
523.0 75.11449085939293 616.0353658873954 540.9208750280025
524.0 80.04011171730363 593.9269434956867 513.886831778383
525.0 79.71967141645059 597.5413831365299 517.8217117200793
526.0 80.52621041043893 592.3205039564531 511.7942935460141
527.0 76.89982957961773 610.5393575635883 533.6395279839706
528.0 84.52568622198194 571.2876368083262 486.7619505863442
529.0 81.66307732625274 590.1094794060952 508.4464020798424
530.0 79.85078856039087 599.428718393488 519.5779298330971
531.0 84.31806136371957 577.3205454273829 493.0024840636633
532.0 84.73508625345288 575.0350451758769 490.299958922424
533.0 89.90627080614763 548.245942299399 458.3396714932514
534.0 81.0264587610982 589.1980398133918 508.1715810522936
535.0 87.24994862005037 564.6362204446216 477.3862718245713
536.0 86.93040800407828 568.5344746444647 481.6040666403864
537.0 88.34834960737042 562.618730615219 474.2703810078486
538.0 92.43701882559789 541.7776163204741 449.3405974948762
539.0 91.95076109466818 543.5542435093483 451.6034824146801
540.0 88.282024924459 561.9686011907267 473.6865762662677
541.0 86.04835834309443 573.7181955242051 487.6698371811107
542.0 85.57090759304353 575.7025860389056 490.1316784458621
543.0 93.00343962956027 542.3497011914844 449.3462615619241
544.0 89.85091482114301 557.3196913280416 467.4687765068986
545.0 96.14350665100785 531.7212603757825 435.5777537247747
546.0 115.4347135181091 470.0381256596949 354.6034121415858
547.0 115.6488550887043 470.8138091306689 355.1649540419646
548.0 122.5707808935653 453.6849478554161 331.1141669618508
549.0 87.48064932703964 567.7221369999967 480.241487672957
550.0 88.43639393394776 563.7169868940882 475.2805929601404
551.0 128.6038490319456 437.2947449759772 308.6908959440316
552.0 126.7966555096145 443.5544284272272 316.7577729176127
553.0 123.3171267914615 451.2493276756444 327.9322008841829
554.0 119.4518527998991 461.6976495457436 342.2457967458445
555.0 134.6039708158817 424.1537663349685 289.5497955190869
556.0 128.5932817349522 439.6498878547035 311.0566061197513
557.0 136.9766640211517 421.6776941265745 284.7010301054229
558.0 124.1536156406165 449.26341975507 325.1098041144535
559.0 125.9293441432889 445.6361698419056 319.7068256986167
560.0 136.9796903733832 421.7198910836955 284.7402007103122
561.0 145.5549671462612 403.7093752568939 258.1544081106327
562.0 154.1178742190184 385.214386150954 231.0965119319356
563.0 148.9272814587953 395.094108732222 246.1668272734267
564.0 150.3508255901884 393.7083295154052 243.3575039252168
565.0 139.8292744383695 415.7205992709248 275.8913248325553
566.0 154.588393544876 382.684625634726 228.09623208985
567.0 157.1613794379916 379.557421801355 222.3960423633634
568.0 166.7936740793491 361.7216512282067 194.9279771488577
569.0 157.1613806546929 379.5574536104606 222.3960729557677
570.0 165.5770647270987 363.3943380813145 197.8172733542158
571.0 165.6455855298591 363.7153283116968 198.0697427818377
572.0 182.7665437376942 335.2115713487445 152.4450276110503
573.0 165.6460934712256 363.72213630905 198.0760428378244
574.0 179.0934083532406 341.7155766956955 162.6221683424549
575.0 164.4920722150342 365.541413450039 201.0493412350047
576.0 200.8361178694788 307.4256619075665 106.5895440380877
577.0 202.0271731223447 305.191393576856 103.1642204545113
578.0 166.7936999018167 361.7221369999803 194.9284370981637
579.0 186.759623298052 329.7221369990125 142.9625137009605
580.0 232.3897432198846 262.73199771417 30.34225449428541
581.0 208.6953915861697 295.7221369993836 87.02674541321386
582.0 221.4584987495387 277.7221282144989 56.26362946496021
583.0 232.8606963135872 263.6750901279182 30.81439381433096
584.0 241.2936116946852 253.7219612009687 12.42834950628343
585.0 263.2961812769914 227.6148229621823 -35.68135831480907
586.0 259.923282148211 231.6887195237462 -28.23456262446475
587.0 258.2311211844653 233.7111400261921 -24.51998115827321
588.0 259.9223206170792 231.6892411360895 -28.23307948098968
591.0 281.9620333020262 205.722137 -76.23989630202626
