0.0 127.2331586439913 753.8619995026036 626.6288408586123
1.0 121.1609689595949 735.7317813947618 614.5708124351669
2.0 122.5079637203764 739.7894486695639 617.2814849491875
3.0 122.2878804133973 740.5008929363722 618.213012522975
4.0 121.6171616284703 738.4358206651688 616.8186590366985
5.0 117.7760223462101 725.9447148299199 608.1686924837098
6.0 115.0978301583 717.8085484144361 602.7107182561361
7.0 118.2543007173567 728.3477539945176 610.0934532771609
8.0 118.6377495413315 730.9252206724032 612.2874711310717
9.0 116.8555826125302 724.7803000041741 607.9247173916438
10.0 115.6829902659255 720.3345613650751 604.6515710991496
11.0 115.6955266849925 720.5260928221265 604.830566137134
12.0 114.3859027062748 716.1872607960322 601.8013580897574
13.0 115.9606276609512 722.00682001686 606.0461923559088
14.0 112.4124345490609 709.8137797897386 597.4013452406777
15.0 112.5840911639864 711.9895979620351 599.4055067980487
16.0 114.4118048035671 716.018877602147 601.6070727985799
17.0 113.0644751180698 712.0252012516633 598.9607261335935
18.0 114.5172619693719 718.2285634641725 603.7113014948007
19.0 114.8445198055436 718.8281909570096 603.983671151466
20.0 111.7316056097121 707.9425414015544 596.2109357918423
21.0 114.3611946456978 716.4988696746106 602.1376750289128
22.0 114.4019663856303 716.1815490758002 601.7795826901698
23.0 111.2409991157232 708.0139437054792 596.7729445897561
24.0 112.9223978263964 712.7124600810033 599.7900622546069
25.0 113.0618616435881 714.5615568491464 601.4996952055583
26.0 114.3517419089643 719.0301130385051 604.6783711295408
27.0 112.3672285449165 710.3131125794159 597.9458840344995
28.0 114.0472628274538 717.4528435538559 603.4055807264021
29.0 111.6963887240706 708.2869869031034 596.5905981790328
30.0 112.1873143938349 710.5694442583884 598.3821298645535
31.0 110.3681491056679 704.1243877779044 593.7562386722365
32.0 109.0286418726429 700.1256331557936 591.0969912831507
33.0 109.0624387371742 699.8197463284349 590.7573075912608
34.0 111.9557750751026 711.8252889967025 599.8695139215999
35.0 110.3935236259719 703.902587498842 593.5090638728701
36.0 110.1790701488803 704.9307965148521 594.7517263659718
37.0 111.8173092400589 710.4134279645242 598.5961187244654
38.0 102.3855502143439 679.7222522088599 577.336701994516
39.0 108.3842839436623 697.90955226312 589.5252683194578
40.0 104.3876765201154 685.7230990395554 581.33542251944
41.0 110.3812196362525 704.0924343219169 593.7112146856644
42.0 109.0579717825911 699.8976240240005 590.8396522414094
43.0 109.7902657905267 704.9069923499956 595.1167265594689
44.0 110.8943428265834 707.2316487916546 596.3373059650712
45.0 107.724055534728 695.8265553722441 588.102499837516
46.0 107.6813948151524 696.2097200864733 588.5283252713209
47.0 109.0164422279496 700.2715363508151 591.2550941228656
48.0 106.3442588633786 692.2041934520901 585.8599345887115
49.0 108.3639769947144 698.0568157449293 589.6928387502149
50.0 107.6745914642178 696.3201751513165 588.6455836870987
51.0 109.4349092769298 702.8759406829142 593.4410314059844
52.0 106.8491408958622 694.3210111067467 587.4718702108844
53.0 104.3874014013129 685.7302439868481 581.3428425855351
54.0 105.6333437152754 690.3059898192523 584.6726461039768
55.0 110.6653035873752 707.7257742722211 597.0604706848458
56.0 105.7232676705945 689.7316044638938 584.0083367932993
57.0 108.2937588574167 698.4891692583097 590.195410400893
58.0 108.3173116218672 700.7947375456255 592.4774259237584
59.0 106.1567326330901 692.5266112376663 586.3698786045762
60.0 105.0467136902751 687.8565563150588 582.8098426247837
61.0 105.0521431827813 687.7863488428695 582.7342056600882
62.0 105.7061282851379 690.0013573939885 584.2952291088506
63.0 104.3864816261329 685.7486334748388 581.3621518487059
64.0 101.7167766021771 677.7567316683643 576.0399550661872
65.0 107.7305200118235 698.6665354627251 590.9360154509016
66.0 105.2509169208226 689.8872928188113 584.6363758979887
67.0 108.5241928455206 700.3818597574209 591.8576669119003
68.0 105.0209425831134 688.2192152357453 583.1982726526318
69.0 102.3855410508201 679.7225926825445 577.3370516317243
70.0 106.351254009419 694.5281945334559 588.1769405240369
71.0 107.6738947318992 696.3817460449358 588.7078513130367
72.0 102.3853857972923 679.7270831941347 577.3416973968423
73.0 106.1718072768069 693.1013412679995 586.9295339911926
74.0 103.0520791056155 681.7361129173076 578.6840338116921
75.0 106.889296237971 696.2984890487089 589.4091928107379
76.0 107.9866196688221 699.3757611695915 591.3891415007694
77.0 104.3505338074964 686.0893683698808 581.7388345623844
78.0 105.019481932804 688.2082069462174 583.1887250134134
79.0 105.6313227733182 690.3303863243933 584.6990635510751
80.0 105.0084407534537 688.2072912352454 583.1988504817917
81.0 105.4089521679081 690.938930742669 585.5299785747609
82.0 106.0008084752528 693.5338593544281 587.5330508791754
83.0 103.105519526318 684.2875860214936 581.1820664951756
84.0 105.04560818397 687.8982886724331 582.852680488463
85.0 104.8104988244895 688.6323063795057 583.8218075550162
86.0 105.3567494972194 691.2329942029545 585.8762447057352
87.0 103.6720054300338 684.2249365152296 580.5529310851958
88.0 105.6001929545447 690.607377207575 585.0071842530303
89.0 100.9672505696206 676.2103970731611 575.2431465035405
90.0 102.3837316445656 679.7576788762946 577.373947231729
91.0 100.3852862110953 673.7249956801602 573.3397094690648
92.0 98.3851819691564 667.7591022992698 569.3739203301134
93.0 98.38709347808588 667.7228743848315 569.3357809067456
94.0 105.0162496475626 688.1557434858787 583.1394938383161
95.0 102.3176808865967 680.3458169304681 578.0281360438714
96.0 101.0190425519187 676.02171681552 575.0026742636013
97.0 103.4991958733529 684.4301567491735 580.9309608758206
98.0 97.05572368982669 663.7275024211926 566.6717787313659
99.0 101.7138509093621 677.7977620810385 576.0839111716764
100.0 103.1176238551291 684.2959615042315 581.1783376491023
101.0 103.6217227745383 684.3748947645327 580.7531719899944
102.0 99.67231818303645 672.1939575785138 572.5216393954773
103.0 101.6860870105309 678.0164066970172 576.3303196864863
104.0 105.3181357879883 690.9720161742045 585.6538803862162
105.0 106.3654843663882 692.1124260178289 585.7469416514407
106.0 102.281390028616 680.4611786281167 578.1797885995007
107.0 105.9173199579186 691.923697058594 586.0063771006753
108.0 105.2559483599139 689.8446571185512 584.5887087586374
109.0 102.3501138378274 680.0676959422818 577.7175821044543
110.0 101.0511516465202 675.7389007975239 574.6877491510037
111.0 102.3684951268697 679.947164634492 577.5786695076223
112.0 109.3081322750605 703.7028023827571 594.3946701076966
113.0 100.3734291783783 673.8648023372168 573.4913731588386
114.0 106.109109127222 692.7367658955001 586.6276567682781
115.0 103.0352272067177 681.9569744123458 578.921747205628
116.0 104.1415590703999 686.6360471783971 582.4944881079972
117.0 103.7035104608672 683.938188309128 580.2346778482608
118.0 103.0492457537085 681.7864812020341 578.7372354483256
119.0 98.3871129810311 667.7221841333798 569.3350711523487
120.0 101.7182837632613 677.7305726166266 576.0122888533653
121.0 106.9767937814117 694.5466227704185 587.5698289890068
122.0 103.4467574833261 684.625084464619 581.1783269812929
123.0 103.0384538038736 681.910152923697 578.8716991198234
124.0 104.3246618613752 686.2746038631818 581.9499420018067
125.0 99.05294766762708 669.7237381599548 570.6707904923277
126.0 105.0536897988454 687.7584826906807 582.7047928918352
127.0 101.0450875671293 675.8342027958319 574.7891152287026
128.0 105.7096481741128 689.9061104329635 584.1964622588507
129.0 105.5089649680606 690.3735389862345 584.864574018174
130.0 104.7852979616909 688.5764662227382 583.7911682610473
131.0 106.6840481444674 694.7105397939781 588.0264916495107
132.0 104.892677998127 688.6548383829526 583.7621603848256
133.0 106.3052283195471 692.2511399837416 585.9459116641946
134.0 105.0191759661204 688.0881016216895 583.068925655569
135.0 99.71905770266852 671.7230519428475 572.003994240179
136.0 108.5013878130586 700.4092335050049 591.9078456919463
137.0 98.35493398150834 668.0055643486535 569.6506303671451
138.0 102.3854620822513 679.7246884574091 577.3392263751578
139.0 105.0452494506277 687.8813653895887 582.836115938961
140.0 99.71900388783997 671.7244426684954 572.0054387806554
141.0 101.7022416217236 677.9319443725165 576.2297027507929
142.0 99.05299182648831 669.7223931681621 570.6694013416738
143.0 99.71745919174092 671.7516244134057 572.0341652216648
144.0 99.71905431806464 671.7231696517471 572.0041153336825
145.0 108.1573126723699 698.6018814203736 590.4445687480036
146.0 103.7183045510591 683.7562888803528 580.0379843292936
147.0 101.0516247975771 675.7289369701472 574.6773121725701
148.0 103.6858921259502 684.0484958877502 580.3626037618
149.0 97.05594539518623 663.7221459774762 566.6662005822899
150.0 98.38702288914495 667.7246724449997 569.3376495558548
151.0 104.6615424304104 688.828770083578 584.1672276531676
152.0 101.0458077087901 675.8193793670192 574.7735716582291
153.0 102.840184881383 683.0050231114506 580.1648382300676
154.0 106.0368263585266 693.0749821550978 587.0381557965713
155.0 104.8171148999832 688.5555545269228 583.7384396269396
156.0 101.7020240134088 677.9371605964954 576.2351365830866
157.0 103.6230913189213 684.3668633238801 580.7437720049588
158.0 93.73138114231213 653.7221616115586 559.9907804692465
159.0 103.6958839448286 684.0651801142975 580.3692961694688
160.0 104.2957729233549 686.3180588420685 582.0222859187137
161.0 99.71589370309422 671.7861433881151 572.0702496850208
162.0 100.2906976002955 674.3175012183185 574.0268036180231
163.0 89.08445216283062 639.722137165281 550.6376850024503
164.0 97.72141442504207 665.7227012108551 568.001286785813
165.0 104.648290245243 688.9728446594821 584.3245544142392
166.0 100.2161633257841 674.8823808272181 574.6662175014341
167.0 103.1694554354478 684.2892373703341 581.1197819348864
168.0 93.06700611671931 651.7226079471492 558.6556018304299
169.0 99.00613259967259 670.1958967158181 571.1897641161455
170.0 101.4911347078079 678.4938900176527 577.0027553098448
171.0 96.38609370428025 661.7919854894596 565.4058917851794
172.0 101.7114163759901 677.8422591449239 576.1308427689337
173.0 102.213003222356 680.744162236583 578.531159014227
174.0 103.2457770197618 685.1511212864784 581.9053442667166
175.0 87.75823302978301 635.7221370323489 547.9639040025659
176.0 102.2568569985569 680.6490663848314 578.3922093862745
177.0 98.38699841964007 667.7254194047605 569.3384209851205
178.0 100.1741488809745 674.3058691105301 574.1317202295556
179.0 98.15517145278093 668.4536586613588 570.2984872085779
180.0 102.2102763451887 680.9415542866421 578.7312779414534
181.0 101.6122136864122 678.457605006041 576.8453913196287
182.0 97.19880412763541 666.1501053647591 568.9513012371237
183.0 89.08422433386491 639.7276401935189 550.6434158596539
184.0 102.9819560571771 682.5139218187413 579.5319657615642
185.0 85.10761575829727 627.7221370161688 542.6145212578715
186.0 91.73881823092173 647.722294548993 555.9834763180712
187.0 96.93779150666616 664.5112734171446 567.5734819104784
188.0 95.05746766163241 657.7854273754533 562.7279597138209
189.0 97.71959513255631 665.761136625762 568.0415414932057
190.0 96.35770445650684 662.0212458745633 565.6635414180565
191.0 95.51343017921132 660.3259023701774 564.8124721909661
192.0 100.3403192083629 674.1701529905424 573.8298337821795
193.0 97.7190390959175 665.7688323999012 568.0497933039837
194.0 95.6835925725018 660.154820396219 564.4712278237172
195.0 96.96722729100592 664.2754303478259 567.30820305682
196.0 91.07472402343036 645.7285414664547 554.6538174430243
197.0 95.05942834048854 657.7479613516326 562.6885330111441
198.0 92.9486458937698 652.5088344383723 559.5601885446025
199.0 95.72519053436194 659.7316953218074 564.0065047874455
200.0 99.86051159818081 674.1864362619569 574.325924663776
201.0 83.12115011707606 621.7225473124388 538.6013971953627
202.0 98.81824612209238 670.559741406041 571.7414952839486
203.0 87.75812355294981 635.7252737508813 547.9671501979315
204.0 91.65208183673202 648.2385369967674 556.5864551600354
205.0 95.01513071121261 658.1700193338153 563.1548886226027
206.0 88.42126427173387 637.7221454260674 549.3008811543336
207.0 89.74306499856075 641.7950912290733 552.0520262305125
208.0 91.03698445679698 646.0963519022474 555.0593674454505
209.0 90.41123839208152 643.7242746199595 553.313036227878
210.0 82.45928502277841 619.7221378251257 537.2628528023473
211.0 95.04495256374154 657.9335742641478 562.8886217004063
212.0 93.02031807136326 652.2193453026787 559.1990272313154
213.0 96.46103453312234 664.2520918377753 567.791057304653
214.0 95.04844005216612 657.8700737874288 562.8216337352627
215.0 87.75822869275349 635.7222955454565 547.964066852703
216.0 96.92633348591701 664.6487063192552 567.7223728333382
217.0 94.10132472291849 656.847114578022 562.7457898551035
218.0 91.73817666240256 647.7360897840932 555.9979131216906
219.0 89.27842197271323 641.8286765456613 552.5502545729481
220.0 95.71112465217996 659.9177326650571 564.2066080128771
221.0 94.65389331504967 658.8905263689539 564.2366330539043
222.0 93.43052150315457 654.8196226737685 561.3891011706139
223.0 90.86403227923569 646.3035233966622 555.4394911174266
224.0 91.5299972945139 648.264717379399 556.7347200848851
225.0 93.06073521297579 651.8231194687732 558.7623842557974
226.0 89.08254517326034 639.7580861746891 550.6755410014288
227.0 92.16994452249045 650.4616236359277 558.2916791134373
228.0 90.86566231556537 646.273895820311 555.4082335047456
229.0 96.38393438439411 661.8345150225905 565.4505806381964
230.0 79.15184349879436 609.7221408591647 530.5702973603704
231.0 95.57045719645775 660.8965032838217 565.3260460873639
232.0 86.42924129001704 631.7835955735873 545.3543542835703
233.0 81.79753561478069 617.7223198709158 535.9247842561351
234.0 90.19918811800789 644.3098442798258 554.1106561618179
235.0 90.40676995774646 643.7907541687797 553.3839842110333
236.0 89.08370643254427 639.7388715383221 550.6551651057778
237.0 91.49705288972555 648.5607987525835 557.063745862858
238.0 93.36009552096218 654.636524338274 561.2764288173118
239.0 91.6224627154379 648.490299586347 556.8678368709091
240.0 91.06259958462342 645.8726843505358 554.8100847659124
241.0 85.76970589197705 629.7311872484574 543.9614813564804
242.0 86.2236237105756 632.2615585697635 546.0379348591879
243.0 93.70077077354146 656.5146969324945 562.813926158953
244.0 88.419135674322 637.7633444310327 549.3442087567107
245.0 92.99089093984284 652.4229933417819 559.4321024019391
246.0 90.39672282387934 643.9139254998905 553.5172026760111
247.0 95.00447986418592 660.655105091719 565.6506252275331
248.0 88.37695365071442 638.1459404879614 549.768986837247
249.0 87.09001025545193 633.8083991047307 546.7183888492788
250.0 85.10749991025934 627.7253716969179 542.6178717866585
251.0 91.73589909134226 650.6259437454489 558.8900446541066
252.0 88.33249201337699 638.2732537229951 549.9407617096181
253.0 90.32013683401485 644.305072941142 553.9849361071271
254.0 83.12107716355698 621.7244458974521 538.6033687338951
255.0 82.91195950215872 622.2621579612334 539.3501984590747
256.0 87.53369656504628 636.4705248498291 548.9368282847829
257.0 82.25001059541719 620.2633128509087 538.0133022554915
258.0 82.45324879535659 619.8220131078646 537.368764312508
259.0 88.40717017760932 637.9093599675226 549.5021897899133
260.0 86.34744044696825 632.2069063185285 545.8594658715603
261.0 83.77076101979962 623.8724888848058 540.1017278650062
262.0 86.34682490517152 632.2201319636987 545.8733070585272
263.0 88.36705318822923 638.2911987823673 549.9241455941381
264.0 86.94276516407533 634.7828880018258 547.8401228377505
265.0 82.25004737267027 620.2622087929554 538.0121614202852
266.0 83.11642014610261 621.7954637317117 538.6790435856091
267.0 79.81283605709212 611.7281252501831 531.915289193091
268.0 84.20300270831601 626.5601373085163 542.3571346002003
269.0 87.0472736905979 634.2126243420699 547.165350651472
270.0 73.86615226788725 593.7221389318747 519.8559866639875
271.0 86.85349964500464 634.5921688661457 547.7386692211411
272.0 81.79293732526529 617.7915885462238 535.9986512209585
273.0 80.92612850055285 616.2726016979632 535.3464731974103
274.0 86.60690697193645 634.016566211453 547.4096592395165
275.0 83.56559948304508 624.388662064443 540.8230625813979
276.0 77.82886950329065 605.7419569851804 527.9130874818898
277.0 84.436740733031 625.8676454455938 541.4309047125628
278.0 84.97419405962585 628.6823014917227 543.7081074320969
279.0 78.45772936520611 608.0150096405479 529.5572802753418
280.0 78.4860565907475 607.7933603180141 529.3073037272666
281.0 79.77873826320593 612.0437468037445 532.2650085405386
282.0 78.4842666070893 607.8260961050433 529.341829497954
283.0 80.40339565431616 615.7518798034676 535.3484841491515
284.0 75.83443304835952 599.8826624755792 524.0482294272197
285.0 80.4717422668111 613.7755869729315 533.3038447061204
286.0 77.16713065088416 603.7534442342525 526.5863135833683
287.0 82.1957489553446 621.3021878238394 539.1064388684948
288.0 81.4983301906518 618.8162973052455 537.3179671145937
289.0 72.54573881335227 589.724725338962 517.1789865256097
290.0 78.47592827704832 607.9166412108466 529.4407129337983
291.0 81.75180208077917 618.1746123699326 536.4228102891534
292.0 71.22591901817114 585.7225498201624 514.4966308019912
293.0 69.24661841037641 579.7278569620398 510.4812385516634
294.0 75.76114947583945 600.2241601247366 524.4630106488972
295.0 78.79350061909547 611.101937885094 532.3084372659986
296.0 76.33952065107288 602.6857919849017 526.3462713338289
297.0 78.43728289487733 608.2916538098016 529.8543709149243
298.0 75.17276195864134 597.907975784832 522.7352138261907
299.0 79.10591971136987 610.1744330619036 531.0685133505337
300.0 69.90470665766315 581.7536537606889 511.8489471030258
301.0 69.24634870508819 579.7345341842819 510.4881854791937
302.0 79.66690980945394 612.8351264680263 533.1682166585723
303.0 71.2242039747982 585.753370004205 514.5291660294069
304.0 75.17182810213166 597.9224085909258 522.7505804887942
305.0 76.87747129301361 605.4320335742248 528.5545622812112
306.0 75.36811485349786 599.9029071731214 524.5347923196235
307.0 69.90620481945668 581.7279516712917 511.8217468518351
308.0 76.61440043278392 604.4586559080637 527.8442554752798
309.0 71.76049341108865 588.5579712750943 516.7974778640056
310.0 62.65704263606969 559.7221412897863 497.0650986537166
311.0 69.23436650603625 579.8714872063109 510.6371207002746
312.0 74.48028823326419 596.2971222917698 521.8168340585056
313.0 68.58725322321617 577.7255304535891 509.1382772303729
314.0 68.74143454457023 579.9832875012769 511.2418529567066
315.0 75.57711151532545 600.8443926995153 525.2672811841899
316.0 66.39952206199037 572.265242298717 505.8657202367266
317.0 69.90463003020317 581.7556719500989 511.8510419198958
318.0 72.40293947683757 590.7804891606989 518.3775496838613
319.0 75.01222955494241 598.7951909592415 523.7829614042991
320.0 67.92612281767394 575.7572573535156 507.8311345358416
321.0 71.19272423081918 586.017427828776 514.8247035979569
322.0 71.60897701608314 588.6437993452133 517.0348223291302
323.0 71.52544934104258 589.1655001531114 517.6400508120688
324.0 71.19110144881178 588.7353615290779 517.5442600802661
325.0 70.01850610279562 584.2257486775901 514.2072425747944
326.0 70.47716528631305 584.2707813396978 513.7936160533847
327.0 68.57400790542245 577.9555002895764 509.3814923841539
328.0 70.38543663948077 586.1660603496924 515.7806237102117
329.0 67.26381587816183 573.7991635317271 506.5353476535652
330.0 64.63267826407308 565.7237886842294 501.0911104201563
331.0 69.1632081699703 580.5291721804395 511.3659640104692
332.0 67.90852676014454 575.9915412754639 508.0830145153193
333.0 66.60298397377255 571.828136332669 505.2251523588964
334.0 68.94554145188291 580.9193487851186 511.9738073332357
335.0 57.39655635731937 543.7231517771702 486.3265954198509
336.0 66.80236435286081 573.8075721105222 507.0052077576614
337.0 59.36747526802611 549.7228600873617 490.3553848193356
338.0 64.58690872304106 566.1661539546517 501.5792452316106
339.0 64.63158837578166 565.7489374853382 501.1173491095565
340.0 63.31518203606655 561.7294568763002 498.4142748402337
341.0 62.57093271828565 560.2102877867514 497.6393550684658
342.0 64.41307337640246 566.4108219467062 501.9977485703038
343.0 64.39944849065202 566.5420520356295 502.1426035449775
344.0 68.15261768070352 579.2037048020965 511.051087121393
345.0 65.39235643805207 570.5099351068214 505.1175786687693
346.0 58.70970250851203 547.7352880537852 489.0255855452732
347.0 59.3674003742574 549.7251248566625 490.3577244824051
348.0 61.99374409435732 557.8018528917008 495.8081087973435
349.0 65.29326092979676 571.2117853557533 505.9185244259565
350.0 66.79634630071354 575.8963156398999 509.0999693391863
351.0 59.93862370353287 552.213794577746 492.2751708742131
352.0 60.64444120668475 554.0931820802153 493.4487408735306
353.0 62.14953107603873 560.0210491940125 497.8715181179737
354.0 61.64614551911203 559.2209689039955 497.5748233848835
355.0 63.03923818482365 562.8910056443643 499.8517674595406
356.0 60.67617148402744 553.8471530254133 493.1709815413858
357.0 61.28627456028006 556.3131181390853 495.0268435788052
358.0 61.93412885613966 558.4635809921787 496.5294521360391
359.0 61.32536549505789 555.9291495372536 494.6037840421958
360.0 59.72569334885961 552.7992430647751 493.0735497159155
361.0 55.3268973460737 538.3960218600098 483.0691245139361
362.0 54.77396658109561 535.7258857372588 480.9519191561632
363.0 59.92499898318909 552.3842778263868 492.4592788431977
364.0 56.7396168980387 541.7363967364947 484.996779838456
365.0 57.26524799905715 544.6361251905128 487.3708771914556
366.0 60.9558661104263 557.2810342512971 496.3251681408708
367.0 48.28121193327065 515.7222785983179 467.4410666650472
368.0 60.54507234110692 554.7443794250144 494.1993070839075
369.0 56.97805140678618 544.9785637027955 488.0005122960093
370.0 52.81360773410061 529.7227372667854 476.9091295326848
371.0 54.76000455039817 535.9020246562392 481.142020105841
372.0 59.12298958083229 551.6037640461991 492.4807744653668
373.0 55.36254428454498 538.3040856468338 482.9415413622888
374.0 57.35872987555286 544.1011200408605 486.7423901653076
375.0 55.99403577168737 540.2858667672031 484.2918309955157
376.0 57.3521427352632 544.3634981422221 487.0113554069589
377.0 56.66548012469571 542.4427260440981 485.7772459194024
378.0 55.16762080866757 538.6850985851635 483.517477776496
379.0 54.08373304996541 534.0653665776181 479.9816335276526
380.0 53.36596838737132 532.3761304406924 479.0101620533211
381.0 54.69247700656518 536.4931310743667 481.8006540678015
382.0 56.52788034518067 543.1003523401867 486.572471995006
383.0 52.80059105958562 529.8795035675618 477.0789125079762
384.0 56.92170797309432 545.6253787672144 488.7036707941201
385.0 52.68277220915237 530.6276046152386 477.9448324060863
386.0 48.92338339857026 517.7230841525042 468.7997007539339
387.0 53.90833177742697 535.2697332249612 481.3614014475343
388.0 51.49084232082325 526.0529271988463 474.5620848780231
389.0 54.48600813849749 537.0203986170049 482.5343904785074
390.0 50.64778974997579 524.3018584531221 473.6540687031463
391.0 52.73772885451981 530.587644166538 477.8499153120182
392.0 50.21167555003459 521.7754045580989 471.5637290080643
393.0 51.41879682683348 526.30582116318 474.8870243363465
394.0 54.72261578639902 538.9782156625365 484.2555998761375
395.0 52.18099019530854 530.5012250515535 478.320234856245
396.0 49.62614816296648 522.1837111292757 472.5575629663092
397.0 50.17208834288829 522.1459026343229 471.9738142914346
398.0 47.73594371862025 509.8167307113243 462.0807869927041
399.0 48.25609102181589 513.1088297190024 464.8527386971865
400.0 52.4680155864931 531.9046378644522 479.4366222779591
401.0 49.90437565642482 522.8894099457288 472.985034289304
402.0 48.46022457622011 517.7637958154099 469.3035712391898
403.0 48.27608635744839 515.8208435690262 467.5447572115778
404.0 46.48033798236998 505.9183770892463 459.4380391068763
405.0 48.93396579689491 520.444012581635 471.5100467847401
406.0 45.75685270488301 505.0169272140335 459.2600745091505
407.0 47.81648204418011 517.1555309619218 469.3390489177417
408.0 47.59107879403172 514.2191310705393 466.6280522765076
409.0 47.4454554253864 512.2683823457004 464.822926920314
410.0 48.02930827572571 514.9273821050883 466.8980738293626
411.0 47.05638993728435 508.79178176014 461.7353918228556
412.0 46.87406487365454 514.9103992984948 468.0363344248402
413.0 47.06736403856624 514.0156670519407 466.9483030133744
414.0 46.57543859675666 512.3124603789843 465.7370217822276
415.0 46.94849800969911 509.7858635727234 462.8373655630243
416.0 47.01245600720391 514.5770940051944 467.5646379979905
417.0 47.59212303264418 514.402285295401 466.8101622627569
418.0 38.25494076671167 477.7238307859437 439.4688900192321
419.0 40.85676726615862 488.31217701463 447.4554097484713
420.0 42.81677798510592 494.121499162871 451.3047211777651
421.0 47.08882377276411 515.5148406566961 468.426016883932
422.0 40.51272018767362 485.7329703884444 445.2202502007708
423.0 40.49312482174129 485.9650658937872 445.4719410720459
424.0 41.08684691935707 487.775097684524 446.6882507651669
425.0 31.99096936934945 453.7221370422413 421.7311676728918
426.0 39.93277553991283 483.8649224427442 443.9321469028314
427.0 43.87642776287996 499.1054020283278 455.2289742654478
428.0 40.97885672033337 488.390813289868 447.4119565695346
429.0 39.93767445276525 483.8031749416464 443.8655004888811
430.0 43.90325367255847 499.0393859741244 455.136132301566
431.0 37.15258337435511 473.7305059971078 436.5779226227526
432.0 37.15283101792037 473.7226449849585 436.5698139670381
433.0 38.7008636494719 480.3445719029093 441.6437082534374
434.0 38.24938080528989 477.8293606024478 439.5799797971579
435.0 33.96987427207899 461.7733606641022 427.8034863920232
436.0 35.00826136223 465.7287757089075 430.7205143466775
437.0 40.854790599163 488.3644230834686 447.5096324843056
438.0 35.00735280129403 465.7501982260447 430.7428454247507
439.0 38.20897663802671 478.2898533802514 440.0808767422247
440.0 38.9039705171681 481.9004427842938 442.9964722671257
441.0 39.25500339708274 482.9207139557366 443.6657105586538
442.0 33.97226644183544 461.7238745452506 427.7516081034151
443.0 33.40020200685086 460.309204051314 426.9090020444631
444.0 39.34473879769617 482.2362773205275 442.8915385228314
445.0 33.97207203182874 461.7298180431134 427.7577460112846
446.0 35.78538104315445 470.666212876957 434.8808318338026
447.0 35.41498185085808 468.3985154532622 432.9835336024042
448.0 26.32924313165395 427.722138851214 401.3928957195601
449.0 31.04941744645192 449.7470914608508 418.6976740143989
450.0 37.12177599443586 474.2296648857565 437.1078888913207
451.0 34.39712456258597 466.325398767706 431.9282742051201
452.0 32.8805673413262 458.6029473287661 425.7223799874399
453.0 27.56556120602089 433.7236482470702 406.1580870410493
454.0 28.82507705863724 439.8456595145542 411.020582455917
455.0 29.23980122784854 442.0499684820647 412.8101672542161
456.0 23.89475589741094 415.8431821661421 391.9484262687311
457.0 31.0486274803951 449.771513495813 418.7228860154179
458.0 21.89438610769841 405.7226937718588 383.8283076641604
459.0 22.69482997672562 409.7379898134355 387.0431598367099
460.0 27.56192662349107 433.8125842775689 406.2506576540778
461.0 24.64968419789826 420.378824649159 395.7291404512608
462.0 29.67550922483797 444.0974967251597 414.4219875003217
463.0 28.39151124374829 437.9771291125629 409.5856178688146
464.0 25.50881357660384 423.8806938826263 398.3718803060225
465.0 25.44465834866526 424.6650379203317 399.2203795716665
466.0 27.44011263586155 435.0880199259006 407.6479072900391
467.0 24.24154660277863 418.4962901237339 394.2547435209553
468.0 21.42715154327556 404.5992828303859 383.1721312871103
469.0 23.41949176366768 416.0894458641405 392.6699541004728
470.0 25.36296693843466 425.5960501748758 400.2330832364411
471.0 24.35000605480638 421.2932015321173 396.9431954773109
472.0 20.68969975241073 399.8904048130761 379.2007050606653
473.0 17.92966706440313 385.7267953051895 367.7971282407864
474.0 21.4706380988867 404.196082769495 382.7254446706083
475.0 17.92939629671756 385.7372018390078 367.8078055422902
476.0 21.72846750116406 408.8967596969512 387.1682921957871
477.0 22.23846810390728 408.6960539057904 386.4575858018831
478.0 22.40334702882704 411.9896007687749 389.5862537399479
479.0 17.91736634620714 386.0089146702091 368.0915483240019
480.0 19.84305003356463 400.054833044729 380.2117830111644
481.0 13.43842131219156 359.7234681293856 346.2850468171941
482.0 16.40234235283694 377.7404260549184 361.3380837020815
483.0 19.52788653045678 398.1248723634766 378.5969858330198
484.0 17.11837228390302 382.5214361036369 365.4030638197339
485.0 15.30753804288842 372.0257274679536 356.7181894250652
486.0 13.71437112911935 361.9872709793155 348.2728998501961
487.0 17.30227162587957 385.4372228705289 368.1349512446494
488.0 17.88196700208862 390.1169411897253 372.2349741876367
489.0 16.89292487375031 386.1891373399065 369.2962124661562
490.0 17.01014454697519 383.6500960395227 366.6399514925475
491.0 18.22167964486654 393.575007290939 375.3533276460724
492.0 12.04840807807407 353.8271488221124 341.7787407440383
493.0 13.75635160855733 365.8354568274959 352.0791052189386
494.0 12.51214213665431 355.9054496586452 343.3933075219909
495.0 12.12136346312656 350.317141585026 338.1957781218995
496.0 11.80310202468518 349.6123270922074 337.8092250675222
497.0 13.99225941930745 368.030591537451 354.0383321181436
498.0 12.05513853319265 351.0653477636715 339.0102092304789
499.0 9.179387178770482 323.8530270351464 314.673639856376
500.0 8.822385938989252 324.5885501435012 315.766164204512
501.0 8.667666427747764 321.7779201059123 313.1102536781645
502.0 11.15275246404055 345.5917384421273 334.4389859780867
503.0 12.61971376210908 362.4207678751231 349.801054113014
504.0 10.68508058521922 343.2334469370728 332.5483663518536
505.0 7.650228643330117 317.6915862718764 310.0413576285463
506.0 9.666521805433813 333.8422346930141 324.1757128875803
507.0 7.495644648317026 311.9736729743343 304.4780283260173
508.0 6.721176440560523 303.1480922291703 296.4269157886098
509.0 5.846251144562028 299.3211054770539 293.4748543324918
510.0 9.28688895060546 335.3813027520533 326.0944138014479
511.0 7.800891529413731 313.6119391908549 305.8110476614411
512.0 8.163267898763887 326.6539166779857 318.4906487792218
513.0 5.663298593897279 294.3938604649549 288.7305618710576
514.0 6.860004266555156 317.5416414427512 310.681637176196
515.0 4.459524126351538 261.3763853332153 256.9168612068638
516.0 6.791568606688969 317.4331532730864 310.6415846663975
517.0 5.281025385301575 298.6654940715386 293.384468686237
518.0 5.817886224683312 301.0053001394811 295.1874139147978
519.0 4.105078310199757 276.3074351757745 272.2023568655747
520.0 4.382374433487452 289.3848761333263 285.0025016998389
521.0 3.935814227504777 268.3082774925203 264.3724632650156
522.0 4.21862787679495 273.7927422454256 269.5741143686307
523.0 3.983756056706726 269.3653935220158 265.3816374653091
524.0 3.440072530346023 270.4522833732796 267.0122108429336
525.0 3.789345570760742 258.2487028996367 254.4593573288759
526.0 3.519347773080903 279.3805824484937 275.8612346754128
527.0 3.135329189528972 277.2893772870425 274.1540480975135
528.0 3.138720006938373 272.8026032894772 269.6638832825388
529.0 2.88937956088978 261.7712150398668 258.881835478977
530.0 2.978481094939508 267.5779074833738 264.5994263884343
531.0 2.542217495905633 262.7995410267453 260.2573235308396
532.0 2.326901403343019 265.7378691893548 263.4109677860118
533.0 2.286454221508736 262.746612755616 260.4601585341072
534.0 2.164333222944133 266.3665473260814 264.2022141031373
535.0 2.059620038963956 262.9909960815195 260.9313760425556
536.0 1.868471627595288 263.5174564496655 261.6489848220702
537.0 1.76878251165229 261.1878940581036 259.4191115464513
538.0 1.727265923061352 262.152805512233 260.4255395891716
539.0 1.617186675717045 260.4954560800564 258.8782694043394
540.0 1.542246327709826 260.0095294777579 258.467283150048
541.0 1.303274101476047 259.1661597729283 257.8628856714523
542.0 1.206460585707397 256.9230328418063 255.7165722560989
543.0 1.058174025772626 256.7709803241366 255.712806298364
544.0 1.000038906265395 257.4239091061154 256.42387019985
545.0 0.8849960493557029 255.5606148773653 254.6756188280096
546.0 0.8631178608089188 255.3367438853524 254.4736260245435
547.0 0.7721172421460187 255.0943759710996 254.3222587289535
548.0 0.6443830044277109 253.5655072233643 252.9211242189366
549.0 0.5160045711917109 252.7914202891028 252.2754157179111
550.0 0.4665479270580912 251.9407492654708 251.4742013384127
551.0 0.4118319167702004 249.3558194067381 248.9439874899679
552.0 0.375956348356361 250.3803512218666 250.0043948735103
553.0 0.2741189320935793 250.1423824420549 249.8682635099613
554.0 0.232731357252482 247.8718597498319 247.6391283925794
555.0 0.188974342485648 246.9664167375629 246.7774423950772
556.0 0.1238853198226446 246.1322419552384 246.0083566354157
557.0 0.09413837740695832 245.164433768348 245.070295390941
558.0 0.1179124838813015 244.8226891459123 244.704776662031
559.0 0.0419387996731467 244.5589566194627 244.5170178197895
560.0 0.07359344180068217 242.9419255928176 242.8683321510169
561.0 0.01840174011066023 241.939448207706 241.9210464675953
562.0 0.01694768534856558 240.8009676602998 240.7840199749512
563.0 0.0478002881471899 241.3266674247521 241.2788671366049
564.0 0 239.2056742975811 239.2056742975811
565.0 0.07226079101904778 238.8070672532936 238.7348064622746
566.0 0.1277007509918147 237.3954789467484 237.2677781957566
567.0 0.1183097431345104 236.9489285580231 236.8306188148886
568.0 0.1748953744327098 235.3930520061136 235.2181566316809
569.0 0.2077896856947707 235.5069658542355 235.2991761685407
570.0 0.2865184410149303 235.3100500097756 235.0235315687607
571.0 0.346116297322634 232.8687942607058 232.5226779633831
572.0 0.4322053515232644 233.3418964958506 232.9096911443273
573.0 0.5238051294158752 230.557981295016 230.0341761656001
574.0 0.631120058061285 230.6709088122526 230.0397887541913
575.0 0.7512473775761088 229.3134149744982 228.5621675969221
576.0 0.7866495775728791 229.2390275067248 228.4523779291519
577.0 1.125290619094813 232.3317412096907 231.2064505905959
578.0 1.237068575271255 226.6720880744833 225.435019499212
579.0 1.37146062222252 226.4607521621952 225.0892915399727
580.0 1.612288341823062 226.4803440706742 224.8680557288511
581.0 1.76468894498387 223.7064606442508 221.941771699267
582.0 2.03548519116191 221.3748306570318 219.3393454658699
583.0 2.509648192524516 225.5820793142735 223.072431121749
584.0 2.615352950570951 218.7600637541367 216.1447108035657
585.0 2.904461449845302 204.0853840200011 201.1809225701558
586.0 2.69817806586237 208.2549395955217 205.5567615296593
587.0 3.768722648886834 225.7213491477921 221.9526264989052
588.0 3.428910772463088 198.5201267334268 195.0912159609637
591.0 4.49933817832179 205.722137 201.2227988216782
