0.0 79.33027990336534 754.4574028299652 675.1271229265999
1.0 74.96790238022332 735.9310821583053 660.963179778082
2.0 75.89914619379376 740.8814130262359 664.9822668324422
3.0 75.51457976174449 742.0550458737334 666.5404661119889
4.0 75.05440696763615 739.7129597493818 664.6585527817457
5.0 72.4312550345384 727.1029321262706 654.6716770917322
6.0 70.54049958805857 718.5397758050093 647.9992762169507
7.0 72.64407586897399 729.4795417275068 656.8354658585328
8.0 72.70803836755888 732.2439774511578 659.5359390835989
9.0 71.51655581007739 726.3547320082534 654.838176198176
10.0 70.81274949390884 721.8117089404562 650.9989594465473
11.0 70.75154266861486 722.7911316190374 652.0395889504226
12.0 69.90775908750402 717.7922711058145 647.8845120183105
13.0 70.90235110755622 723.4522168534267 652.5498657458705
14.0 68.59589867859685 710.6127243141583 642.0168256355614
15.0 68.49592140807246 712.5097271905845 644.0138057825121
16.0 69.94020201159652 718.2389870484706 648.2987850368741
17.0 68.99638714208364 713.4480228480648 644.4516357059812
18.0 69.78342232897828 719.6875098030043 649.904087474026
19.0 70.01933111804139 721.1905949078841 651.1712637898427
20.0 68.04940972521016 709.4255826382735 641.3761729130633
21.0 69.76708524297464 719.4671022001296 649.7000169571549
22.0 69.85750215332262 719.3650257156019 649.5075235622793
23.0 67.51167009313136 708.7709634517426 641.2592933586112
24.0 68.71824999155519 714.3997902006674 645.6815402091122
25.0 68.63520348078523 715.9873088726035 647.3521053918183
26.0 69.46257854670342 720.6894440551391 651.2268655084357
27.0 68.38010381318482 712.91224451304 644.5321406998552
28.0 69.27686667084671 720.199902766166 650.9230360953193
29.0 67.91109121387 710.6587325635597 642.7476413496897
30.0 68.17721110743552 712.4378073720396 644.2605962646041
31.0 67.01706550904439 705.7869850910421 638.7699195819977
32.0 66.05345591248629 701.6638257518419 635.6103698393556
33.0 66.1646063907882 700.9291432413817 634.7645368505935
34.0 67.71396847151208 713.7564822571742 646.0425137856621
35.0 67.09958555942567 705.2387313596899 638.1391458002642
36.0 66.69607295477355 706.2399679047754 639.5438949500018
37.0 67.76749094717944 712.4289687463742 644.6614777991948
38.0 61.41228301784722 679.7427917998328 618.3305087819855
39.0 65.65136609086513 699.1136953183145 633.4623292274493
40.0 62.8534527347564 685.7773562857241 622.9239035509677
41.0 67.01352177123095 706.260257609526 639.2467358382951
42.0 66.11296765031799 701.8234385472293 635.7104708969113
43.0 66.20724386429318 707.0290508375817 640.8218069732885
44.0 67.07601850182981 710.5483353059593 643.4723168041295
45.0 65.18993718463721 697.1235833659184 631.9336461812811
46.0 65.06544167515999 697.6777685371103 632.6123268619504
47.0 65.99221545064157 702.3455837326588 636.3533682820172
48.0 64.10559646295723 693.5758218998573 629.4702254369001
49.0 65.59773062297186 699.426863394128 633.8291327711561
50.0 65.00978026175854 698.4383633117554 633.4285830499968
51.0 66.13077846341549 704.3720518292014 638.2412733657859
52.0 64.42313677466617 695.0364318657676 630.6132950911014
53.0 62.8444468043231 686.008789279499 623.1643424751759
54.0 63.56578000046941 691.6590181538309 628.0932381533615
55.0 66.77093762688981 710.5270325548873 643.7560949279975
56.0 63.80521328002527 690.0741092259708 626.2688959459455
57.0 65.41013469254457 700.7274377010031 635.3173030084586
58.0 65.14732902738081 702.2864620138075 637.1391329864267
59.0 63.85759651306501 693.7528858343466 629.8952893212816
60.0 63.26701665534323 688.7564548434099 625.4894381880667
61.0 63.29138350839897 688.5909125615881 625.2995290531891
62.0 63.67522981504274 691.7398476409464 628.0646178259036
63.0 62.83284601841129 686.2046320671172 623.371786048706
64.0 60.90986735345339 678.127454106771 617.2175867533176
65.0 64.77463497589684 700.1737038365962 635.3990688606993
66.0 63.20881517717318 690.9197237025619 627.7109085253887
67.0 65.42459289501114 702.2438240587935 636.8192311637824
68.0 63.10804674945867 690.5394994979249 627.4314527484663
69.0 61.41109589308737 679.7854903308658 618.3743944377785
70.0 63.81552146890678 695.4066489310255 631.5911274621187
71.0 64.96242780437709 699.321203690732 634.3587758863549
72.0 61.40462121572417 679.9544638453859 618.5498426296617
73.0 63.75148592279496 694.9459482418775 631.1944623190825
74.0 61.88009203981484 682.0327511326592 620.1526590928444
75.0 64.14743503605819 697.8775749325305 633.7301398964723
76.0 64.94463771301228 701.269225517239 636.3245878042267
77.0 62.69947503427082 687.3400953594508 624.64062032518
78.0 63.11163690942178 690.5267135538597 627.4150766444379
79.0 63.55321960995264 691.8546823646354 628.3014627546828
80.0 63.13233395062379 689.8392210890433 626.7068871384195
81.0 63.21537203153461 692.2973369973413 629.0819649658067
82.0 63.48408188557989 695.5406255229404 632.0565436373605
83.0 61.56455628601341 684.8218127974591 623.2572565114457
84.0 63.22810089572225 689.5486196660565 626.3205187703343
85.0 62.85455724889522 690.0841562913227 627.2295990424275
86.0 63.09065521886358 692.9753284974812 629.8846732786176
87.0 62.1625347584517 685.898759858128 623.7362250996763
88.0 63.45166607577834 692.5417629591156 629.0900968833372
89.0 60.25269469223103 676.8459463822689 616.5932516900379
90.0 61.38402005767564 680.335757516452 618.9517374587764
91.0 59.96771774441391 673.8652280652261 613.8975103208122
92.0 58.50972908078438 668.1725622688548 609.6628331880704
93.0 58.53243396795235 667.7954821246109 609.2630481566585
94.0 63.12298239445431 690.4671359529413 627.344153558487
95.0 61.16981195360006 681.765685464557 620.5958735109569
96.0 60.33277396124203 676.7922043325222 616.4594303712801
97.0 61.96808463856658 685.543899952089 623.5758153135224
98.0 57.57192958323579 663.8367216616329 606.2647920783971
99.0 60.88904600362165 678.4348419441029 617.5457959404813
100.0 61.56760707623274 684.9874676066276 623.4198605303949
101.0 62.10725954820438 685.5555663360473 623.4483067878429
102.0 59.30476991887799 673.4497114660275 614.1449415471496
103.0 60.81506589113236 678.767777239757 617.9527113486247
104.0 63.10433407934589 692.3706867307349 629.266352651389
105.0 64.10068898479148 694.5075024694443 630.4068134846528
106.0 61.10970295795409 681.9220097441283 620.8123067861743
107.0 63.668656595525 693.2645224926403 629.5958658971153
108.0 63.21375488203977 691.0847094281425 627.8709545461028
109.0 61.2673642061533 681.1862280205566 619.9188638144033
110.0 60.43704718874607 676.0603821069344 615.6233349181883
111.0 61.30862951108105 681.0363329339593 619.7277034228783
112.0 65.81916875724351 705.8698758516152 640.0507070943717
113.0 59.91394820781187 674.3368467918121 614.4228985840002
114.0 63.7725367292397 693.8923044452037 630.119767715964
115.0 61.7823790696752 683.1517666313182 621.369387561643
116.0 62.38067888230486 687.8286821257645 625.4480032434597
117.0 62.27481052537542 684.9723188868871 622.6975083615116
118.0 61.85292878078302 682.4159517707147 620.5630229899317
119.0 58.53435545014012 667.7320857999835 609.1977303498434
120.0 60.92314584148914 677.9451163730946 617.0219705316055
121.0 64.45545391040689 696.6640330591915 632.2085791487846
122.0 61.8922161506919 685.4212372465434 623.5290210958515
123.0 61.80370299973998 682.8959229557917 621.0922199560517
124.0 62.64460605961001 687.3725451096256 624.7279390500156
125.0 59.01089166315199 669.8013888223159 610.7904971591639
126.0 63.30918437132007 688.2665380928305 624.9573537215104
127.0 60.39231700381439 676.6073568755302 616.2150398717158
128.0 63.72861941502894 690.933498655553 627.2048792405241
129.0 63.43595158746078 691.2786565399891 627.8427049525283
130.0 62.87978274576912 689.0665541932821 626.186771447513
131.0 64.16797333621253 695.5951731027678 631.4271997665552
132.0 62.94924389448996 689.9344905493843 626.9852466548944
133.0 64.07888341677508 693.1558711833753 629.0769877666002
134.0 63.17931808135911 689.3569914312312 626.1776733498721
135.0 59.49146438646056 671.7679661880334 612.2765018015729
136.0 65.42873364663066 701.4801048392203 636.0513711925897
137.0 58.42836581189259 668.5129024819489 610.0845366700563
138.0 61.40917266663198 679.8205022667755 618.4113296001436
139.0 63.25759256381326 688.8082509404651 625.5506583766518
140.0 59.49011828772654 671.7958387008847 612.3057204131582
141.0 60.84040237637166 678.7974374891696 617.9570351127979
142.0 59.01290616155674 669.749609948589 610.7367037870323
143.0 59.47536981096786 672.0161626100986 612.5407927991307
144.0 59.49122004098683 671.7749393771247 612.2837193361379
145.0 65.27806694573805 699.9474776219845 634.6694106762464
146.0 62.35080111369219 684.1526251181888 621.8018240044966
147.0 60.44491060618743 675.9009838422749 615.4560732360875
148.0 62.23747076942892 685.0750601448209 622.837589375392
149.0 57.57701413073604 663.7248415512451 606.1478274205091
150.0 58.53128996976576 667.8061930910715 609.2749031213058
151.0 62.68397366208439 689.6831518862708 626.9991782241864
152.0 60.4003181716156 676.5086613183669 616.1083431467513
153.0 61.39288772568196 684.273812481942 622.88092475626
154.0 63.64108946470231 694.17340317741 630.5323137127077
155.0 62.89309451303661 689.5498459806684 626.6567514676318
156.0 60.83588773751242 678.8884183596017 618.0525306220893
157.0 62.10606249941286 685.6184706179038 623.512408118491
158.0 55.18693746625893 653.7275969518355 598.5406594855766
159.0 62.211364059964 685.804643835463 623.593279775499
160.0 62.60521914871969 687.4908384297584 624.8856192810387
161.0 59.44813118657681 672.5462117687426 613.0980805821658
162.0 59.73630032691687 675.0746475403454 615.3383472134286
163.0 51.84957126066654 639.7224066984334 587.8728354377668
164.0 58.05434638160819 665.7659542849313 607.7116079033231
165.0 62.62798326540637 690.1905420611079 627.5625587957015
166.0 59.53654111360314 676.167819231999 616.6312781183958
167.0 61.6113347531461 685.3248382408087 623.7135034876626
168.0 54.70853617721396 651.759016092522 597.0504799153081
169.0 58.82318672095355 671.5019421569708 612.6787554360172
170.0 60.50795830351258 679.5649476217655 619.0569893182529
171.0 57.06287890393036 662.2351996255522 605.1723207216219
172.0 60.86614429786547 678.7336643817193 617.8675200838538
173.0 60.99893802851882 682.0161158749016 621.0171778463828
174.0 61.57332801112802 686.189981953779 624.616653942651
175.0 50.89768511195658 635.7222174357662 584.8245323238096
176.0 61.04019769941356 682.3572191532253 621.3170214538117
177.0 58.52993607716527 667.8456462991782 609.3157102220129
178.0 59.62704555625382 674.7270035211092 615.0999579648553
179.0 58.13663933624134 668.9856976361413 610.8490582999
180.0 60.95372344086807 682.3820616459821 621.4283382051141
181.0 60.6380121796913 679.6956473220661 619.0576351423748
182.0 57.35915876618057 666.8733124878765 609.5141537216959
183.0 51.8444115666672 639.8341284277909 587.9897168611237
184.0 61.57036086150943 684.902077019287 623.3317161577776
185.0 48.99598161582557 627.7222123497886 578.726230733963
186.0 53.75508993218976 647.7377939595911 593.9827040274014
187.0 57.26452072764799 665.6780179262752 608.4134971986272
188.0 56.09911545716503 658.4990349422245 602.3999194850595
189.0 58.02680414502014 666.2692854166137 608.2424812715936
190.0 56.98023734843163 662.7509738656841 605.7707365172524
191.0 56.25995824010713 660.987763131229 604.7278048911218
192.0 59.79005801947146 675.4732547660435 615.683196746572
193.0 58.02298247515896 666.3315455841939 608.308563109035
194.0 56.44163703694416 661.4783686340289 605.0367315970847
195.0 57.34614222233209 665.2352203797673 607.8890781574352
196.0 53.27210951925866 645.8759726074219 592.6038630881632
197.0 56.12301793305553 658.0973079355214 601.9742900024659
198.0 54.40093906672625 653.5816384086883 599.1806993419621
199.0 56.60919594015577 659.9951982275389 603.3860022873831
200.0 59.25768699070087 675.1320829005064 615.8743959098055
201.0 47.57051221701535 621.7499873900504 574.1794751730351
202.0 58.56911027736623 671.6385097745622 613.069399497196
203.0 50.89309541609489 635.8438349937943 584.9507395776994
204.0 53.54268079517858 648.993852386366 595.4511715911874
205.0 55.96615621032899 659.2873288086211 603.3211725982921
206.0 51.37345482933994 637.7260252584096 586.3525704290696
207.0 52.28897076626232 642.236193181286 589.9472224150237
208.0 53.12608045570357 647.1635368174612 594.0374563617576
209.0 52.79854464920551 643.8236380267716 591.0250933775661
210.0 47.09686963701354 619.7229447161852 572.6260750791716
211.0 56.04251160692099 658.9990777998674 602.9565661929464
212.0 54.50754846558691 653.6628067676098 599.1552583020229
213.0 56.78150298468945 665.0512267197599 608.2697237350704
214.0 56.07765363197536 658.4853903843294 602.407736752354
215.0 50.89721208901509 635.7380143135804 584.8408022245653
216.0 57.20559109494553 666.331441772848 609.1258506779024
217.0 55.10098312070731 658.0543340033471 602.9533508826398
218.0 53.74437722674366 647.9475792363353 594.2032020095917
219.0 51.75454953531283 642.2324799975545 590.4779304622417
220.0 56.52275605513727 661.0560011944059 604.5332451392687
221.0 55.46766615543886 659.7121741864741 604.2445080310352
222.0 54.64278383749965 655.5783095438178 600.9355257063181
223.0 52.92721511110072 646.8932255473387 593.9660104362379
224.0 53.4277572893627 648.5019266023655 595.0741693130028
225.0 54.65619547013164 652.5090317453543 597.8528362752226
226.0 51.82631935090316 640.1287404454959 588.3024210945927
227.0 53.83133898369506 651.002594585352 597.1712556016569
228.0 52.94478358472522 646.611001886763 593.6662183020378
229.0 57.03286400104307 662.7894721873282 605.7566081862852
230.0 44.72636879440557 609.7235654629109 564.9971966685053
231.0 56.17160917820365 662.681704463343 606.5100952851393
232.0 49.90993713300851 632.3187179799092 582.4087808469007
233.0 46.62193586156217 617.7408964129488 571.1189605513867
234.0 52.45408317092994 644.7482523575995 592.2941691866695
235.0 52.76787535225326 644.2046765164471 591.4368011641938
236.0 51.83454638262513 640.0475870698007 588.2130406871756
237.0 53.31348850119322 649.4260318570244 596.1125433558312
238.0 54.60288950809369 655.2471130935257 600.644223585432
239.0 53.44705476427653 649.7066243176744 596.2595695533979
240.0 53.21415508854753 646.44963274791 593.2354776593625
241.0 49.46009837563425 629.9949887056912 580.5348903300569
242.0 49.62162621429176 632.4312280547932 582.8096018405014
243.0 54.71330035448053 657.3676198182094 602.6543194637289
244.0 51.34567629456935 638.2244823393865 586.8788060448171
245.0 54.44307591518485 653.8517683529313 599.4086924377465
246.0 52.7125108947653 644.8572424846305 592.1447315898652
247.0 55.6062227916453 661.7591026241582 606.1528798325129
248.0 51.20999729646442 639.1072490247733 587.8972517283089
249.0 50.37404905047775 634.4652386989458 584.0911896484681
250.0 48.99177091178317 627.8280537296812 578.8362828178981
251.0 53.2866132118634 651.65207007251 598.3654568606466
252.0 51.14067309834851 639.3008845844802 588.1602114861317
253.0 52.55519150922624 645.4794544263581 592.9242629171319
254.0 47.56866343933914 621.7890700276164 574.2204065882772
255.0 47.24600065992122 622.4387038170003 575.1927031570791
256.0 50.47406057277854 637.6957567063411 587.2216961335625
257.0 46.76967548697903 620.4853475349028 573.7156720479238
258.0 47.04168880460519 620.5592138802172 573.5175250756121
259.0 51.2819373616878 638.9484076439515 587.6664702822637
260.0 49.75164778285658 632.7083361817817 582.9566883989252
261.0 47.98074398804513 624.4803107159397 576.4995667278946
262.0 49.74099471456007 632.9237886676383 583.1827939530782
263.0 51.14745464715632 639.8118740898312 588.6644194426749
264.0 50.01474741241242 636.1952934592056 586.1805460467932
265.0 46.77124424619928 620.4461558067144 573.6749115605151
266.0 47.53262294105524 622.3018373299591 574.7692143889038
267.0 45.19422396443598 611.8575194083865 566.6632954439505
268.0 48.08075907016657 627.3638306132109 579.2830715430443
269.0 50.22279489401014 635.6247874195517 585.4019925255416
270.0 40.94068514064874 593.7235438254686 552.7828586848199
271.0 49.95633982696199 635.8681829059265 585.9118430789645
272.0 46.588515804678 618.1838522500667 571.5953364453887
273.0 45.81472843505716 616.5981455951876 570.7834171601305
274.0 49.77204631874301 635.0255273940354 585.2534810752924
275.0 47.65860052434969 625.2834465712925 577.6248460469428
276.0 43.76092544917946 606.1179283085583 562.3570028593789
277.0 48.43766980475486 627.033709519569 578.5960397148141
278.0 48.61810405318815 630.2632949231007 581.6451908699125
279.0 44.13973233369773 608.642980688108 564.5032483544102
280.0 44.21613537668981 608.2529184260072 564.0367830493174
281.0 45.06678757516357 613.014606386457 567.9478188112934
282.0 44.19724937167729 608.5462339662925 564.3489845946152
283.0 45.29777575369786 616.0111551691299 570.713379415432
284.0 42.29056785853893 600.4865826903685 558.1960148318296
285.0 45.63639624406194 614.4223358497739 568.7859396057119
286.0 43.28679242167787 604.0408336846477 560.7540412629699
287.0 46.46250432481503 623.1748668886871 576.712362563872
288.0 46.06756935861219 619.9038906873679 573.8363213287557
289.0 39.99201052657204 589.8146430710236 549.8226325444515
290.0 44.16082443808406 608.9100306700112 564.7492062319272
291.0 46.43532208111839 619.5840283412688 573.1487062601504
292.0 39.04993482600625 585.7508922430014 546.7009574169951
293.0 37.62946943248778 579.8339103835501 542.2044409510624
294.0 42.15009984397035 600.9933034055215 558.8432035615511
295.0 44.05018294941038 612.3922820141647 568.3420990647543
296.0 42.44362563442765 603.7132711715366 561.2696455371089
297.0 44.01785222766056 610.0477541474198 566.0299019197592
298.0 41.79698724377526 598.8963504160063 557.099363172231
299.0 44.54484566675387 611.4113012149567 566.8664555482028
300.0 38.08784042541005 582.0306038109338 543.9427633855237
301.0 37.62287971347834 579.9790643807884 542.3561846673101
302.0 44.7572687332541 614.9715702347613 570.2143015015072
303.0 39.03235128985172 586.0250959767646 546.9927446869129
304.0 41.79043635977595 598.9787718281662 557.1883354683902
305.0 42.6261140699451 607.2089065208772 564.5827924509321
306.0 41.75508376013251 600.5686843884265 558.8136006282939
307.0 38.10090976196919 581.8528122954842 543.751902533515
308.0 42.49285564999253 605.8151840808599 563.3223284308673
309.0 39.20054905648657 589.5892177973185 550.388668740832
310.0 32.92228767607001 559.7239837962332 526.8016961201632
311.0 37.57260067310033 580.3872367041316 542.8146360310313
312.0 41.17411617043905 598.267757418038 557.093641247599
313.0 37.15779002569522 577.8600519183825 540.7022618926873
314.0 37.0029937352874 580.3262675432615 543.3232738079741
315.0 41.78973749878622 602.8156657965746 561.0259282977883
316.0 35.42042367146915 572.4639772456193 537.0435535741501
317.0 38.08551379585935 582.0882159311546 544.0027021352952
318.0 39.57990547394135 592.5959114494985 553.0160059755572
319.0 41.43398583308445 600.7130737838397 559.2790879507553
320.0 36.66763328369571 576.1518904547205 539.4842571710247
321.0 38.93578689091159 586.6901551348849 547.7543682439733
322.0 39.0273283505503 589.6125654511284 550.5852371005781
323.0 38.82524243404603 590.6347684618357 551.8095260277897
324.0 38.53322010878653 589.6780643712056 551.1448442624191
325.0 37.84469295963918 584.9610897224368 547.1163967627976
326.0 38.34160124495406 585.4477011228228 547.1060998778687
327.0 37.03136157929769 579.7276453133478 542.6962837340501
328.0 37.99706297316213 586.8003086448283 548.8032456716662
329.0 36.17485904644132 574.4702057479767 538.2953467015353
330.0 34.33137917058265 565.8178841913424 531.4865050207598
331.0 37.31916561743605 582.4538897768646 545.1347241594285
332.0 36.55732670341348 577.5580826257476 541.0007559223342
333.0 35.68989754883464 572.6241644863647 536.9342669375301
334.0 37.03423171828055 582.539053377351 545.5048216590704
335.0 29.16385974628041 543.7633901332445 514.599530386964
336.0 35.64624522680644 574.47342370616 538.8271784793536
337.0 30.57027367397479 549.786705469192 519.2164317952172
338.0 34.16075876507966 567.2523135825485 533.0915548174689
339.0 34.30799331794571 566.3303792966066 532.0223859786609
340.0 33.38389906077436 561.9529770764352 528.5690780156608
341.0 32.72486079525864 560.7598571082046 528.034996312946
342.0 33.93284933961811 567.5178948958026 533.5850455561845
343.0 33.89197472473709 567.6799864991612 533.7880117744241
344.0 36.35648771684449 581.0647411933298 544.7082534764853
345.0 34.4400010945318 572.1204902043233 537.6804891097915
346.0 30.08978158151371 548.0188178703262 517.9290362888124
347.0 30.56675375301659 549.8806392132001 519.3138854601836
348.0 32.40531666232488 558.501204243542 526.0958875812172
349.0 34.26850975773415 572.1964151339263 537.9279053761921
350.0 35.26048546297151 577.8159671181491 542.5554816551776
351.0 30.84182164515727 552.8033835902162 521.961561945059
352.0 31.35871520659668 555.2124745332231 523.8537593266264
353.0 32.26503054326744 560.7919471794769 528.5269166362095
354.0 31.75519253907281 560.6266838191407 528.8714912800679
355.0 32.81248610054645 564.7561292787626 531.9436431782162
356.0 31.43013038584855 555.1435854422382 523.7134550563896
357.0 31.72286488748242 558.5811065140062 526.8582416265238
358.0 32.13028988268859 561.2402278695858 529.1099379868972
359.0 31.87216474491097 557.3624117073359 525.490246962425
360.0 30.49398609432614 553.7888757317514 523.2948896374253
361.0 27.49263886220949 539.4202905329481 511.9276516707386
362.0 27.29045215751693 535.8630141161904 508.5725619586735
363.0 30.7679062062281 553.6420043444645 522.8740981382364
364.0 28.68577024131805 541.9602023678022 513.2744321264841
365.0 28.806671268873 546.0382146872284 517.2315434183554
366.0 31.23858514095521 558.8038602519098 527.5652751109546
367.0 22.69328881744998 515.7437992435113 493.0505104260613
368.0 31.09254253436949 556.9715416011005 525.878999066731
369.0 28.4550880513021 545.9719923858169 517.5169043345148
370.0 25.89896689531519 529.7872431914833 503.8882762961681
371.0 27.21355878629793 536.7412498154571 509.5276910291591
372.0 29.86962031264219 554.2439432786623 524.3743229660201
373.0 27.53849981768222 539.5213189991363 511.9828191814541
374.0 28.99728343900748 545.5981899925275 516.60090655352
375.0 27.98068307818798 541.6761241905125 513.6954411123245
376.0 28.85851909620824 547.6289657878422 518.7704466916339
377.0 28.40030353589052 544.5856027128223 516.1852991769318
378.0 27.26930472663471 539.788788882488 512.5194841558533
379.0 26.68357458399796 535.2446984310897 508.5611238470918
380.0 26.09627489289501 533.5414746387625 507.4451997458675
381.0 26.99383297183497 538.3428811512338 511.3490481793988
382.0 28.13506450172865 545.406781674754 517.2717171730254
383.0 25.83220983047273 530.53502056661 504.7028107361373
384.0 28.25666130782506 547.4315444635206 519.1748831556956
385.0 25.53851059480164 532.1898872774622 506.6513766826605
386.0 23.14303178083059 517.8240999580979 494.6810681772673
387.0 26.23159083676093 537.7192109926086 511.4876201558477
388.0 24.80225946982263 528.2260394343245 503.4237799645018
389.0 26.65648869304493 539.4395771601284 512.7830884670834
390.0 24.15842732330469 525.0064248512178 500.8479975279131
391.0 25.53562061402829 533.5531313596561 508.0175107456278
392.0 24.00846339297884 522.778602567623 498.7701391746441
393.0 24.71968899556168 527.7302946692296 503.0106056736679
394.0 26.67132205602672 540.9958516110516 514.3245295550249
395.0 24.9883978600318 532.0975592226294 507.1091613625976
396.0 23.2817148524303 523.0066599373908 499.7249450849605
397.0 23.874245185371 523.6924245627798 499.8181793774088
398.0 22.80944628298942 512.2236040522778 489.4141577692884
399.0 22.79566749800034 517.3539124518556 494.5582449538552
400.0 25.03826235975361 534.6727396336432 509.6344772738896
401.0 23.4668443569101 524.2685369719617 500.8016926150516
402.0 22.5890431539437 518.3541853578192 495.7651422038755
403.0 22.62711934873204 516.9345178416871 494.3073984929551
404.0 21.89997980210386 508.6220106563138 486.7220308542099
405.0 22.71384088152718 521.710067743712 498.9962268621849
406.0 21.11484841668064 508.7115253437369 487.5966769270563
407.0 21.89179584657896 518.4587522090737 496.5669563624948
408.0 22.0420991927803 515.6884205658827 493.6463213731024
409.0 21.98467212580673 516.2538479472983 494.2691758214916
410.0 22.19832350656899 520.0142092042469 497.8158856976779
411.0 21.91315204397161 515.4552288920374 493.5420768480657
412.0 21.11677807165557 516.4901718983697 495.3733938267141
413.0 21.36425834177983 516.951379099917 495.5871207581372
414.0 21.13176827001164 514.0909604362176 492.9591921662059
415.0 21.68157100904602 515.325058306016 493.64348729697
416.0 21.31085231492051 516.4344597148037 495.1236073998832
417.0 21.92718698142912 517.7185090565299 495.7913220751008
418.0 16.57910004794434 477.895078966306 461.3159789183616
419.0 18.05085697765006 488.7024887479327 470.6516317702826
420.0 19.34751427031912 497.5320242400871 478.184509969768
421.0 21.20013499195941 518.2517187354694 497.05158374351
422.0 18.0156950775426 486.4425142350666 468.426819157524
423.0 17.91703849850512 487.5808605305389 469.6638220320338
424.0 18.3405083088877 489.7423930987532 471.4018847898656
425.0 12.80298255209092 453.7240060250521 440.9210234729612
426.0 17.57521982867443 485.5312780248859 467.9560581962115
427.0 19.73265252103017 504.4818014142438 484.7491488932136
428.0 18.10348649589785 490.6234002775309 472.519913781633
429.0 17.59648866818307 485.3804630122726 467.7839743440895
430.0 19.68107739186141 506.2647495121448 486.5836721202834
431.0 15.86863215975928 474.3394976718587 458.4708655120995
432.0 15.88314108816029 473.9279671160575 458.0448260278972
433.0 16.68305428748396 481.2514984137124 464.5684441262285
434.0 16.50857351760694 479.220362702605 462.711789184998
435.0 13.90542480617503 462.3897738105806 448.4843490044056
436.0 14.54797590282634 466.205803049738 451.6578271469117
437.0 17.96216619593752 491.251194353228 473.2890281572905
438.0 14.53133597241145 466.5121404362994 451.980804463888
439.0 16.32782091755157 480.9448884881921 464.6170675706405
440.0 16.6569503097552 483.9798714349246 467.3229211251694
441.0 16.80942576283622 486.6150555116812 469.8056297488449
442.0 13.93456227832226 462.0031093356903 448.068547057368
443.0 13.41066877750953 461.7573912855184 448.3467225080089
444.0 17.00345466575032 486.6037671498168 469.6003124840664
445.0 13.92408843612416 462.3013767422269 448.3772883061028
446.0 14.70428886839666 471.6998865172251 456.9955976488285
447.0 14.59483752517126 469.7055870524027 455.1107495272314
448.0 9.988370766609309 427.740544299252 417.7521735326427
449.0 12.25371152105237 450.7294947209538 438.4757831999015
450.0 15.61497140405488 477.8958936355783 462.2809222315235
451.0 13.69701397371022 468.1303747458304 454.4333607721202
452.0 12.98375446722947 461.4949140148014 448.5111595475719
453.0 10.54463718206619 434.3101814908541 423.7655443087879
454.0 11.06438695848325 441.6482320399522 430.583845081469
455.0 11.21480674131521 443.8955198357094 432.6807130943942
456.0 8.784264003568198 418.273851810061 409.4895878064928
457.0 12.21157925180356 451.8864272194031 439.6748479675996
458.0 8.003801596485837 406.1577876055868 398.153986009101
459.0 8.323405066803327 411.0870709936046 402.7636659268013
460.0 10.45801424376877 436.1712274351265 425.7132131913578
461.0 8.962405522146109 423.6239211319263 414.6615156097802
462.0 11.35920435563052 447.6852635435169 436.3260591878864
463.0 10.77373980424595 441.2032212382121 430.4294814339662
464.0 9.429528171235307 428.4068175304349 418.9772893591996
465.0 9.195652770791733 428.8981905224817 419.70253775169
466.0 9.973162209239587 439.8391012324505 429.8659390232109
467.0 8.697703043183031 422.9750883014519 414.2773852582689
468.0 7.414359087839158 409.4525809889746 402.0382219011354
469.0 8.122881467875009 420.3276055878321 412.2047241199571
470.0 8.890963302278477 430.8676853165926 421.9767220143141
471.0 8.429940083403562 425.2551222285792 416.8251821451756
472.0 7.253017224125349 406.0554344037893 398.802417179664
473.0 6.243959107764317 388.0571997705946 381.8132406628302
474.0 7.487208009336031 410.501014386078 403.0138063767419
475.0 6.215910407586187 388.8528091249673 382.6368987173811
476.0 7.136284298479621 414.1426550041705 407.0063707056909
477.0 7.604600380885059 417.0588540805361 409.454253699651
478.0 7.447053281214075 417.1328268431968 409.6857735619827
479.0 5.974032954908792 393.6296931931976 387.6556602382888
480.0 6.175888161633543 406.2343638715463 400.0584757099128
481.0 4.760450989206792 362.9332866619444 358.1728356727376
482.0 5.524598659720313 384.0815461285005 378.5569474687802
483.0 6.054048766228388 405.0305515506329 398.9765027844045
484.0 5.40637921837757 392.1377066692474 386.7313274508699
485.0 4.887160050889432 382.8039596533311 377.9167996024417
486.0 4.441580150005654 373.1628226888066 368.721242538801
487.0 5.286315572992054 393.9104624638576 388.6241468908656
488.0 5.261884434533244 397.5923431370814 392.3304587025481
489.0 4.768108934815729 392.4617410416747 387.693632106859
490.0 4.979015996644684 395.7898347213799 390.8108187247352
491.0 5.233526530381917 400.2930141321168 395.0594876017349
492.0 3.852964012573148 360.911071449581 357.0581074370078
493.0 3.87612562118176 377.8829229902673 374.0067973690855
494.0 3.580443580906218 371.566923959867 367.9864803789608
495.0 3.993615605821588 371.1775884887447 367.1839728829231
496.0 3.5055389322502 371.4573674054878 367.9518284732376
497.0 3.782433056921139 380.4530585833375 376.6706255264164
498.0 3.678994386467887 374.1588159807811 370.4798215943132
499.0 3.469361141689275 368.9685598943551 365.4991987526658
500.0 3.217316885106292 366.9106267871448 363.6933099020385
501.0 2.946997851855545 360.0925139227202 357.1455160708647
502.0 3.213289664347252 372.1468676014909 368.9335779371436
503.0 3.039629259915706 374.4243718611391 371.3847426012234
504.0 2.673720195258693 370.4099583980152 367.7362382027565
505.0 2.405102051782487 358.7838759107243 356.3787738589418
506.0 2.557979495308468 368.0061135612375 365.4481340659291
507.0 2.586259672341138 364.7411204252974 362.1548607529563
508.0 2.116653912116043 360.5460161760702 358.4293622639542
509.0 2.122016994043967 356.748034833554 354.62601783951
510.0 2.251946333813225 363.727708159695 361.4757618258817
511.0 2.016035974052277 363.0456242932368 361.0295883191845
512.0 1.927808371366555 361.4242156102846 359.4964072389181
513.0 1.707265981426274 356.0410467892232 354.333780807797
514.0 1.620530004066214 356.8214043676882 355.2008743636219
515.0 1.563218587125403 354.3004771029243 352.7372585157989
516.0 1.477603457595138 353.4105441323247 351.9329406747296
517.0 1.379739463412417 353.415971830055 352.0362323666426
518.0 1.344586851920318 355.2560438796888 353.9114570277684
519.0 1.231230964515911 350.3005650253692 349.0693340608533
520.0 1.114099841522422 351.9111132785568 350.7970134370344
521.0 0.9819830606778673 348.3230835470931 347.3411004864152
522.0 0.9973113637608957 349.2188514820515 348.2215401182906
523.0 0.876949609363974 351.2104582474596 350.3335086380956
524.0 0.9015091932208318 350.1638169282756 349.2623077350548
525.0 0.7933180033986584 348.9445997642758 348.1512817608771
526.0 0.6800260165852633 347.124547929979 346.4445219133937
527.0 0.5998631976522533 346.7890982504985 346.1892350528462
528.0 0.5675705140989135 344.3264620563793 343.7588915422804
529.0 0.4624724723692079 345.0605837082985 344.5981112359293
530.0 0.4243488786706133 342.4516832131613 342.0273343344907
531.0 0.4124907324604839 344.4381544922945 344.025663759834
532.0 0.3501671064815498 342.7185454789485 342.368378372467
533.0 0.2132866858688122 341.9782872416288 341.7650005557599
534.0 0.2487638880602295 339.9831240039542 339.7343601158939
535.0 0.1658807895207931 339.2948691611566 339.1289883716358
536.0 0.2370236102626241 339.744720009689 339.5076963994264
537.0 0.09456833618969174 338.1062663406095 338.0116980044198
538.0 0.1256636361218429 337.3270127506458 337.201349114524
539.0 0.09365884242075806 337.4143162000499 337.3206573576291
540.0 0.05987536138345165 334.4683140541172 334.4084386927337
541.0 0 334.7507097626469 334.7507097626469
542.0 0.01224584922044558 334.5599853572662 334.5477395080457
543.0 0.03952957670115317 332.106051007968 332.0665214312668
544.0 0.01974647354735201 330.6575038558992 330.6377573823518
545.0 0.05400086056233802 330.9430810068797 330.8890801463174
546.0 0.0598784422204014 331.184866262847 331.1249878206266
547.0 0.01919356504727091 329.0754912444861 329.0562976794388
548.0 0.08150274514259845 330.3606807675091 330.2791780223665
549.0 0.1203523515943327 327.5983576906256 327.4780053390312
550.0 0.1658601718516902 325.4183259163047 325.252465744453
551.0 0.1940061929824896 326.8174220994708 326.6234159064883
552.0 0.1839776267968577 325.2332042709186 325.0492266441217
553.0 0.2944214461630787 322.6466463243393 322.3522248781762
554.0 0.3019060412545134 324.8614325406129 324.5595264993584
555.0 0.4354769142970713 322.7187386432878 322.2832617289907
556.0 0.4236867868912886 321.5835547989869 321.1598680120956
557.0 0.5060570056165944 321.4277106596465 320.9216536540299
558.0 0.6309692172497766 319.3040192863066 318.6730500690568
559.0 0.6521693053605461 319.7644077721647 319.1122384668041
560.0 0.8403024809701275 317.8794760764524 317.0391735954823
561.0 0.8271203495977367 316.3933993148835 315.5662789652858
562.0 1.011247098895411 314.9919587309799 313.9807116320845
563.0 1.151766390161351 315.8508259569271 314.6990595667658
564.0 1.356436961268294 315.7402173763657 314.3837804150974
565.0 1.468089418511806 315.6273109071982 314.1592214886864
566.0 1.656277073863252 313.2595281357638 311.6032510619006
567.0 1.730832855999216 313.8969286076384 312.1660957516392
568.0 2.041923194545703 309.6333011764227 307.591377981877
569.0 2.124908813740654 309.0628170266856 306.9379082129449
570.0 2.297285334359549 307.3485603148292 305.0512749804697
571.0 2.437779476019385 316.6770549879517 314.2392755119323
572.0 2.6890658186264 305.6114460522665 302.9223802336401
573.0 2.960081715324702 309.8429956345437 306.882913919219
574.0 3.227874302660105 313.1261703474861 309.898296044826
575.0 3.416927585879846 318.7817414030468 315.3648138171669
576.0 3.932022131593208 291.5342782735502 287.602256141957
577.0 4.291874531528555 294.7339675857034 290.4420930541748
578.0 4.16021796555262 322.1511409758388 317.9909230102862
579.0 4.7201709505159 317.9024158349557 313.1822448844398
580.0 6.942978877172624 258.5035870880474 251.5606082108748
581.0 5.421644002295027 294.6852190000396 289.2635749977445
582.0 6.378718474655277 276.216955208514 269.8382367338587
583.0 7.729768577791572 259.3023394229208 251.5725708451292
584.0 9.368074259410443 251.1184611696764 241.7503869102659
585.0 12.70884732023937 223.8998846097183 211.1910372894789
586.0 12.12853978967794 226.4916747432531 214.3631349535751
587.0 12.10381825366168 231.586019899655 219.4822016459933
588.0 12.33471571556673 229.3140883823101 216.9793726667434
591.0 16.18254640723074 205.722137 189.5395905927692
