0.0 73.44764744303259 754.6564502545468 681.2088028115143
1.0 69.33457146341182 736.0353384157594 666.7007669523476
2.0 70.1920584734821 741.3774336019062 671.1853751284241
3.0 69.78020524533619 742.5363336124203 672.7561283670841
4.0 69.35349159409793 740.144889381516 670.7913977874181
5.0 66.90584606353061 727.4986481980611 660.5928021345305
6.0 65.1330233575834 718.8335250420025 653.7005016844191
7.0 67.0802944995519 729.9291557079335 662.8488612083816
8.0 67.0967660582022 732.7038091746978 665.6070431164956
9.0 65.987738130333 726.8065514997024 660.8188133693694
10.0 65.35089914993504 722.314478514063 656.963579364128
11.0 65.27060434137539 723.3826254395027 658.1120210981273
12.0 64.50039541342885 718.3109119126465 653.8105164992177
13.0 65.41285197276735 724.0099049208305 658.5970529480632
14.0 63.2930386996305 710.9491304282758 647.6560917286453
15.0 63.15921421138872 712.7024085143301 649.5431943029413
16.0 64.52316920085145 719.0443999130412 654.5212307121897
17.0 63.64933799738855 713.9594967408109 650.3101587434224
18.0 64.34055455556356 720.2173277019256 655.876773146362
19.0 64.55282392277574 721.8806543751946 657.3278304524188
20.0 62.75585067197293 709.9924750500528 647.2366243780799
21.0 64.32460787338796 720.3687631827828 656.0441553093948
22.0 64.41710070565769 720.4218761188938 656.0047754132361
23.0 62.2223902075412 709.0728315663679 646.8504413588267
24.0 63.34943575619249 714.9320689906608 651.5826332344683
25.0 63.23756190236933 716.4613008829751 653.2237389806058
26.0 63.99678058757103 721.1835755292862 657.1867949417152
27.0 63.02912396259525 713.7158261812367 650.6867022186414
28.0 63.81435580499399 720.9287763982318 657.1144205932378
29.0 62.59184896905797 711.412999966732 648.821150997674
30.0 62.83242207275587 713.0781008375982 650.2456787648423
31.0 61.76905961362519 706.3733148808076 644.6042552671824
32.0 60.86157426305233 702.1643278173449 641.3027535542926
33.0 60.98765464596765 701.4273961536742 640.4397415077065
34.0 62.33952306005283 714.1975097851084 651.8579867250555
35.0 61.86265215922211 705.8324047832525 643.9697526240304
36.0 61.43617526377039 706.6237333367447 645.1875580729743
37.0 62.41570653617451 713.0604173086252 650.6447107724507
38.0 56.52759115556796 679.7622417814052 623.2346506258372
39.0 60.49733921427423 699.5999168579084 639.1025776436341
40.0 57.88800015117523 685.8186923766621 627.9306922254869
41.0 61.75567310780526 707.0228789729993 645.267205865194
42.0 60.91694396575885 702.6144981375127 641.6975541717538
43.0 60.92391237865123 707.5241698191658 646.6002574405145
44.0 61.74375534903066 711.3266217843283 649.5828664352976
45.0 60.06210465755048 697.6855632402974 637.6234585827469
46.0 59.92666109333482 698.1177064972158 638.1910454038809
47.0 60.78582102449458 703.0235869396274 642.2377659151329
48.0 59.02234937703594 693.9654702069345 634.9431208298985
49.0 60.43689549520271 699.9585274315447 639.521631936342
50.0 59.85511145043537 699.0623464024683 639.2072349520329
51.0 60.89272700226225 704.8795567755629 643.9868297733007
52.0 59.32084029054934 695.3124781033383 635.991637812789
53.0 57.87365159772145 686.1899249540684 628.316273356347
54.0 58.50625241449761 692.1041624765605 633.5979100620629
55.0 61.43480712269165 711.1771257768699 649.7423186541783
56.0 58.77955147925404 690.3061327409548 631.5265812617007
57.0 60.22144713703721 701.4606414599556 641.2391943229184
58.0 59.92901419791401 702.7401435042784 642.8111293063644
59.0 58.76681213311609 694.1552670675147 635.3884549343987
60.0 58.25388421437249 689.1206948056948 630.8668105913223
61.0 58.28137774264558 688.9831745732185 630.7017968305729
62.0 58.61520013201276 692.3012925768239 633.6860924448112
63.0 57.85785358492203 686.4528906998938 628.5950371149718
64.0 56.04351143862496 678.2907460992424 622.2472346606174
65.0 59.58689215395619 700.6217809161251 641.0348887621689
66.0 58.15645810901108 691.3116234081581 633.155165299147
67.0 60.21072955714772 702.8368452658815 642.6261157087338
68.0 58.05842868150004 691.1774372229346 633.1190085414346
69.0 56.52532692616782 679.8444593670491 623.3191324408813
70.0 58.69594512994316 695.6950904618076 636.9991453318645
71.0 59.78922979470789 700.2050162726971 640.4157864779892
72.0 56.51498844323649 680.1102732452336 623.5952848019971
73.0 58.63733829646589 695.411342904695 636.7740046082291
74.0 56.96213719956027 682.2130077975661 625.2508705980058
75.0 58.98856813178135 698.3728825090986 639.3843143773172
76.0 59.73987259065419 701.8101087883184 642.0702361976642
77.0 57.70073625728394 687.76002039358 630.0592841362961
78.0 58.06183801051042 691.2235619514324 633.161723940922
79.0 58.48935184560254 692.3835650852377 633.8942132396351
80.0 58.09655679065663 690.3510346426784 632.2544778520218
81.0 58.13895872623689 692.6856777997214 634.5467190734845
82.0 58.35477117525056 696.00799392327 637.6532227480194
83.0 56.5923439865683 684.9702490784402 628.3779050918719
84.0 58.19800442603298 690.1958770952157 631.9978726691827
85.0 57.81020463684099 690.5244740487442 632.7142694119032
86.0 57.99971196462285 693.4127517155802 635.4130397509574
87.0 57.17905558980463 686.3858628348762 629.2068072450716
88.0 58.37364986152805 693.1026617877422 634.7290119262141
89.0 55.39710440453289 677.0293113574384 621.6322069529056
90.0 56.48602296399714 680.6511196878613 624.1650967238641
91.0 55.16015014205948 673.9656363096112 618.8054861675517
92.0 53.77578577392308 668.3505607719171 614.574774997994
93.0 53.80649723908073 667.8557497383932 614.0492524993125
94.0 58.07367094144268 691.2574767152861 633.1838057738434
95.0 56.24247628662634 682.1263807821664 625.88390449554
96.0 55.47910246602284 677.0267182419688 621.547615775946
97.0 56.98841300872551 685.9166751887745 628.9282621800489
98.0 52.89859988663262 663.8943910318805 610.9957911452479
99.0 56.01601119656188 678.7098097943828 622.6937985978209
100.0 56.5923695005427 685.1542454216545 628.5618759211118
101.0 57.1300631900016 685.8988160515318 628.7687528615302
102.0 54.49103543232252 673.7581554631481 619.2671200308256
103.0 55.93523647878156 678.997369730612 623.0621332518304
104.0 58.02485057934565 692.7358503880733 634.7109998087277
105.0 58.9977805432298 695.2791667478054 636.2813862045756
106.0 56.17857796587657 682.2802040840284 626.1016261181519
107.0 58.58250273481604 693.7401123445483 635.1576096097323
108.0 58.15781567327423 691.5675571191832 633.409741445909
109.0 56.3520536191735 681.5326330761795 625.180579457006
110.0 55.59864244800822 676.2269443703259 620.6283019223177
111.0 56.39660261775284 681.3914125099615 624.9948098922087
112.0 60.54964882287515 706.3288428547671 645.779194031892
113.0 55.09687033903524 674.4664228860377 619.3695525470024
114.0 58.67855798007749 694.2017239907938 635.5231660107163
115.0 56.84128503084575 683.5377879545397 626.6965029236939
116.0 57.36871698117329 688.1301694219832 630.7614524408099
117.0 57.31075822379047 685.3192079869722 628.0084497631817
118.0 56.9271246198811 682.6690005950765 625.7418759751954
119.0 53.80996297135996 667.7419251622382 613.9319621908783
120.0 56.06059888485702 678.0637082947608 622.0031094099038
121.0 59.32293939803838 697.1934302444864 637.870490846448
122.0 56.91467193767208 685.6354591921563 628.7207872544842
123.0 56.86789479716852 683.2329476966865 626.3650528995179
124.0 57.64549861853867 687.6484548413536 630.002956222815
125.0 54.25823054321645 669.851263111533 615.5930325683165
126.0 58.3063795565455 688.5111080560029 630.2047284994574
127.0 55.54275700756229 676.8608497028752 621.3180926953129
128.0 58.68528141058914 691.3067017045883 632.6214202939992
129.0 58.38225230818953 691.5495479019799 633.1672955937904
130.0 57.85642093222845 689.1848648878744 631.3284439556459
131.0 59.05152358403681 695.8499467936133 636.7984232095765
132.0 57.91013434370441 690.2566759005729 632.3465415568684
133.0 59.00365109260645 693.4125131461792 634.4088620535728
134.0 58.1539686855145 689.7287997174665 631.574831031952
135.0 54.71288596317737 671.7991248357566 617.0862388725793
136.0 60.23101404511348 701.750671493099 641.5196574479855
137.0 53.68759437427576 668.6175597093766 614.9299653351008
138.0 56.52271351750391 679.8830179420783 623.3603044245744
139.0 58.24386638381502 689.108135374157 630.864268990342
140.0 54.71094214917182 671.8370308183154 617.1260886691436
141.0 55.96026027178992 679.0530290425157 623.0927687707257
142.0 54.26141482233041 669.7718573067222 615.5104424843918
143.0 54.6915267216987 672.1221899199578 617.4306631982591
144.0 54.71248021400667 671.8104032995747 617.097923085568
145.0 60.10375521314735 700.3169302170618 640.2131750039145
146.0 57.40393157965125 684.3259360487839 626.9220044691326
147.0 55.61003593077973 675.9947321412984 620.3846962105187
148.0 57.27121205704455 685.3902382600141 628.1190262029695
149.0 52.90618210078769 663.7278285966397 610.8216464958521
150.0 53.80523411340974 667.853853366168 614.0486192527583
151.0 57.64559495788485 689.8904374100477 632.2448424521628
152.0 55.55262405768377 676.7660595614428 621.213435503759
153.0 56.42646462820256 684.5129125363715 628.086447908169
154.0 58.54039517384353 694.4190293714059 635.8786341975624
155.0 57.86033294007477 689.8036436119846 631.9433106719098
156.0 55.95377276618115 679.1797443322605 623.2259715660793
157.0 57.12777586904716 685.9536128204089 628.8258369513617
158.0 50.64954493938516 653.733082070606 603.0835371312208
159.0 57.23022501551475 686.3082395116286 629.0780144961138
160.0 57.60283115293462 687.8292121178421 630.2263809649075
161.0 54.65279116819694 672.8591466370247 618.2063554688278
162.0 54.90291114277344 675.231623051692 620.3287119089185
163.0 47.49937299347168 639.7228113666137 592.223438373142
164.0 53.35584120223703 665.7988936816677 612.4430524794307
165.0 57.57906016473785 690.4743979928548 632.8953378281169
166.0 54.6798627784548 676.3939829172182 621.7141201387634
167.0 56.63000427281764 685.6029256114566 628.972921338639
168.0 50.19711212070478 651.7863701960618 601.589258075357
169.0 54.03497162830167 671.834917634835 617.7999460065333
170.0 55.60819561358223 679.8582686906959 624.2500730771137
171.0 52.40787756550633 662.3917892468362 609.9839116813299
172.0 55.98711647938523 679.0454504645252 623.05833398514
173.0 56.06486423990147 682.2972650330343 626.2324007931328
174.0 56.5764893269589 686.4266098707451 629.8501205437862
175.0 46.60096787205762 635.7223519247188 589.1213840526611
176.0 56.09987416607272 682.7540970099523 626.6542228438796
177.0 53.80294753140883 667.9204646208223 614.1175170894134
178.0 54.79817196474375 674.8479566326064 620.0497846678627
179.0 53.38228846251556 669.111777567485 615.7294891049695
180.0 56.01245535012322 682.6599905112212 626.647535161098
181.0 55.73823375439787 679.9874983019068 624.249264547509
182.0 52.62782945727815 667.0452585326392 614.4174290753611
183.0 47.49173724631262 639.8864341085576 592.394696862245
184.0 56.59332421174247 685.4569013602149 628.8635771484725
185.0 44.80625207836165 627.7223549726796 582.9161028943179
186.0 49.29760435837162 647.7504272586831 598.4528229003115
187.0 52.5517230011947 665.9408131212044 613.3890901200097
188.0 51.4917059020639 658.7818093219668 607.2901034199029
189.0 53.31747927780241 666.4825860497151 613.1651067719127
190.0 52.31432903424284 662.9546905916161 610.6403615573733
191.0 51.61239164245962 661.1865661732391 609.5741745307795
192.0 54.9488668806403 675.8401105758209 620.8912436951806
193.0 53.31223964108207 666.5770710901948 613.2648314491127
194.0 51.78735672406648 661.8275216485271 610.0401649244606
195.0 52.64268223586833 665.4832768214354 612.840594585567
196.0 48.83827157268575 645.9548704701655 597.1165988974798
197.0 51.52414719961744 658.2528706265472 606.7287234269297
198.0 49.8504694432078 653.8023115048334 603.9518420616256
199.0 51.98564617454986 660.1420093868455 608.1563632122956
200.0 54.41416580907387 675.376551868579 620.9623860595051
201.0 43.46039435034833 621.7696558314912 578.3092614811429
202.0 53.77454948200556 671.9127669204676 618.1382174384621
203.0 46.5935789556738 635.9163921313651 589.3228131756913
204.0 49.05785968695559 649.1920945039009 600.1342348169453
205.0 51.34261067317942 659.560881519449 608.2182708462695
206.0 47.04989606648539 637.730586019381 590.6806899528957
207.0 47.9011726349882 642.3802839046879 594.4791112696997
208.0 48.66535298041459 647.4440747957067 598.7787218152921
209.0 48.39253333384385 643.8873948454415 595.4948615115977
210.0 43.01415297935914 619.7240686014534 576.7099156220943
211.0 51.42490881184918 659.3289191297643 607.9040103179151
212.0 49.95649102184551 654.004804709814 604.0483136879685
213.0 52.07166645621419 665.2642395554339 613.1925730992197
214.0 51.47071066408502 658.6956999022774 607.2249892381924
215.0 46.60010947448705 635.7508005124668 589.1506910379798
216.0 52.47906913463003 666.73904465346 614.2599755188299
217.0 50.48400525150007 658.3125431546982 607.8285379031982
218.0 49.28230981152478 648.046577660067 598.7642678485422
219.0 47.35773582692916 642.3402631460364 594.9825273191073
220.0 51.87704748275045 661.4404469060613 609.5633994233109
221.0 50.82859174114582 659.907910228747 609.0793184876012
222.0 50.06224701529342 655.7145599335886 605.6523129182952
223.0 48.4685312289669 647.0834220776975 598.6148908487306
224.0 48.95070128732149 648.5643927019551 599.6136914146336
225.0 50.12893183372786 652.7457173779527 602.6167855442248
226.0 47.4673396926913 640.2793074072872 592.8119677145959
227.0 49.31701131622996 651.1205201978236 601.8035088815937
228.0 48.49210031644909 646.7129384623191 598.22083814587
229.0 52.36584629804925 663.1587828291932 610.792936531144
230.0 40.77748866590219 609.7251054509771 568.9476167850749
231.0 51.49150715744754 663.0224905581426 611.5309834006951
232.0 45.65392859192589 632.5197557007039 586.865827108778
233.0 42.56555053637208 617.7557714781343 575.1902209417622
234.0 48.02530361595185 644.8693757693187 596.8440721533668
235.0 48.35392835196075 644.3520199079102 595.9980915559495
236.0 47.47709892023187 640.2047249194662 592.7276259992343
237.0 48.81695451177389 649.6363663587776 600.8194118470038
238.0 50.02719795150738 655.4178728277277 605.3906748762203
239.0 48.94720658755718 650.0031375550683 601.0559309675111
240.0 48.7684197817055 646.6232860252368 597.8548662435313
241.0 45.23743137128072 630.1435150917074 584.9060837204267
242.0 45.35999413216007 632.4626384933602 587.1026443612002
243.0 50.10201407474696 657.5757604342023 607.4737463594554
244.0 47.01132751356211 638.4169619618912 591.4056344483291
245.0 49.88774838009979 654.1737982122297 604.2860498321299
246.0 48.28484883319269 645.1571875805188 596.8723387473261
247.0 50.93303342792027 662.0286585595311 611.0956251316109
248.0 46.85737998753481 639.3422542230859 592.4848742355511
249.0 46.08815650176742 634.7104334794497 588.6222769776823
250.0 44.79963224933525 627.8872005590237 583.0875683096884
251.0 48.75033999603503 651.8865166880288 603.1361766919938
252.0 46.78302373065961 639.5865957940662 592.8035720634066
253.0 48.11350780707372 645.8200664211713 597.7065586140975
254.0 43.45769433162823 621.824772161504 578.3670778298758
255.0 43.1179679849961 622.4738232302997 579.3558552453036
256.0 46.13225653630665 638.0552312686694 591.9229747323627
257.0 42.66733451960442 620.547744494382 577.8804099747776
258.0 42.94122249333223 620.8116535660074 577.8704310726752
259.0 46.93240955127449 639.3008103432271 592.3684007919526
260.0 45.48676086980407 632.8191787621609 587.3324178923568
261.0 43.82841619778417 624.679613782231 580.8511975844468
262.0 45.4713664640533 633.1287752030649 587.6574087390116
263.0 46.780333941027 640.167551133669 593.387217192642
264.0 45.69181925695296 636.4776431820239 590.7858239250709
265.0 42.66978071959501 620.4888246464766 577.8190439268816
266.0 43.41072861345253 622.4929799636966 579.082251350244
267.0 41.21557260186992 611.9254293117762 570.7098567099063
268.0 43.87971875170734 627.5450412196321 583.6653224679247
269.0 45.91280072210588 635.9960844892737 590.0832837671678
270.0 37.20608958534816 593.7253896255675 556.5193000402194
271.0 45.63762933381422 636.2131148896488 590.5754855558345
272.0 42.52280703215567 618.3133754143683 575.7905683822127
273.0 41.76346962830837 616.7042625196825 574.9407928913742
274.0 45.4653134348533 635.321311802687 589.8559983678337
275.0 43.48594650369834 625.5510575405591 582.0651110368608
276.0 39.85685726745761 606.303121425937 566.4462641584794
277.0 44.24670453183913 627.4548095940146 583.2081050621754
278.0 44.37417025006052 630.6143084130714 586.2401381630109
279.0 40.19810079968982 608.8130394094263 568.6149386097365
280.0 40.282710574658 608.4220571154369 568.1393465407789
281.0 41.06362129835188 613.3167567798253 572.2531354814735
282.0 40.25763163809032 608.8002119774965 568.5425803394061
283.0 41.24772397399523 616.1202593839306 574.8725354099354
284.0 38.45962260976292 600.6511630113661 562.1915404016032
285.0 41.61879124674252 614.6962570898009 573.0774658430583
286.0 39.41140659620169 604.1568243459786 564.7454177497769
287.0 42.30496134429087 623.5405401910457 581.2355788467549
288.0 41.96122898006336 620.1886850634233 578.2274560833599
289.0 36.30891396202566 589.8703633877005 553.5614494256748
290.0 40.21350848045168 609.2445646974152 569.0310562169635
291.0 42.33977300707366 620.0222711121037 577.6824981050301
292.0 35.42188389229768 585.772243378885 550.3503594865874
293.0 34.08006013761261 579.8842877396999 545.8042276020873
294.0 38.30726984660651 601.2233435672263 562.9160737206198
295.0 40.04011655869849 612.6878576780831 572.6477411193846
296.0 38.55835725239918 603.9233906262623 565.3650333738631
297.0 40.04704538477292 610.4968776641074 570.4498322793345
298.0 37.98388387117651 599.2300162867208 561.2461324155443
299.0 40.56030591691136 611.7525302482519 571.1922243313405
300.0 34.50747054176699 582.1361561318157 547.6286855900487
301.0 34.07025675573124 580.0965279936508 546.0262712379196
302.0 40.71261761995827 615.4706885609628 574.7580709410045
303.0 35.39847694949896 586.1304832685594 550.7320063190604
304.0 37.97560263924974 599.332552368954 561.3569497297042
305.0 38.68152870446445 607.5572469211138 568.8757182166493
306.0 37.91282889967289 600.7929090934391 562.8800801937662
307.0 34.52420942107251 581.9215438363457 547.3973344152732
308.0 38.57076617568358 606.1204760085657 567.5497098328821
309.0 35.50624073477178 589.7911308297496 554.2848900949778
310.0 29.64349943538255 559.7261441352659 530.0826446998833
311.0 34.01165243134344 580.5356951693353 546.5240427379919
312.0 37.35970918741618 598.7602577450151 561.4005485575989
313.0 33.63446421500521 577.9450719042407 544.3106076892355
314.0 33.43355969645859 580.4233810815322 546.9898213850736
315.0 37.90597130586419 603.3555548168841 565.4495835110199
316.0 31.96160903169459 572.5067834779386 540.545174446244
317.0 34.50381458200983 582.2284884243557 547.7246738423459
318.0 35.83777032612677 593.0019051875627 557.1641348614359
319.0 37.5810822167073 601.2273815876028 563.6462993708955
320.0 33.16492323285647 576.3265978742529 543.1616746413964
321.0 35.28775609682271 586.8902034952236 551.6024473984009
322.0 35.32890023851511 589.8989953966031 554.570095158088
323.0 35.10487554876 590.9712665756805 555.8663910269205
324.0 34.82563142446998 589.8832975312706 555.0576661068006
325.0 34.20765927438195 585.1847395289587 550.9770802545768
326.0 34.70338342106384 585.8343935018045 551.1310100807407
327.0 33.46889882955054 580.3009190641371 546.8320202345866
328.0 34.3307209799274 586.988885226257 552.6581642463296
329.0 32.69197590677661 574.7709875212507 542.0790116144741
330.0 30.96988651418548 565.8844857333644 534.9145992191789
331.0 33.71483640722759 582.9149691067947 549.2001326995671
332.0 33.02493400932857 578.0975609650486 545.07262695572
333.0 32.23081757685484 572.9309672957379 540.7001497188831
334.0 33.42383451856649 582.9526350715157 549.5288005529492
335.0 26.09896470695591 543.787681031342 517.688716324386
336.0 32.15434842015758 574.7328218811873 542.5784734610298
337.0 27.4241763777026 549.8373070471126 522.41313066941
338.0 30.76923363828627 567.5375624431482 536.7683288048619
339.0 30.93507860647062 566.6439759544634 535.7088973479927
340.0 30.0730006526923 562.0922801261452 532.0192794734529
341.0 29.42315429323003 560.9161873910892 531.4930330978592
342.0 30.53202171183937 567.883201752598 537.3511800407586
343.0 30.48808352254709 567.9825880400125 537.4945045174654
344.0 32.75968147186969 581.521847489754 548.7621660178843
345.0 30.96708204197349 572.5078225210546 541.5407404790811
346.0 26.96547946365196 548.164691161816 521.1992116981641
347.0 27.41849840014795 549.9866686354205 522.5681702352725
348.0 29.13636659161469 558.8133228894238 529.6769562978091
349.0 30.79190975483883 572.5117548761221 541.7198451212833
350.0 31.70189888362682 578.2193584008374 546.5174595172106
351.0 27.646533215794 552.9757976679314 525.3292644521374
352.0 28.12876584313613 555.5584775278553 527.4297116847192
353.0 28.95363618258573 561.0765389744402 532.1229027918545
354.0 28.43763875229896 560.9163124781339 532.4786737258349
355.0 29.43943711154484 565.2362922413597 535.7968551298149
356.0 28.20129125983244 555.6541601763193 527.4528689164868
357.0 28.43732992312206 559.2657610975005 530.8284311743784
358.0 28.80458245616886 561.9987488279348 533.1941663717659
359.0 28.61154518676693 557.9497541236087 529.3382089368417
360.0 27.27458046816763 554.0452897704858 526.7707093023181
361.0 24.47281514463856 539.6556863261781 515.1828711815395
362.0 24.33079515441931 535.9494403328616 511.6186451784423
363.0 27.5550126641443 554.0031357784745 526.4481231143302
364.0 25.64336318162068 542.0782008770165 516.4348376953958
365.0 25.69306189225649 546.3604914470636 520.6674295548071
366.0 27.94309141989746 559.1995360308722 531.2564446109748
367.0 20.0064931453753 515.7629298798543 495.756436734479
368.0 27.8247844803598 557.5848814806329 529.7600970002731
369.0 25.33718485115542 546.2114720539736 520.8742872028182
370.0 23.02173816588738 529.8443555901117 506.8226174242243
371.0 24.23548417370496 537.0239679075584 512.7884837338534
372.0 26.62902450137993 554.7581976560033 528.1291731546234
373.0 24.51691994561672 539.8534953356718 515.336575390055
374.0 25.89309756154244 546.1239466915003 520.2308491299578
375.0 24.92771609675629 542.1729346452779 517.2452185485216
376.0 25.71311989121731 548.5115114110482 522.7983915198309
377.0 25.30245655810069 545.2193010208852 519.9168444627845
378.0 24.23847337010635 540.1027573011991 515.8642839310928
379.0 23.72132324807723 535.6654769141077 511.9441536660304
380.0 23.15430176082071 533.8743464786567 510.720044717836
381.0 23.98204654047783 538.8303330046303 514.8482864641525
382.0 25.01845054052421 546.0020054539755 520.9835549134513
383.0 22.93913741082549 530.778093722011 507.8389563111855
384.0 25.1076908488117 547.9069254813455 522.7992346325338
385.0 22.6098203605195 532.5967803317989 509.9869599712794
386.0 20.42709632979829 517.9112239006096 497.4841275708113
387.0 23.21664312131179 538.289254773675 515.0726116523633
388.0 21.92777717361151 528.9200693563316 506.9922921827201
389.0 23.61812165226665 540.094010425004 516.4758887727373
390.0 21.33259240287283 525.2973488317445 503.9647564288717
391.0 22.57982931994214 534.3256172368632 511.7457879169211
392.0 21.21739421102117 523.276342411783 502.0589482007618
393.0 21.85414449143247 528.2310172508888 506.3768727594564
394.0 23.60688733360962 541.536541156056 517.9296538224464
395.0 22.05111434379321 532.5726921012691 510.5215777574759
396.0 20.47562326949068 523.289870994798 502.8142477253073
397.0 21.06449692361097 524.217422507739 503.152925584128
398.0 20.1767139683038 513.4222871843066 493.2455732160028
399.0 20.07405452611406 518.3517732635061 498.277718737392
400.0 22.05556674377875 535.2708662797913 513.2152995360126
401.0 20.64080827635816 524.6764351634363 504.0356268870781
402.0 19.85231118224715 518.656579635039 498.8042684527919
403.0 19.91446868406848 517.41406826045 497.4995995763815
404.0 19.31505050608624 509.742745091061 490.4276945849748
405.0 19.91931764302962 522.138897018343 502.2195793753133
406.0 18.51564636288576 509.6851063239686 491.1694599610828
407.0 19.14045636797936 518.8164369070382 499.6759805390588
408.0 19.34111916030616 516.1545951802191 496.8134760199129
409.0 19.26974208382804 517.0619746706801 497.7922325868521
410.0 19.42065562609921 520.8718835575608 501.4512279314616
411.0 19.20508261715026 516.9340494732466 497.7289668560963
412.0 18.38587890416597 516.9049094216308 498.5190305174648
413.0 18.62811666964629 517.538729369714 498.9106127000677
414.0 18.44238790107003 514.6083031367895 496.1659152357194
415.0 18.97484552611037 516.4520534488559 497.4772079227456
416.0 18.58324779852232 516.9810469674914 498.3977991689691
417.0 19.18411579098621 518.706042954059 499.5219271630728
418.0 14.44792495460203 478.0603798095469 463.6124548549449
419.0 15.75507688355654 488.972617484127 473.2175406005705
420.0 16.90898121251372 499.0694671260615 482.1604859135478
421.0 18.4383068832804 518.8372801788287 500.3989732955483
422.0 15.75640015400835 487.0342913900345 471.2778912360262
423.0 15.63328944323993 488.5039920499295 472.8707026066896
424.0 16.02334252375327 491.0229254429913 474.999582919238
425.0 11.0308503829859 453.7297621001394 442.6989117171535
426.0 15.32047192157585 486.5781216993585 471.2576497777827
427.0 17.17815516536168 506.0729485286228 488.8947933632611
428.0 15.76776388021107 491.764631403218 475.996867523007
429.0 15.34469059198228 486.4380671706243 471.093376578642
430.0 17.09136787065915 508.1867333698698 491.0953654992106
431.0 13.78449778159306 474.8723995486264 461.0879017670334
432.0 13.80854486359864 474.2063541977594 460.3978093341607
433.0 14.49197171643299 481.7792299522979 467.2872582358649
434.0 14.34777114659683 480.0236046921357 465.6758335455388
435.0 11.99844739864173 462.6586886241221 450.6602412254804
436.0 12.58434133007525 466.6131955557556 454.0288542256804
437.0 15.60714950222835 493.1125479346622 477.5053984324338
438.0 12.56116134517086 467.0246600896796 454.4634987445087
439.0 14.1310775297825 482.0406397789061 467.9095622491236
440.0 14.41257715066485 485.1065355049331 470.6939583542683
441.0 14.5198966216511 487.9136782511504 473.3937816294993
442.0 12.03468628901301 462.3181197973138 450.2834335083008
443.0 11.50459807154621 462.2057742481454 450.7011761765992
444.0 14.71291073081218 488.4640604960272 473.751149765215
445.0 12.01723823978732 462.8101355541263 450.7928973143389
446.0 12.64643176821701 472.175905715364 459.529473947147
447.0 12.56798287156555 470.4402554321615 457.872272560596
448.0 8.622434457271735 427.7857865595977 419.163352102326
449.0 10.5192446719327 451.3909492507972 440.8717045788645
450.0 13.45557348641255 479.4353472118676 465.9797737254551
451.0 11.68210570352437 468.8319332374029 457.1498275338785
452.0 11.07130687229897 462.355750483051 451.284443610752
453.0 9.068279622212429 434.9965408873164 425.928261265104
454.0 9.466488615546824 442.5263138190169 433.05982520347
455.0 9.580913748583763 444.6821714920666 435.1012577434828
456.0 7.552908636059676 419.5975617659172 412.0446531298575
457.0 10.45064535257959 453.2121003575226 442.761455004943
458.0 6.977721174471424 406.7258567025557 399.7481355280843
459.0 7.212376745038397 412.1485580813615 404.9361813363231
460.0 8.941286017706622 437.5909324885601 428.6496464708535
461.0 7.637852630554548 425.2515605805351 417.6137079499805
462.0 9.654972791367768 449.2295816827091 439.5746088913413
463.0 9.172984408166451 442.7612241908642 433.5882397826978
464.0 8.022261585408038 430.8658361827898 422.8435745973818
465.0 7.783769641043767 430.3638809397565 422.5801112987127
466.0 8.383933149037149 441.157155740504 432.7732225914668
467.0 7.377822744480696 424.833036958464 417.4552142139833
468.0 6.307992794704192 411.4683494944233 405.1603566997191
469.0 6.838903408027509 422.2409401026375 415.40203669461
470.0 7.439485217838691 432.2723705722793 424.8328853544406
471.0 7.069924121408474 426.5440851997914 419.4741610783829
472.0 6.188678841073378 409.8842256909381 403.6955468498647
473.0 5.485138471941054 391.2063692399018 385.7212307679607
474.0 6.356194538327475 413.4170510470774 407.0608565087499
475.0 5.439908897717041 392.2997270947954 386.8598181970784
476.0 5.942059864613731 416.2177801864062 410.2757203217925
477.0 6.360155372684239 419.9772652439708 413.6171098712866
478.0 6.209099710275479 418.8083522869359 412.5992525766605
479.0 5.100433160177373 398.0360468842674 392.9356137240901
480.0 5.100493936905899 408.6903665137942 403.5898725768883
481.0 4.395196059376669 369.0932875978909 364.6980915385143
482.0 4.795432497897097 390.5656935636333 385.7702610657362
483.0 4.995703908844825 407.712256006851 402.7165520980062
484.0 4.552125093546978 396.1026716445541 391.5505465510071
485.0 4.163921724710333 389.6628758900974 385.4989541653871
486.0 3.878064909555901 380.3590983926143 376.4810334830584
487.0 4.394647418736535 398.447692704091 394.0530452853545
488.0 4.31827427117884 400.5288373286997 396.2105630575208
489.0 3.905344583016662 395.4919601795511 391.5866155965345
490.0 4.051882976061287 399.8243032194699 395.7724202434086
491.0 4.242048446006648 403.2132344509866 398.9711860049799
492.0 3.478720162368972 370.6513600996592 367.1726399372902
493.0 3.224422753382018 384.3783557778578 381.1539330244758
494.0 3.034439788122406 378.0638141774095 375.0293743892871
495.0 3.410611710171396 383.4938886777593 380.0832769675879
496.0 2.935638930768344 380.6422991413498 377.7066602105814
497.0 3.089317785276247 386.2900057033629 383.2006879180866
498.0 3.051707904182848 384.6806302239436 381.6289223197607
499.0 2.910156783273396 381.3543894063135 378.4442326230401
500.0 2.695173575401305 378.534522972759 375.8393493973577
501.0 2.538859570919367 372.5150048131413 369.976145242222
502.0 2.617548708336317 382.1321908866848 379.5146421783485
503.0 2.439281565422367 380.2578475041165 377.8185659386941
504.0 2.125479948428764 377.4336834718901 375.3082035234613
505.0 2.015156479982164 370.3480137073924 368.3328572274102
506.0 2.045269417240293 375.4833442889775 373.4380748717372
507.0 2.089531237426195 376.6262317025044 374.5367004650782
508.0 1.713064215426379 369.6357393937703 367.9226751783439
509.0 1.746033957593352 370.1940853502194 368.448051392626
510.0 1.788375098301021 373.6733737323489 371.8849986340478
511.0 1.581867994900659 370.5054101779615 368.9235421830608
512.0 1.495002516168107 371.6790314877059 370.1840289715378
513.0 1.36028568089667 366.8528706863316 365.492585005435
514.0 1.257493542094019 367.5931492098936 366.3356556677995
515.0 1.237708577448672 365.8916886730852 364.6539800956365
516.0 1.170732564374067 364.6597241569589 363.4889915925849
517.0 1.071851916855097 364.4023987465509 363.3305468296958
518.0 1.014035663275884 365.0830554284604 364.0690197651845
519.0 0.9648959308401196 362.4049356234199 361.4400396925798
520.0 0.8299821465880116 362.5783917046388 361.7484095580507
521.0 0.7594512586092095 359.1317814485932 358.3723301899839
522.0 0.7543481699156183 360.4524401589567 359.6980919890411
523.0 0.6050718702786822 361.4112692878071 360.8061974175284
524.0 0.6438304113737079 360.884955641213 360.2411252298393
525.0 0.5515057590067039 359.9716407248869 359.4201349658802
526.0 0.4702870883158006 357.9577614368876 357.4874743485718
527.0 0.4006709514514905 356.9177335427001 356.5170625912486
528.0 0.4079500643704964 355.0802927695874 354.6723427052169
529.0 0.2888336716967339 355.4991248731734 355.2102912014767
530.0 0.2909415138489153 353.5423115352928 353.2513700214439
531.0 0.2540201660346383 354.3515619925815 354.0975418265468
532.0 0.2078294841140609 354.0046539543571 353.796824470243
533.0 0.09319324078069391 352.0219929575334 351.9287997167527
534.0 0.1563570398273295 350.952989645133 350.7966326053056
535.0 0.08826895722438452 349.7844724025915 349.6962034453671
536.0 0.1475709090642232 350.7503117879708 350.6027408789066
537.0 0.03417700694711093 348.8317009058081 348.797523898861
538.0 0.07439338527937889 348.6374803811883 348.5630869959089
539.0 0.05054989039170998 347.5431641637838 347.4926142733921
540.0 0.06702257126083547 344.8472149154091 344.7801923441483
541.0 0 345.0758546029953 345.0758546029953
542.0 0.01202816618415053 345.3599652570364 345.3479370908522
543.0 0.08052298906851732 343.3255104479644 343.2449874588959
544.0 0.09307239985904817 340.9987881765002 340.9057157766411
545.0 0.1202238218054144 341.4708364640198 341.3506126422144
546.0 0.1216076102381204 341.7308079863424 341.6092003761043
547.0 0.1172030191144455 339.6612994397579 339.5440964206434
548.0 0.1554437246792305 341.1764739934633 341.021030268784
549.0 0.2451462769336296 338.2672844042376 338.022138127304
550.0 0.3354408796028068 335.5633232037338 335.227882324131
551.0 0.3318217057391169 337.7086307469891 337.3768090412499
552.0 0.3506154060761498 336.0212346637787 335.6706192577025
553.0 0.5083498141037998 333.4502364819481 332.9418866678443
554.0 0.4773127153887691 335.5423189349976 335.0650062196088
555.0 0.6516027687689831 333.3460452692013 332.6944425004323
556.0 0.6575183134631932 332.5166186794831 331.8591003660199
557.0 0.7479852563720999 331.7771313163523 331.0291460599802
558.0 0.9149393689748812 329.368332564062 328.4533931950871
559.0 0.9252740477510873 330.235323447717 329.3100493999659
560.0 1.141635882819604 329.5295414511458 328.3879055683262
561.0 1.169485574444935 326.1892983457772 325.0198127713323
562.0 1.382686353873506 324.6269849903892 323.2442986365157
563.0 1.504450423050084 326.020029832967 324.5155794099169
564.0 1.698830167275741 327.7629173772337 326.064087209958
565.0 1.829436544419421 325.8480475566329 324.0186110122135
566.0 2.044241258837476 325.9768283206482 323.9325870618108
567.0 2.119418865217391 325.2136368786835 323.0942180134661
568.0 2.530752806339045 318.532609233463 316.001856427124
569.0 2.58324975074721 323.5362259262532 320.952976175506
570.0 2.790564716430278 321.2232562620588 318.4326915456286
571.0 2.782702581816295 328.2678541289842 325.4851515471679
572.0 3.277692844890978 312.2611009443041 308.9834080994131
573.0 3.428281179291392 323.0654494794413 319.6371683001499
574.0 3.680141144699921 321.0091695250007 317.3290283803008
575.0 3.658411717814241 339.7490821826008 336.0906704647866
576.0 4.815247776918876 295.2867106581221 290.4714628812033
577.0 5.125092796458121 298.3661292478155 293.2410364513574
578.0 4.326593905764016 345.4847311060986 341.1581372003346
579.0 5.114774144772279 325.3065007768071 320.1917266320349
580.0 8.486671529503459 259.1908288787313 250.7041573492279
581.0 6.303281333676813 295.3580729773742 289.0547916436974
582.0 7.601298248186582 276.9157323846968 269.3144341365102
583.0 9.272080323753319 260.1275431218706 250.8554627981173
584.0 11.08153427815147 252.0422360131714 240.96070173502
585.0 14.96156445572242 224.5121263553673 209.5505618996449
586.0 14.32247107987225 227.4536745488625 213.1312034689902
587.0 14.21281469177506 232.0065118022484 217.7936971104733
588.0 14.4873718057225 229.7603784826804 215.2730066769579
591.0 18.82065369408957 205.722137 186.9014833059104
