0.0 61.67422545200765 755.3098942225161 693.6356687705085
1.0 58.09675905034273 736.4600786471447 678.3633195968019
2.0 58.76877133899037 743.084904656491 684.3161333175006
3.0 58.3030076268369 743.9804676336676 685.6774600068307
4.0 57.94936636487142 741.5534676888178 683.6041013239464
5.0 55.87748488095061 728.7756561159975 672.8981712350469
6.0 54.36157052377702 719.8621302930157 665.5005597692387
7.0 55.96472697763016 731.5129781012703 675.5482511236401
8.0 55.88095397627727 734.2122815648177 678.3313275885405
9.0 54.9487928617517 728.2157272216835 673.2669343599318
10.0 54.44888022665432 724.0147563662915 669.5658761396371
11.0 54.32571786391655 725.0644696210422 670.7387517571256
12.0 53.71393932108559 719.9942769606839 666.2803376395983
13.0 54.44747243417574 725.9303391233151 671.4828666891393
14.0 52.73978122790904 712.2018203167638 659.4620390888547
15.0 52.54485355699467 713.4590030195303 660.9141494625356
16.0 53.69663459906463 721.5450183772222 667.8483837781575
17.0 52.99013335543577 715.7306898429135 662.7405564874777
18.0 53.47711632212452 721.9855636313909 668.5084473092664
19.0 53.63083095202575 723.9234120519699 670.2925810999442
20.0 52.20685553805855 711.8907463675576 659.6838908294991
21.0 53.43952384262762 722.9996663468173 669.5601425041897
22.0 53.52609416407528 723.4746157873266 669.9485216232513
23.0 51.70035637735275 710.2232817021999 658.5229253248472
24.0 52.64303216371204 716.7304516759332 664.0874195122211
25.0 52.47463747173518 718.0246029519386 665.5499654802035
26.0 53.08787385705042 722.7926406093091 669.7047667522586
27.0 52.34466083035348 716.1037358940026 663.7590750636491
28.0 52.89963097567266 722.9782185492558 670.0785875735831
29.0 51.97745898470185 713.7128043949404 661.7353454102385
30.0 52.16974087572919 715.1805281496334 663.0107872739042
31.0 51.31567675526098 708.3225466152903 657.0068698600293
32.0 50.53461691124158 703.7666586393476 653.232041728106
33.0 50.6892499283215 703.2733161204676 652.5840661921461
34.0 51.63035826371755 715.507057585539 663.8766993218215
35.0 51.42900190451587 708.0541891162461 656.6251872117303
36.0 50.97186327869911 707.9518157671703 656.9799524884711
37.0 51.74045766945616 715.0104586413759 663.2700009719198
38.0 46.88719539876757 679.8812326386614 632.9940372398938
39.0 50.24953261639862 701.3298402428664 651.0803076264677
40.0 48.07391804771249 686.0502004451944 637.9762823974819
41.0 51.26902970791093 709.509934050241 658.2409043423301
42.0 50.55939928946169 705.1883340335388 654.6289347440771
43.0 50.4057401799352 708.910540350156 658.5048001702208
44.0 51.104357924129 713.3864343241619 662.2820764000329
45.0 49.8643589241451 699.6648123110847 649.8004533869396
46.0 49.71667830988155 699.5509028196885 649.834224509807
47.0 50.41507143689287 705.2076100202002 654.7925385833073
48.0 48.93456783393739 695.1917864405189 646.2572186065815
49.0 50.17086778467804 701.8759112446225 651.7050434599445
50.0 49.59982238433639 700.9512157528924 651.351393368556
51.0 50.46481294902589 706.685549162424 656.2207362133981
52.0 49.1980815407347 696.378298202678 647.1802166619433
53.0 48.03587125448817 687.0521803527407 639.0163090982525
54.0 48.46393080736505 693.5738225801621 645.109891772797
55.0 50.79448750011533 712.9703505644867 662.1758630643713
56.0 48.82013051652915 691.4444169108886 642.6242863943594
57.0 49.88505270016235 703.7609598416013 653.8759071414389
58.0 49.54944744290208 704.1754932707941 654.626045827892
59.0 48.66106736552903 695.4944964718819 646.8334291063529
60.0 48.3138570531089 690.5000064368123 642.1861493837034
61.0 48.34471847739029 690.5448750953804 642.2001566179901
62.0 48.5651262264862 694.0154167548617 645.4502905283755
63.0 48.00619734688606 687.5404698257415 639.5342724788555
64.0 46.43109213137518 678.9233369128081 632.4922447814329
65.0 49.27273889081387 702.0373841463344 652.7646452555206
66.0 48.13238194880385 692.6718616767195 644.5394797279157
67.0 49.83053233082008 704.7228469640979 654.8923146332779
68.0 48.02756085194162 692.9444875247882 644.9169266728466
69.0 46.878355680363 680.2125897982344 633.3342341178714
70.0 48.5367559003136 696.7047966659864 648.1680407656728
71.0 49.47827260650889 702.7334213709318 653.2551487644229
72.0 46.85180202553253 680.8661950274697 634.0143930019372
73.0 48.47928883697228 696.8152244276696 648.3359355906973
74.0 47.23686972477165 683.059739288024 635.8228695632523
75.0 48.7330748841829 699.8804782128854 651.1474033287025
76.0 49.38338630931871 703.482818802186 654.0994324928673
77.0 47.78902742562051 689.1801014047413 641.3910739791208
78.0 48.02555025808154 693.2309280166232 645.2053777585416
79.0 48.431344961394 694.1510484612777 645.7197034998837
80.0 48.10058639688502 691.9836847611108 643.8830983642258
81.0 48.06539017281662 693.9332473857192 645.8678572129026
82.0 48.1654361256866 697.3351370301516 649.169700904465
83.0 46.75697710289377 685.4853999247944 638.7284228219006
84.0 48.20336970953306 692.3233382826351 644.119968573102
85.0 47.80126462577518 691.9186679285795 644.1174033028043
86.0 47.89346983087206 694.6869768309495 646.7935070000774
87.0 47.29720571002394 687.8472045621012 640.5499988520773
88.0 48.28525108538203 694.8271321699628 646.5418810845808
89.0 45.80699907779179 677.6597146191305 631.8527155413387
90.0 46.79290880349753 681.9628117240288 635.1699029205312
91.0 45.67627865436624 674.4679982340701 628.7917195797038
92.0 44.44403445507962 668.9986846474133 624.5546501923337
93.0 44.49952726050379 668.1860680541461 623.6865407936423
94.0 48.03122300864222 693.5831710145905 645.5519480059483
95.0 46.48914151154135 683.1766795756948 636.6875380641534
96.0 45.88946489611254 677.8169435624451 631.9274786663326
97.0 47.12119045208023 687.1346461325773 640.0134556804971
98.0 43.70454866139101 664.1386281804907 620.4340795190997
99.0 46.38090179177579 679.7327232010027 633.3518214092269
100.0 46.75020567322528 685.6547541810221 638.9045485077968
101.0 47.27033641414094 687.0205232600797 639.7501868459388
102.0 44.98343765751575 674.5933154152331 629.6098777577173
103.0 46.29048429115854 679.7609046320553 633.4704203408967
104.0 47.94786956576611 693.7970189138612 645.8491493480951
105.0 48.843616378962 697.4873188657505 648.6437024867885
106.0 46.41807378607406 683.2667071823374 636.8486333962633
107.0 48.48233158408661 695.2253048055291 646.7429732214425
108.0 48.12085239633274 693.1076125012516 644.9867601049188
109.0 46.6242287918128 682.6111055074855 635.9868767156728
110.0 46.04510767545344 676.8852401783233 630.8401325028699
111.0 46.67508564617678 682.49956960868 635.8244839625032
112.0 50.0643893169678 707.5223347996258 657.457945482658
113.0 45.59321680346835 674.8642458973923 629.271029093924
114.0 48.57427682381186 695.1216489090773 646.5473720852654
115.0 47.0561886345142 684.7121113403191 637.6559227058049
116.0 47.43974918315025 688.9904312706194 641.5506820874691
117.0 47.4788877244391 686.4304497623024 638.9515620378633
118.0 47.18248737789561 683.5389785562374 636.3564911783418
119.0 44.51119848217787 667.8047132704122 623.2935147882344
120.0 46.45943869219405 678.5514819123613 632.0920432201673
121.0 49.12341344081216 698.6330721992673 649.5096587584552
122.0 47.06409670193879 686.2918552826147 639.227758580676
123.0 47.09688871903408 684.3001240916446 637.2032353726105
124.0 47.74522639562015 688.4633909737391 640.7181645781189
125.0 44.89612423621399 670.0712005964091 625.1750763601951
126.0 48.39766410008589 689.4343802056092 641.0367161055233
127.0 45.96177010868353 677.6023532704371 631.6405831617535
128.0 48.68265609270712 692.5275308289045 643.8448747361974
129.0 48.36603881110203 692.3649464552076 643.9989076441056
130.0 47.91489340761007 689.5724486330016 641.6575552253916
131.0 48.90308598528705 696.6160160025251 647.712930017238
132.0 47.92237375530616 691.1506577397825 643.2282839844764
133.0 48.94252456400509 694.1977121705175 645.2551876065124
134.0 48.19172877191488 690.7900362865554 642.5983075146405
135.0 45.29717098671695 671.9511387326807 626.6539677459638
136.0 49.90917251732991 702.5381813124364 652.6290087951065
137.0 44.34851420553532 668.8866246475937 624.5381104420584
138.0 46.87496381882421 680.1787032050724 633.3037393862482
139.0 48.31036201341971 690.0272273768465 641.7168653634268
140.0 45.29335309720459 672.0106219741419 626.7172688769373
141.0 46.31412826468357 679.8057177907373 633.4915895260537
142.0 44.90395979613998 669.8908776289365 624.9869178327966
143.0 45.25940940130192 672.5007942377081 627.2413848364062
144.0 45.29605246663545 671.9810014879162 626.6849490212807
145.0 49.82526124313692 701.3628787282327 651.5376174850958
146.0 47.62015370195888 684.9483903792798 637.3282366773209
147.0 46.06985278051556 676.3716114935008 630.3017587129852
148.0 47.43760950688405 686.3473591990784 638.9097496921944
149.0 43.72195814652637 663.7493448723842 620.0273867258578
150.0 44.49994580827986 668.0575190885051 623.5575732802252
151.0 47.6668265356563 690.4803761919941 642.8135496563378
152.0 45.97392940404494 677.629026962766 631.655097558721
153.0 46.59943492614139 685.1253066632442 638.5258717371028
154.0 48.42688183196591 695.1004618601526 646.6735800281867
155.0 47.89023041197478 690.537864652201 642.6476342402263
156.0 46.30089053805264 680.0447543862662 633.7438638482136
157.0 47.26817253169967 686.9006794966555 639.6325069649558
158.0 41.74862994154759 653.7682214703145 612.0195915287669
159.0 47.35395393783061 687.6763855442258 640.3224316063952
160.0 47.69098152833863 688.8468384296682 641.1558569013295
161.0 45.18128059070352 673.9000708448339 628.7187902541304
162.0 45.3636244281862 675.6415133719803 630.2778889437941
163.0 38.99679284603016 639.7264750423583 600.7296821963282
164.0 44.11001726573757 665.9679658574268 621.8579485916892
165.0 47.57334048306574 691.2378694306815 643.6645289476158
166.0 45.087198530683 676.9491662504065 631.8619677197235
167.0 46.76767437368655 686.3941448139273 639.6264704402408
168.0 41.34941836054983 651.922136354464 610.5727179939141
169.0 44.57984403852555 672.7456270077932 628.1657829692677
170.0 45.91799229555852 680.7075098678664 634.7895175723079
171.0 43.24633040294266 662.8990220330148 619.6526916300721
172.0 46.33886472945198 680.0080835475612 633.6692188181092
173.0 46.30358105800588 683.0383253840699 636.7347443260641
174.0 46.68452253270557 687.0621130357929 640.3775905030873
175.0 38.21207034526514 635.7237569412233 597.5116865959582
176.0 46.3180770980649 683.7840751066399 637.465998008575
177.0 44.49318078662033 668.2547813864878 623.7616005998675
178.0 45.26958039490598 675.2547927116477 629.9852123167417
179.0 44.01222568619796 669.4943390820973 625.4821133958994
180.0 46.23624298477628 683.3868642888382 637.1506213040619
181.0 46.04873401014564 680.7878593619449 634.7391253517993
182.0 43.3041369043505 667.5168911742283 624.2127542698778
183.0 38.97978559353276 640.0857485057577 601.105962912225
184.0 46.72441916334132 686.8232459954755 640.0988268321342
185.0 36.64470033524136 627.7240327702977 591.0793324350564
186.0 40.56584567913774 647.8189559214015 607.2531102422638
187.0 43.26171823947174 666.6419041248626 623.3801858853908
188.0 42.4221030031492 659.6971615887883 617.2750585856391
189.0 44.03593059568803 667.2060685722773 623.1701379765893
190.0 43.12681368158459 663.5701915301663 620.4433778485817
191.0 42.46411845919009 661.7908926780826 619.3267742188926
192.0 45.37803035542265 676.9104268953954 631.5323965399727
193.0 44.02482754056233 667.4452675970791 623.4204400565168
194.0 42.61579193845457 662.7794025301556 620.1636105917011
195.0 43.3730359544007 666.1754857337979 622.8024497793972
196.0 40.15149649877493 646.274198680884 606.1227021821091
197.0 42.48118292278259 658.8152538633415 616.3340709405589
198.0 40.90849695890421 654.365748783532 613.4572518246278
199.0 42.89013444704022 660.7327367405378 617.8426022934976
200.0 44.84700556785036 676.0690348362282 631.2220292683778
201.0 35.46623940876772 621.8635963556578 586.3973569468901
202.0 44.30928196433779 672.7029576136887 628.3936756493509
203.0 38.19253496988895 636.2273180863541 598.0347831164651
204.0 40.25570325176075 649.7784108437908 609.52270759203
205.0 42.24139475751342 660.3034307830956 618.0620360255822
206.0 38.60343899686397 637.763491912794 599.16005291593
207.0 39.30875011273933 642.8145721619686 603.5058220492293
208.0 39.90954216700232 648.2122359520144 608.3026937850121
209.0 39.765840266883 644.1690507921588 604.4032105252758
210.0 35.07987784113041 619.7336986476037 584.6538208064733
211.0 42.3318148172641 660.2792487279939 617.9474339107298
212.0 41.00564733712181 654.8717384349971 613.8660910978753
213.0 42.7905911448854 665.8736222497143 623.0830311048289
214.0 42.40705834212421 659.4057979307441 616.9987395886199
215.0 38.20915939984267 635.8191483333652 597.6099889335226
216.0 43.1503616526491 667.8373221152148 624.6869604625657
217.0 41.39843620125647 658.9620460060766 617.5636098048202
218.0 40.53429713842125 648.414013401572 607.8797162631508
219.0 38.74908403277352 642.6354406126893 603.8863565799158
220.0 42.7198727261453 662.595964395078 619.8760916689327
221.0 41.69902857133063 660.47164198891 618.7726134175793
222.0 41.06177869962163 656.0581379199947 614.9963592203731
223.0 39.72194636457271 647.6820174694315 607.9600711048588
224.0 40.17401235489054 648.7751811364017 608.6011687815111
225.0 41.2333793720335 653.4850514202331 612.2516720481996
226.0 38.93491575996413 640.7932880983626 601.8583723383984
227.0 40.45788243938114 651.4542699233435 610.9963874839624
228.0 39.76432037865942 647.0532304187131 607.2889100400537
229.0 43.16320479609259 664.3618670822472 621.1986622861546
230.0 33.1275929489232 609.7352266603086 576.6076337113854
231.0 42.26726666864826 663.8369127731745 621.5696461045262
232.0 37.33692289198406 633.1776184710277 595.8406955790436
233.0 34.68594592827522 617.8328538714915 583.1469079432163
234.0 39.34726978325213 645.2461557882649 605.8988860050128
235.0 39.70507476143358 644.8475402369897 605.1424654755561
236.0 38.94649670683792 640.8145061004761 601.8680093936382
237.0 39.98942019660112 650.2333593904842 610.2439391938831
238.0 41.03369032503161 655.9315671633105 614.8978768382789
239.0 40.10714786424766 650.8222976221699 610.7151497579222
240.0 40.05071323905302 647.1589176462475 607.1082044071945
241.0 36.99368843299128 630.7373051317246 593.7436166987333
242.0 37.04344631011372 632.5643115743445 595.5208652642308
243.0 41.03096177631581 658.1512096554132 617.1202478790974
244.0 38.52799109585445 639.0836079841798 600.5556168883254
245.0 40.92872388666462 655.0196978296003 614.0909739429357
246.0 39.59701863399753 646.051463573765 606.4544449397675
247.0 41.72658254244254 662.7587314038 621.0321488613574
248.0 38.3340918201675 640.0049194616207 601.6708276414532
249.0 37.70447726317191 635.5085436949183 597.8040664317464
250.0 36.62798909964811 628.1354732933018 591.5074841936537
251.0 39.83723521996389 652.5146871456944 612.6774519257305
252.0 38.24537472058698 640.4083966621979 602.1630219416109
253.0 39.39315258217107 646.8319615927706 607.4388090105995
254.0 35.46055378295438 621.9718517502589 586.5112979673046
255.0 35.08503185871951 622.5887143103882 587.5036824516687
256.0 37.62326591922592 639.0888166790645 601.4655507598386
257.0 34.6867166333471 620.7741144019901 586.087397768643
258.0 34.95189768722976 621.5667583124006 586.6148606251709
259.0 38.4066407310176 640.3761321117568 601.9694913807392
260.0 37.158051771964 633.1416843904199 595.9836326184559
261.0 35.73192859941175 625.3295258572185 589.5975972578068
262.0 37.1253165169455 633.7895955123865 596.664278995441
263.0 38.21923846744015 641.0903297763069 602.8710913088668
264.0 37.22962025258729 637.1892347361903 599.959614483603
265.0 34.69251403882118 620.6481349461093 585.9556209072881
266.0 35.37917810137174 623.1393941481488 587.7602160467771
267.0 33.49699662466759 612.1989828587878 578.7019862341202
268.0 35.68234778027791 628.0379801673193 592.3556323870414
269.0 37.47106701465461 637.0355017832021 599.5644347685474
270.0 30.01148540259464 593.7402763829018 563.7287909803072
271.0 37.1789879576886 637.186261401131 600.0072734434424
272.0 34.61554327166793 618.7290510285551 584.1135077568872
273.0 33.88805242753099 617.0868801142268 583.1988276866958
274.0 37.03486156746163 636.1971781937016 599.1623166262399
275.0 35.34204909948988 626.3665239922535 591.0244748927636
276.0 32.28783145101327 606.9873668234152 574.699535372402
277.0 36.05276331117711 628.7617909489947 592.7090276378176
278.0 36.0749194918705 631.5439644379713 595.4690449461008
279.0 32.5517894259086 609.3459712325934 576.7941818066848
280.0 32.65334351068256 608.990365962964 576.3370224522814
281.0 33.27727164296093 614.2514019458483 580.9741303028874
282.0 32.60941868622515 609.6075552292772 576.998136543052
283.0 33.37458434661216 616.5161369732339 583.1415526266217
284.0 31.04968557097605 601.1034217372904 570.0537361663144
285.0 33.80255420240501 615.6303998061701 581.8278456037651
286.0 31.90899497556017 604.5714139626138 572.6624189870536
287.0 34.18941451835327 624.4307030210558 590.2412885027026
288.0 33.95729480138837 621.0399596878314 587.082664886443
289.0 29.21909288092227 590.1193814217298 560.9002885408075
290.0 32.54334573918626 610.2946719758392 577.751326236653
291.0 34.34744672766614 621.3841171493515 587.0366704216853
292.0 28.45187185966202 585.8830032637881 557.4311314041261
293.0 27.27527299101921 580.070287283021 552.7950142920018
294.0 30.86659621828918 601.9443812340716 571.0777850157825
295.0 32.24115719663284 613.4864804424295 581.2453232457966
296.0 31.03032165131758 604.4828862222584 573.4525645709408
297.0 32.32163891243529 611.6985584322464 579.3769195198111
298.0 30.59913094853819 600.2657045885308 569.6665736399926
299.0 32.81143012267311 612.7639440790275 579.9525139563544
300.0 27.6330749667982 582.4876556066071 554.8545806398089
301.0 27.25344561968394 580.524993618186 553.271547998502
302.0 32.82727514766197 616.7929971896676 583.9657220420056
303.0 28.41020692822006 586.4980455997273 558.0878386715073
304.0 30.58579554240371 600.4275549763219 569.8417594339182
305.0 31.01912711288419 608.4400247874112 577.420897674527
306.0 30.47344224558256 601.5230833981044 571.0496411525218
307.0 27.65946018147546 582.2204491482959 554.5609889668204
308.0 30.95834363776294 606.9316196036081 575.9732759658452
309.0 28.38468567589002 590.3173890123559 561.9327033364659
310.0 23.41746200524018 559.742049120444 536.3245871152038
311.0 27.17583884407785 580.9994416358228 553.823602791745
312.0 29.9641496293152 600.0562040902095 570.0920544608943
313.0 26.88159932868163 578.3231521324955 551.4415528038138
314.0 26.58298706270414 580.7535892707903 554.1706022080861
315.0 30.35873336886725 604.8632557526518 574.5045223837845
316.0 25.35028173554734 572.6402648441239 547.2899831085765
317.0 27.62337504367785 582.7512978003471 555.1279227566692
318.0 28.60122933698811 594.0839798223818 565.4827504853937
319.0 30.10107775785557 602.668891554136 572.5678137962804
320.0 26.44965573386742 576.9731445151342 550.5234887812668
321.0 28.26254621083679 587.5721786225533 559.3096324117165
322.0 28.19114565080846 590.7938978579989 562.6027522071904
323.0 27.9186750939646 591.8969267979727 563.9782517040081
324.0 27.6750234869752 590.4641699617598 562.7891464747846
325.0 27.20415625922268 585.9357853437775 558.7316290845548
326.0 27.68599672825202 587.0761680976611 559.3901713694091
327.0 26.60196762300659 581.9122800323381 555.3103124093315
328.0 27.26785655524091 587.5962060392527 560.3283494840118
329.0 26.00873068556617 575.9013702126065 549.8926395270403
330.0 24.56219808199518 566.2091373049958 541.6469392230007
331.0 26.76733679274732 584.1602498755323 557.392913082785
332.0 26.22217390960496 579.767601887873 553.545427978268
333.0 25.59893664148461 573.9884413735362 548.3895047320516
334.0 26.46560838490651 584.1375848790243 557.6719764941177
335.0 20.3256259481165 543.8924009831236 523.5667750350071
336.0 25.45639244532049 575.6166119052362 550.1602194599157
337.0 21.47547949856278 550.1009013538593 528.6254218552966
338.0 24.28409733452753 568.4091074287861 544.1250100942586
339.0 24.48346393461485 567.9020506240381 543.4185866894233
340.0 23.76662450675923 562.7274434645232 538.960818957764
341.0 23.13674496184489 561.4797912571679 538.343046295323
342.0 24.02055086133304 569.0643131809291 545.043762319596
343.0 23.97562731498377 568.8917817385699 544.9161544235861
344.0 25.82818559598809 582.7718925873719 556.9437069913839
345.0 24.30328549810487 573.5801078784397 549.2768223803349
346.0 21.0561351488171 548.7395310635344 527.6833959147173
347.0 21.46050388872247 550.4846639075635 529.0241600188411
348.0 22.90673729179405 559.9960784945602 537.0893412027662
349.0 24.12300403166033 573.5321515960461 549.4091475643857
350.0 24.85507351126475 579.3333535014174 554.4782799901527
351.0 21.58504689805971 553.5962471551147 532.011200257055
352.0 21.98203514073771 556.6628218478456 534.6807867071079
353.0 22.63700113600318 562.0774435161223 539.4404423801191
354.0 22.11060641558516 561.7099103723944 539.5993039568093
355.0 22.98131927885787 566.5949266023237 543.6136073234658
356.0 22.04449331631148 557.318774200094 535.2742808837825
357.0 22.1507558252901 561.2469558089453 539.0961999836552
358.0 22.42965985558009 564.0444348352268 541.6147749796467
359.0 22.38008458187634 559.9828694346064 537.60278485273
360.0 21.15700973701162 554.841186359832 533.6841766228203
361.0 18.78172957822422 540.3193894753788 521.5376598971545
362.0 18.77546572077356 536.3472934533964 517.5718277326229
363.0 21.44347537903247 555.1587175253325 533.7152421463001
364.0 19.90969857479543 542.59775401939 522.6880554445946
365.0 19.79671455478398 547.2862041917357 527.4894896369517
366.0 21.6540287473467 560.4277391216037 538.773710374257
367.0 15.0367501523623 515.8715855181039 500.8348353657416
368.0 21.58064507383884 559.382553598331 537.8019085244922
369.0 19.43681636569937 546.9321337943446 527.4953174286452
370.0 17.6433557797071 530.1780521851396 512.5346964054325
371.0 18.62787868593279 537.979500200148 519.3516215142152
372.0 20.45203568124234 556.0789807991362 535.6269451178938
373.0 18.81410465425063 540.9099244674947 522.0958198132441
374.0 19.99976684177559 547.8726605644195 527.8728937226439
375.0 19.14527555899189 543.8260168898306 524.6807413308387
376.0 19.71484215697138 550.7745389710624 531.059696814091
377.0 19.41723487924957 547.1317941703579 527.7145592911083
378.0 18.51679105436996 541.1389202023907 522.6221291480207
379.0 18.13660421062887 537.1220252181689 518.9854210075401
380.0 17.62042815342852 534.944256512906 517.3238283594775
381.0 18.29022274930562 540.2826867423836 521.992463993078
382.0 19.09726048342447 547.7089486571188 528.6116881736944
383.0 17.51359567512263 531.7222629793724 514.2086673042497
384.0 19.12488630785053 549.3402816608888 530.2153953530382
385.0 17.10005758512339 533.8122918997918 516.7122343146684
386.0 15.38850467238472 518.4065236921971 503.0180190198123
387.0 17.51400855152443 539.8670400112674 522.353031459743
388.0 16.51411279402906 530.9231104199938 514.4089976259647
389.0 17.85941958712751 541.9513045223902 524.0918849352627
390.0 16.04643270969948 526.3881718823138 510.3417391726143
391.0 16.9901138979384 536.4141444986202 519.4240306006818
392.0 15.98876735964926 525.1312518944479 509.1424845347987
393.0 16.46939792752354 529.9256080029636 513.4562100754401
394.0 17.79963870704462 543.1330470065419 525.3334082994973
395.0 16.51806520794176 534.0098140246658 517.491748816724
396.0 15.23303863612318 524.2765692487951 509.0435306126719
397.0 15.79687710912292 525.9696861713583 510.1728090622354
398.0 15.23411348352923 517.4632242569476 502.2291107734184
399.0 14.96828608582006 520.9878679333562 506.0195818475361
400.0 16.42047397328525 536.8641726366374 520.4436986633521
401.0 15.34731067918418 526.0342294170063 510.6869187378221
402.0 14.75333358106291 519.8891944961377 505.1358609150748
403.0 14.85476277023098 519.1473914772568 504.2926287070259
404.0 14.48185713497773 513.4096535685363 498.9277964335586
405.0 14.6909772156213 523.5784729712478 508.8874957556265
406.0 13.66876577315233 512.4541817848185 498.7854160116662
407.0 14.01013661172865 519.9479582058954 505.9378215941668
408.0 14.30855518898307 517.7519235353156 503.4433683463325
409.0 14.19005961686441 519.2328542800772 505.0427946632128
410.0 14.20816391842374 522.9083025336751 508.7001386152514
411.0 14.10492504945514 520.284403560708 506.1794785112529
412.0 13.29601166800962 518.1332939218591 504.8372822538495
413.0 13.51672612913543 519.1748200151511 505.6580938860157
414.0 13.43241301842501 516.2376574838944 502.8052444654694
415.0 13.8944266262109 519.2949809892791 505.4005543630682
416.0 13.49036323834763 518.6705729933602 505.1802097550126
417.0 14.03041407812102 521.5149616321891 507.4845475540681
418.0 10.64180687809096 479.2111818503285 468.5693749722375
419.0 11.5884299714495 490.7163405423839 479.1279105709344
420.0 12.35467865001577 504.1688300068883 491.8141513568725
421.0 13.27292442638717 520.4326720051988 507.1597475788116
422.0 11.63713469050913 490.3447357759027 478.7076010853936
423.0 11.43903237415623 492.7552299963752 481.316197622219
424.0 11.73269114477245 496.2990411559434 484.5663500111709
425.0 8.005202314420962 453.8636813834624 445.8584790690414
426.0 11.17546077353328 491.4805489458323 480.305088172299
427.0 12.38749753260761 510.371777811348 497.9842802787404
428.0 11.45157285717908 496.3405020590984 484.8889292019193
429.0 11.20402418992655 491.4682883647339 480.2642641748074
430.0 12.21378405392048 512.6930073119558 500.4792232580353
431.0 10.03991969532357 478.1901088462708 468.1501891509473
432.0 10.10441571986561 476.6129939145849 466.5085781947193
433.0 10.52085468073574 485.0572262871947 474.536371606459
434.0 10.42217433556413 484.0649458697269 473.6427715341627
435.0 8.663722980401145 463.9780421227539 455.3143191423527
436.0 9.108869338144407 469.2261503023247 460.1172809641803
437.0 11.19421507511438 500.0980340503912 488.9038189752768
438.0 9.063488646429419 470.0518624397045 460.9883737932751
439.0 10.11249721963284 486.6454373595859 476.532940139953
440.0 10.28726206307791 490.0087421980078 479.7214801349298
441.0 10.29397820841019 492.7814261362584 482.4874479278482
442.0 8.698289345642927 464.9531838990391 456.2548945533962
443.0 8.158342289654516 464.1708659907425 456.0125237010879
444.0 10.44419483184028 495.0510367612877 484.6068419294475
445.0 8.649328588604858 466.2651591784592 457.6158305898543
446.0 8.964282170897377 475.1697006446322 466.2054184737348
447.0 8.929290676786747 474.5218179978304 465.5925273210436
448.0 6.451002082981886 428.6827455963709 422.231743513389
449.0 7.511854530586119 454.8574140135905 447.3455594830043
450.0 9.481399391730101 485.6709613807246 476.1895619889945
451.0 8.084022375879619 471.7589816727119 463.6749592968323
452.0 7.684430953834331 465.4301617549291 457.7457308010948
453.0 6.591079703407266 439.9356787735176 433.3445990701103
454.0 6.738402805658902 446.3101474455228 439.5717446398639
455.0 6.779363983390531 448.4941591151835 441.7147951317929
456.0 5.560327523287606 425.7380156006057 420.1776880773181
457.0 7.336511805965336 458.9156657671193 451.579153961154
458.0 5.464749833962401 411.5435966760027 406.0788468420403
459.0 5.483309226166974 418.4751645974204 412.9918553712534
460.0 6.335515328425979 443.9253877950358 437.5898724666099
461.0 5.425696519560065 432.1691302769059 426.7434337573458
462.0 6.657182782600535 454.7325971385657 448.0754143559652
463.0 6.385666673130386 448.9904488091219 442.6047821359915
464.0 5.584803795144174 439.4768074205565 433.8920036254123
465.0 5.405172565508097 436.3305918339247 430.9254192684166
466.0 5.654218551136049 445.4567306804799 439.8025121293439
467.0 5.163663660615596 432.2158751142338 427.0522114536183
468.0 4.526528499430552 420.2282124495363 415.7016839501057
469.0 4.698451837672634 429.6524724255439 424.9540205878713
470.0 4.992477967260563 437.1421941063606 432.1497161391
471.0 4.818769799807028 431.6114872734892 426.7927174736822
472.0 4.371049727721316 423.3868927614073 419.0158430336859
473.0 4.245377160383863 411.867590762224 407.6222136018401
474.0 4.467101768515292 424.0871026955634 419.6200009270481
475.0 4.163875422470617 412.1480719621415 407.9841965396709
476.0 3.987816669734085 423.5440062584833 419.5561895887492
477.0 4.24721997500401 429.400803209532 425.153583234528
478.0 4.188766967736056 425.1346025694796 420.9458356017435
479.0 3.647200896286101 413.329146999291 409.6819461030049
480.0 3.364488753277307 417.785082874618 414.4205941213407
481.0 3.617835474917018 407.7346565878354 404.1168211129184
482.0 3.44596678001277 414.8790979185964 411.4331311385836
483.0 3.282274227466417 417.3249451086126 414.0426708811462
484.0 3.182516282168086 409.6258002408298 406.4432839586617
485.0 2.886137782844405 409.8203473907158 406.9342096078714
486.0 2.850337381790846 405.9741109945641 403.1237736127732
487.0 2.897141631483013 413.7468983236677 410.8497566921847
488.0 2.814503268218517 412.1711170860155 409.3566138177969
489.0 2.556019344341599 408.1231962386617 405.5671768943201
490.0 2.556948888097058 411.0157366123916 408.4587877242946
491.0 2.647945278950657 413.9558486712779 411.3079033923272
492.0 2.541842805084158 408.6612790791689 406.1194362740847
493.0 2.117485558956994 404.0394351335385 401.9219495745815
494.0 2.129447740023382 399.6844344374386 397.5549866974153
495.0 2.21132824788584 408.1344478440874 405.9231195962016
496.0 1.898643732822669 402.6047333696116 400.7060896367889
497.0 1.93535433378973 404.6052633111754 402.6699089773856
498.0 1.883375592899201 404.959917964007 403.0765423711078
499.0 1.812809183031015 404.4803526811571 402.6675434981261
500.0 1.702052530048773 402.1683089733388 400.46625644329
501.0 1.668270096975357 400.2542194672465 398.5859493702711
502.0 1.535253169508254 402.3065056511158 400.7712524816075
503.0 1.478146195623513 399.0162614698218 397.5381152741983
504.0 1.246693192044893 396.4980179903098 395.2513247982649
505.0 1.263677478120341 395.5948031868946 394.3311257087742
506.0 1.22753226287699 394.8974576131551 393.6699253502781
507.0 1.171130027376982 397.7460457722859 396.5749157449089
508.0 1.032169389863958 392.6027151263968 391.5705457365329
509.0 0.963492878565559 395.6683857070994 394.7048928285338
510.0 0.9597851044980942 395.5059950765581 394.54620997206
511.0 0.9088019877862203 391.2252540786167 390.3164520908305
512.0 0.7391884499884736 392.9255937830923 392.1864053331038
513.0 0.7406998785084927 390.3427017101896 389.6020018316811
514.0 0.6333623295825694 389.626549349324 388.9931870197414
515.0 0.6302992681572948 389.9439721650464 389.3136728968891
516.0 0.5814864593445642 390.2459432065339 389.6644567471894
517.0 0.5154660918361123 388.7844585101362 388.2689924183001
518.0 0.4719471427108589 387.3359629851922 386.8640158424813
519.0 0.4743268172158275 386.4652088769467 385.9908820597308
520.0 0.3603138612529961 385.3676181261458 385.0073042648928
521.0 0.3585996023646747 385.0642107968126 384.7056111944479
522.0 0.3328923159102461 384.417378600421 384.0844862845107
523.0 0.1907757417640367 382.9702985389438 382.7795227971798
524.0 0.2289752848898402 383.5820042141921 383.3530289293022
525.0 0.1760959856638253 382.2163801014384 382.0402841157746
526.0 0.1627577227592067 380.3530642695267 380.1903065467675
527.0 0.1475821801335959 378.4952260884409 378.3476439083073
528.0 0.1547536124771772 380.2560190192256 380.1012654067484
529.0 0.06634676426208438 378.1291111638483 378.0627643995862
530.0 0.1110192637189433 377.4488330794407 377.3378138157217
531.0 0.08049381570310232 376.5859825183747 376.5054887026716
532.0 0.03574636263900177 376.0477593737158 376.0120130110768
533.0 0 374.0698366217119 374.0698366217119
534.0 0.06952280303742964 374.7708125257148 374.7012897226774
535.0 0.0567127150758891 372.9460246574766 372.8893119424007
536.0 0.08652076050207572 373.4203697710926 373.3338490105905
537.0 0.04533136464665211 371.1245289175564 371.0791975529097
538.0 0.07502897042272644 371.8373637136076 371.7623347431849
539.0 0.1285322582105981 368.9260884614048 368.7975562031942
540.0 0.1977453574601894 369.1111739053055 368.9134285478453
541.0 0.1713918758163586 366.0076448817151 365.8362530058987
542.0 0.1453245079027044 367.8419733417472 367.6966488338445
543.0 0.2438527940369686 368.3631207569096 368.1192679628726
544.0 0.3622897059807126 365.7580075222385 365.3957178162578
545.0 0.4065570600701322 363.8727212691165 363.4661642090464
546.0 0.4061050941870578 363.5000234473806 363.0939183531935
547.0 0.4696114718411657 361.8690044530448 361.3993929812036
548.0 0.46434928762231 362.5333555873351 362.0690062997128
549.0 0.6480162222433302 360.885054355218 360.2370381329747
550.0 0.8206965464751308 359.877370687818 359.0566741413429
551.0 0.7658652618951018 359.4479304439014 358.6820651820063
552.0 0.8386462714962394 358.4795182708586 357.6408719993623
553.0 1.086356387004779 356.6602778673521 355.5739214803473
554.0 1.00350267800154 357.0667061674174 356.0632034894158
555.0 1.26327503108252 355.12913879055 353.8658637594675
556.0 1.267846471902459 356.1249749873442 354.8571285154417
557.0 1.436078525142963 352.7326460455575 351.2965675204145
558.0 1.710871055884828 349.6908704958939 347.9799994400091
559.0 1.662324013786931 352.0865503444148 350.4242263306279
560.0 1.850875481605162 353.638887816856 351.7880123352509
561.0 2.051378894038103 348.943996983218 346.8926180891799
562.0 2.355173555942604 345.4215306642619 343.0663571083193
563.0 2.446373437850542 345.9634990167933 343.5171255789428
564.0 2.536522993585806 349.2281619331873 346.6916389396015
565.0 2.778220705961417 347.2092074980718 344.4309867921104
566.0 2.843319680990476 354.4938224264269 351.6505027454364
567.0 3.0377765715635 348.9398935577823 345.9021169862188
568.0 3.808140391212989 337.3205171270964 333.5123767358834
569.0 3.388231020585437 356.0848313261045 352.696600305519
570.0 3.800107958900549 347.5081235979519 343.7080156390514
571.0 3.731593654697698 344.4792495600029 340.7476559053052
572.0 4.959338027791218 322.0843469056884 317.1250088778972
573.0 4.361898874569834 351.3276947390188 346.9657958644489
574.0 5.066413210615898 330.0274377785058 324.9610245678899
575.0 4.086973167785881 359.3664534223212 355.2794802545353
576.0 7.270009318583088 300.1537588667246 292.8837495481415
577.0 7.505057458052646 301.6701692674766 294.165111809424
578.0 4.652464875533242 360.4226373586152 355.770172483082
579.0 6.484721666895698 329.1894687842152 322.7047471173195
580.0 12.47825676962547 260.1206802952804 247.6424235256549
581.0 8.900505005668991 295.6756368848761 286.7751318792071
582.0 10.9169245753319 277.4844594047398 266.5675348294079
583.0 13.25269949980228 261.3460436750531 248.0933441752508
584.0 15.42766949403121 253.0366164005295 237.6089469064983
585.0 20.46112039012585 225.4522710795149 204.991150689389
586.0 19.68015585734765 228.9403236801857 209.260167822838
587.0 19.41621497047922 232.639725512121 213.2235105416417
588.0 19.78260179866877 230.4194923066541 210.6368905079853
591.0 25.16827862801639 205.722137 180.5538583719836
