0.0 50.87049915975114 756.5267838369089 705.6562846771577
1.0 47.83649327519973 737.4894608849665 689.6529676097668
2.0 48.26593363272421 746.0498373973346 697.7839037646104
3.0 47.76246719623443 746.2852150619637 698.5227478657293
4.0 47.47920285258742 744.0953939065717 696.6161910539843
5.0 45.78940686984676 731.0925502682558 685.3031433984091
6.0 44.53942716442472 721.9315251808032 677.3920980163785
7.0 45.77157080029489 734.5723098430208 688.8007390427259
8.0 45.59464145502273 736.9030138392357 691.308372384213
9.0 44.84471687201456 730.7130490818178 685.8683322098032
10.0 44.46484312474926 727.2118324673779 682.7469893426287
11.0 44.30749041112451 727.7428630401382 683.4353726290137
12.0 43.84760131246644 723.0934838979332 679.2458825854667
13.0 44.3895886028531 729.497551119924 685.1079625170709
14.0 43.12064444668459 715.0106742356205 671.8900297889359
15.0 42.88878770363268 715.3517539137813 672.4629662101486
16.0 43.75870863383926 725.5486167448257 681.7899081109865
17.0 43.24316014782962 719.2339503442407 675.9907901964111
18.0 43.52973697717707 725.2099704920504 681.6802335148734
19.0 43.61860845820729 727.1983672506853 683.579758792478
20.0 42.56757065986296 715.3625133806476 672.7949427207846
21.0 43.44142441532192 726.9381622769958 683.4967378616739
22.0 43.50666174868283 727.8301758971729 684.32351414849
23.0 42.11753498930448 712.815092105497 670.6975571161925
24.0 42.84872331604409 720.1990692926249 677.3503459765808
25.0 42.63736498206891 720.9107209888472 678.2733560067782
26.0 43.10257824867257 725.751494904352 682.6489166556794
27.0 42.55507284791269 719.8778660319212 677.3227931840085
28.0 42.89787661647718 726.0313948289949 683.1335182125177
29.0 42.25980763656829 717.4872861001082 675.2274784635399
30.0 42.40800399337689 718.9395161150078 676.5315121216309
31.0 41.76923680827419 711.9142969988928 670.1450601906186
32.0 41.13205713401738 706.7064831086248 665.5744259746075
33.0 41.29694264862565 707.0639271738235 665.7669845251979
34.0 41.86139861765751 717.8052272926335 675.943828674976
35.0 41.88230104947127 712.5676991127789 670.6853980633076
36.0 41.44048488508646 710.7179121554382 669.2774272703518
37.0 41.97647723590285 718.3109330489692 676.3344558130663
38.0 38.23931691213296 680.3555217699382 642.1162048578052
39.0 40.91550269620323 704.7808363232794 663.8653336270761
40.0 39.24424481819171 686.949699539125 647.7054547209333
41.0 41.66587770152846 713.8832061835599 672.2173284820314
42.0 41.08524882754636 709.4060188421763 668.3207700146299
43.0 40.82716518560476 711.1438905064456 670.3167253208408
44.0 41.37994704811066 716.3186131938406 674.9386661457299
45.0 40.56947008381282 703.4799859664275 662.9105158826147
46.0 40.43654352677116 702.3922334422018 661.9556899154306
47.0 40.94211636933228 709.0703222979266 668.1282059285943
48.0 39.78812008870294 697.5530415284359 657.764921439733
49.0 40.80782614359777 705.7853071325979 664.9774809890001
50.0 40.25871593171452 704.1657143805623 663.9069984488478
51.0 40.94648956917965 710.2934250339087 669.3469354647291
52.0 40.01733090304678 698.9324894451595 658.9151585421127
53.0 39.14557016995518 689.5501015083407 650.4045313383855
54.0 39.35118291580011 696.343109655047 656.9919267392469
55.0 41.07768553204982 715.6948521320218 674.617166599972
56.0 39.79043855424283 694.7487720006537 654.9583334464109
57.0 40.44438347719045 707.5778331703423 667.1334496931518
58.0 40.103507449754 706.7089612645958 666.6054538148418
59.0 39.49056940221255 698.0739380563406 658.583368654128
60.0 39.30041097477635 693.6292227605996 654.3288117858232
61.0 39.32408555946656 694.1014031922115 654.7773176327449
62.0 39.43690072814882 696.9712423828629 657.534341654714
63.0 39.09129856743844 690.4271058985458 651.3358073311074
64.0 37.78444508334378 680.4856071496193 642.7011620662755
65.0 39.89285886900094 704.5609432712265 664.6680844022256
66.0 39.04123616586667 695.3689256284791 656.3276894626125
67.0 40.36318871574017 707.9968677307801 667.63367901504
68.0 38.92155899748404 695.6255749089349 656.7040159114508
69.0 38.20488338562635 681.688763309256 643.4838799236297
70.0 39.32696525283739 698.8034523158944 659.476487063057
71.0 40.05991803672368 706.4523753779184 666.3924573411948
72.0 38.1424539331131 683.0759944516406 644.9335405185275
73.0 39.25720589289149 699.2544218563982 659.9972159635067
74.0 38.46044984687157 685.4778962416538 647.0174463947822
75.0 39.41064417816369 702.3374237761027 662.926779597939
76.0 39.95096252421306 706.3109631158791 666.360000591666
77.0 38.80771006107269 691.9718952872412 653.1641852261686
78.0 38.90325990718277 696.265249591872 657.3619896846893
79.0 39.28917265432586 697.3928461553631 658.1036735010372
80.0 39.0281896832783 694.9186334625489 655.8904437792706
81.0 38.93294434779231 696.2391948126012 657.3062504648089
82.0 38.91865744425888 699.4324603555822 660.5138029113233
83.0 37.89537831028091 686.6614063200714 648.7660280097905
84.0 39.11025354245008 695.9865619460068 656.8763084035567
85.0 38.72749436186787 694.4131334806303 655.6856391187624
86.0 38.73112409789074 696.7687249411666 658.0376008432759
87.0 38.34970572197315 690.3093842489876 651.9596785270144
88.0 39.11848826617461 697.7510317855199 658.6325435193453
89.0 37.18530139140093 679.0279781735045 641.8426767821036
90.0 38.02875816829259 684.9812783486891 646.9525201803965
91.0 37.16159541069061 675.9869354455082 638.8253400348176
92.0 36.07975897968447 670.3900805471468 634.3103215674623
93.0 36.17155024133499 669.2845982999173 633.1130480585823
94.0 38.89055372857367 696.9395334569331 658.0489797283594
95.0 37.68901714090935 684.965586127021 647.2765689861117
96.0 37.26063072250901 679.4718130563851 642.2111823338761
97.0 38.19696213075284 689.3421284593839 651.145166328631
98.0 35.49740989533286 664.8008961993574 629.3034863040245
99.0 37.69350233676133 681.9142607191495 644.2207583823882
100.0 37.88519767043381 686.6139885239629 648.7287908535291
101.0 38.35695955406637 689.1534762565755 650.7965167025091
102.0 36.44136837059636 675.8501914757358 639.4088231051395
103.0 37.6085980093771 681.3065414972077 643.6979434878306
104.0 38.82474751678206 695.5053147570277 656.6805672402456
105.0 39.59749440686139 700.603311460339 661.0058170534776
106.0 37.61604090781937 684.7838525336682 647.1678116258489
107.0 39.31613323426364 697.6339045734992 658.3177713392356
108.0 39.01520678886971 695.6026961099132 656.5874893210435
109.0 37.84748784767512 684.4767040385325 646.6292161908574
110.0 37.45746907177992 678.3556020391705 640.8981329673906
111.0 37.90348472696655 684.397749930998 646.4942652040314
112.0 40.53124247966902 709.1663957634209 668.6351532837518
113.0 37.07149281929657 675.6426209516608 638.5711281323642
114.0 39.429435876282 696.6550948039433 657.2256589276613
115.0 38.21924966892042 686.6298346747808 648.4105850058604
116.0 38.4740191816657 690.3546191363587 651.880599954693
117.0 38.59604123772825 688.3776534362099 649.7816121984816
118.0 38.39620435665157 685.2098936206135 646.8136892639619
119.0 36.20909087784192 668.061320317688 631.8522294398461
120.0 37.83255910530403 679.7040470398136 641.8714879345096
121.0 39.86468623831285 700.6765336862471 660.8118474479342
122.0 38.18422001362708 687.4409802958541 649.256760282227
123.0 38.2777421600204 686.1146079705224 647.836865810502
124.0 38.80884129364888 689.8527277517483 651.0438864580994
125.0 36.52275412536666 670.6258354910438 634.1030813656771
126.0 39.44257536594136 691.3346380697947 651.8920627038534
127.0 37.3499478236295 678.7198123324919 641.3698645088624
128.0 39.62398522804725 694.642733874151 655.0187486461037
129.0 39.31417088330404 693.7102039121377 654.3960330288336
130.0 38.95508720598838 690.3701117343178 651.4150245283295
131.0 39.72147836641142 697.8580703572664 658.1365919908549
132.0 38.89805053452831 692.440453419315 653.5424028847867
133.0 39.84640870926192 695.5434066027131 655.6969978934511
134.0 39.18530964765266 692.349343642367 653.1640339947143
135.0 36.87330506762507 672.4005643680044 635.5272593003793
136.0 40.55351804777299 703.7984826916276 663.2449646438546
137.0 35.99938895731807 669.2956382556983 633.2962492983802
138.0 38.2103138477469 681.0246136694972 642.8142998217503
139.0 39.33608821786617 691.5672901401618 652.2312019222956
140.0 36.86733667787954 672.4398187575032 635.5724820796236
141.0 37.63588084683348 680.9987201629523 643.3628393161188
142.0 36.54001987152124 670.2759557895564 633.7359359180351
143.0 36.80906300507205 673.3023710944005 636.4933080893285
144.0 36.8703867722301 672.4786766648267 635.6082898925966
145.0 40.50339635053906 702.8888143016313 662.3854179510922
146.0 38.80618460049749 686.1997345417496 647.3935499412521
147.0 37.51059236163523 677.2264769186492 639.715884557014
148.0 38.56210205960263 687.9027004707276 649.340598411125
149.0 35.53738687707377 663.8530316242376 628.3156447471638
150.0 36.18435828839837 668.5734136979478 632.3890554095495
151.0 38.66334261146175 691.4132907079247 652.7499480964629
152.0 37.35486376149284 679.2137789803959 641.8589152189031
153.0 37.74825730215237 685.9975449694053 648.2492876672529
154.0 39.28519368084915 696.1354600188663 656.8502663380172
155.0 38.88863434364156 691.7231073348167 652.8344729911752
156.0 37.61098235289648 681.4028671814096 643.7918848285131
157.0 38.36920691508425 688.3032817447405 649.9340748296563
158.0 33.84652033814731 653.9089851493284 620.0624648111811
159.0 38.42294718368063 689.5078419790757 651.0848947953951
160.0 38.73477284291222 690.4784742976291 651.7437014547169
161.0 36.6621938915427 675.6987940070038 639.0366001154611
162.0 36.80841900236993 676.2444134977006 639.4359944953307
163.0 31.49533986698346 639.7477429817098 608.2524031147263
164.0 35.85463434584009 666.4930728259074 630.6384384800673
165.0 38.53687405665055 692.3300557915889 653.7931817349384
166.0 36.47328892134528 677.7115741704585 641.2382852491132
167.0 37.87253947420281 687.5755333580252 649.7029938838224
168.0 33.49467605365981 652.3149525452315 618.8202764915717
169.0 36.0875331389034 674.0599132439259 637.9723801050225
170.0 37.19178761590043 682.0241272248544 644.832339608954
171.0 35.06200269994053 663.814962195332 628.7529594953915
172.0 37.64848425332393 681.5638512786236 643.9153670252997
173.0 37.51297750178432 684.067122508952 646.5541450071677
174.0 37.76727233552108 687.9666781526487 650.1994058171276
175.0 30.82449904577118 635.7337033600531 604.9092043142819
176.0 37.49583657624499 685.1518353178364 647.6559987415914
177.0 36.1651022667175 669.1319442631018 632.9668419963843
178.0 36.72172135013139 676.0879932063173 639.3662718561859
179.0 35.62536713294654 670.1944615450661 634.5690944121195
180.0 37.43054444884537 684.4577217473862 647.0271772985408
181.0 37.32626233884076 681.978894695224 644.6526323563833
182.0 34.96157915195361 668.2233964775093 633.2618173255557
183.0 31.45868374873038 640.5236856253698 609.0650018766395
184.0 37.80415218080485 688.4547672519302 650.6506150711254
185.0 29.48443398438393 627.7369283240918 598.2524943397079
186.0 32.83088495060005 648.049454102778 615.218569152178
187.0 34.94375238951945 667.6345555064912 632.6908031169717
188.0 34.31149368862301 661.2403081097431 626.9288144211201
189.0 35.72084594555798 668.5299141081577 632.8090681625997
190.0 34.91241425292381 664.6101221052068 629.697707852283
191.0 34.28967241307544 662.7955262315693 628.5058538184939
192.0 36.76141166222855 678.5655582504362 641.8041465882076
193.0 35.69575220141688 669.1053870151834 633.4096348137665
194.0 34.40581015411363 664.1130130236768 629.7072028695631
195.0 35.07503695191182 667.204914422831 632.1298774709192
196.0 32.44852469682272 647.0203826949115 614.5718579980887
197.0 34.41103207371614 659.9469213464659 625.5358892727498
198.0 32.9447367272488 655.1461813611904 622.2014446339416
199.0 34.76431796756373 662.0305339187655 627.2662159512018
200.0 36.25095985549789 677.134700333006 640.8837404775081
201.0 28.46783926532965 622.1212126507966 593.653373385467
202.0 35.81020760401902 673.9625664618129 638.1523588577939
203.0 30.77541848340724 636.9729488922234 606.1975304088162
204.0 32.42839483827537 650.7431616929345 618.3147668546591
205.0 34.11000920023874 661.3890847436265 627.2790755433877
206.0 31.15576675195014 637.9114856087001 606.7557188567499
207.0 31.69823241601656 643.5153225352258 611.8170901192093
208.0 32.12279404473623 649.3057003846405 617.1829063399042
209.0 32.12436417090736 644.8723387669569 612.7479745960495
210.0 28.14618530742583 619.7869399776496 591.6407546702237
211.0 34.1993209911308 661.6703870626829 627.4710660715521
212.0 33.02167168831113 655.981870997072 622.9601993087608
213.0 34.48433527863753 666.8026345723056 632.3182992936681
214.0 34.30974142294283 660.7658631568213 626.4561217338785
215.0 30.81512143677278 636.039695034666 605.2245735978933
216.0 34.77734621924339 669.359268762959 634.5819225437156
217.0 33.28841415237832 659.7940144152169 626.5056002628386
218.0 32.76870411232932 649.1775142644498 616.4088101521205
219.0 31.1293290609116 643.0672784979834 611.9379494370718
220.0 34.51322315104015 664.3641878716397 629.8509647205995
221.0 33.54579087831349 661.3675549886863 627.8217641103728
222.0 33.04830313669691 656.5608941030635 623.5125909663666
223.0 31.94909701959375 648.694765551923 616.7456685323292
224.0 32.38795624639768 649.2155153133343 616.8275590669366
225.0 33.30513588115818 654.7329205901881 621.4277847090299
226.0 31.37880787681643 641.755377344675 610.3765694678586
227.0 32.58497053075901 652.0210420576759 619.4360715269169
228.0 32.02110192198691 647.7152838897945 615.6941819678076
229.0 34.90616027142018 666.3831637462224 631.4770034748022
230.0 26.47840276433273 609.7759739892056 583.2975712248729
231.0 34.01281323022633 664.8351139341246 630.8223007038982
232.0 29.99008489749098 634.3470946795095 604.3570097820185
233.0 27.80283276561458 618.0676145542993 590.2647817886847
234.0 31.65290886115758 645.9141793162493 614.2612704550917
235.0 32.03304193497532 645.812882898956 613.7798409639807
236.0 31.3851030026295 642.1194763632284 610.7343733605989
237.0 32.13698991256173 651.1666828757118 619.0296929631501
238.0 33.01828737285438 656.7758779342102 623.7575905613558
239.0 32.23347832787633 652.0239871018978 619.7905087740214
240.0 32.30925351443678 648.1070298064632 615.7977762920264
241.0 29.71990732083022 632.0053322273783 602.2854249065481
242.0 29.72283352532218 632.8061985248619 603.0833649995398
243.0 32.9367689119536 658.9923107660977 626.0555418541441
244.0 31.01321024682427 640.3498042974655 609.3365940506412
245.0 32.93607256035205 656.1904336391146 623.2543610787626
246.0 31.87100862228917 647.4414565857459 615.5704479634567
247.0 33.4909802273311 663.7852968997209 630.2943166723898
248.0 30.78292366710803 641.050544157752 610.267620490644
249.0 30.28464482914859 636.899051728374 606.6144068992254
250.0 29.44373465021907 628.7421445382367 599.2984098880176
251.0 31.89923339793158 653.4027878351784 621.5035544372468
252.0 30.67345104309563 641.6432705935086 610.969819550413
253.0 31.62923797887482 648.4169990143845 616.7877610355097
254.0 28.45655465967068 622.3329744551705 593.8764197954998
255.0 28.04743234101514 622.8504168658276 594.8029845248124
256.0 30.07136191654471 640.5943769280753 610.5230150115306
257.0 27.69546155138694 621.2774250546857 593.5819635032987
258.0 27.9308771247531 622.7150583775329 594.7841812527798
259.0 30.8343061623103 642.063520681057 611.2292145187467
260.0 29.81569786078262 633.7166454083214 603.9009475475388
261.0 28.60553968731732 626.5208585410353 597.915318853718
262.0 29.74894852927645 634.9944757792134 605.245527249937
263.0 30.62175997158256 642.3408277373798 611.7190677657972
264.0 29.73987534874328 638.1499265051423 608.410051156399
265.0 27.70752578382783 621.0585117125652 593.3509859287374
266.0 28.317450784754 624.3516051032294 596.0341543184754
267.0 26.7647072636759 612.8439472386386 586.0792399749627
268.0 28.46521147871978 628.776757304243 600.3115458255233
269.0 29.98582797118775 638.5924831093134 608.6066551381257
270.0 23.81703748005388 593.816665203497 569.9996277234431
271.0 29.67997853459774 638.6182215007847 608.9382429661869
272.0 27.68939287284487 619.5258750375237 591.8364821646788
273.0 26.99405149834752 617.9033651810557 590.9093136827082
274.0 29.56676329415212 637.5832630046096 608.0164997104575
275.0 28.16230616068424 627.7192536686689 599.5569475079846
276.0 25.68569299993689 608.3306804853841 582.6449874854472
277.0 28.80138398727532 630.8457726414222 602.0443886541469
278.0 28.73804182769006 632.8694531272258 604.1314112995357
279.0 25.88118950452262 610.337484219457 584.4562947149344
280.0 25.99762993192211 610.0579118679689 584.0602819360468
281.0 26.44958741913698 615.7959697805058 589.3463823613689
282.0 25.92495097053136 610.9967284477977 585.0717774772663
283.0 26.48239493880641 617.3429066993369 590.8605117605305
284.0 24.62202963752066 601.7583342829216 577.136304645401
285.0 26.94279888523225 617.3155658005649 590.3727669153327
286.0 25.38643313544521 605.4539039948436 580.0674708593984
287.0 27.04032892946597 625.5436599368205 598.5033310073546
288.0 26.91619095739515 622.4312348339021 595.515043876507
289.0 23.1159892722111 590.7750218830544 567.6590326108433
290.0 25.82616577001649 612.0571189476499 586.2309531776334
291.0 27.29416836794586 623.6321304840708 596.3379621161249
292.0 22.47596278259095 586.240510970595 563.7645481880041
293.0 21.46229036386931 580.4612350820008 558.9989447181315
294.0 24.39390218756329 603.1710743606789 578.7771721731156
295.0 25.4099062377475 614.6315096309137 589.2216033931662
296.0 24.47938410054225 605.3514312295577 580.8720471290155
297.0 25.54774132015397 613.363909864866 587.8161685447121
298.0 24.16842203296107 601.9795041518514 577.8110821188903
299.0 26.01813982790595 614.4227048474937 588.4045650195878
300.0 21.74306007825112 583.1423663091998 561.3993062309487
301.0 21.41636016199036 581.3799417923491 559.9635816303587
302.0 25.88847016450844 618.6234365931951 592.7349664286867
303.0 22.40444176873457 587.269710781563 564.8652690128284
304.0 24.14738636701422 602.235552291789 578.0881659247747
305.0 24.32206218821909 609.6382392384008 585.3161770501817
306.0 24.00039209494057 602.855476943716 578.8550848487754
307.0 21.77830451626026 583.0278941283741 561.2495896121139
308.0 24.31295716307784 608.1162308116987 583.8032736486209
309.0 22.24189092729575 591.123225549942 568.8813346226462
310.0 18.19155267079081 559.8185868840485 541.6270342132577
311.0 21.31886072980173 581.8873621151121 560.5685013853104
312.0 23.51666797308311 601.8248605209016 578.3081925478184
313.0 21.10809180215924 579.2929005567077 558.1848087545484
314.0 20.71684150284689 581.4468903835724 560.7300488807255
315.0 23.74932315111702 606.9923943576488 583.2430712065318
316.0 19.73367124125772 572.9174964468331 553.1838252055754
317.0 21.71605033979266 583.9481658329295 562.2321154931368
318.0 22.32023037519991 595.6589894230616 573.3387590478617
319.0 23.56125638121614 604.7371468009523 581.1758904197361
320.0 20.70188215936968 578.3574073142364 557.6555251548667
321.0 22.20333573582238 589.0271941362445 566.8238584004221
322.0 22.01292651684648 592.3497207265453 570.3367942096988
323.0 21.69382801028458 593.2963780251902 571.6025500149056
324.0 21.49941942718651 591.4417693521296 569.9423499249431
325.0 21.16472139685268 587.396761460713 566.2320400638603
326.0 21.6116821603631 589.2328556198133 567.6211734594501
327.0 20.66909648241486 584.1452633811821 563.4761668987673
328.0 21.1768865882151 588.7377223664722 567.5608357782571
329.0 20.26812220511627 578.2497192498864 557.9815970447702
330.0 19.13554386110701 567.1578416439618 548.0222977828548
331.0 20.76818103093563 585.9887859933471 565.2206049624115
332.0 20.34543043405681 582.4443747772645 562.0989443432077
333.0 19.91563407089009 576.057051614548 556.1414175436579
334.0 20.45629899894702 586.0013248208104 565.5450258218634
335.0 15.54762940397848 544.1658920290383 528.6182626250598
336.0 19.71640915847955 577.2918824347247 557.5754732762452
337.0 16.51110947592442 550.9107411370574 534.399631661133
338.0 18.75840313149173 570.0369756828782 551.2785725513864
339.0 18.96567958891097 570.6591626893007 551.6934831003897
340.0 18.4235079827609 564.4403478063707 546.0168398236098
341.0 17.82121245795143 562.7736482799187 544.9524358219673
342.0 18.45427091086695 571.1730539860324 552.7187830751655
343.0 18.42194856373863 570.5008415781022 552.0788930143636
344.0 19.84484399465325 584.5970903463446 564.7522463516913
345.0 18.59414895960503 575.2268227571572 556.6326737975522
346.0 16.11678574854915 550.0649640486288 533.9481783000796
347.0 16.47369951562455 551.8500910075238 535.3763914918992
348.0 17.61612390816567 562.5261321161036 544.910008207938
349.0 18.40718690369601 575.3327731843949 556.9255862806988
350.0 18.96102177784181 581.0439406251725 562.0829188473307
351.0 16.49133061861889 555.0251973615634 538.5338667429445
352.0 16.78384148514807 558.6710356215961 541.8871941364481
353.0 17.27117146508543 564.0723119932168 546.8011405281314
354.0 16.74963142535031 562.9966430234845 546.2470115981342
355.0 17.46499723906917 568.6963446884872 551.231347449418
356.0 16.81131584554852 560.1674664697827 543.3561506242342
357.0 16.78007737766143 564.1688584510155 547.3887810733541
358.0 16.97193452976208 566.8077502841129 549.8358157543508
359.0 17.05192151902031 563.638882407864 546.5869608888437
360.0 16.00264608433286 556.3100937036563 540.3074476193234
361.0 14.06190824794606 541.4398793126864 527.3779710647403
362.0 14.19708890803234 537.4770170424048 523.2799281343725
363.0 16.27679395050439 557.3610150012943 541.0842210507899
364.0 15.14561671161816 544.0722325867897 528.9266158751715
365.0 14.85896336283279 548.8971043120818 534.038140949249
366.0 16.30836880106923 562.6017936185917 546.2934248175224
367.0 11.06088931843119 516.2510416890005 505.1901523705693
368.0 16.25794481127248 562.2130994508931 545.9551546396206
369.0 14.50355001126415 548.2526571582257 533.7491071469616
370.0 13.24267895429929 531.3740946454733 518.131415691174
371.0 13.97284190805202 539.9584826897596 525.9856407817076
372.0 15.22105535888076 557.9755305467401 542.7544751878593
373.0 14.0607518502345 542.9492285271494 528.8884766769149
374.0 15.02318246066991 551.0838301635139 536.060647702844
375.0 14.28528980433835 546.7722497363106 532.4869599319722
376.0 14.62814703686081 553.6327468884044 539.0045998515436
377.0 14.44692251665883 550.2304263204875 535.7835038038286
378.0 13.74464087728825 543.1946641706723 529.450023293384
379.0 13.48034534813255 539.9729373249143 526.4925919767817
380.0 13.03538092580949 537.0019573367318 523.9665764109223
381.0 13.53265546874041 542.7715373355933 529.2388818668529
382.0 14.10224289789031 550.3600865594009 536.2578436615106
383.0 13.03569312265405 534.0803671876209 521.0446740649669
384.0 14.07798815038727 551.7182598375424 537.6402716871551
385.0 12.53528552192896 535.917014657576 523.381729135647
386.0 11.3168519700623 520.1175368265617 508.8006848564994
387.0 12.74425570194859 542.2624956944428 529.5182399924942
388.0 12.01524295661282 533.9039370470061 521.8886940903933
389.0 13.02171214559067 544.728540921599 531.7068287760083
390.0 11.70393943019198 528.7517981866901 517.0478587564981
391.0 12.31403183452774 539.37790035536 527.0638685208322
392.0 11.66757435942047 528.7821394267302 517.1145650673097
393.0 12.00284584866774 533.1220071923858 521.1191613437181
394.0 12.92196456108678 545.7071388618187 532.7851743007319
395.0 11.92071508355105 536.4044586167552 524.4837435332041
396.0 10.94113255691269 526.3249089742066 515.3837764172939
397.0 11.44471092713635 529.2795236084393 517.834812681303
398.0 11.11069391980184 523.7731079360563 512.6624140162545
399.0 10.75313487526428 524.7526018320462 513.9994669567819
400.0 11.7193110641459 539.1742947094274 527.4549836452815
401.0 10.98746866828642 528.6964455048445 517.7089768365581
402.0 10.58747764161515 522.7628522687826 512.1753746271674
403.0 10.70728526748759 522.7106845565584 512.0033992890708
404.0 10.48042753461005 519.5194850544547 509.0390575198447
405.0 10.39370481460754 526.2708795185728 515.8771747039653
406.0 9.702469604563042 516.6680800231329 506.9656104185698
407.0 9.826286952824745 522.0756943449709 512.2494073921462
408.0 10.19539918025969 521.0541839148077 510.858784734548
409.0 10.01696968822236 522.5970811477119 512.5801114594896
410.0 9.91533012773399 525.6130186436282 515.6976885158942
411.0 9.880020700876215 524.1773821616034 514.2973614607272
412.0 9.151097235976602 520.2173164088422 511.0662191728656
413.0 9.334732689591079 521.7278667166063 512.3931340270152
414.0 9.346452753829452 519.1548697669246 509.8084170130952
415.0 9.698406139097205 523.208828170652 513.5104220315548
416.0 9.320240322137378 521.5739033693194 512.253663047182
417.0 9.757734022496493 525.6112216103103 515.8534875878138
418.0 7.740512471195711 484.6044632744161 476.8639508032203
419.0 8.292966122435347 497.3033752004127 489.0104090779774
420.0 8.578104887923723 511.6332623698108 503.0551574818871
421.0 9.039696303751282 522.8653416374803 513.825645333729
422.0 8.305964287227124 499.9320290441532 491.6260647569261
423.0 8.009927083821597 502.2317819285516 494.22185484473
424.0 8.181421146672932 505.8741642540315 497.6927431073585
425.0 5.954551237602428 456.1264258247305 450.171874587128
426.0 7.763545183464052 501.9925074955479 494.2289623120839
427.0 8.422867668178699 516.0501829676581 507.6273152994794
428.0 7.90517918328543 505.0441413721129 497.1389621888274
429.0 7.786705868488053 502.4437440663536 494.6570381978656
430.0 8.170831813356451 517.645640934096 509.4748091207395
431.0 7.061060345354667 489.4912561549292 482.4301958095745
432.0 7.19380432084903 487.7789303638053 480.5851260429562
433.0 7.320892752774654 495.9239971390778 488.6031043863032
434.0 7.246457350319227 495.1227851039494 487.8763277536301
435.0 6.216237849757218 470.8835216836541 464.6672838338969
436.0 6.429892164093512 479.9760969708869 473.5462048067934
437.0 7.475435786112856 509.9991924627251 502.5237566766122
438.0 6.33711472598377 481.860918311849 475.5238035858653
439.0 6.838806117741476 497.105094646992 490.2662885292505
440.0 6.900034242395335 500.2857836609653 493.38574941857
441.0 6.824189653076871 501.9992952057818 495.1751055527049
442.0 6.124452802581945 478.2555199565313 472.1310671539494
443.0 5.66376302833972 472.4373418472022 466.7735788188624
444.0 6.874659975742286 505.3853331110043 498.510673135262
445.0 6.008143959586469 480.4708547926157 474.4627108330292
446.0 6.05407071977292 486.7416430243377 480.6875723045648
447.0 6.016629013604647 487.2763504145109 481.2597214009063
448.0 5.107680797791572 443.0878705074361 437.9801897096446
449.0 5.255748313896533 467.679798804716 462.4240504908195
450.0 6.18350087557588 498.0024074609237 491.8189065853478
451.0 5.303889128233375 480.3374644799725 475.0335753517391
452.0 5.112988173642408 474.2310699517708 469.1180817781284
453.0 4.735637304864875 459.0908831665285 454.3552458616636
454.0 4.755537064366276 459.4543304113246 454.6987933469583
455.0 4.711078541676823 462.0312383518231 457.3201598101463
456.0 4.167883145432472 445.0619660937952 440.8940829483627
457.0 4.897466723289219 472.8942794988713 467.9968127755821
458.0 4.472964493928994 440.6616257970579 436.1886613031289
459.0 4.258416918295354 444.6622220126421 440.4038050943468
460.0 4.356217899466316 460.453894209722 456.0976763102557
461.0 3.833973302576458 448.1259882644786 444.2920149619021
462.0 4.371761479638806 466.7102918477705 462.3385303681317
463.0 4.251482290503984 463.8022153570764 459.5507330665724
464.0 3.74755379448429 454.1884316515493 450.440877857065
465.0 3.677630808473605 451.7793230734018 448.1016922649282
466.0 3.689371068730139 456.0016212285898 452.3122501598596
467.0 3.543396756582388 449.2662623609478 445.7228656043654
468.0 3.230448704829585 442.3336793494815 439.103230644652
469.0 3.164897499394828 445.6170657223661 442.4521682229713
470.0 3.276909144446914 449.0216195984869 445.74471045404
471.0 3.260597400699555 445.8901883843072 442.6295909836076
472.0 2.959036448562264 443.7301174414805 440.7710809929182
473.0 2.998783617662057 443.7793793949153 440.7805957772533
474.0 3.044510408797588 444.6660811144989 441.6215707057013
475.0 2.934887157931043 442.8571663834649 439.9222792255338
476.0 2.66446809185005 438.3691377675354 435.7046696756853
477.0 2.691737318566863 445.6172994766288 442.925562158062
478.0 2.812920472119703 440.6491160950556 437.8361956229359
479.0 2.516911489302686 436.7486967406651 434.2317852513624
480.0 2.165750869093655 435.8789576523779 433.7132067832842
481.0 2.406933753554389 441.9376565988479 439.5307228452935
482.0 2.190364352944578 439.6500073751025 437.4596430221579
483.0 2.09292956129703 435.440816379385 433.347886818088
484.0 2.165584980627513 433.4805959248239 431.3150109441964
485.0 1.8313596134662 433.3787274880215 431.5473678745553
486.0 1.842517461579307 433.2992700022198 431.4567525406405
487.0 1.764401556375836 433.9731414443676 432.2087398879918
488.0 1.731240206791281 433.3047137043405 431.5734734975492
489.0 1.589058079428217 430.034570897183 428.4455128177548
490.0 1.572387604431562 428.4434276848761 426.8710400804446
491.0 1.537461982320134 432.6330833579336 431.0956213756134
492.0 1.459687883701979 432.9050689068907 431.4453810231887
493.0 1.250997255592824 426.6758835876064 425.4248863320136
494.0 1.334192716244492 427.0048483374353 425.6706556211908
495.0 1.237056049824676 428.8385221304854 427.6014660806607
496.0 1.081382559103497 424.6544735739201 423.5730910148166
497.0 1.048612165568483 426.8439288769491 425.7953167113806
498.0 1.045802732225719 423.9177719133069 422.8719691810812
499.0 0.9371242819732934 425.8070844428127 424.8699601608395
500.0 0.858383304776601 425.6705239622906 424.812140657514
501.0 0.8907913043558451 423.8682942836039 422.9775029792481
502.0 0.7665240514167356 421.7533121957722 420.9867881443554
503.0 0.7506955967192904 422.3416149367763 421.590919340057
504.0 0.5856767260709164 420.9502996584646 420.3646229323937
505.0 0.6164281666805586 420.3276183565937 419.7111901899131
506.0 0.6221379607941948 419.4473592575717 418.8252212967775
507.0 0.5241788679409535 418.8033303861027 418.2791515181617
508.0 0.4658653318319975 418.4771759715808 418.0113106397488
509.0 0.3697129494049862 416.8152917549493 416.4455788055443
510.0 0.3832437481221018 416.2437412765676 415.8604975284455
511.0 0.3988520711022065 416.8600829815442 416.461230910442
512.0 0.2451157401692826 413.9093772479465 413.6642615077772
513.0 0.2863106309270441 414.1945592388164 413.9082486078894
514.0 0.2100082526068773 413.0954646169727 412.8854563643658
515.0 0.2131522409054434 412.0789658065897 411.8658135656842
516.0 0.14406540039519 412.326045746715 412.1819803463198
517.0 0.1130164677000196 411.8031940120171 411.6901775443171
518.0 0.1282194486425277 410.3453941001871 410.2171746515446
519.0 0.1587137832304271 409.6761866252027 409.5174728419722
520.0 0.07550011668148887 408.8396096262694 408.7641095095879
521.0 0.07335588127197165 408.3754971243009 408.3021412430289
522.0 0.09326238619698832 406.9597284628541 406.8664660766572
523.0 0.01442388933346203 404.7079931671128 404.6935692777794
524.0 0.02264447492865995 405.7050062843518 405.6823618094231
525.0 0 405.4281306247845 405.4281306247845
526.0 0.05765746153785931 403.2892825303028 403.2316250687649
527.0 0.1098065740151563 401.2492658184552 401.13945924444
528.0 0.04600504948997081 402.8484389533328 402.8024339038428
529.0 0.01503878664979302 402.03174585888 402.0167070722302
530.0 0.09558070682329103 400.684660893629 400.5890801868057
531.0 0.08911606625137528 400.3152066585617 400.2260905923103
532.0 0.09762769592755632 397.9582453261003 397.8606176301727
533.0 0.1083103489561481 397.0113994542203 396.9030891052642
534.0 0.153900260949013 397.3712872992088 397.2173870382597
535.0 0.1957895441210141 396.3273037992894 396.1315142551683
536.0 0.2210330030459761 396.3857438564338 396.1647108533879
537.0 0.2663565231816859 393.9252797264727 393.658923203291
538.0 0.2769593107877239 394.0116262890283 393.7346669782406
539.0 0.4358497190248855 391.350730575618 390.9148808565931
540.0 0.4635262655546363 393.0300254179392 392.5664991523846
541.0 0.5914982117383601 388.3258691035639 387.7343708918255
542.0 0.4998386172724136 389.439853867831 388.9400152505586
543.0 0.5739196872960147 390.1603016091099 389.5863819218139
544.0 0.7274691398683573 390.9490673095678 390.2215981696994
545.0 0.8719910110307435 388.1875050034328 387.315513992402
546.0 0.9105511887405955 386.5021898721045 385.5916386833639
547.0 1.038659347301823 384.1288039931743 383.0901446458725
548.0 1.031760937630931 383.7158095957084 382.6840486580775
549.0 1.247853829484242 383.5652414601364 382.3173876306521
550.0 1.403554010993353 385.794773161099 384.3912191501057
551.0 1.456123231434101 380.5668003612678 379.1106771298337
552.0 1.542898368575044 380.5524779041671 379.0095795355921
553.0 1.835856468547164 380.6474036560133 378.8115471874662
554.0 1.784018374157788 378.1643828501831 376.3803644760253
555.0 2.069633446414505 379.7072011313798 377.6375676849653
556.0 2.052980031163745 378.883334896414 376.8303548652503
557.0 2.379032802752051 373.7438769624084 371.3648441596564
558.0 2.689314041352958 378.4053027885687 375.7159887472157
559.0 2.568640678171004 378.6954538315556 376.1268131533846
560.0 2.836254394532167 370.8081856051438 367.9719312106117
561.0 3.148679628560893 369.0379541437288 365.8892745151679
562.0 3.648338895059588 362.2651606053609 358.6168217103013
563.0 3.668203551521291 367.3042098385425 363.6360062870213
564.0 3.732219817893819 364.743189411168 361.0109695932742
565.0 3.833305128730671 377.1716057447499 373.3383006160193
566.0 3.809386642454546 371.173042643707 367.3636560012525
567.0 4.237735783936154 364.589088336976 360.3513525530399
568.0 5.472672645630206 351.8520361171167 346.3793634714865
569.0 4.38078092059314 369.0195251803166 364.6387442597234
570.0 5.1656441560186 357.8066595202717 352.6410153642531
571.0 5.237937675189963 353.9762144861545 348.7382768109646
572.0 7.373268000582527 327.7132287240969 320.3399607235144
573.0 5.610632153307822 361.3193740430183 355.7087418897105
574.0 7.215541040340757 335.1190896704719 327.9035486301312
575.0 5.190035373191599 362.5474165947336 357.357381221542
576.0 10.60038218508988 302.682623478649 292.0822412935591
577.0 10.81609922442107 302.8018471764569 291.9857479520359
578.0 5.779922119630623 361.6133092669175 355.8333871472869
579.0 8.799147279000745 329.6485202613329 320.8493729823322
580.0 17.44566394326543 260.6862805888789 243.2406166456135
581.0 12.49452607979273 295.7149150843942 283.2203890046015
582.0 15.22273366181832 277.642575779366 262.4198421175477
583.0 18.20043579944873 262.1078480777766 243.9074122783278
584.0 20.75245946252225 253.4249905034457 232.6725310409234
585.0 26.93496382578383 226.0731881466518 199.138224320868
586.0 25.99691690244959 229.8856844123704 203.8887675099208
587.0 25.60333924397598 233.0276872937844 207.4243480498084
588.0 26.06078745534001 230.8283461722636 204.7675587169236
591.0 32.51738262929313 205.722137 173.2047543707069
