0.0 46.11932762548222 740.0912759667481 693.9719483412658
3.0 42.25045486056662 702.9390011355049 660.6885462749383
6.0 42.45448610291671 718.8014495485502 676.3469634456335
9.0 41.98575874128238 721.7133165206535 679.7275577793711
12.0 40.75291733545409 705.5071594803289 664.7542421448748
15.0 40.9987982388112 714.2306903240797 673.2318920852685
18.0 40.58063698296738 715.1077430606592 674.5271060776918
21.0 40.22137224266902 710.7009647530319 670.4795925103629
24.0 38.13854261721594 680.7118261696395 642.5732835524235
27.0 39.61205814866329 707.7392001086213 668.127141959958
30.0 38.92805878305281 694.1769388366086 655.2488800535558
33.0 39.27744670709935 707.6811340150799 668.4036873079806
36.0 38.48665262858741 692.5265282952534 654.039875666666
39.0 38.51018476213534 699.043257212898 660.5330724507627
42.0 38.48525230978707 700.1441987699933 661.6589464602062
45.0 38.22330686094229 698.7949831900318 660.5716763290895
48.0 38.22479518860479 700.5961419443564 662.3713467557516
51.0 36.67444239208203 672.2473202550913 635.5728778630093
54.0 37.16711642905334 684.903257973536 647.7361415444827
57.0 36.97556332364509 683.4102309971964 646.4346676735513
60.0 37.21341580289014 691.6733676004222 654.459951797532
63.0 36.94649098999754 690.3659175516536 653.419426561656
66.0 36.65400550458925 685.7850395425502 649.131034037961
69.0 36.47225788761073 683.6675458014443 647.1952879138336
72.0 36.24102661433698 681.3002375896098 645.0592109752729
75.0 36.76034604679524 690.4215253808117 653.6611793340164
78.0 36.38085632421848 686.3077495028029 649.9268931785844
81.0 34.48984960322539 655.9331886441616 621.4433390409362
84.0 36.35539948076764 686.0564797980467 649.7010803172791
87.0 35.96571013076613 680.2169495609267 644.2512394301606
90.0 35.74379151187601 679.4239101795241 643.6801186676481
93.0 35.25644232404339 670.863537266513 635.6070949424696
96.0 35.53740114506052 676.4205877341113 640.8831865890508
99.0 34.89040419293815 667.0792674800358 632.1888632870976
102.0 35.66705478847562 678.8949323632026 643.227877574727
105.0 35.2872931896366 671.2214252908354 635.9341321011988
108.0 35.39408929287593 673.2005426625473 637.8064533696713
111.0 35.62349653089746 672.3154378450305 636.691941314133
114.0 35.47855291649376 671.4539846719529 635.9754317554591
117.0 35.47644983826508 674.0106227004833 638.5341728622182
120.0 35.34554397359719 669.8803385733074 634.5347945997102
123.0 35.71695125076689 674.9766475390701 639.2596962883032
126.0 35.71143953695023 672.5628788216025 636.8514392846522
129.0 35.82241825749848 674.8851602965789 639.0627420390804
132.0 35.54671239713258 670.1464091635989 634.5996967664663
135.0 36.1561376950489 676.7920692374342 640.6359315423853
138.0 35.60143223165823 670.3160523728345 634.7146201411763
141.0 35.1423831323341 669.3028127454843 634.1604296131502
144.0 34.17703019313395 652.6093269870763 618.4322967939423
147.0 35.27388991804858 669.7627880944407 634.4888981763922
150.0 32.93420199774872 643.4406031654508 610.5064011677021
153.0 34.07296192181642 654.3205943067101 620.2476323848937
156.0 34.08789817894093 659.0754368333235 624.9875386543825
159.0 35.32151693473857 672.2943891170065 636.9728721822679
162.0 32.40873310033625 643.8492679082784 611.4405348079422
165.0 33.2245935569041 646.6594460085936 613.4348524516895
168.0 32.97323817080712 649.1726122760179 616.1993741052108
171.0 34.1276970736724 664.9101802974383 630.7824832237659
174.0 31.8695419657276 639.9247656497533 608.0552236840256
177.0 33.05868953189431 655.5282019528483 622.469512420954
180.0 33.47414586953476 661.6602901719505 628.1861443024157
183.0 30.36791486189528 631.6957775847264 601.3278627228311
186.0 32.09358569525287 648.5223894296356 616.4288037343828
189.0 30.69430548008485 633.9225079034987 603.2282024234139
192.0 30.32123265979846 628.146413496596 597.8251808367976
195.0 28.13384305360064 612.3905681541383 584.2567251005377
198.0 30.09488051004383 632.3735509491855 602.2786704391416
201.0 29.51023952821655 625.5168691254469 596.0066295972303
204.0 28.77339552170078 616.708852899619 587.9354573779182
207.0 30.29351357153507 638.0450351995771 607.751521628042
210.0 28.57755477888332 621.1898871645235 592.6123323856401
213.0 31.15734668640891 644.1341594655416 612.9768127791327
216.0 29.76302232781773 630.0939645296268 600.3309422018091
219.0 28.70977795481956 624.4924735019985 595.7826955471789
222.0 27.95691546097607 616.3517979073911 588.3948824464151
225.0 30.30052007911034 639.5020501063007 609.2015300271904
228.0 27.52557732587435 613.3347735970829 585.8091962712085
231.0 28.2386066701516 622.0276376341653 593.7890309640137
234.0 29.38056613534511 632.8691744354522 603.4886083001071
237.0 28.57412284028898 621.3767381799255 592.8026153396365
240.0 28.16726001631839 623.4522603889455 595.2850003726271
243.0 27.30021857762731 613.563770150102 586.2635515724747
246.0 27.01222774501461 613.0555398000752 586.0433120550606
249.0 26.94267839210346 613.6294457481062 586.6867673560027
252.0 27.2529547014688 619.9690740812994 592.7161193798306
255.0 23.63855549517718 584.2439344158618 560.6053789206846
258.0 26.62913692107297 615.079708347681 588.450571426608
261.0 26.22279222877496 614.2221814979401 587.9993892691652
264.0 25.24074942834889 600.2626995473534 575.0219501190045
267.0 26.37010915413011 616.5169673526035 590.1468581984734
270.0 24.56254101827593 598.2621001517505 573.6995591334746
273.0 23.43215281305002 588.3473982662593 564.9152454532093
276.0 24.3226159928411 599.6407428367779 575.3181268439368
279.0 24.32572629615954 600.6828442995572 576.3571180033976
282.0 22.49404851576588 581.1886923316215 558.6946438158556
285.0 23.85397549589581 595.9802447176483 572.1262692217525
288.0 23.54723781412128 596.5948627928355 573.0476249787142
291.0 22.17697728566078 585.5467323511586 563.3697550654978
294.0 21.34573241969321 571.9208416822648 550.5751092625716
297.0 22.05109742717243 583.339314163755 561.2882167365826
300.0 22.04651373447334 588.9719024813297 566.9253887468563
303.0 21.8418382445001 588.4863206029465 566.6444823584464
306.0 21.86077787636295 591.4848485934172 569.6240707170543
309.0 19.36450226384102 563.9009501108178 544.5364478469768
312.0 19.48970146184553 568.7238202570928 549.2341187952472
315.0 19.15960560536241 569.7777760295812 550.6181704242188
318.0 19.46067693819178 570.6170073568269 551.1563304186352
321.0 17.55209508970608 552.7383077737765 535.1862126840704
324.0 18.82081149671281 568.5337296049763 549.7129181082635
327.0 18.71483405312408 572.1245039895245 553.4096699364005
330.0 17.80945824038988 565.4043024548612 547.5948442144714
333.0 16.76586649050487 551.395618949346 534.6297524588412
336.0 15.76049198122649 540.547153863427 524.7866618822005
339.0 16.54291853226171 554.1817512802458 537.6388327479841
342.0 15.75510181953232 541.460404926475 525.7053031069427
345.0 16.21289688891346 557.0602701615127 540.8473732725992
348.0 15.71745295155475 551.3153288677079 535.5978759161531
351.0 15.33193533766604 550.2635960539461 534.9316607162801
354.0 13.82586140743367 531.8534944260334 518.0276330185997
357.0 14.62859452408956 544.9480957689495 530.3195012448599
360.0 14.32868546188694 546.9926710565819 532.663985594695
363.0 13.05323011872518 528.4629750350258 515.4097449163006
366.0 12.36895182020508 521.9746907075293 509.6057388873242
369.0 13.11134210671613 536.8704548259638 523.7591127192477
372.0 12.70837098402504 536.9680889792823 524.2597179952572
375.0 12.5021088781809 531.8535468162575 519.3514379380766
378.0 12.29837424287926 535.3196694377226 523.0212951948434
381.0 12.12793616283091 536.5343068665568 524.4063707037258
384.0 11.41320682320291 528.4701588805671 517.0569520573642
387.0 10.81340449672952 523.299624910674 512.4862204139445
390.0 10.70986039586366 527.2161302777714 516.5062698819078
393.0 10.4530640185386 524.764779487164 514.3117154686254
396.0 10.35713419998553 528.0198298443071 517.6626956443216
399.0 9.6798451727481 521.3797035881405 511.6998584153924
402.0 9.494052477536017 518.0411843803164 508.5471319027804
405.0 9.151001035761918 519.6635011881786 510.5125001524167
408.0 9.142040574120899 523.1328653430295 513.9908247689086
411.0 8.763819444645944 520.6946395834045 511.9308201387586
414.0 8.45457294167586 516.3883630969276 507.9337901552517
417.0 7.807314004508262 502.6720104877982 494.8646964832899
420.0 7.820423194166293 510.0969476463964 502.2765244522301
423.0 6.377936866726589 468.0924416124723 461.7145047457457
426.0 7.350917739524985 509.7818034610205 502.4308857214955
429.0 6.972297444564559 504.0227012789936 497.050403834429
432.0 6.615139607242569 499.2476380884672 492.6324984812246
435.0 6.048555128492634 485.520981206624 479.4724260781313
438.0 6.036415194172904 494.1199943206544 488.0835791264815
441.0 5.579473153847837 484.6958656433811 479.1163924895332
444.0 5.613944864902366 490.6299640038063 485.0160191389039
447.0 4.90507813702261 466.469725748569 461.5646476115464
450.0 5.011272308592608 484.4151486217991 479.4038763132065
453.0 4.344995136042911 465.7273583664787 461.3823632304357
456.0 4.101918364298776 458.1585278025201 454.0566094382214
459.0 3.787805136589014 457.3474032485959 453.5595981120068
462.0 3.727700764747761 464.356942480632 460.6292417158842
465.0 3.291450795085609 457.2896662437325 453.9982154486469
468.0 2.950046111027822 450.482395626594 447.5323495155661
471.0 2.785032173889969 449.6676130313897 446.8825808574997
474.0 2.583412666159235 447.241966614517 444.6585539483578
477.0 2.379615805771552 446.3082653705279 443.9286495647564
480.0 1.998129995088861 443.6438307972128 441.645700802124
483.0 1.798295675238634 439.2382207021626 437.4399250269239
486.0 1.557081562340282 438.4154686091108 436.8583870467705
489.0 1.346934854632812 435.585973053221 434.2390381985882
492.0 1.147284949458615 433.6344457303455 432.4871607808869
495.0 0.9371082178579966 431.2773912107445 430.3402829928865
498.0 0.7659999275367563 429.8119989866689 429.0459990591322
501.0 0.646089271798333 427.146890022917 426.5008007511186
504.0 0.4656327633184908 425.180797463212 424.7151646998935
507.0 0.3260748293028555 422.5312561693168 422.2051813400139
510.0 0.2301014336382564 420.1769344758659 419.9468330422276
513.0 0.1425523645908508 417.837166703358 417.6946143387672
516.0 0.04579726773230108 415.9382614410513 415.892464173319
519.0 0.03556487853037849 413.6782477504598 413.6426828719295
522.0 0 410.2882228822622 410.2882228822622
525.0 0.02768435613942738 408.1284547319532 408.1007703758137
528.0 0.03405571784496378 406.4822508748035 406.4481951569585
531.0 0.1065280559098556 403.1122575017937 403.0057294458839
534.0 0.2113069114964102 401.2050817614611 400.9937748499647
537.0 0.3695406950505409 397.8717847937629 397.5022440987124
540.0 0.5845328751766697 394.9567639020283 394.3722310268517
543.0 0.7891640374118947 394.4321420294454 393.6429779920335
546.0 1.101881227368424 389.558725170434 388.4568439430655
549.0 1.487084162134495 388.0752257588259 386.5881415966914
552.0 1.860981927799583 384.5561398616725 382.6951579338729
555.0 2.31180204520351 382.9435888800172 380.6317868348137
558.0 2.866963121603738 382.7110120391764 379.8440489175727
561.0 3.709384634742831 370.1781651670413 366.4687805322985
564.0 3.985910578209078 374.280398104121 370.2944875259119
567.0 4.829669950718978 366.8348288647686 362.0051589140496
570.0 5.868373746534158 356.2918877301951 350.4235139836609
573.0 5.991437617440566 361.3964923226834 355.4050547052428
576.0 7.015507091075451 361.4681255595822 354.4526184685068
579.0 10.27536904766291 329.3796617700137 319.1042927223507
582.0 17.09766488621668 277.271445297579 260.1737804113624
585.0 27.39843058233886 231.3281548462266 203.9297242638877
588.0 28.3621734879821 230.8919538218508 202.5297803338687
591.0 35.04082246243275 205.722137 170.6813145375672
