0.0 45.83675729691113 740.2137410152835 694.3769837183724
3.0 42.00106900435057 703.060697817451 661.0596288131004
6.0 42.18945303443067 718.9945047728575 676.8050517384268
9.0 41.71735961465 721.8972785636703 680.1799189490203
12.0 40.49940921100998 705.7668997081904 665.2674904971805
15.0 40.73684262803272 714.4805118453788 673.7436692173461
18.0 40.31741202053783 715.3132711230768 674.995859102539
21.0 39.96216678760317 710.9385296838305 670.9763628962273
24.0 37.90720277656452 680.8639922282394 642.9567894516749
27.0 39.35521316087204 707.9465806812406 668.5913675203685
30.0 38.68399429647913 694.5037544909393 655.8197601944601
33.0 39.02033253286642 707.8753319973783 668.8549994645119
36.0 38.24380393723189 692.8323320039117 654.5885280666798
39.0 38.26090887496517 699.2552066310452 660.99429775608
42.0 38.23483693027596 700.3901347595939 662.155297829318
45.0 37.9739890673993 699.0136883109318 661.0396992435325
48.0 37.97369151110008 700.7979720128556 662.8242805017555
51.0 36.45003115195045 672.5020960064448 636.0520648544944
54.0 36.93056380989636 685.1864423692388 648.2558785593424
57.0 36.74031419976538 683.6816920335187 646.9413778337533
60.0 36.97019358461215 691.8878366205992 654.9176430359871
63.0 36.70431912373613 690.5543769532935 653.8500578295574
66.0 36.41609589513568 686.0002681672433 649.5841722721076
69.0 36.23628393770251 683.8714113408526 647.6351274031501
72.0 36.00718186020403 681.5050925459392 645.4979106857351
75.0 36.51792782828227 690.6205569002626 654.1026290719803
78.0 36.14216591992745 686.4973717683288 650.3552058484013
81.0 34.27956575257724 656.1070440647768 621.8274783121995
84.0 36.11692599948492 686.2625765876487 650.1456505881638
87.0 35.73267403770504 680.4154757951278 644.6828017574227
90.0 35.51133678938771 679.5983542300026 644.0870174406149
93.0 35.03200512304539 671.1011223239008 636.0691172008554
96.0 35.307726317585 676.6123898557585 641.3046635381735
99.0 34.6694068526326 667.2528939305362 632.5834870779036
102.0 35.43505580404038 679.0594601608851 643.6244043568448
105.0 35.06253978893915 671.4389908144316 636.3764510254925
108.0 35.16749131067385 673.3736272727283 638.2061359620545
111.0 35.39800015410936 672.5077681059951 637.1097679518858
114.0 35.25378644480601 671.6150975096743 636.3613110648683
117.0 35.2491599750933 674.1160244667539 638.8668644916606
120.0 35.12222728327174 670.0143738358711 634.8921465525993
123.0 35.48894081815053 675.076443393633 639.5875025754824
126.0 35.4858140591415 672.6950184744135 637.209204415272
129.0 35.59460026243028 674.9927882293658 639.3981879669356
132.0 35.32333956137824 670.2632382027507 634.9398986413725
135.0 35.92674950139409 676.9031541197768 640.9764046183827
138.0 35.37793789049366 670.4467273800604 635.0687894895668
141.0 34.91947131846746 669.3732217571591 634.4537504386916
144.0 33.9697887778724 652.7014455431925 618.7316567653201
147.0 35.05063617800765 669.8622595807619 634.8116234027543
150.0 32.73487785068009 643.5023525549604 610.7674747042803
153.0 33.86389736336694 654.4392971407093 620.5753997773424
156.0 33.87412240849722 659.1648355064959 625.2907130979986
159.0 35.09577045784341 672.4262707089661 637.3305002511226
162.0 32.20846759660039 643.9310576952849 611.7225900986845
165.0 33.02232769035658 646.7656236447477 613.7432959543911
168.0 32.76821282777348 649.2850710771295 616.516858249356
171.0 33.90813366837671 665.0196016371154 631.1114679687387
174.0 31.67263392464643 640.042284482048 608.3696505574015
177.0 32.84742596748515 655.6140764981174 622.7666505306322
180.0 33.25718495886278 661.7417389877402 628.4845540288774
183.0 30.17774093584912 631.7591130696412 601.5813721337921
186.0 31.88834473469231 648.6083614048035 616.7200166701112
189.0 30.50223235513891 633.9950328298691 603.4928004747302
192.0 30.13454539733894 628.2210339878949 598.086488590556
195.0 27.96070901357547 612.4140747757197 584.4533657621442
198.0 29.90374730161712 632.4596916260636 602.5559443244465
201.0 29.3253680577279 625.585983191567 596.2606151338391
204.0 28.59658533451669 616.7493828481749 588.1527975136582
207.0 30.09692633285964 638.1261841525105 608.0292578196509
210.0 28.39606695206064 621.260036748207 592.8639697961464
213.0 30.95553687625741 644.2412374088628 613.2857005326054
216.0 29.57380893547576 630.2244952999995 600.6506863645238
219.0 28.52513039070444 624.5602580196925 596.0351276289881
222.0 27.77964369883101 616.3993483406606 588.6197046418296
225.0 30.10246499044262 639.6276600974434 609.5251951070008
228.0 27.35087215833486 613.4051784311149 586.05430627278
231.0 28.05594163791288 622.1058312411579 594.049889603245
234.0 29.18821920808653 632.9701449464087 603.7819257383221
237.0 28.39240713186301 621.5237307340917 593.1313236022287
240.0 27.98310290011039 623.5316369816945 595.5485340815841
243.0 27.12506240852108 613.6302024683966 586.5051400598755
246.0 26.83728313901828 613.1380162632365 586.3007331242183
249.0 26.76709198588767 613.712521455835 586.9454294699473
252.0 27.07135469093573 620.0566546940094 592.9853000030736
255.0 23.48900130810632 584.2689936702917 560.7799923621853
258.0 26.45177983478332 615.1871087313137 588.7353288965303
261.0 26.04589275665305 614.3139145284192 588.2680217717662
264.0 25.0767930343721 600.3457024313088 575.2689093969367
267.0 26.19106497977791 616.6160672318407 590.4250022520628
270.0 24.39990250678179 598.3461386695002 573.9462361627184
273.0 23.27826215000287 588.4519099224029 565.1736477724
276.0 24.1583474081325 599.7575402331706 575.5991928250381
279.0 24.16040940566939 600.8245953424596 576.6641859367902
282.0 22.34636952029489 581.2738324208787 558.9274629005838
285.0 23.69286661924018 596.1425519049487 572.4496852857085
288.0 23.3852235017586 596.7307218757721 573.3454983740135
291.0 22.02463095634363 585.6442898117587 563.6196588554151
294.0 21.20614326449844 572.0170804840106 550.8109372195122
297.0 21.9007813306738 583.5275808842475 561.6267995535737
300.0 21.89059980692514 589.1147709336096 567.2241711266844
303.0 21.68620168607202 588.6345819202951 566.9483802342231
306.0 21.70217711290051 591.6201015191669 569.9179244062664
309.0 19.23093390896784 563.9966209858214 544.7656870768535
312.0 19.35144588552158 568.8266648556412 549.4752189701196
315.0 19.01997611778277 569.8684704225391 550.8484943047563
318.0 19.32047466733582 570.7805953299872 551.4601206626514
321.0 17.42784394451976 552.8440978975443 535.4162539530246
324.0 18.68203777524041 568.7183964908794 550.036358715639
327.0 18.57239878542622 572.2606556441815 553.6882568587552
330.0 17.67283288289722 565.5153783430701 547.8425454601729
333.0 16.64214387738023 551.5542195900992 534.912075712719
336.0 15.64658754513558 540.6968574875475 525.0502699424119
339.0 16.41620189237088 554.3281680211494 537.9119661287785
342.0 15.64026022868788 541.6530008817514 526.0127406530635
345.0 16.08298716755087 557.1948059127632 541.1118187452123
348.0 15.59276250800788 551.4791274538736 535.8863649458657
351.0 15.20790040499204 550.4447366485668 535.2368362435748
354.0 13.71869807929548 531.9985278722346 518.2798297929391
357.0 14.50915545254906 545.1344805725203 530.6253251199713
360.0 14.20692611056813 547.1443266109112 532.937400500343
363.0 12.94865800854151 528.6459841466821 515.6973261381405
366.0 12.27018050824231 522.1292305730681 509.8590500648258
369.0 12.9984469139011 537.0505263124708 524.0520793985697
372.0 12.59498434974703 537.1326256779927 524.5376413282457
375.0 12.39351936425082 532.2113619844682 519.8178426202174
378.0 12.18621070133204 535.5075736642197 523.3213629628877
381.0 12.01439881464598 536.7078982611795 524.6934994465335
384.0 11.30698206922719 528.6736372696635 517.3666552004363
387.0 10.71173646634754 523.5038585510767 512.7921220847292
390.0 10.60420215218023 527.3844325521068 516.7802303999265
393.0 10.34958532731556 524.9501052230251 514.6005198957096
396.0 10.25032663350586 528.1807650081747 517.9304383746689
399.0 9.5789679840908 521.5699721520445 511.9910041679537
402.0 9.396265866495855 518.3370712390703 508.9408053725745
405.0 9.051311380559839 519.8462945577527 510.7949831771928
408.0 9.038897289538693 523.2869553711374 514.2480580815987
411.0 8.662721496064587 520.8657460174428 512.2030245213782
414.0 8.357407230971236 516.6652251393841 508.3078179084129
417.0 7.723051411431731 503.2038538684483 495.4808024570165
420.0 7.728839249546336 510.4912750691734 502.7624358196271
423.0 6.326586109644085 468.9091002406882 462.5825141310441
426.0 7.259193964707071 510.1478368989712 502.8886429342641
429.0 6.885864707731345 504.5357099324726 497.6498452247412
432.0 6.533101433551595 499.7817477884512 493.2486463548996
435.0 5.979536441819582 486.2598983574942 480.2803619156746
438.0 5.958886862786921 494.7054818212608 488.7465949584739
441.0 5.510817239250582 485.4188113125211 479.9079940732705
444.0 5.539436339820303 491.2930438055326 485.7536074657123
447.0 4.853655403477035 467.7279833844601 462.8743279809831
450.0 4.94238214842652 485.0329404544278 480.0905583060013
453.0 4.293923000807669 466.6470288696552 462.3531058688475
456.0 4.057940940681862 459.496102910349 455.4381619696671
459.0 3.744457069099244 458.4174872392549 454.6730301701556
462.0 3.67745628322277 465.1216894654682 461.4442331822455
465.0 3.247808549324044 458.0725681791031 454.8247596297791
468.0 2.912817788317004 451.3307811777874 448.4179633894703
471.0 2.748448361769141 450.5219077211162 447.773459359347
474.0 2.549044617405144 448.0996354950774 445.5505908776723
477.0 2.34598945185755 447.1376925142052 444.7917030623477
480.0 1.966814051242487 444.4034743178712 442.4366602666287
483.0 1.77114328135468 440.0576129852716 438.286469703917
486.0 1.530549117235975 439.1537783725284 437.6232292552925
489.0 1.323022235250925 436.3077401627379 434.9847179274869
492.0 1.125117872085193 434.3578161537513 433.2326982816662
495.0 0.9171043973841559 431.9551969144962 431.038092517112
498.0 0.7472991354326641 430.4644052881983 429.7171061527657
501.0 0.6299215339555461 427.8082230939518 427.1783015599962
504.0 0.4512263741239037 425.8795794391395 425.4283530650155
507.0 0.3141892868688573 423.1935398763473 422.8793505894785
510.0 0.2204656839740811 420.8427664716851 420.6223007877111
513.0 0.1351498073795563 418.5276998388628 418.3925500314832
516.0 0.04021924416772846 416.5728771650289 416.5326579208612
519.0 0.0322110360884412 414.3507542796497 414.3185432435612
522.0 0 410.9419750329878 410.9419750329878
525.0 0.02985406134142515 408.8045038963182 408.7746498349767
528.0 0.03788921188913774 407.1257241500251 407.087834938136
531.0 0.1137822376195945 403.7789089052607 403.6651266676411
534.0 0.2205828064340021 401.8398637155667 401.6192809091327
537.0 0.3822810838498879 398.5401814631807 398.1579003793308
540.0 0.6004026187644481 395.6074582522985 395.0070556335341
543.0 0.8057604144798254 395.0837198659972 394.2779594515174
546.0 1.123632718924278 390.2418292688438 389.1181965499195
549.0 1.510706521281516 388.7422707746066 387.2315642533251
552.0 1.888476760279054 385.241616787911 383.3531400276319
555.0 2.341362750202568 383.6108282372197 381.2694654870171
558.0 2.897166593307456 383.6667195301819 380.7695529368745
561.0 3.753169014969336 370.6382305210379 366.8850615060685
564.0 4.025850557350199 374.8015141309672 370.775663573617
567.0 4.878015484310757 367.0722742443022 362.1942587599915
570.0 5.928298132972891 356.4657025706987 350.5374044377258
573.0 6.046439897434778 361.4811964690946 355.4347565716598
576.0 7.071492782858384 361.485300826094 354.4138080432356
579.0 10.36659885314131 329.3938961560696 319.0272973029283
582.0 17.24765140807719 277.280797686387 260.0331462783098
585.0 27.60448830745531 231.3467893227256 203.7423010152703
588.0 28.5696319658836 230.9005821981728 202.3309502322892
591.0 35.28003845553489 205.722137 170.4420985444651
