0.0 41.43205269351234 742.4665757893889 701.0345230958766
3.0 38.12471045395382 705.8402807813644 667.7155703274106
6.0 38.05420519452503 722.6821486050011 684.6279434104761
9.0 37.53049852612061 725.2485964570036 687.718097930883
12.0 36.53838392641502 710.7417640563231 674.2033801299081
15.0 36.64337382680496 719.033065352339 682.389691525534
18.0 36.21032462195531 719.0275700334623 682.8172454115069
21.0 35.91450106167284 715.2695593650909 679.355058303418
24.0 34.31411172150681 684.4022115643551 650.0880998428483
27.0 35.3492269836 711.8272146224687 676.4779876388687
30.0 34.86399115191962 700.7298048007508 665.8658136488312
33.0 35.0121653093599 711.4802759723388 676.4681106629789
36.0 34.44661283153627 698.6295912506742 664.1829784191379
39.0 34.37515990947903 703.259242951833 668.884083042354
42.0 34.32683536716351 704.8269373478701 670.5001019807066
45.0 34.08717585332936 703.0270974941556 668.9399216408263
48.0 34.06064679543832 704.5277490124786 670.4671022170403
51.0 32.95163889289988 678.0983548182408 645.1467159253409
54.0 33.23782360094845 690.5035576462789 657.2657340453305
57.0 33.06933256307683 688.9368895094137 655.8675569463368
60.0 33.18131007011091 695.8640526726599 662.682742602549
63.0 32.93590448917803 694.0886568311702 661.1527523419922
66.0 32.71198733585088 690.0147788970723 657.3027915612214
69.0 32.56427119800759 687.7814793505927 655.2172081525851
72.0 32.36908531545282 685.4349164916298 653.0658311761769
75.0 32.7447259381913 694.2111587690363 661.4664328308449
78.0 32.42975553901416 689.9628730267462 657.5331174877321
81.0 31.02008849820727 660.0465448984685 629.0264564002612
84.0 32.40587726822098 689.9664598700526 657.5605826018316
87.0 32.10887049041092 684.1467262377529 652.037855747342
90.0 31.90046839413293 682.873265337021 650.972796942888
93.0 31.53999895711982 675.5472446657377 644.0072457086179
96.0 31.73922375965367 680.1208786253052 648.3816548656516
99.0 31.24105904835704 670.6882456186472 639.4471865702902
102.0 31.83370068899949 682.0091539087432 650.1754532197437
105.0 31.56927957739889 675.358388048639 643.7891084712402
108.0 31.65089780682094 676.5510689681654 644.9001711613445
111.0 31.89626684066507 676.0255010489193 644.1292342082542
114.0 31.7680755321262 674.6100998428085 642.8420243106823
117.0 31.73117006170442 676.1127710663385 644.3816010046341
120.0 31.6637252501797 672.5097705081141 640.8460452579344
123.0 31.9602864803919 676.961869248359 645.001582767967
126.0 31.99080154636619 675.1260730848583 643.1352715384922
129.0 32.06820542370855 676.9590240785977 644.8908186548891
132.0 31.86637390459383 672.4613211873298 640.5949472827359
135.0 32.37469800234222 678.9366331838377 646.5619351814955
138.0 31.91743189387055 672.8141554562591 640.8967235623886
141.0 31.47671157905784 670.723650236986 639.2469386579281
144.0 30.77351415433261 654.6529959165283 623.8794817621957
147.0 31.59811551595845 671.7452558142191 640.1471402982606
150.0 29.66986936361575 644.8769798034567 615.207110439841
153.0 30.63484385146111 656.8155649166784 626.1807210652173
156.0 30.57448006962463 660.9132080190959 630.3387279494713
159.0 31.59943591752894 674.742596221453 643.143160303924
162.0 29.12608109476222 645.5471165256439 616.4210354308816
165.0 29.90318729548305 649.0523678292175 619.1491805337344
168.0 29.60509404911729 651.4722655485566 621.8671714994394
171.0 30.51369192838119 666.9892287066364 636.4755367782552
174.0 28.63842234530001 642.3628394631073 613.7244171178073
177.0 29.58891568937061 657.2170718191426 627.628156129772
180.0 29.90829576394972 663.2391897101231 633.3308939461734
183.0 27.25973230700338 632.9994010757657 605.7396687687623
186.0 28.72605805903372 650.2372238862531 621.5111658272194
189.0 27.55222076008541 635.4552803508579 607.9030595907725
192.0 27.26994792964813 629.807380667108 602.5374327374599
195.0 25.32105631102957 612.953580669054 587.6325243580245
198.0 26.96690293849564 634.1405169777402 607.1736140392445
201.0 26.49122846797301 626.9560185362535 600.4647900682805
204.0 25.89512256721558 617.6975871299649 591.8024645627493
207.0 27.07385814453724 639.6563422729812 612.5824841284439
210.0 25.61581084605377 622.6662485600369 597.0504377139831
213.0 27.84531453744762 646.2035127825915 618.3581982451439
216.0 26.6614360131621 632.6602226451711 605.998786632009
219.0 25.69499341863101 625.8604056546283 600.1654122359973
222.0 25.07016720104839 617.3946563846347 592.3244891835863
225.0 27.05018396222824 641.8157509017625 614.7655669395342
228.0 24.67910543737866 614.816026762327 590.1369213249484
231.0 25.25596233664361 623.6020196377947 598.3460573011511
234.0 26.2300913248392 634.8598940468837 608.6298027220445
237.0 25.59704588386143 624.3592061905698 598.7621603067083
240.0 25.15908240353151 625.0485345691738 599.8894521656423
243.0 24.44643490830957 615.0137658335634 590.5673309252539
246.0 24.16014842250819 614.7235747967696 590.5634263742614
249.0 24.07932381860691 615.361333512604 591.2820096939971
252.0 24.287197804453 621.6926509550481 597.4054531505951
255.0 21.22616017005797 584.8847832824744 563.6586231124164
258.0 23.73274315010998 617.1572209489104 593.4244777988004
261.0 23.33651546572408 615.9923130291738 592.6557975634497
264.0 22.57458947611533 602.0963613760025 579.5217718998871
267.0 23.44624520265016 618.4371650192669 594.9909198166167
270.0 21.91903393884661 600.0380865910009 578.1190526521542
273.0 20.93452051134773 590.4845051720384 569.5499846606907
276.0 21.64724871518641 601.9195161911112 580.2722674759248
279.0 21.62909709286457 603.3972338772171 581.7681367843525
282.0 20.10435288721251 583.0543927244991 562.9500398372865
285.0 21.22552384894618 599.1532669010952 577.9277430521491
288.0 20.90709010965635 599.29475787857 578.3876677689136
291.0 19.70650703152834 587.5725237323187 567.8660167007904
294.0 19.09074129844191 574.2351847884571 555.1444434900152
297.0 19.60190805518864 587.0840240947852 567.4821160395965
300.0 19.50957957718568 591.7058944245154 572.1963148473297
303.0 19.30896928097556 591.2984452848459 571.9894760038704
306.0 19.27939331307325 594.051804491937 574.7724111788637
309.0 17.21285514626261 566.025381181545 548.8125260352824
312.0 17.25772023784366 570.9063796769625 553.6486594391188
315.0 16.90645259955192 571.6490541588622 554.7426015593103
318.0 17.18717272535867 573.8690574721148 556.6818847467561
321.0 15.5576469995631 555.0016593763925 539.4440123768294
324.0 16.56919796317149 572.057022735677 555.4878247725055
327.0 16.40774034880381 574.7831068126318 558.3753664638279
330.0 15.60463251996979 567.6185576310462 552.0139251110764
333.0 14.7728771047245 554.6259476511886 539.8530705464641
336.0 13.93460372110887 543.8227150938368 529.8881113727279
339.0 14.50084009882299 557.1739020392124 542.6730619403894
342.0 13.90645578791988 545.6575404180489 531.751084630129
345.0 14.11874265792591 559.7337061933727 545.6149635354468
348.0 13.70747863362111 554.5986460573481 540.891167423727
351.0 13.33144953784564 553.7125393507672 540.3810898129216
354.0 12.11548501634051 534.9981755465393 522.8826905301988
357.0 12.7044962166529 548.6791664672176 535.9746702505647
360.0 12.37088339200287 549.9369038828596 537.5660204908568
363.0 11.38105956870201 532.3832048779149 521.0021453092129
366.0 10.79939094151582 525.3940394686453 514.5946485271295
369.0 11.29963146200402 540.4418605190759 529.1422290570719
372.0 10.89110283381241 540.1442660047077 529.2531631708953
375.0 10.74208854409315 537.9770104421401 527.2349218980469
378.0 10.498597444111 538.9196052791915 528.4210078350805
381.0 10.30681909107227 539.8734146464815 529.5665955554092
384.0 9.711892757356514 532.4074022989029 522.6955095415464
387.0 9.189075071222736 527.3206575913247 518.1315825201019
390.0 9.023382343531946 530.4717339986927 521.4483516551608
393.0 8.800927285950158 528.3867208376629 519.5857935517128
396.0 8.652366800047431 531.1021943481275 522.44982754808
399.0 8.071967579043905 524.9576068133925 516.8856392343486
402.0 7.925359682468072 523.2457878259256 515.3204281434575
405.0 7.56430315831688 523.1174235202168 515.5531203618999
408.0 7.500649922787884 526.0688574380069 518.568207515219
411.0 7.155140538464437 523.8771337085251 516.7219931700606
414.0 6.899732339434179 521.1379761448242 514.23824380539
417.0 6.43694119053708 511.7872241514921 505.350282960955
420.0 6.345401446774927 516.6821454821865 510.3367440354116
423.0 5.504536718815002 486.3443750787973 480.8398383599823
426.0 5.877508098967279 515.8592585613739 509.9817504624066
429.0 5.570471101905318 512.3085323202715 506.7380612183662
432.0 5.282225946182964 508.3979451324069 503.1157191862239
435.0 4.903325437052505 499.1504704538414 494.2471450167889
438.0 4.772303777303471 504.2979604839119 499.5256567066084
441.0 4.44377341319734 497.8481048306235 493.4043314174261
444.0 4.390514458894818 502.1268203256898 497.736305866795
447.0 3.988293871225334 488.7857900984613 484.7974962272359
450.0 3.885098587454838 495.9531771507126 492.0680785632578
453.0 3.474582686145736 483.4757585859559 480.0011758998102
456.0 3.305546410861412 481.1416293188341 477.8360829079726
459.0 3.03110304861708 477.1943602546417 474.1632572060246
462.0 2.893906184866095 479.3084828058208 476.4145766209547
465.0 2.566313749335507 472.7822703824527 470.2159566331172
468.0 2.324537703021375 467.2150588517637 464.8905211487424
471.0 2.172264742216691 466.0705155878204 463.8982508456037
474.0 2.007528067795126 463.7511510009866 461.7436229331915
477.0 1.821337382832643 462.1101139956195 460.2887766127868
480.0 1.492023541245965 457.6837847996939 456.1917612584479
483.0 1.3544192430536 454.3491172901681 452.9946980471145
486.0 1.136387071858583 451.8714509837533 450.7350639118948
489.0 0.972833515888384 448.7723146973541 447.7994811814657
492.0 0.8048058988613182 446.4752003423015 445.6703944434401
495.0 0.6368831050749649 443.4566163207645 442.8197332156896
498.0 0.4918480219559427 441.4588499640988 440.9670019421428
501.0 0.4145547350005691 438.8066452617454 438.3920905267448
504.0 0.2616412575519194 436.9858956140232 436.7242543564712
507.0 0.168361934405264 433.9783110115438 433.8099490771385
510.0 0.110645541189504 431.5829780063442 431.4723324651547
513.0 0.05767973803727541 429.6625166328854 429.6048368948482
516.0 0 426.7356570498878 426.7356570498878
519.0 0.0226580035162432 425.066630917042 425.0439729135258
522.0 0.04602646684466838 421.4686639108176 421.4226374439729
525.0 0.1084704482513684 419.5245792376397 419.4161087893883
528.0 0.1480279988717651 417.2404927668884 417.0924647680166
531.0 0.2750138686352374 414.3541013539306 414.0790874852953
534.0 0.4193721730360297 411.7381520521242 411.3187798790882
537.0 0.6306809112292427 409.2057196656562 408.575038754427
540.0 0.902376083991928 405.7814572257184 404.8790811417265
543.0 1.118985169530506 405.3304891245594 404.2115039550288
546.0 1.513640758838172 401.2366550682672 399.7230143094291
549.0 1.935195403617419 399.0335503225591 397.0983549189417
552.0 2.369283279594405 396.4220779553802 394.0527946757858
555.0 2.861785399513486 393.7285283935301 390.8667429940166
558.0 3.380143356859615 399.9068699093093 396.5267265524497
561.0 4.530469608479057 377.2180253312348 372.6875557227557
564.0 4.730837263239851 382.8283597373943 378.0975224741544
567.0 5.758270399860709 370.1237873054813 364.3655169056206
570.0 7.001362037704509 358.6770754459568 351.6757134082523
573.0 7.051601241577292 362.4800803453387 355.4284791037614
576.0 8.100133429944164 361.6431595192297 353.5430260892855
579.0 11.95924002494325 329.5534511389058 317.5942111139625
582.0 19.78081685949642 277.4034493660707 257.6226325065743
585.0 31.03354845825169 231.6162948832982 200.5827464250465
588.0 32.02237102456908 231.0247821008178 199.0024110762487
591.0 39.2419839399508 205.722137 166.4801530600492
