0.0 38.23878675685814 744.5726239555973 706.3338371987391
3.0 35.3160481553228 709.4096573073549 674.0936091520321
6.0 35.04554982635194 726.2869025642509 691.2413527378989
9.0 34.48824430565991 728.3461941796673 693.8579498740074
12.0 33.64534333027235 715.581586914104 681.9362435838316
15.0 33.65784070248847 723.1592188228928 689.5013781204044
18.0 33.22409164345775 722.402956708711 689.1788650652533
21.0 32.96571609224275 719.2180363508592 686.2523202586165
24.0 31.7069517197642 689.0753066736267 657.3683549538625
27.0 32.43592372889378 715.5107843203572 683.0748605914634
30.0 32.06304523287723 706.583031152577 674.5199859196997
33.0 32.10059535412339 714.8771149098267 682.7765195557033
36.0 31.66768299559441 704.1052291079681 672.4375461123737
39.0 31.55018789846251 707.1330273417488 675.5828394432862
42.0 31.48193919227588 708.8198150376568 677.3378758453809
45.0 31.26224558834857 706.7575613460306 675.4953157576821
48.0 31.21912695556107 708.0179509582498 676.7988240026887
51.0 30.39196406975798 684.5755473840806 654.1835833143226
54.0 30.54289564488871 695.5265129282653 664.9836172833766
57.0 30.39037535806381 694.0585026300939 663.6681272720301
60.0 30.43000946309762 699.5942091176101 669.1641996545125
63.0 30.20456522532605 697.4885329793052 667.2839677539791
66.0 30.02351865129935 693.8361554359997 663.8126367847004
69.0 29.90023290395845 691.6385825981402 661.7383496941818
72.0 29.73021444804112 689.319172132999 659.5889576849579
75.0 30.01038493425648 697.4601959498701 667.4498110156136
78.0 29.74196180047387 693.1767818606555 663.4348200601817
81.0 28.65926972141517 664.9258815709488 636.2666118495336
84.0 29.71705664308979 693.2848994629379 663.5678428198481
87.0 29.48376830844711 687.7164178493755 658.2326495409284
90.0 29.29030869689145 686.0220603616531 656.7317516647616
93.0 29.00593399774022 679.7034652049461 650.6975312072059
96.0 29.15887921390811 683.3715654627527 654.2126862488446
99.0 28.76448140564142 674.2235281368113 645.4590467311699
102.0 29.23550619066404 684.6815366477102 655.4460304570461
105.0 29.04142357681769 678.856809325229 649.8153857484113
108.0 29.11327359150274 679.4889057335349 650.3756321420322
111.0 29.3659882687399 679.264638925514 649.8986506567741
114.0 29.25530528289681 677.4464264210795 648.1911211381827
117.0 29.20527573487068 678.0837708685384 648.8784951336677
120.0 29.17700915332841 674.89864638702 645.7216372336916
123.0 29.42778790558077 678.8071535327143 649.3793656271335
126.0 29.47772919076186 677.4053634760324 647.9276342852706
129.0 29.53696874331449 678.8014074263904 649.2644386830759
132.0 29.38409312548644 674.5908164825709 645.2067233570845
135.0 29.82345832315917 680.8376317437931 651.0141734206339
138.0 29.43127290671938 674.9852620644197 645.5539891577003
141.0 29.01462602997438 672.09816446414 643.0835384341656
144.0 28.48752852084438 656.9022649179549 628.4147363971105
147.0 29.12274362188499 673.5866608565588 644.4639172346738
150.0 27.48895361112628 646.5972118829826 619.1082582718563
153.0 28.32017121278004 659.3231346733044 631.0029634605244
156.0 28.21478701188198 662.7197715265903 634.5049845147083
159.0 29.08761934839018 676.7627966753291 647.6751773269389
162.0 26.93068970665202 647.2617233083124 620.3310336016604
165.0 27.67058531504161 651.7123251992326 624.041739884191
168.0 27.34268245810685 653.6986754415881 626.3559929834812
171.0 28.08172781575258 668.7730814543175 640.691353638565
174.0 26.47093579344162 644.7440707111111 618.2731349176695
177.0 27.26246228945275 658.7679352167584 631.5054729273056
180.0 27.5154854822057 664.6549663251948 637.1394808429891
183.0 25.19223617685353 634.3145454043985 609.122309227545
186.0 26.47125646134103 651.8483885624889 625.3771321011479
189.0 25.45771535136034 637.0572004763409 611.5994851249805
192.0 25.23723795204714 631.665228459198 606.4279905071508
195.0 23.46999775002079 613.6808554758654 590.2108577258446
198.0 24.88017868779094 635.8668038059502 610.9866251181592
201.0 24.48490133034419 628.4347574776153 603.9498561472712
204.0 23.99201835633421 618.9808161509141 594.9887977945799
207.0 24.92473004259321 641.1522554220037 616.2275253794105
210.0 23.64945976469259 624.1746914240104 600.5252316593178
213.0 25.62627069024918 648.0351603522309 622.4088896619817
216.0 24.58510482196085 634.9683872666043 610.3832824446435
219.0 23.69299268499167 627.1801321322764 603.4871394472847
222.0 23.16143549904552 618.556886525848 595.3954510268025
225.0 24.87299457964574 643.6971481393966 618.8241535597508
228.0 22.79402793132909 616.3378244135301 593.543796482201
231.0 23.27432187115903 625.1048457753051 601.8305239041461
234.0 24.12565217199647 636.6701579200684 612.5445057480719
237.0 23.60322948908972 627.137692492619 603.5344630035293
240.0 23.1591755052338 626.5704695625082 603.4112940572744
243.0 22.55606037350074 616.5896006893865 594.0335403158857
246.0 22.2694805327596 616.3345996451618 594.0651191124022
249.0 22.17954459262052 617.0961739726685 594.9166293800479
252.0 22.31615406793937 623.2680508410582 600.9518967731188
255.0 19.65630381694013 585.7777760282585 566.1214722113184
258.0 21.80697735490288 619.000560539753 597.1935831848501
261.0 21.421307537859 617.5712995788375 596.1499920409785
264.0 20.81181738793882 604.0956727081173 583.2838553201784
267.0 21.50278309510228 620.1538626279218 598.6510795328195
270.0 20.17363933853422 601.8659933938711 581.6923540553369
273.0 19.28841529534804 592.5717279934062 573.2833126980582
276.0 19.87500673825758 603.9829617090488 584.1079549707912
279.0 19.83750474122191 605.7536715004413 585.9161667592194
282.0 18.53630835125878 585.1024651857723 566.5661568345135
285.0 19.47649185372178 601.9762224343166 582.4997305805948
288.0 19.15472773583216 601.760257817972 582.6055300821398
291.0 18.08057405093471 589.6021009249269 571.5215268739922
294.0 17.61036214596878 577.0767027222023 559.4663405762335
297.0 17.97265082664069 590.4543243919266 572.4816735652859
300.0 17.83051790483682 594.0758337319402 576.2453158271034
303.0 17.63208216349722 593.7114904058313 576.0794082423341
306.0 17.57099608118729 596.246914792947 578.6759187117597
309.0 15.80939962200795 568.3924828526542 552.5830832306463
312.0 15.79779622298574 573.1726312700272 557.3748350470414
315.0 15.43577880882805 573.5261302283509 558.0903514195228
318.0 15.68725452105914 576.8535495368103 561.1662950157511
321.0 14.26410588742664 557.412134179234 543.1480282918074
324.0 15.08294898709257 575.0808770458653 559.9979280587728
327.0 14.89128271883661 577.1620808385577 562.2707981197211
330.0 14.16479161349039 569.702992354332 555.5382007408416
333.0 13.47038039526117 557.733646889479 544.2632664942178
336.0 12.74745694633611 547.311056447873 534.5635995015369
339.0 13.16637204116279 560.0687984813316 546.9024264401688
342.0 12.69244001623666 550.0124005696773 537.3199605534406
345.0 12.75194231585518 562.2074898975278 549.4555475816726
348.0 12.3929722768085 557.6526577274312 545.2596854506227
351.0 12.0232115632282 556.6925152239769 544.6693036607487
354.0 11.01156283664109 538.3456866630278 527.3341238263867
357.0 11.44563978569895 552.1126234066998 540.6669836210009
360.0 11.09783240716497 552.5656979795799 541.4678655724149
363.0 10.2954539416105 536.3839052074116 526.0884512658011
366.0 9.790753460949621 529.1619090492525 519.3711555883028
369.0 10.12208126680618 543.7141560054026 533.5920747385964
372.0 9.714774616651311 542.9608631422909 533.2460885256395
375.0 9.580005477738655 542.3319551330965 532.7519496553578
378.0 9.330201374969418 542.0533400685143 532.7231386935449
381.0 9.126211890491081 542.7834808530115 533.6572689625204
384.0 8.609026325325563 535.8635046905427 527.2544783652171
387.0 8.139053220751286 530.9360911229024 522.7970379021511
390.0 7.938460926428659 533.3607155942631 525.4222546678344
393.0 7.735916908007426 531.6289641379934 523.893047229986
396.0 7.556724272571158 533.7995904541115 526.2428661815403
399.0 7.039686644684821 528.0166862864505 520.9769996417656
402.0 6.90607251823306 527.1893345498086 520.2832620315756
405.0 6.548187910302056 526.0936387861617 519.5454508758596
408.0 6.45148438146091 528.6219455981337 522.1704612166728
411.0 6.126939413694524 526.5522332008806 520.4252937871861
414.0 5.895784773646103 524.6201938223273 518.7244090486812
417.0 5.521432909413027 517.9218463046279 512.4004133952149
420.0 5.381442986924776 521.1158432258641 515.7344002389393
423.0 4.822688047572743 501.760804957865 496.9381169102922
426.0 4.919819220318412 519.9396480402094 515.019828819891
429.0 4.644318049848394 517.4447540825126 512.8004360326642
432.0 4.39335220259194 514.4480408531664 510.0546886505745
435.0 4.098583043689385 508.5522313177088 504.4536482740194
438.0 3.921205507422783 511.0905999397035 507.1693944322807
441.0 3.65147555324106 506.8279800750387 503.1765045217976
444.0 3.556231040710723 509.5841059981522 506.0278749574414
447.0 3.268450822111713 502.2588292080684 498.9903783859567
450.0 3.112559615980633 504.33543864538 501.2228790293994
453.0 2.816587308760779 496.4034870426944 493.5868997339336
456.0 2.664013790111211 495.341135049237 492.6771212591258
459.0 2.434697296676221 491.3222918290408 488.8875945323645
462.0 2.285567343721601 491.1854877868083 488.8999204430867
465.0 2.026331955153855 485.5148361212133 483.4885041660594
468.0 1.840694393291558 481.0983480707236 479.257653677432
471.0 1.702558653649328 479.5509860634685 477.8484274098191
474.0 1.56259891202942 477.3382684332377 475.7756695212083
477.0 1.397652080197793 474.9965674496808 473.598915369483
480.0 1.124471494856499 469.3118013217374 468.1873298268809
483.0 1.020824797758644 466.5594182753817 465.5385934776231
486.0 0.8363860217862054 462.9370767574956 462.1006907357094
489.0 0.7088467126845583 459.5805777307267 458.8717310180422
492.0 0.5688558668559891 456.7543408107346 456.1854849438786
495.0 0.4367151386548634 453.3648546623494 452.9281395236945
498.0 0.316641541178466 450.795771498418 450.4791299572396
501.0 0.2703730499088611 448.004640201659 447.7342671517501
504.0 0.1396895719969265 445.6562017448173 445.5165121728204
507.0 0.08110286487689403 442.5853494768567 442.5042466119798
510.0 0.05208088015718429 439.9511971829434 439.8991163027862
513.0 0.01983820021033247 438.2110869868866 438.1912487866763
516.0 0 434.608468693501 434.608468693501
519.0 0.04118285641262531 433.1239182578001 433.0827354013874
522.0 0.1073750154576822 429.502537171629 429.3951621561713
525.0 0.1935999513324466 427.5001095322701 427.3065095809377
528.0 0.2633599651862298 424.7271403944692 424.463780429283
531.0 0.4233742975409006 422.2617986931979 421.838424395657
534.0 0.604151544384475 418.9486707956093 418.3445192512249
537.0 0.8432982832350774 417.1912494819335 416.3479511986984
540.0 1.161929289443093 413.146589016477 411.9846597270339
543.0 1.385452301949272 412.8709767948244 411.4855244928751
546.0 1.828977045892418 409.4439060719087 407.6149290260163
549.0 2.287438650428932 406.1321294523434 403.8446908019145
552.0 2.749619730538617 404.9339658427557 402.1843461122171
555.0 3.289186867135322 400.4867047137523 397.197517846617
558.0 3.710546608382331 411.7466372685692 408.0360906601868
561.0 5.187728751491177 381.2512804431153 376.0635516916242
564.0 5.315489714807977 388.4472662221172 383.1317765073092
567.0 6.527893723577544 371.7341591757563 365.2062654521787
570.0 7.923230071276652 359.7971238450585 351.8738937737818
573.0 7.93338588400527 362.9382702618312 355.0048843778259
576.0 9.006668377561457 361.6865499289424 352.6798815513809
579.0 13.28858022804197 329.6180819196946 316.3295016916526
582.0 21.81571067932504 277.4696024174234 255.6538917380984
585.0 33.73887890187037 231.7874206557457 198.0485417538753
588.0 34.74685003725155 231.1030446634708 196.3561946262192
591.0 42.34954754902948 205.722137 163.3725894509705
