0.0 33.64713195127276 748.5464350681943 714.8993031169215
3.0 31.24862185225276 718.4380483268887 687.189426474636
6.0 30.69281519267561 733.1921806032239 702.4993654105483
9.0 30.09905237683659 734.1355658546715 704.0365134778349
12.0 29.4366394169421 724.6265273435141 695.189887926572
15.0 29.33118350786391 730.4698483977144 701.1386648898505
18.0 28.91318643200523 728.5598976916858 699.6467112596806
21.0 28.69776587019442 726.3097382356909 697.6119723654965
24.0 27.90817832875891 701.0138551041316 673.1056767753727
27.0 28.22557409236381 722.3936532357652 694.1680791434014
30.0 27.9728008653197 716.7617635732329 688.7889627079132
33.0 27.89987126743489 721.2374509573289 693.337579689894
36.0 27.61786017971911 713.8622912246474 686.2444310449283
39.0 27.46642614565867 714.5396326384494 687.0732064927907
42.0 27.36916912903863 715.9433060769528 688.5741369479142
45.0 27.18378041356735 713.6764783854361 686.4926979718687
48.0 27.12152466164061 714.5062335765576 687.384708914917
51.0 26.63237757061693 697.9283222058366 671.2959446352197
54.0 26.62866929681819 704.6758639354898 678.0471946386716
57.0 26.49702277520136 703.444855228534 676.9478324533327
60.0 26.46193187778954 706.5128397247452 680.0509078469556
63.0 26.2728986320186 704.0231107624228 677.7502121304042
66.0 26.1464276615468 701.0666656672008 674.920238005654
69.0 26.05753855417697 699.1071485968856 673.0496100427087
72.0 25.924371593154 696.8719417445395 670.9475701513855
75.0 26.08063985107804 703.3499567132393 677.2693168621612
78.0 25.88163078399009 699.1749345729358 673.2933037889457
81.0 25.23150442665413 676.2626941068163 651.0311896801622
84.0 25.85456097063999 699.2103020535466 673.3557410829066
87.0 25.70814594255302 694.4344601038193 668.7263141612663
90.0 25.54676038956121 692.0629219100598 666.5161615204985
93.0 25.35470638627621 687.1957681425125 661.8410617562363
96.0 25.45895075785584 689.4191619082755 663.9602111504197
99.0 25.20911192938028 681.3329196093384 656.1238076799581
102.0 25.5232781949966 689.6244405979948 664.1011624029982
105.0 25.41654792715531 685.0354771256933 659.618929198538
108.0 25.4854488752232 684.9023335718976 659.4168846966743
111.0 25.74205393946944 685.2000669524543 659.4580130129849
114.0 25.66614158584028 682.8223235492001 657.1561819633598
117.0 25.61611807831737 682.0722726549784 656.456154576661
120.0 25.63713690318484 679.5591069280945 653.9219700249097
123.0 25.83230507249275 682.4886718395878 656.6563667670951
126.0 25.90189522322405 681.7349219331597 655.8330267099356
129.0 25.94433325475394 682.3615935461563 656.4172602914024
132.0 25.85721863820459 678.7634046437628 652.9061860055582
135.0 26.19965458903142 684.4633408613141 658.2636862722827
138.0 25.89900508858083 679.0442523881359 653.145247299555
141.0 25.53545448078049 675.0319650519382 649.4965105711577
144.0 25.24628761870594 662.1210768452384 636.8747892265325
147.0 25.61325555049796 677.2259717679951 651.6127162174971
150.0 24.41703121237011 651.0426841200004 626.6256529076303
153.0 25.03254271590273 664.5885060940579 639.5559633781552
156.0 24.8779820479959 666.5370118122519 641.659029764256
159.0 25.52207341039409 680.3303412307592 654.8082678203651
162.0 23.84157526776531 651.0662466093051 627.2246713415398
165.0 24.49873384934364 657.7457609532846 633.2470271039409
168.0 24.1416300236603 658.2726094812267 634.1309794575664
171.0 24.64067740147423 672.0447953279804 647.4041179265062
174.0 23.40859469259123 649.577502891446 626.1689081988548
177.0 23.98351254898819 661.8734026460416 637.8898900970534
180.0 24.14095643665444 667.4150438260559 643.2740873894014
183.0 22.30526225146778 637.3150688951368 615.009806643669
186.0 23.29784304836282 655.1264316183223 631.8285885699595
189.0 22.5220198498488 640.7482212502913 618.2262014004425
192.0 22.38572061465879 636.1463365145824 613.7606158999236
195.0 20.92036376630199 615.8581228732748 594.9377591069728
198.0 21.95512855627946 639.4880446355213 617.5329160792419
201.0 21.68491834209883 631.8452139538518 610.160295611753
204.0 21.34747222066154 622.647353527523 601.2998813068615
207.0 21.91313065626416 644.146972404749 622.2338417484848
210.0 20.90949341594728 627.5111053382775 606.6016119223302
213.0 22.50264524086789 651.5023911400798 628.9997458992119
216.0 21.66377016357541 639.3292671827705 617.6654970191951
219.0 20.90545425773927 629.9900241864369 609.0845699286976
222.0 20.51505327032348 621.4573234906708 600.9422702203473
225.0 21.81301591427777 646.9781199427845 625.1651040285067
228.0 20.17529469183487 619.7538064519366 599.5785117601017
231.0 20.51296353984621 628.2343202295234 607.7213566896772
234.0 21.17402565824141 640.1510690747788 618.9770434165374
237.0 20.79383772587111 632.3843451930057 611.5905074671346
240.0 20.36998952284355 629.727023716085 609.3570341932415
243.0 19.92676635160611 620.2829452144359 600.3561788628298
246.0 19.64138143574366 619.7457044693773 600.1043230336337
249.0 19.53413667194847 620.8096864609528 601.2755497890043
252.0 19.57006559871365 626.3626694697096 606.792603870996
255.0 17.5224220502765 588.5550108860561 571.0325888357796
258.0 19.12278135938479 622.5230923008563 603.4003109414715
261.0 18.75915197616173 620.6420132046102 601.8828612284485
264.0 18.36269964483887 608.6816954796793 590.3189958348404
267.0 18.79493037479356 623.4690414872518 604.6741111124582
270.0 17.75642514245578 605.9131261658496 588.1567010233938
273.0 17.01455895274038 597.0012074663083 579.9866485135679
276.0 17.4148896147378 608.0312649269698 590.616375312232
279.0 17.34283681147946 610.1113257210998 592.7684889096203
282.0 16.37689091282086 589.9707117068498 573.5938207940289
285.0 17.03401860171509 607.2152676462791 590.181249044564
288.0 16.7151737016049 606.4495997010169 589.734425999412
291.0 15.83792559765512 593.979149112869 578.1412235152139
294.0 15.5574321178828 584.1517006092157 568.5942684913329
297.0 15.6969873175292 596.6122683630641 580.9152810455349
300.0 15.50430895275108 598.4626389372141 582.958329984463
303.0 15.30826687700399 598.1544545166737 582.8461876396698
306.0 15.2054590806049 600.2530748630788 585.0476157824739
309.0 13.88773183086368 574.0317371825798 560.1440053517161
312.0 13.79669601496218 578.2241297917519 564.4274337767897
315.0 13.42952618568619 577.6654270332972 564.235900847611
318.0 13.61307618367507 582.5897344482614 568.9766582645864
321.0 12.50698723327966 563.0469941724905 550.5400069392108
324.0 13.03074196143026 580.570146402547 567.5394044411167
327.0 12.80790141598192 581.6776260275684 568.8697246115865
330.0 12.20149215561224 573.9696259764926 561.7681338208804
333.0 11.68675974903482 564.0621791469501 552.3754193979153
336.0 11.12308436832753 554.9351341374941 543.8120497691666
339.0 11.34017948119217 565.9705874437951 554.6304079626029
342.0 11.00835120315266 558.922506135417 547.9141549322643
345.0 10.88940394300384 567.0833771323944 556.1939731893906
348.0 10.59466765871744 563.590007906215 552.9953402474976
351.0 10.23832177758367 562.2142285988697 551.975906821286
354.0 9.514867518877405 545.8178486623515 536.3029811434741
357.0 9.722442576731471 558.6108990294919 548.8884564527604
360.0 9.373124199610166 557.5967063868541 548.2235821872439
363.0 8.813011783930349 544.6273660825559 535.8143542986255
366.0 8.423854844233748 537.793227931998 529.3693730877643
369.0 8.524281130097021 550.0018122590581 541.4775311289611
372.0 8.130635401173171 548.3326205134393 540.2019851122661
375.0 7.990939652251883 549.0829495819157 541.0920099296638
378.0 7.751305653186722 547.8526904465934 540.1013847934067
381.0 7.534629328930041 548.1433970113051 540.6087676823751
384.0 7.120678100055242 542.2324872062374 535.1118091061822
387.0 6.725279154099594 537.7004346352435 530.9751554811439
390.0 6.489792144474467 538.8442336009642 532.3544414564897
393.0 6.308653852610248 537.7266587894792 531.4180049368689
396.0 6.097102930095605 538.8685824805785 532.7714795504829
399.0 5.666859329254528 533.6811729074624 528.0143135782078
402.0 5.537107223212484 533.7072114402215 528.1701042170091
405.0 5.20139010187123 531.6344869373858 526.4330968355145
408.0 5.065233244178711 533.4078904074774 528.3426571632986
411.0 4.770073909933575 531.4444389850939 526.6743650751604
414.0 4.561097353336712 530.2951648911396 525.7340675378029
417.0 4.271104158442566 526.3348240637947 522.0637199053521
420.0 4.090981702708139 527.5840596379735 523.4930779352653
423.0 3.748118607281577 519.7344801956587 515.9863615883771
426.0 3.646055059092241 525.9301977390926 522.2841426800003
429.0 3.40088135040349 524.2726057838119 520.8717244334084
432.0 3.18732582908754 522.3987392116766 519.2114133825891
435.0 2.958209208313092 519.7915734991344 516.8333642908213
438.0 2.758177289499191 519.7965161002668 517.0383388107676
441.0 2.537447576347049 517.6470174851077 515.1095699087607
444.0 2.40909331543518 518.6332380882482 516.224144772813
447.0 2.199079041509527 515.705962967255 513.5068839257455
450.0 2.034557355263907 515.0245115957946 512.9899542405307
453.0 1.828805549322706 511.4850390011812 509.6562334518585
456.0 1.688878381233123 510.6513857601135 508.9625073788804
459.0 1.51430753731321 508.0162841728299 506.5019766355167
462.0 1.377398773761485 506.8040395361385 505.426640762377
465.0 1.197076591552803 502.9492564680078 501.752179876455
468.0 1.069059565679747 500.3424174276859 499.2733578620062
471.0 0.9578877151542844 498.6269775891155 497.6690898739612
474.0 0.851544018709516 496.744595914452 495.8930518957424
477.0 0.7303544748934786 493.9213581852623 493.1910037103688
480.0 0.5556949320651625 488.2097188224075 487.6540238903424
483.0 0.4936095170636456 485.9390398238686 485.445430306805
486.0 0.3770199093875887 481.7003809447099 481.3233610353223
489.0 0.3079133530987324 478.2091242934363 477.9012109403376
492.0 0.2213610778559101 474.7157304612914 474.4943693834355
495.0 0.1492673188197739 471.0383626678018 470.889095348982
498.0 0.08087259014196771 467.4595706690249 467.378698078883
501.0 0.08460634553507446 464.4519510738179 464.3673447282828
504.0 0.00462510533873986 460.6487761171013 460.6441510117625
507.0 0 457.370290779109 457.370290779109
510.0 0.0220682319213287 454.0354216431204 454.0133534111991
513.0 0.021002803959907 451.9843377862528 451.9633349822929
516.0 0.07020398826666052 447.7079799849083 447.6377759966416
519.0 0.1403972752716633 445.7838594257006 445.6434621504289
522.0 0.2703679434459248 442.2392168468943 441.9688489034484
525.0 0.3960523954510731 439.8157476479785 439.4196952525274
528.0 0.5216722834593133 436.3196641955787 435.7979919121194
531.0 0.7218143083567043 434.4896126893961 433.7677983810393
534.0 0.9738870511443824 429.9779876663694 429.004100615225
537.0 1.237683266882166 429.3349415981198 428.0972583312376
540.0 1.641844453199606 424.2205176964579 422.5786732432583
543.0 1.871751477307574 424.1513052726376 422.27955379533
546.0 2.375625439422358 421.4646628670814 419.089037427659
549.0 2.919178911753645 415.8579893919211 412.9388104801675
552.0 3.387708326268918 417.2286724864503 413.8409641601814
555.0 4.042557449432194 409.5606575282983 405.5181000788661
558.0 4.227112734498881 425.4888494660894 421.2617367315905
561.0 6.345630364441049 386.0941022147368 379.7484718502958
564.0 6.326618012863768 396.0170092288615 389.6903912159977
567.0 7.902950937645297 373.4849486572525 365.5819977196072
570.0 9.536377989182555 360.9251587484933 351.3887807593107
573.0 9.498310704728078 363.3829689957434 353.8846582910153
576.0 10.61606056038774 361.7109325793598 351.094872018972
579.0 15.53173328301853 329.670477999188 314.1387447161694
582.0 25.11701026740442 277.5409771616616 252.4239668942572
585.0 38.04364275832656 232.0037377396449 193.9600949813183
588.0 39.08218956025543 231.2012112010436 192.1190216407882
591.0 47.26106402029015 205.722137 158.4610729797098
