0.0 31.01888961584019 751.5325901921867 720.5137005763465
3.0 28.88566802958799 726.4317538762962 697.5460858467082
6.0 28.18369163312061 738.2694894352178 710.0857978020972
9.0 27.57789804762438 738.4314176605111 710.8535196128868
12.0 26.99718089842809 731.0132808800636 704.0160999816355
15.0 26.83622354431761 735.5321493465946 708.6959258022769
18.0 26.43712139739435 733.018047341827 706.5809259444327
21.0 26.24017693193376 731.3004724820376 705.0602955501038
24.0 25.6810734680826 711.2497754213464 685.5687019532639
27.0 25.80414280220864 727.3856002258296 701.581457423621
30.0 25.59869155316264 723.4176448005841 697.8189532474214
33.0 25.48889081964162 725.8957430309065 700.4068522112649
36.0 25.27092927266958 720.4440126177079 695.1730833450383
39.0 25.11697046841788 719.9981209239103 694.8811504554924
42.0 25.00615224044026 720.9578894492565 695.9517372088162
45.0 24.8425813121525 718.7066537697562 693.8640724576037
48.0 24.77255805961985 719.2294345008258 694.4568764412059
51.0 24.4276510714715 707.2598670816812 682.8322160102097
54.0 24.36888483448033 711.0384046392508 686.6695198047704
57.0 24.24822710999342 709.8947385355665 685.6465114255731
60.0 24.18832803309873 711.5173132479249 687.3289852148262
63.0 24.02408936199368 708.9129362945814 684.8888469325877
66.0 23.92502792501758 706.3817471068914 682.4567191818738
69.0 23.85464707296947 704.6342108443898 680.7795637714203
72.0 23.74308554885553 702.4824673630518 678.7393818141962
75.0 23.84010183764098 707.5909263258434 683.7508244882024
78.0 23.6818687971894 703.5993879210453 679.9175191238559
81.0 23.24134966847115 685.3152629418677 662.0739132733966
84.0 23.65516366743014 703.4165629737075 679.7613993062774
87.0 23.55379984900209 699.3178227392584 675.7640228902563
90.0 23.41752785536921 696.5841840672804 673.1666562119112
93.0 23.27059886916378 692.4243947695834 669.1537959004197
96.0 23.3568506381323 693.8634007644129 670.5065501262806
99.0 23.18422049309834 686.7436544809158 663.5594339878175
102.0 23.42368367605752 693.2990313348632 669.8753476588056
105.0 23.36033660659414 689.378440455091 666.0181038484969
108.0 23.4334578609155 688.8533506965519 665.4198928356364
111.0 23.68788759676533 689.4832602825243 665.795372685759
114.0 23.63758648908778 686.8301995735028 663.1926130844151
117.0 23.59917522562978 685.2745839363724 661.6754087107426
120.0 23.64457064560151 683.1756893585345 659.531118712933
123.0 23.81468006004661 685.405906716166 661.5912266561194
126.0 23.89098902669793 685.0089280721592 661.1179390454613
129.0 23.92991790706148 685.1355366298332 661.2056187227717
132.0 23.8772308407015 681.9963213210689 658.1190904803674
135.0 24.16588169945062 687.2310899933312 663.0652082938806
138.0 23.91735756965372 682.1034207439099 658.1860631742562
141.0 23.59504200591423 677.5397945592727 653.9447525533585
144.0 23.42780949889448 666.6821597924648 643.2543502935703
147.0 23.64884146416546 680.0612816632034 656.4124401990379
150.0 22.70747541774289 655.3559537100573 632.6484782923144
153.0 23.18743483674147 668.8128778425458 645.6254430058044
156.0 23.01630490586987 669.7016318942172 646.6853269883473
159.0 23.52551661720604 682.8767846666284 659.3512680494224
162.0 22.13035187284135 654.4123478899759 632.2819960171345
165.0 22.71578930639434 662.7540569550658 640.0382676486715
168.0 22.35621681970475 661.9357767170188 639.5795598973141
171.0 22.72242311812106 674.4573658262552 651.7349427081341
174.0 21.70587287217477 653.3730314393352 631.6671585671604
177.0 22.16460100404777 664.3819134556441 642.2173124515963
180.0 22.2673047750501 669.5842065956779 647.3169018206278
183.0 20.72496338699023 640.091383525111 619.3664201381207
186.0 21.54168627699256 657.7810090884544 636.2393228114618
189.0 20.90517150818836 644.0822187143086 623.1770472061202
192.0 20.81175894539425 640.2666123167495 619.4548533713552
195.0 19.55187032631374 618.4057087928097 598.853838466496
198.0 20.34705269558087 642.4843173566879 622.137264661107
201.0 20.15359516648505 634.9853600295582 614.8317648630731
204.0 19.90545317932292 626.56425903688 606.6588058575571
207.0 20.25878272395289 646.5419771170475 626.2831943930946
210.0 19.41648653462085 630.4186259065129 611.002139371892
213.0 20.77619117837501 654.1187109416035 633.3425197632285
216.0 20.05278638671634 642.5823764281989 622.5295900414826
219.0 19.38889554329211 632.4032511815933 613.0143556383012
222.0 19.08189217370496 624.2976396534714 605.2157474797664
225.0 20.12810019834015 649.3118451694837 629.1837449711436
228.0 18.75529395873149 622.7828730008879 604.0275790421565
231.0 19.00962733202165 630.848633885169 611.8390065531473
234.0 19.55245999398951 642.7889080010844 623.2364480070949
237.0 19.24367318800567 636.1652987499532 616.9216255619475
240.0 18.84951450509109 632.3364502338648 613.4869357287737
243.0 18.49715381503905 623.6052591909904 605.1081053759513
246.0 18.2164830391389 622.6359741430405 604.4194911039016
249.0 18.09585942057008 623.9095554350831 605.813696014513
252.0 18.07729834601304 628.786969883944 610.7096715379309
255.0 16.40101782932804 591.7905450135768 575.3895271842488
258.0 17.66409224312452 625.2307445820049 607.5666523388803
261.0 17.31789907602793 623.0533002398264 605.7354011637984
264.0 17.03485620032109 612.6592757108175 595.6244195104964
267.0 17.32362902111868 626.0330529549065 608.7094239337879
270.0 16.45374113801907 609.3921841588808 592.9384430208617
273.0 15.79616658777105 600.7363769685836 584.9402103808125
276.0 16.08777478265512 611.2103806924082 595.1226059097531
279.0 15.99283600111531 613.3314618387327 597.3386258376174
282.0 15.22220568806259 594.3881462063235 579.1659405182609
285.0 15.70805917063473 611.0222927805333 595.3142336098986
288.0 15.39562017208157 609.9284783811091 594.5328582090275
291.0 14.63910967082243 597.6584134358537 583.0193037650313
294.0 14.44582643409159 590.3745843158415 575.92875788175
297.0 14.46525236845372 600.9565344919682 586.4912821235145
300.0 14.25689719428518 601.7226295477648 587.4657323534796
303.0 14.06188275036323 601.4408231331319 587.3789403827686
306.0 13.9377716693041 603.19156173945 589.2537900701459
309.0 12.87070313945098 579.0871763521536 566.2164732127027
312.0 12.73832061339035 582.5528387503668 569.8145181369764
315.0 12.37687546758129 581.2666289819852 568.8897535144039
318.0 12.506830050903 586.8873329857831 574.3805029348801
321.0 11.59048375942329 568.1331195070018 556.5426357475786
324.0 11.94113427101766 584.5468897091573 572.6057554381397
327.0 11.70737910144167 585.079714749239 573.3723356477973
330.0 11.17518967676279 577.4419072211746 566.2667175444118
333.0 10.75102498359835 569.0603889104204 558.3093639268221
336.0 10.27109355429635 561.113866179758 550.8427726254616
339.0 10.38264601332963 570.6016551464513 560.2190091331216
342.0 10.11073507884516 565.5383507340713 555.4276156552261
345.0 9.919782234332801 570.870339844881 560.9505576105482
348.0 9.654937731536822 568.0679604869681 558.4130227554313
351.0 9.311221624100979 566.3085744810801 556.9973528569791
354.0 8.741413628763106 552.0459989896541 543.304585360891
357.0 8.824322205844505 563.3421744134029 554.5178522075584
360.0 8.486728873789745 561.4302862049003 552.9435573311106
363.0 8.043975998368371 550.9194920188237 542.8755160204553
366.0 7.718096550864124 544.9838635848425 537.2657670339784
369.0 7.704049899018294 554.7033732580172 546.999323358999
372.0 7.326984268216441 552.4200132134227 545.0930289452063
375.0 7.175907533098414 553.5049432155607 546.3290356824623
378.0 6.947743795839908 552.1070928697866 545.1593490739467
381.0 6.727468045054468 552.0612538940946 545.3337858490402
384.0 6.36747629639554 546.8528682723689 540.4853919759734
387.0 6.013796426758467 542.6384207775561 536.6246243507977
390.0 5.768081225418753 542.9788924319242 537.2108112065054
393.0 5.594852706921783 542.2163926180871 536.6215399111653
396.0 5.372710813632752 542.6698983642838 537.2971875506511
399.0 4.99022739196397 537.8850669882973 532.8948395963333
402.0 4.857393104982076 538.1553619171652 533.2979688121831
405.0 4.5417598213452 535.7523180029439 531.2105581815987
408.0 4.388307604159556 537.0004135133594 532.6121059091998
411.0 4.110486511075334 535.0583243801716 530.9478378690962
414.0 3.909886274483606 534.1657962420661 530.2559099675825
417.0 3.652768341168475 531.2001672003724 527.5473988592039
420.0 3.462175732976335 531.6275869847712 528.1654112517949
423.0 3.178867236664075 527.0600558724843 523.8811886358203
426.0 3.031315929358208 529.7074931394799 526.6761772101217
429.0 2.799747037182889 528.2480303180884 525.4482832809055
432.0 2.601256250417612 526.7852911471376 524.18403489672
435.0 2.39158747906438 525.1149336483231 522.7233461692587
438.0 2.193678543437247 524.3803031920607 522.1866246486235
441.0 1.989694825719666 522.8226200115161 520.8329251857964
444.0 1.853389580613735 523.1397339590876 521.2863443784739
447.0 1.666032688418502 521.1927468430681 519.5267141546496
450.0 1.508798770842583 520.2340149471112 518.7252161762686
453.0 1.330739729446718 517.9400762312315 516.6093365017848
456.0 1.198251111740971 517.0742283080227 515.8759771962818
459.0 1.04542999846293 515.1629821743436 514.1175521758807
462.0 0.9199122876314747 513.9597892003709 513.0398769127394
465.0 0.7727144025721189 511.0926591225794 510.3199447200073
468.0 0.666253270640512 509.276337459315 508.6100841886745
471.0 0.5712469487628243 507.7001635226454 507.1289165738826
474.0 0.4821245010645275 506.0820948064772 505.5999703054127
477.0 0.388315512202703 503.4868806374561 503.0985651252534
480.0 0.2666109766145764 498.8189875910104 498.5523766143958
483.0 0.2264704508676311 496.7801748657314 496.5537044148638
486.0 0.1511579148901426 492.9904201333809 492.8392622184908
489.0 0.1165069933583342 489.8199641009514 489.703457107593
492.0 0.0658962236751077 486.3488886610087 486.2829924373336
495.0 0.03099981158387674 482.8326804787424 482.8016806671586
498.0 0.001364864295927137 478.9474514974377 478.9460866331418
501.0 0.03658830884035746 475.98579908001 475.9492107711697
504.0 0 471.4079796446334 471.4079796446334
507.0 0.03076200636213225 467.9259699799899 467.8952079736278
510.0 0.09036756221283579 464.1636956358014 464.0733280735886
513.0 0.1138635741302874 461.4722626466167 461.3583990724864
516.0 0.2093342345630689 457.0518146262527 456.8424803916896
519.0 0.3039323486026478 454.408759562737 454.1048272141343
522.0 0.4720191492685141 450.9394647902905 450.467445641022
525.0 0.6267685516365858 448.0351867953117 447.4084182436751
528.0 0.792662797590894 444.0909255488387 443.2982627512478
531.0 1.012594200020501 442.5133446615793 441.5007504615588
534.0 1.318020133638396 437.3742683666345 436.0562482329961
537.0 1.58923011137903 437.0578336622753 435.4686035508963
540.0 2.053758262240595 431.5065608231292 429.4528025608886
543.0 2.287655846618499 431.1996483497643 428.9119925031458
546.0 2.824060779696491 428.6286634503849 425.8046026706884
549.0 3.43919365082084 421.7135667044446 418.2743730536238
552.0 3.892513310566331 424.0221668295961 420.1296535190297
555.0 4.641688755633002 415.2123497861554 410.5706610305224
558.0 4.659210052396413 431.1205462046628 426.4613361522664
561.0 7.23092835222058 388.4725129303088 381.2415845780882
564.0 7.099361215507601 399.9749136239518 392.8755524084442
567.0 8.945050214919322 374.2947081659168 365.3496579509975
570.0 10.72895359922586 361.397506482534 350.6685528833081
573.0 10.66629137777627 363.5718156524293 352.905524274653
576.0 11.81426100767789 361.7164828284726 349.9022218207947
579.0 17.11702737274662 329.6880020951866 312.5709747224399
582.0 27.34876527310542 277.5729068357267 250.2241415626213
585.0 40.88745101027235 232.1161251856862 191.2286741754139
588.0 41.94561397915829 231.2518098884458 189.3061959092875
591.0 50.47736521445742 205.722137 155.2447717855426
