0.0 26.88596517856187 757.8227001958657 730.9367350173038
3.0 25.07310368158926 742.9796537465399 717.9065500649507
6.0 24.20434024389059 748.2530085214715 724.0486682775809
9.0 23.5959191055303 747.2316047520744 723.6356856465441
12.0 23.1088533819191 742.8730247316974 719.7641713497783
15.0 22.88475716533031 745.1194754039004 722.2347182385701
18.0 22.53019989723065 741.95073844113 719.4205385438993
21.0 22.35389805807981 740.9091981344602 718.5553000763804
24.0 22.05436534677731 730.6428286028649 708.5884632560876
27.0 21.97866688678799 737.1992931353701 715.2206262485821
30.0 21.82219638058607 735.0756958450296 713.2534994644435
33.0 21.6891584656141 735.2019994717572 713.5128410061431
36.0 21.5407624920983 732.2647339513861 710.7239714592878
39.0 21.4032411472325 730.7441282608102 709.3408871135777
42.0 21.28218721394022 730.674657178937 709.3924699649968
45.0 21.15420932323165 728.6589268868871 707.5047175636555
48.0 21.07859960593205 728.6156094777757 707.5370098718436
51.0 20.88245723357954 722.7824227429622 701.8999655093827
54.0 20.79200509891369 722.8087865278822 702.0167814289685
57.0 20.68982536182284 721.6049844461368 700.915159084314
60.0 20.61785757160707 721.3584485114077 700.7405909398007
63.0 20.49730947026508 718.8034917918663 698.3061823216012
66.0 20.43589395145023 716.9058125672441 696.4699186157939
69.0 20.39242288715512 715.4873965002935 695.0949736131384
72.0 20.31585615914926 713.5101289189791 693.1942727598298
75.0 20.34599199797982 716.0607688161439 695.7147768181641
78.0 20.25216358505592 712.5816514733814 692.3294878883255
81.0 20.05798668721929 702.2561182373645 682.1981315501452
84.0 20.23372538236186 711.7313074577748 691.497582075413
87.0 20.19278651494658 708.8701834756818 688.6773969607352
90.0 20.10680116291928 705.7825941685764 685.6757930056571
93.0 20.02402688639382 702.3970335920589 682.3730067056651
96.0 20.09563025428309 702.8393252679388 682.7436950136557
99.0 20.03078008723005 697.5877168952599 677.5569368080299
102.0 20.18568461503435 700.9593985606644 680.77371394563
105.0 20.18298650733329 697.9230005986507 677.7400140913174
108.0 20.27170105138577 696.8857406676468 676.6140396162611
111.0 20.51494228312087 697.9776674356201 677.4627251524993
114.0 20.51416307590421 695.0433622564787 674.5291991805745
117.0 20.51314427310912 692.434967367328 671.9218230942189
120.0 20.59100290854173 690.9781664524086 670.3871635438668
123.0 20.73592257065182 691.8800988883021 671.1441763176503
126.0 20.81640331360378 691.9161876766164 671.0997843630126
129.0 20.86099327145954 691.2637227810483 670.4027295095888
132.0 20.85611733243672 688.9580077264913 668.1018903940545
135.0 21.0648930322377 693.1753867910213 672.1104937587836
138.0 20.89863937561234 688.6464404714475 667.7478010958351
141.0 20.65759643121068 683.6051010158602 662.9475045846495
144.0 20.64363860582554 677.1469041807985 656.503265574973
147.0 20.66545492687998 686.1844880343771 665.5190331074972
150.0 20.1106117866519 666.3556038070282 646.2449920203763
153.0 20.37194439219718 677.8508394029057 657.4788950107085
156.0 20.19828326591631 676.939632356563 656.7413490906467
159.0 20.49722910858287 688.0360613999742 667.5388322913913
162.0 19.56292946723835 662.6537152607898 643.0907857935515
165.0 19.9868685298296 673.2716975413723 653.2848290115427
168.0 19.65823027933942 669.9499047690246 650.2916744896852
171.0 19.83179308243741 679.5029410780205 659.6711479955831
174.0 19.14804627285949 661.5546725701834 642.4066262973239
177.0 19.43906741259058 670.1692689442421 650.7302015316515
180.0 19.45801561309382 674.4365739245796 654.9785583114858
183.0 18.39677821519522 647.5194995915162 629.1227213763209
186.0 18.92088615067401 663.817930059133 644.897043908459
189.0 18.50037307421103 652.374223122757 633.873850048546
192.0 18.45816786293605 650.3521804649982 631.8940126020621
195.0 17.58454124615746 627.0358347595211 609.4512935133636
198.0 17.97144441707428 649.416389292866 631.4449448757917
201.0 17.90018621513267 643.128231323003 625.2280451078703
204.0 17.77531628265184 637.6325644259137 619.8572481432619
207.0 17.82140934166488 651.9722226905717 634.1508133489068
210.0 17.23941045704663 637.5412694582404 620.3018590011938
213.0 18.21083683497781 659.6458089189134 641.4349720839356
216.0 17.67028172937514 649.3512318144695 631.6809500850944
219.0 17.18555046169545 638.373190495088 621.1876400333926
222.0 17.00436725841056 632.0722103990766 615.0678431406661
225.0 17.64339015294891 654.1048200574829 636.461429904534
228.0 16.69979278071146 630.3284469487129 613.6286541680014
231.0 16.82474270163275 637.0770981542583 620.2523554526255
234.0 17.1678777561757 648.3290437299698 631.1611659737941
237.0 16.9557383144774 643.4862409898234 626.530502675346
240.0 16.63612964345127 638.4031577359524 621.7670280925012
243.0 16.41741042122002 631.6616307702419 615.2442203490219
246.0 16.1586067737453 629.5711567889165 613.4125500151712
249.0 16.01084925865988 631.0195618622321 615.0087126035722
252.0 15.91917829101601 634.1412328943057 618.2220546032897
255.0 14.8392857212247 602.1110898307978 587.2718041095731
258.0 15.5574582438203 631.140505731142 615.5830474873217
261.0 15.24865325435229 628.4510564970437 613.2024032426914
264.0 15.11501521616067 621.7872957039488 606.6722804877881
267.0 15.19924815113438 631.6131066094195 616.4138584582851
270.0 14.59076079926576 617.5405526323252 602.9497918330595
273.0 14.07118255729224 609.5385496931126 595.4673671358203
276.0 14.1947190933364 618.2159676467976 604.0212485534612
279.0 14.06217833567803 620.0116296669956 605.9494513313176
282.0 13.58520532044456 605.0178998283773 591.4326945079327
285.0 13.80521403330249 618.6079018096844 604.8026877763819
288.0 13.51147148184905 617.0006553381534 603.4891838563044
291.0 12.95108639299358 606.0860603373211 593.1349739443275
294.0 12.84142818264898 603.572298280999 590.73087009835
297.0 12.71315730515671 609.3231898252386 596.6100325200819
300.0 12.5018023851661 608.5673188499373 596.0655164647712
303.0 12.30824687499181 608.2803623361999 595.972115461208
306.0 12.15692902006501 609.289501023153 597.132572003088
309.0 11.45523630537266 590.8440557946924 579.3888194893197
312.0 11.27409874946108 592.4571430461258 581.1830442966647
315.0 10.94083828726731 589.9043125498131 578.9634742625458
318.0 10.96894550131013 595.6492001153609 584.6802546140507
321.0 10.34541345318951 580.3181535572461 569.9727401040566
324.0 10.44115795032741 592.611911388365 582.1707534380375
327.0 10.20194592242764 592.238706168057 582.0367602456293
330.0 9.791915724951668 585.3039169385033 575.5120012135516
333.0 9.485466656669971 579.6886656554961 570.2031989988261
336.0 9.119150792954193 573.980664789423 564.8615139964688
339.0 9.09055512991835 580.2994997696673 571.2089446397489
342.0 8.878165827840707 577.9721839746793 569.0940181468386
345.0 8.628793784902272 578.9810740219426 570.3522802370403
348.0 8.399690818821177 577.2111775621996 568.8114867433784
351.0 8.087511998402561 574.7783290723819 566.6908170739794
354.0 7.721364527054418 565.3103263754795 557.5889618484251
357.0 7.637035272879499 572.6147842467057 564.9777489738262
360.0 7.338859034074258 569.5636467577229 562.2247877236486
363.0 7.03786698301357 563.2832958403975 556.245428857384
366.0 6.792215405612136 559.6921288973757 552.8999134917635
369.0 6.64978159025289 564.2254147538645 557.5756331636116
372.0 6.315168808505129 561.0795998468228 554.7644310383177
375.0 6.142158317197946 562.0043181763715 555.8621598591735
378.0 5.93439852467997 560.7208416502514 554.7864431255714
381.0 5.716719051314912 560.0279971007496 554.3112780494346
384.0 5.432402881040895 556.0641830551257 550.6317801740848
387.0 5.142401347714981 552.4721271690532 547.3297258213382
390.0 4.897370452412594 551.615508209646 546.7181377572334
393.0 4.730649769339488 551.2454122327504 546.5147624634109
396.0 4.506476121594686 550.6083128942462 546.1018367726515
399.0 4.196275095091611 546.5648075818024 542.3685324867108
402.0 4.055516119893591 546.8352449344249 542.7797288145313
405.0 3.779623169580386 544.2331102280061 540.4534870584257
408.0 3.609482232529761 544.5397964663405 540.9303142338107
411.0 3.361611439812577 542.5694448501716 539.207833410359
414.0 3.171791462345993 541.7959384666867 538.6241470043407
417.0 2.953949124760536 539.7304515057472 536.7765023809866
420.0 2.761441695034574 539.2127481236175 536.451306428583
423.0 2.531610627482883 536.7708441459643 534.2392335184814
426.0 2.361179767832614 536.8543560106471 534.4931762428144
429.0 2.150924994586864 535.4208011008808 533.2698761062939
432.0 1.971818393912746 534.2498322036687 532.278013809756
435.0 1.782340740475791 533.0836664963989 531.3013257559232
438.0 1.599715827463403 531.8120223704248 530.2123065429614
441.0 1.416312089786753 530.5579387212934 529.1416266315067
444.0 1.278733172324525 530.173800263723 528.8950670913985
447.0 1.116731147028339 528.7747346492262 527.6580035021978
450.0 0.9740514749984929 527.8092196067007 526.8351681317022
453.0 0.8250340001816914 526.3181515582355 525.4931175580538
456.0 0.7060443816536627 525.4095825793888 524.7035381977352
459.0 0.5782560021578441 524.1026448914667 523.5243888893088
462.0 0.4707227463168852 523.0294970359022 522.5587742895853
465.0 0.3615871911860204 521.2229269604184 520.8613397692323
468.0 0.2787142243551352 520.0677710812149 519.7890568568598
471.0 0.2075461670318678 518.7767513627602 518.5692051957283
474.0 0.1424349502991837 517.499660977854 517.3572260275548
477.0 0.0871866575553398 515.6069936017678 515.5198069442125
480.0 0.02865268281960054 512.8874059869237 512.8587533041041
483.0 0.02035886662122205 511.2929572485649 511.2725983819437
486.0 0 508.8048812840413 508.8048812840413
489.0 0.01304764398154751 506.6069007423693 506.5938530983877
492.0 0.01747319179087439 503.9336529300378 503.9161797382469
495.0 0.03817156458383625 501.2453566078405 501.2071850432567
498.0 0.07439701806676172 497.9209206099039 497.8465235918372
501.0 0.159119033079161 495.5078050657209 495.3486860326417
504.0 0.2062930199830384 490.9898010833119 490.7835080633288
507.0 0.3005663860306268 487.5829734633294 487.2824070772988
510.0 0.4302520682305596 483.8524907023586 483.4222386341281
513.0 0.514175304595679 479.9249801383382 479.4108048337425
516.0 0.6884202272809635 475.884991972623 475.1965717453421
519.0 0.8449814288811728 471.8714101064158 471.0264286775346
522.0 1.076501839610161 468.630172190563 467.5536703509529
525.0 1.295417419051061 464.6746425022728 463.3792250832217
528.0 1.541400051931332 460.0564235387545 458.5150234868231
531.0 1.793714382802971 458.3055597168455 456.5118453340425
534.0 2.201100559091759 452.9019018638482 450.7008013047565
537.0 2.486857026271529 451.8160032587492 449.3291462324776
540.0 3.059421515605832 446.4423950261067 443.3829735105008
543.0 3.315233532590462 444.490912392314 441.1756788597235
546.0 3.911936617133464 441.1718761446214 437.259939527488
549.0 4.670878311562298 433.8102965072456 429.1394181956833
552.0 5.101301667915343 433.8344679847947 428.7331663168793
555.0 6.003727129848735 428.7074661603173 422.7037390304686
558.0 5.785850599225528 437.2453914373772 431.4595408381516
561.0 9.196586400135796 391.7721874902453 382.5756010901095
564.0 8.836323824337709 405.4157467436396 396.5794229193019
567.0 11.2158057824071 375.3896560962751 364.173850313868
570.0 13.2673696354186 361.9703380370377 348.7029684016191
573.0 13.1678351952212 363.8148122590425 350.6469770638213
576.0 14.37183284045491 361.7203359107226 347.3485030702677
579.0 20.34298406011729 329.7050677889718 309.3620837288545
582.0 31.69098982239258 277.6137973694376 245.922807547045
585.0 46.28500897867171 232.281658129391 185.9966491507193
588.0 47.37844082587812 231.325683963115 183.9472431372369
591.0 56.52083244261745 205.722137 149.2013045573825
