0.0 24.44511165924334 762.5790816551892 738.1339699959459
3.0 22.74454752697769 753.3700623357016 730.6255148087239
6.0 21.82822373513342 755.0860714770231 733.2578477418897
9.0 21.22727636028735 753.5846454328859 732.3573690725986
12.0 20.77555356474177 750.5216620741932 729.7461085094514
15.0 20.53076404435129 751.5940560959474 731.0632920515961
18.0 20.20832350700628 748.3095128225627 728.1011893155564
21.0 20.040300209609 747.4804082408863 727.4401080312773
24.0 19.82520043143557 741.6517822563158 721.8265818248802
27.0 19.70096249388735 743.9867228793989 724.2857603855115
30.0 19.56292279238126 742.4174052850638 722.8544824926826
33.0 19.43183182475985 741.7472899829826 722.3154581582227
36.0 19.30865561283713 739.7742212579311 720.4655656450939
39.0 19.18780263145181 738.0681956007142 718.8803929692624
42.0 19.06973246001518 737.3737351361088 718.3040026760936
45.0 18.96157396404284 735.5680424864494 716.6064685224066
48.0 18.88750217820683 735.1883629550519 716.300860776845
51.0 18.74085383740053 731.520893036924 712.7800391995235
54.0 18.6560594968619 730.4364885794073 711.7804290825454
57.0 18.5668105436985 729.1025851981109 710.5357746544124
60.0 18.50090976709636 728.1705855582119 709.6696757911156
63.0 18.40664022291374 725.7644904211293 707.3578501982156
66.0 18.36394458087064 724.1539053194176 705.789960738547
69.0 18.33503796364824 722.849780332037 704.5147423683888
72.0 18.27903464255613 720.9683433157476 702.6893086731915
75.0 18.28930632609962 722.0938625909205 703.8045562648209
78.0 18.23088522140838 719.0188336686916 700.7879484472833
81.0 18.12761718297149 712.3819677320587 694.2543505490872
84.0 18.22461889860755 717.6326490525267 699.4080301539192
87.0 18.21128895286103 715.4152555560607 697.2039666031996
90.0 18.15879734851253 712.3309956082543 694.1721982597418
93.0 18.11116922704794 709.2055388571623 691.0943696301144
96.0 18.18108583735679 709.2289052184174 691.0478193810607
99.0 18.16782922953663 705.0366775777243 686.8688483481876
102.0 18.29701396390823 706.6561608330146 688.3591468691063
105.0 18.3258498621623 703.9895641731327 685.6637143109704
108.0 18.42832141342281 702.7420906367484 684.3137692233255
111.0 18.6613089430909 703.9536724662243 685.2923635231334
114.0 18.69340938450816 700.9862555958072 682.2928462112991
117.0 18.72339500148785 698.0614234572969 679.3380284558091
120.0 18.81655833332242 696.9014046515048 678.0848463181823
123.0 18.95766515835956 696.9862823098385 678.0286171514789
126.0 19.03800986628884 697.1072686983926 678.0692588321037
129.0 19.09237490371449 696.1145005951636 677.0221256914491
132.0 19.11040950454964 694.2735032515244 675.1630937469748
135.0 19.27868204389109 697.7545991153979 678.4759170715068
138.0 19.15838317938114 693.6936664337038 674.5352832543226
141.0 18.97041934792784 688.7532744430045 669.7828550950767
144.0 19.01234798148451 685.0820718820464 666.0697239005619
147.0 18.95186258101897 690.8710023716223 671.9191397906033
150.0 18.58796904338098 675.3262847371955 656.7383156938146
153.0 18.73697993986033 684.4579287276208 665.7209487877605
156.0 18.57655312019346 682.6907282906233 664.1141751704298
159.0 18.7658763894678 691.8476003913873 673.0817240019196
162.0 18.08641101450674 669.6574511654083 651.5710401509016
165.0 18.39465205057248 680.5105789035442 662.1159268529717
168.0 18.10614829537798 676.0393006910573 657.9331523956793
171.0 18.18777754233169 683.3445397282284 665.1567621858967
174.0 17.68279836060798 667.8041307753903 650.1213324147823
177.0 17.88954217805336 674.9518922470409 657.0623500689875
180.0 17.86590702319801 678.346192685624 660.480285662426
183.0 17.07646562099983 654.417322398992 637.3408567779922
186.0 17.43561004191445 668.6882838518209 651.2526738099065
189.0 17.12634563511462 659.3408130654349 642.2144674303203
192.0 17.09978355132457 658.4311225815645 641.33133903024
195.0 16.47002541206547 636.5106647129734 620.0406393009079
198.0 16.63143419601456 655.0745926722085 638.4431584761939
201.0 16.62131237393437 650.3124174085311 633.6911050345967
204.0 16.5422451420516 647.3353587395433 630.7931135974917
207.0 16.45797029573168 656.4016251937152 639.9436548979835
210.0 16.02094969279401 643.6587671368642 627.6378174440702
213.0 16.76755043772027 663.8294667536305 647.0619163159102
216.0 16.33055597468868 654.4198812947258 638.0893253200371
219.0 15.96188483947624 643.6486403593251 627.6867555198489
222.0 15.83886151751795 639.1951307833288 623.3562692658109
225.0 16.25831289528774 657.7569499791534 641.4986370838657
228.0 15.55332212342891 636.847405720716 621.2940835972871
231.0 15.61126452716618 642.3602900098045 626.7490254826384
234.0 15.8388943061032 652.4789145070565 636.6400202009533
237.0 15.67315312573264 648.5126189134767 632.8394657877441
240.0 15.40735210400674 643.3729233551947 627.9655712511879
243.0 15.25250878709739 638.1988564786212 622.9463476915238
246.0 15.01803577841288 635.422219544354 620.4041837659411
249.0 14.8533406327696 636.673636510071 621.8202958773014
252.0 14.73360545085812 638.3910827293905 623.6574772785324
255.0 13.96625036682993 612.3634520666985 598.3972016998686
258.0 14.39901403764129 635.792754175355 621.3937401377137
261.0 14.11831482915307 632.811811208565 618.6934963794119
264.0 14.04263047737088 628.7771122397139 614.734481762343
267.0 14.03319720118104 635.9543323353088 621.9211351341278
270.0 13.56261794811337 624.0445602234994 610.481942275386
273.0 13.12268263003162 616.713097848273 603.5904152182414
276.0 13.16025691481554 623.6861868260151 610.5259299111995
279.0 13.00877042513819 625.0019127947855 611.9931423696473
282.0 12.67470724972383 613.3907413419827 600.7160340922589
285.0 12.76225054266952 623.9810212421136 611.2187706994441
288.0 12.48463075606071 622.1065287387808 609.6218979827201
291.0 12.03140345642212 612.6845891454833 600.6531856890612
294.0 11.93555806697711 612.3204080480515 600.3848499810744
297.0 11.75892835673531 615.1029248779718 603.3439965212365
300.0 11.55722431376062 613.7483849077235 602.1911605939629
303.0 11.36503371416052 613.3909896488904 602.0259559347299
306.0 11.2037097445698 613.8754946686529 602.6717849240831
309.0 10.67576849349075 599.6676006389619 588.9918321454712
312.0 10.48170691532457 600.0386167224061 589.5569098070815
315.0 10.17637352456575 596.949177886981 586.7728043624153
318.0 10.14470948641246 601.9097532116119 591.7650437251994
321.0 9.66731305606787 589.7739695191599 580.106656463092
324.0 9.647057732219883 598.4831546496649 588.836096917445
327.0 9.412089807399344 597.6263493997282 588.2142595923289
330.0 9.07023114544344 591.5146156635411 582.4443845180976
333.0 8.814019849268425 587.4283178011314 578.614297951863
336.0 8.50021729284871 582.905482940423 574.4052656475743
339.0 8.412180816335318 587.2499752049155 578.8377943885801
342.0 8.217292101765539 585.9085668057639 577.6912747039984
345.0 7.964854746388649 585.0802577104435 577.1154029640548
348.0 7.750348934342099 583.7292893525113 575.9789404181692
351.0 7.463488783891294 581.0054797788974 573.5419909950061
354.0 7.181591683033863 574.5160159135073 567.3344242304735
357.0 7.030865743581828 579.006002437235 571.9751366936531
360.0 6.765173483043774 575.6753129670107 568.9101394839669
363.0 6.51833420144085 571.5114293081032 564.9930951066624
366.0 6.30208779401142 569.2546885709778 562.9526007769664
369.0 6.124071406440776 570.9575404964819 564.8334690900411
372.0 5.822335350210717 567.5620024650403 561.7396671148296
375.0 5.639433630104332 568.0371616275098 562.3977279974054
378.0 5.442812652030585 566.897337503749 561.4545248517184
381.0 5.232581505246847 565.8221486348312 560.5895671295843
384.0 4.985115387570299 562.5700339257738 557.5849185382035
387.0 4.729580493791422 559.3770940388179 554.6475135450265
390.0 4.494489225717404 557.9851507060966 553.4906614803792
393.0 4.329687875551057 557.6466122535768 553.3169243780257
396.0 4.113110953623963 556.4943969360625 552.3812859824385
399.0 3.841810109640386 552.9128470203736 549.0710369107332
402.0 3.697484109373161 552.9832021162801 549.285718006907
405.0 3.447335184460673 550.4136673307711 546.9663321463104
408.0 3.274984934605073 550.1740559607018 546.8990710260967
411.0 3.046483601521568 548.1605679410778 545.1140843395563
414.0 2.863546756088431 547.2981926030974 544.4346458470089
417.0 2.664703527601655 545.4810727000317 542.8163691724301
420.0 2.478069484488758 544.5760686280254 542.0979991435366
423.0 2.270385262094754 542.5099558040137 540.239570541919
426.0 2.101049118197636 541.9512883048437 539.8502391866461
429.0 1.904863311317984 540.4228642534994 538.5180009421814
432.0 1.736656290410912 539.2575695583768 537.5209132679659
435.0 1.558072302416181 538.0582155775373 536.5001432751212
438.0 1.388421127279427 536.6401922159023 535.2517710886229
441.0 1.21704245501936 535.3448665126758 534.1278240576565
444.0 1.083916974348425 534.6618911373091 533.5779741629607
447.0 0.9352036905192831 533.3261091235389 532.3909054330196
450.0 0.8018538179730603 532.3138215295579 531.5119677115849
453.0 0.666992613570763 530.9295722009179 530.2625795873472
456.0 0.5570305819921825 529.9695637020479 529.4125331200557
459.0 0.4417062135360207 528.751027498077 528.309321284541
462.0 0.3448580041303201 527.672661834067 527.3278038299367
465.0 0.2526474218511245 526.1793753316185 525.9267279097674
468.0 0.1809397466390603 525.1312629532337 524.9503232065946
471.0 0.1227194658580276 523.9361391919099 523.8134197260518
474.0 0.07047541655789102 522.7516670195507 522.6811916029928
477.0 0.03361396463655972 521.2020886276717 521.1684746630351
480.0 0 519.2537562619615 519.2537562619615
483.0 0.00794259699572189 517.8986904390229 517.8907478420272
486.0 0.01127456241515559 516.0401218666019 516.0288473041867
489.0 0.0458489161222691 514.3612152201178 514.3153663039955
492.0 0.0767047445636051 512.2687981070738 512.1920933625102
495.0 0.1243100580348913 510.1386100297177 510.0142999716828
498.0 0.1939962116638915 507.5181487865058 507.3241525748419
501.0 0.3039048212274333 505.5628577708049 505.2589529495775
504.0 0.3975579892913061 501.861392135983 501.4638341466917
507.0 0.5283177115790731 498.9326702241707 498.4043525125916
510.0 0.6977626333789033 495.8208872793866 495.1231246460077
513.0 0.8278545097387405 491.7149406489087 490.8870861391699
516.0 1.045593105541644 488.3138299924461 487.2682368869044
519.0 1.250573910836592 484.0437103240772 482.7931364132406
522.0 1.519082110492756 481.1207583728054 479.6016762623126
525.0 1.786937319439126 476.7806388134711 474.993701494032
528.0 2.087749403381698 472.0984089394537 470.010659536072
531.0 2.365011441570415 469.8263077134131 467.4612962718427
534.0 2.833770600185894 465.1245419900913 462.2907713899054
537.0 3.141658909832805 462.7319291131321 459.5902702032993
540.0 3.777076373891226 457.9692553252636 454.1921789513724
543.0 4.066168713297148 454.4298144030329 450.3636456897358
546.0 4.712262267345004 449.9803154429898 445.2680531756448
549.0 5.552792561125912 444.5041208541218 438.9513282929958
552.0 6.016171542528307 438.7002373423352 432.6840657998069
555.0 6.943140623775688 442.1290262966132 435.1858856728375
558.0 6.684322769317957 439.62751860292 432.943195833602
561.0 10.64272243464657 393.4308968935317 382.7881744588851
564.0 10.12160783155859 407.9647201754076 397.843112343849
567.0 12.87273634913835 375.9374573282002 363.0647209790619
570.0 15.09784621972836 362.2251671787112 347.1273209589828
573.0 14.97750641391476 363.9334495754028 348.9559431614881
576.0 16.21882413699525 361.7212421576979 345.5024180207026
579.0 22.61201722398266 329.7109641429558 307.0989469189731
582.0 34.66482942739891 277.6328545081185 242.9680250807196
585.0 49.92430163845728 232.3706638127101 182.4463621742528
588.0 51.04078499040969 231.3649948323718 180.3242098419621
591.0 60.56946489727476 205.722137 145.1526721027252
