0.0 24.04430967325931 763.4311873078654 739.3868776346061
3.0 22.35676701227018 755.012288230373 732.6555212181029
6.0 21.43606575235096 756.2494925722792 734.8134268199282
9.0 20.8368198967136 754.6920535361069 733.8552336393933
12.0 20.38972747763844 751.7929336998716 731.4032062222331
15.0 20.14268005685433 752.6978881252107 732.5552080683564
18.0 19.82566404366107 749.4148824105236 729.5892183668625
21.0 19.65883340579639 748.6048281434367 728.9459947376403
24.0 19.4534979758896 743.3324465185768 723.8789485426872
27.0 19.3252370718968 745.1503597552184 725.8251226833216
30.0 19.18976430135868 743.6391751330544 724.4494108316957
33.0 19.05974628489455 742.8770630933132 723.8173168084186
36.0 18.93984902702219 741.0213294842279 722.0814804572057
39.0 18.82190510250035 739.3099152426691 720.4880101401688
42.0 18.7049753630973 738.5235491674431 719.8185738043458
45.0 18.59989415259312 736.7524470422263 718.1525528896331
48.0 18.52642974921405 736.3209298965934 717.7945001473793
51.0 18.38599855115466 732.9014221300308 714.5154235788761
54.0 18.30313641508064 731.7092916990958 713.4061552840152
57.0 18.21618857236101 730.3518774538593 712.1356888814983
60.0 18.15194966193991 729.3386772473872 711.1867275854473
63.0 18.06188755492105 726.9618540222997 708.8999664673786
66.0 18.02202845508181 725.3890808345914 707.3670523795095
69.0 17.99544719305329 724.0957391354796 706.1002919424263
72.0 17.94277512612249 722.2272817529581 704.2845066268356
75.0 17.95119625826542 723.1445511827732 705.1933549245078
78.0 17.89823657625763 720.1389220110444 702.2406854347867
81.0 17.80648647007685 713.9858493152253 696.1793628451485
84.0 17.89458141714969 718.6611449977258 700.7665635805761
87.0 17.88520610451625 716.5325021733504 698.6472960688341
90.0 17.83825253967818 713.4649490955708 695.6266965558926
93.0 17.79623040923344 710.3731172584925 692.5768868492591
96.0 17.8662871555918 710.3368756876667 692.4705885320749
99.0 17.86054007406174 706.3012172172085 688.4406771431468
102.0 17.98723044151387 707.6657679966821 689.6785375551682
105.0 18.02095776260742 705.0480766549952 687.0271188923878
108.0 18.12592622948175 703.7742590717602 685.6483328422785
111.0 18.35711870094628 704.9879531157184 686.6308344147721
114.0 18.39470878837758 702.0253402473589 683.6306314589813
117.0 18.43012851971711 699.0774763115383 680.6473477918212
120.0 18.52555194518027 697.9552121798884 679.4296602347081
123.0 18.66687754529686 697.9142443235051 679.2473667782083
126.0 18.74714981742463 698.0322033754506 679.285053558026
129.0 18.80347046768543 696.9989791571598 678.1955086894744
132.0 18.82484737068124 695.2257580741414 676.4009107034602
135.0 18.98716736639764 698.5812637903112 679.5940964239136
138.0 18.87400796178672 694.6056972467256 675.7316892849389
141.0 18.69470584237313 689.7129834648895 671.0182776225164
144.0 18.74304436265125 686.4660767788821 667.7230324162309
147.0 18.67234316822032 691.7121973144204 673.0398541462001
150.0 18.33556723822137 676.9174934580964 658.581926219875
153.0 18.46853024427348 685.6066162056906 667.1380859614171
156.0 18.31114740244338 683.7306277074304 665.419480304987
159.0 18.48437487307875 692.5273469483329 674.0429720752542
162.0 17.8437447401607 670.954458252329 653.1107135121683
165.0 18.1327431392606 681.7247877729226 663.592044633662
168.0 17.85202506771041 677.1200151991504 659.26799013144
171.0 17.9207779400835 684.0386012825217 666.1178233424382
174.0 17.44294586445353 668.9257724678542 651.4828266034007
177.0 17.63719197566857 675.8394142978034 658.2022223221349
180.0 17.60744904294118 679.0664527230379 661.4590036800967
183.0 16.85983751789386 655.7434144739197 638.8835769560259
186.0 17.19389453431418 669.5816211143257 652.3877265800115
189.0 16.90083531461698 660.6156799350185 643.7148446204015
192.0 16.8757442425101 659.8642426396163 642.9884983971062
195.0 16.28455768886877 638.4167864699269 622.1322287810581
198.0 16.41304503423685 656.1153967645124 639.7023517302756
201.0 16.41135177650509 651.6552928790877 635.2439411025826
204.0 16.33721775814384 649.0852189752311 632.7480012170873
207.0 16.23703379870833 657.2224570319817 640.9854232332734
210.0 15.82225451862544 644.8059142605118 628.9836597418863
213.0 16.53364050373305 664.5791776608424 648.0455371571093
216.0 16.11293663841657 655.3259892437427 639.2130526053261
219.0 15.76322861806903 644.655493270806 628.892264652737
222.0 15.64782626574198 640.5418119271417 624.8939856613997
225.0 16.03467099318691 658.4207709844834 642.3860999912965
228.0 15.36617999610492 638.0661714796742 622.6999914835693
231.0 15.41434077413713 643.3497161575417 627.9353753834046
234.0 15.62408071334714 653.2190199070499 637.5949391937027
237.0 15.46518496671292 649.3777172797718 633.9125323130589
240.0 15.20826804035399 644.2870638601762 629.0787958198222
243.0 15.06237645141431 639.3758962599499 624.3135198085356
246.0 14.83264269716281 636.5099082701939 621.6772655730311
249.0 14.66541197799855 637.6962932534516 623.0308812754531
252.0 14.54253530672796 639.1695647713733 624.6270294646453
255.0 13.82037709318487 614.3141389496336 600.4937618564488
258.0 14.21202583412393 636.6413766092065 622.4293507750826
261.0 13.93631226779719 633.6168724682028 619.6805602004056
264.0 13.8674901130301 630.0055048631441 616.138014750114
267.0 13.84529996936954 636.7402152423124 622.8949152729429
270.0 13.39532054928255 625.2147377638364 611.8194172145539
273.0 12.96788518972064 618.0174684803194 605.0495832905987
276.0 12.99304586939129 624.6738190927006 611.6807732233093
279.0 12.83896043472187 625.8924291378986 613.0534687031768
282.0 12.52501539900581 614.8667987944437 602.3417833954379
285.0 12.59381754782784 624.9156244524839 612.3218069046561
288.0 12.31915854663314 623.0019447017404 610.6827861551073
291.0 11.88209958195771 613.8629940659975 601.9808944840398
294.0 11.78651403524766 613.7463535650941 601.9598395298465
297.0 11.60485946591507 616.1013823325891 604.496522866674
300.0 11.40533194239974 614.6771183907071 603.2717864483074
303.0 11.21346069971406 614.3010283928631 603.0875676931491
306.0 11.05103456222733 614.697440074632 603.6464055124046
309.0 10.54750946276656 601.1857766822202 590.6382672194537
312.0 10.35258492823493 601.3702884323151 591.0177035040802
315.0 10.05240378160454 598.224465760509 588.1720619789044
318.0 10.01176699117551 602.9963189695087 592.9845519783332
321.0 9.555210866337485 591.4201032123667 581.8648923460292
324.0 9.519528736847725 599.5167185504193 589.9971898135716
327.0 9.285765875019937 598.5880712655639 589.3023053905439
330.0 8.954330312092719 592.6349507808779 583.6806204687852
333.0 8.704929560663748 588.7700187703364 580.0650892096726
336.0 8.39868198753114 584.4137489533573 576.0150669658261
339.0 8.302811246382195 588.4491999786133 580.1463887322311
342.0 8.109919483266286 587.2178866299751 579.1079671467088
345.0 7.858748960378088 586.1614278801173 578.3026789197392
348.0 7.646279685048131 584.8584645269109 577.2121848418628
351.0 7.363913122528527 582.102365501036 574.7384523785075
354.0 7.092975018471337 576.0579484535735 568.9649734351021
357.0 6.934159340106893 580.102085453156 573.1679261130491
360.0 6.674091695807807 576.7609651597401 570.0868734639323
363.0 6.434158166077661 572.8871173636446 566.4529591975669
366.0 6.221484981350624 570.8069784839482 564.5854935025976
369.0 6.040385067273178 572.1193827638596 566.0789976965864
372.0 5.744329340922051 568.7098420252155 562.9655126842935
375.0 5.560305625874697 569.0934516166657 563.533145990791
378.0 5.365393302811472 567.9739009648275 562.608507662016
381.0 5.15679902038957 566.8415225372313 561.6847235168417
384.0 4.914736918685078 563.6969732473185 558.7822363286334
387.0 4.664522728112673 560.5685349784863 555.9040122503736
390.0 4.431615202108518 559.1065158203151 554.6749006182066
393.0 4.267142112284275 558.7562173017646 554.4890751894804
396.0 4.052342573057341 557.5351695991796 553.4828270261223
399.0 3.787036740944815 554.0274052086817 550.2403684677369
402.0 3.642356664910571 554.0546613776641 550.4123047127536
405.0 3.396444519063506 551.4975990852031 548.1011545661396
408.0 3.224294155327904 551.1746087892094 547.9503146338815
411.0 2.999069018991817 549.1534930768516 546.1544240578598
414.0 2.817398027517668 548.2673099252061 545.4499118976884
417.0 2.621493485140869 546.477164861776 543.8556713766351
420.0 2.436224285196787 545.5189336536018 543.082709368405
423.0 2.231913300852036 543.4851227947319 541.2532094938799
426.0 2.063360245300644 542.8510159459078 540.7876557006071
429.0 1.869632631962885 541.302573213884 539.4329405819211
432.0 1.703258239292947 540.1299036594041 538.4266454201112
435.0 1.526559859085614 538.9125762085541 537.3860163494684
438.0 1.359212737782928 537.4754186742169 536.1162059364339
441.0 1.18990676888954 536.1642650874568 534.9743583185672
444.0 1.057829155612529 535.436890679323 534.3790615237104
447.0 0.9112887280333843 534.1021423091667 533.1908535811333
450.0 0.7795623093029576 533.0745686610276 532.2950063517246
453.0 0.6469860992309505 531.6933488222922 531.0463627230612
456.0 0.5385916841873964 530.7214204937904 530.182828809603
459.0 0.42528658823651 529.5037219952358 529.0784354069993
462.0 0.3302432665868349 528.4171248773063 528.0868816107195
465.0 0.240567962697617 526.9566968762894 526.7161289135918
468.0 0.1706451513323657 525.9117512339752 525.7411060826428
471.0 0.1144993339177596 524.7247624107601 524.6102630768423
474.0 0.06432248102812124 523.546985417752 523.4826629367239
477.0 0.03019144319711731 522.0405776700579 522.0103862268608
480.0 0 520.1826822221069 520.1826822221069
483.0 0.0104086832506414 518.8603038529994 518.8498951697488
486.0 0.01707732870265916 517.0807074603124 517.0636301316098
489.0 0.05472688499454556 515.4697558573147 515.4150289723201
492.0 0.08939507814925918 513.4599789539006 513.3705838757514
495.0 0.1409153761989111 511.4094813849365 511.2685660087375
498.0 0.2154246612110892 508.9018980673058 508.6864734060947
501.0 0.3290512372517427 507.0165325511275 506.6874813138757
504.0 0.4295143284023063 503.4690183163577 503.0395039879554
507.0 0.5657879444124811 500.6385765615444 500.0727886171319
510.0 0.7411276893670905 497.6526323614223 496.9115046720552
513.0 0.8789503796588621 493.5794521246006 492.7005017449417
516.0 1.103204726767951 490.3012826708833 489.1980779441154
519.0 1.316359092398499 486.0591299977693 484.7427709053708
522.0 1.590649177610404 483.206053296002 481.6154041183916
525.0 1.866958926371037 478.8522321012328 476.9852731748617
528.0 2.176864510507827 474.2086026920275 472.0317381815197
531.0 2.458887749864731 471.8358322964397 469.376944546575
534.0 2.936948246670307 467.3212063742685 464.3842581275982
537.0 3.250000717263082 464.6905188536079 461.4405181363449
540.0 3.89520367277422 460.0380447143151 456.1428410415409
543.0 4.191538074460224 456.2494842456023 452.0579461711421
546.0 4.84716394685176 451.5811127255921 446.7339487787403
549.0 5.698815465627603 446.6021687119512 440.9033532463236
552.0 6.174918946282306 439.4170693283176 433.2421503820353
555.0 7.095578185078978 444.7526556186698 437.6570774335908
558.0 6.84295689862802 439.9508356510244 433.1078787523964
561.0 10.89328480191094 393.680353098482 382.7870682965711
564.0 10.34449035388601 408.3292614829955 397.9847711291095
567.0 13.15957560341628 376.0201859885271 362.8606103851108
570.0 15.41391720208458 362.2617467636751 346.8478295615905
573.0 15.29024553747098 363.9513323161233 348.6610867786523
576.0 16.53790474698328 361.7213393052007 345.1834345582174
579.0 23.00143325608559 329.7117156433956 306.71028238731
582.0 35.17169949697751 277.6356340571029 242.4639345601254
585.0 50.54200711301596 232.384485222202 181.8424781091861
588.0 51.66238430416606 231.3710678255791 179.708683521413
591.0 61.25548652452493 205.722137 144.4666504754751
