0.0 23.04256010698259 765.6341528609186 742.591592753936
3.0 21.3816358279721 758.9827556911477 737.6011198631756
6.0 20.45353040540758 759.17993301587 738.7264026104624
9.0 19.85893323957602 757.5110912801151 737.6521580405391
12.0 19.42221893579691 754.9610777812041 735.5388588454072
15.0 19.17079749540608 755.4842747534782 736.3134772580722
18.0 18.86728848950684 752.2277916145115 733.3605031250047
21.0 18.70332174061794 751.4466821661621 732.7433604255442
24.0 18.51834704665676 747.351130299314 728.8327832526573
27.0 18.38376234232041 748.0917734236062 729.7080110812858
30.0 18.25430384992879 746.6930529286017 728.4387490786729
33.0 18.12762750093122 745.7416464510106 727.6140189500793
36.0 18.01507811359272 744.1316146032504 726.1165364896577
39.0 17.90440791547469 742.4289368774183 724.5245289619436
42.0 17.79102756714476 741.432865755629 723.6418381884842
45.0 17.69336922495366 739.7447006606016 722.0513314356479
48.0 17.62182552421288 739.1902454354473 721.5684199112344
51.0 17.49516967051681 736.275814774419 718.7806451039022
54.0 17.41786102779021 734.8878914181477 717.4700303903575
57.0 17.33685219372984 733.4728486889826 716.1359964952527
60.0 17.27735231175531 732.291378780956 715.0140264692007
63.0 17.19757025717725 729.9900128249553 712.792442567778
66.0 17.1645235877313 728.4990599481691 711.3345363604378
69.0 17.14368670707168 727.223418949528 710.0797322424563
72.0 17.09924722900708 725.3828968520241 708.283649623017
75.0 17.10462915068012 725.821999507855 708.7173703571748
78.0 17.06476903045148 722.9892939032523 705.9245248728008
81.0 16.99823447584755 717.8900352567174 700.8918007808698
84.0 17.06837088309094 721.2844628805952 704.2160919975043
87.0 17.06822021706735 719.3516788269455 702.2834586098781
90.0 17.03494625555228 716.343107416727 699.3081611611747
93.0 17.00668304039474 713.3288583878301 696.3221753474354
96.0 17.07755137071957 713.151462894065 696.0739115233455
99.0 17.08937896004519 709.4785900751785 692.3892111151333
102.0 17.21177416899665 710.2589599938296 693.047185824833
105.0 17.25736494568301 707.7496436249772 690.4922786792942
108.0 17.36876647179196 706.420765487914 689.051999016122
111.0 17.5954981285757 707.6157283861885 690.0202302576128
114.0 17.64675256934108 704.6767001830138 687.0299476136728
117.0 17.69587563335594 701.7071754018141 684.0112997684581
120.0 17.79667745960212 700.6628199398226 682.8661424802205
123.0 17.93952036909628 700.3271354380147 682.3876150689185
126.0 18.01967605249908 700.4154616733623 682.3957856208633
129.0 18.08116873292065 699.3032400925843 681.2220713596636
132.0 18.11038630366655 697.6847732115509 679.5743869078843
135.0 18.25882911859281 700.7262851628376 682.4674560442447
138.0 18.16282060250917 696.9725694844811 678.8097488819719
141.0 18.00472793664934 692.2335042642205 674.2287763275711
144.0 18.06583616732362 689.9712569453411 671.9054207780175
147.0 17.97388724922915 693.8878238299791 675.91393658075
150.0 17.69891870024116 680.9599405940498 663.2610218938086
153.0 17.79534192283699 688.5223118549557 670.7269699321187
156.0 17.64635320448148 686.421167715105 668.7748145106235
159.0 17.78228260240543 694.2839416075502 676.5016590051447
162.0 17.23364580513354 674.3409620388628 657.1073162337293
165.0 17.47548035839993 684.7511150517883 667.2756346933884
168.0 17.21514818661488 679.8921966681983 662.6770484815834
171.0 17.25480298117146 685.8437196726876 668.5889166915162
174.0 16.84137219373446 671.8264705655128 654.9850983717783
177.0 17.00621739525847 678.1699341657699 661.1637167705115
180.0 16.96258702457482 680.9542847047306 663.9916976801558
183.0 16.31448719947598 659.2652411243622 642.9507539248862
186.0 16.58948203856878 671.9147386043396 655.3252565657709
189.0 16.33385256143464 663.9192246950312 647.5853721335965
192.0 16.31126453367094 663.5129151236288 647.2016505899579
195.0 15.81219358426145 643.5361881257362 627.7239945414747
198.0 15.86573707716388 658.8349300856158 642.969193008452
201.0 15.8826273623253 655.1682618145816 639.2856344522563
204.0 15.81770283052697 653.5403792627334 637.7226764322064
207.0 15.68513721011684 659.3808266228079 643.6956894126911
210.0 15.32326389767869 647.8283133428619 632.5050494451832
213.0 15.94995419456825 666.5180749302648 650.5681207356966
216.0 15.56870501787654 657.6680384987751 642.0993334808985
219.0 15.26544334305984 647.3350186951204 632.0695753520605
222.0 15.16635736198856 644.078944997076 628.9125876350874
225.0 15.4773242700883 660.1547156774789 644.6773914073906
228.0 14.89550182648793 641.2656513437241 626.3701495172362
231.0 14.92107663119003 645.9575368343253 631.0364602031353
234.0 15.08822075514761 655.1291693532121 640.0409485980645
237.0 14.94548568653909 651.5754159062676 636.6299302197285
240.0 14.7102637602159 646.6741036888469 631.9638399286311
243.0 14.58467886520763 642.4031451032004 627.8184662379927
246.0 14.3674223634021 639.361492789116 624.9940704257139
249.0 14.1944497193449 640.3429766457144 626.1485269263695
252.0 14.06567301907944 641.2055858164972 627.1399127974177
255.0 13.44690390503118 619.400022622698 605.9531187176669
258.0 13.74480403529358 638.8546480564781 625.1098440211845
261.0 13.48188729266587 635.7298828429092 622.2479955502433
264.0 13.42691791659371 633.1307168397095 619.7037989231158
267.0 13.37633488661992 638.7812072479085 625.4048723612885
270.0 12.97475880767776 628.228783148264 615.2540243405862
273.0 12.57745476556388 621.3918343096937 608.8143795441298
276.0 12.57416088645096 627.2314317522348 614.6572708657838
279.0 12.41438392310768 628.1915131209227 615.7771291978151
282.0 12.14607358236341 618.6162294176916 606.4701558353282
285.0 12.17237994216429 627.2981290836324 615.1257491414681
288.0 11.90542301203424 625.2936513928622 613.3882283808279
291.0 11.50647308849729 616.8882370056477 605.3817639171504
294.0 11.40982236625639 617.2467825398494 605.836960173593
297.0 11.21882741952305 618.6406216635139 607.4217942439908
300.0 11.0252320665577 617.0781287417413 606.0528966751836
303.0 10.83432579445912 616.6458526564591 605.811526862
306.0 10.66984435364318 616.8244108637057 606.1545665100626
309.0 10.22189297565011 604.9968800379499 594.7749870622998
312.0 10.02622809926069 604.7563022362186 594.7300741369579
315.0 9.739296981037934 601.5139373359255 591.7746403548876
318.0 9.677841843246326 605.7579317902805 596.0800899470342
321.0 9.268931369864365 595.5677947190397 586.2988633491753
324.0 9.199527097631951 602.1645625756528 592.9650354780208
327.0 8.969328561299906 601.0687067851954 592.0993782238955
330.0 8.662649793169219 595.5295605337734 586.8669107406042
333.0 8.428596552944829 592.1682404210907 583.7396438681459
336.0 8.139979944214866 588.1876539514354 580.0476740072205
339.0 8.026933438129405 591.4836809375636 583.4567474994342
342.0 7.838261514869303 590.4698668136392 582.6316052987699
345.0 7.591910976298354 588.9355193873889 581.3436084110906
348.0 7.384199331647168 587.725351713709 580.3411523820618
351.0 7.11328471040877 584.9105135604684 577.7972288500597
354.0 6.866345778567459 579.8906828817161 573.0243371031487
357.0 6.690770061939601 582.8759788268711 576.1852087649315
360.0 6.444769666650228 579.5508877260348 573.1061180593846
363.0 6.219934195826146 576.3191933717619 570.0992591759358
366.0 6.014906647547109 574.6123976419016 568.5974909943545
369.0 5.829008657116542 575.0636863273465 569.2346776702299
372.0 5.547203170209187 571.6531612611128 566.1059580909036
375.0 5.361130961597916 571.7949182207603 566.4337872591624
378.0 5.17034373191932 570.7173248067758 565.5469810748565
381.0 4.966279156127735 569.4528158511341 564.4865366950064
384.0 4.736897988821243 566.5602840400632 561.823386051242
387.0 4.499477491964141 563.5889329926364 559.0894555006722
390.0 4.272546200026386 561.9752272903092 557.7026810902828
393.0 4.109023278167205 561.5763115636428 557.4672882854756
396.0 3.899177340150744 560.2050003590677 556.3058230189169
399.0 3.648280002434477 556.8757506569306 553.2274706544961
402.0 3.503074817091063 556.7869913971719 553.2839165800809
405.0 3.267643804725445 554.267002567475 550.9993587627495
408.0 3.096638314520984 553.7472742151751 550.6506359006541
411.0 2.87966361699591 551.7077421184772 548.8280785014813
414.0 2.701363449915797 550.7535462673641 548.0521828174483
417.0 2.512614570661634 549.0177668665911 546.5051522959295
420.0 2.331161030447102 547.938220916377 545.6070598859299
423.0 2.135067661410851 545.9627820782572 543.8277144168463
426.0 1.969028471591634 545.1647435190581 543.1957150474664
429.0 1.781611846119662 543.5634112536174 541.7817994074977
432.0 1.619891935384772 542.3648679998565 540.7449760644717
435.0 1.448069029470683 541.0932658628628 539.6451968333921
438.0 1.286628235696484 539.6117737125445 538.325145476848
441.0 1.122644452400666 538.2536769138559 537.1310324614553
444.0 0.993532376365473 537.4200758104263 536.4265434340609
447.0 0.8524311707361273 536.0797307581494 535.2272995874133
450.0 0.7249012444960494 535.0054667137915 534.2805654692955
453.0 0.598036856778458 533.6193149865215 533.021278129743
456.0 0.4936647957359894 532.6131730997611 532.1195083040251
459.0 0.3854254511005636 531.3845932566562 530.9991678055556
462.0 0.2949751195262663 530.2693080465252 529.9743329269989
465.0 0.2114113516727388 528.8717226958732 528.6603113442005
468.0 0.1459511736391642 527.8208939492001 527.674942775561
471.0 0.09494356404532278 526.6449684341315 526.5500248700861
474.0 0.04989919911475427 525.4741734241999 525.4242742250851
477.0 0.02228132007488562 524.058190860373 524.0359095402982
480.0 0 522.3851106503474 522.3851106503474
483.0 0.01633136499322169 521.1341689643398 521.1178375993466
486.0 0.03076793144222417 519.5209041873161 519.4901362558739
489.0 0.07560659298165559 518.0557536568918 517.9801470639102
492.0 0.1191875331183905 516.2292437425471 516.1100562094287
495.0 0.1798970011550028 514.3567050258669 514.1768080247119
498.0 0.265596458803026 512.1117195558999 511.8461230970969
501.0 0.387984966428761 510.3866875628351 509.9987025964063
504.0 0.5042501750335091 507.2180089564974 506.7137587814639
507.0 0.6535098032632799 504.639186186711 503.9856763834477
510.0 0.8425688140524233 501.9726908085208 501.1301219944683
513.0 0.9993349177885481 498.0463214542391 497.0469865364505
516.0 1.238885587778394 495.0799381256566 493.8410525378782
519.0 1.472100314644654 490.988319311222 489.5162189965773
522.0 1.760254444485865 488.3270100133091 486.5667555688233
525.0 2.057679346014354 484.0104525120332 481.9527731660189
528.0 2.389885550397935 479.5315191724291 477.1416336220312
531.0 2.684611599734412 476.9115301778674 474.226918578133
534.0 3.184293804969235 472.9373248893946 469.7530310844254
537.0 3.512120566981006 469.7371388798748 466.2250183128938
540.0 4.180930412292738 465.3453181887241 461.1643877764314
543.0 4.49722468663986 461.0136473125025 456.5164226258627
546.0 5.178442978665564 455.7949498706875 450.6165068920219
549.0 6.053576620578305 452.242656404427 446.1890797838487
552.0 6.573457444027201 441.1000228195412 434.526565375514
555.0 7.462308817552845 451.6145946551494 444.1522858375966
558.0 7.244291758962626 440.686195301561 433.4419035425983
561.0 11.52495123707369 394.2733378496242 382.7483866125505
564.0 10.90610771863057 409.1718523866508 398.2657446680202
567.0 13.88322767682901 376.2175035668496 362.3342758900206
570.0 16.2110113539221 362.3469819018073 346.1359705478852
573.0 16.07915164954932 363.9940379873799 347.9148863378306
576.0 17.34280308215581 361.7215372866255 344.3787342044697
579.0 23.98216525117928 329.7133699331315 305.7312046819523
582.0 36.44605075925898 277.6421508236281 241.1961000643691
585.0 52.09336000151322 232.4178708970204 180.3245108955072
588.0 53.2235325763301 231.3856981014188 178.1621655250887
591.0 62.97773809456918 205.722137 142.7443989054308
