0.0 19.42706793112708 774.3703292843873 754.9432613532602
3.0 17.81021400981224 771.7882838495366 753.9780698397243
6.0 16.88385647233661 769.8941988581201 753.0103423857835
9.0 16.30839261120883 768.0958955532538 751.7875029420449
12.0 15.899715925843 766.2237267343771 750.3240108085341
15.0 15.64430198723807 765.7792223185621 750.1349203313241
18.0 15.38710228485994 762.8163878105214 747.4292855256615
21.0 15.23350340747092 761.9653641927658 746.7318607852949
24.0 15.09059474866364 760.14136591247 745.0507711638064
27.0 14.96079869071926 758.9528118634577 743.9920131727385
30.0 14.85050278348957 757.704462876568 742.8539600930784
33.0 14.74069940143262 756.4096817864014 741.6689823849687
36.0 14.64826895109938 755.2432316398599 740.5949626887605
39.0 14.56246358270003 753.7093597520621 739.1468961693621
42.0 14.46813468903138 752.2169055667745 737.7487708777431
45.0 14.39449011712291 750.7579502512485 736.3634601341256
48.0 14.3339371031159 749.8486902863471 735.5147531832312
51.0 14.2442649202408 747.8075099094466 733.5632449892058
54.0 14.19056637646603 746.2558676127742 732.0653012363081
57.0 14.13284705573257 744.6792103376759 730.5463632819433
60.0 14.09472670917215 743.192266840045 729.0975401308728
63.0 14.04915130191805 741.1509910861156 727.1018397841976
66.0 14.03844505570502 739.8142097941253 725.7757647384203
69.0 14.03814361601623 738.5257480249972 724.487604408981
72.0 14.02262523171447 736.7333377286163 722.7107124969018
75.0 14.03181899588866 735.9633115196429 721.9314925237543
78.0 14.03288597711075 733.7030113021154 719.6701253250046
81.0 14.02737571771624 730.8909035308075 716.8635278130912
84.0 14.07068248175591 731.2652480543519 717.194565572596
87.0 14.09828872931031 729.7354778228184 715.6371890935081
90.0 14.11110333650227 727.0774581891238 712.9663548526215
93.0 14.12961259903758 724.3282147256659 710.1986021266283
96.0 14.20841839386655 723.6786799053272 709.4702615114606
99.0 14.2720042152359 720.9762224340479 706.704218218812
102.0 14.39688859262107 720.2904032045376 705.8935146119165
105.0 14.48195932126707 718.0432783287709 703.5613190075038
108.0 14.61783638055308 716.6344895092835 702.0166531287304
111.0 14.83092539530023 717.4910636260963 702.660138230796
114.0 14.92977469653156 714.7460481205007 699.8162734239691
117.0 15.02675531090873 712.0488587297949 697.0221034188862
120.0 15.1452478759661 711.0829540464085 695.9377061704424
123.0 15.30270679943099 710.0105921422825 694.7078853428515
126.0 15.38506304297156 709.7567475448945 694.3716845019229
129.0 15.46655601400868 708.6101150308164 693.1435590168077
132.0 15.51934091005442 707.3631177790631 691.8437768690087
135.0 15.62934715368176 709.3270239154519 693.6976767617701
138.0 15.58629423218307 706.4378366460632 690.8515424138802
141.0 15.49687823328437 702.528908624375 687.0320303910906
144.0 15.5736889667252 702.7067442999517 687.1330553332265
147.0 15.45127471003336 702.5293982406854 687.0781235306521
150.0 15.33297571877938 695.5104485308009 680.1774728120215
153.0 15.33879315853448 699.3357333762992 683.9969402177647
156.0 15.22511735540448 696.9544415660231 681.7293242106186
159.0 15.26310599361731 701.3006477553634 686.0375417617461
162.0 14.98042607967198 687.7683413682468 672.7879152885748
165.0 15.07565796769838 695.415402676528 680.3397447088297
168.0 14.89274556998856 690.5019388043399 675.6091932343513
171.0 14.86283925602236 693.1967328961446 678.3338936401222
174.0 14.63885636956453 683.2968312166684 668.6579748471038
177.0 14.71818148144104 687.7557913224087 673.0376098409676
180.0 14.64250546825891 688.7564280299433 674.1139225616844
183.0 14.2852241777874 673.7934766854447 659.5082525076573
186.0 14.39772611856715 681.3986665500076 667.0009404314405
189.0 14.24127536395755 676.6719837393491 662.4307083753915
192.0 14.21904066399096 676.8076881511119 662.588647487121
195.0 13.98156268038813 664.1589991576071 650.177436477219
198.0 13.86411228917529 669.8432652496302 655.9791529604549
201.0 13.91761535750244 669.0111371125458 655.0935217550433
204.0 13.85920651352114 669.2852630685526 655.4260565550315
207.0 13.6880896290541 668.4007150784239 654.7126254493698
210.0 13.48182636250084 660.2926369831737 646.8108106206729
213.0 13.84987482262179 674.2336499572187 660.383775134597
216.0 13.59462030388528 666.9816949062903 653.387074602405
219.0 13.44009702029105 658.7645597773182 645.3244627570272
222.0 13.36991077332349 658.0930305134038 644.7231197400803
225.0 13.47859178561493 667.338880671603 653.8602888859881
228.0 13.1502352696457 654.1902722326613 641.0400369630156
231.0 13.11695986461176 656.7596353181607 643.642675453549
234.0 13.16165695110247 662.7042758180649 649.5426188669625
237.0 13.06787754402307 659.945423159241 646.8775456152179
240.0 12.89978106235673 656.297637387849 643.3978563254923
243.0 12.82573957482124 653.8923467512783 641.0666071764571
246.0 12.65580275780283 650.9068664085983 638.2510636507954
249.0 12.47263059396154 650.7264736557633 638.2538430618017
252.0 12.34450677633273 649.6012426901397 637.256735913807
255.0 11.9839780911502 638.3129213554855 626.3289432643352
258.0 12.05180639419765 647.8561505266515 635.8043441324538
261.0 11.83789574591042 644.5124094377045 632.674513691794
264.0 11.79989252249757 644.6762334481742 632.8763409256766
267.0 11.68470553622418 646.9721401734949 635.2874346372707
270.0 11.42135334546756 639.7871113806503 628.3657580351827
273.0 11.11782053347737 634.4030306546404 623.285210121163
276.0 11.04299530545808 637.3318847199493 626.2888894144912
279.0 10.87300114106439 637.2963466312811 626.4233454902167
282.0 10.71826956952276 632.2418802817902 621.5236107122674
285.0 10.64113333823989 636.3886119209826 625.7474785827427
288.0 10.40477711791673 634.1433912019378 623.7386140840211
291.0 10.11502679896376 628.3922863729443 618.2772595739805
294.0 10.0059351070059 629.05251844301 619.0465833360041
297.0 9.809293269695295 628.2744157759255 618.4651225062302
300.0 9.639908847322454 626.5745587809751 616.9346499336527
303.0 9.455258119869609 625.8339901303288 616.3787320104592
306.0 9.291137869520317 625.3051795927825 616.0140417232622
309.0 8.986557743073461 618.4166199417362 609.4300621986628
312.0 8.800648756478043 617.2215638220316 608.4209150655535
315.0 8.562101469671866 614.0824376311581 605.5203361614862
318.0 8.447907138182329 616.1155845565079 607.6676774183255
321.0 8.162411357123681 610.1833811274401 602.0209697703164
324.0 8.022524432048031 612.3479095507948 604.3253851187468
327.0 7.810447223285604 610.8116913072298 603.0012440839442
330.0 7.57692569195872 606.7959752727188 599.2190495807601
333.0 7.383026993919749 604.6365129865518 597.253485992632
336.0 7.146498187462606 601.5869059617596 594.440407774297
339.0 6.996632306199969 602.6712456379437 595.6746133317437
342.0 6.81829591865631 601.9433627667851 595.1250668481288
345.0 6.601375143532358 599.5898961574421 592.9885210139097
348.0 6.409094026343423 598.4377650369357 592.0286710105923
351.0 6.180068067105509 595.6539569441657 589.4738888770602
354.0 5.988223950458562 593.1613213292346 587.173097378776
357.0 5.786805831087054 593.2110533498559 587.4242475187688
360.0 5.588286012473777 590.3303130043204 584.7420269918466
363.0 5.399488813489823 588.4988305876319 583.099341774142
366.0 5.212798301689153 587.3808797814413 582.1680814797521
369.0 5.033853387705736 586.0030964969857 580.9692431092799
372.0 4.801230390079597 582.9173384179216 578.116108027842
375.0 4.617212133610289 582.1563411568482 577.5391290232379
378.0 4.440473719907997 581.1030223431194 576.6625486232114
381.0 4.256771902202456 579.5109702476291 575.2541983454267
384.0 4.064955835135521 577.3006448200049 573.2356889848693
387.0 3.868109340487665 574.8240996341564 570.9559902936688
390.0 3.666816639920394 572.9094867543659 569.2426701144455
393.0 3.509655925037839 572.1694300198496 568.6597740948118
396.0 3.32179482620076 570.4899784675651 567.1681836413643
399.0 3.116617900904763 567.7108020057641 564.5941841048593
402.0 2.974211069698956 567.1607508378494 564.1865397681505
405.0 2.774852553057918 564.8120107867841 562.0371582337262
408.0 2.614416931052738 563.736553891127 561.1221369600743
411.0 2.427704752985607 561.6548783690253 559.2271736160397
414.0 2.26449443841701 560.4001227397329 558.1356283013159
417.0 2.10016077383787 558.7564273567279 556.65626658289
420.0 1.936283337399312 557.3498142558705 555.4135309184712
423.0 1.768551419428338 555.4484442353284 553.6798928159001
426.0 1.616515287042893 554.2362752910401 552.6197600039972
429.0 1.453854209781364 552.4424484113899 550.9885942016085
432.0 1.310231338510592 551.0972224174031 549.7869910788925
435.0 1.158365076626653 549.5814813790499 548.4231163024233
438.0 1.019694939637481 547.9634478292376 546.9437528896001
441.0 0.8769662165028485 546.3899003587463 545.5129341422435
444.0 0.7622355846410855 545.2178651365529 544.4556295519118
447.0 0.6413694555992271 543.7904639751471 543.1490945195479
450.0 0.5311789976096593 542.4771437091945 541.9459647115849
453.0 0.4256888775029594 540.981738586201 540.5560497086981
456.0 0.3373837536334146 539.8049768181394 539.467593064506
459.0 0.2484910770459814 538.4327700946644 538.1842790176184
462.0 0.1761471006671113 537.1383416408128 536.9621945401456
465.0 0.1133445060064234 535.7969519337193 535.6836074277129
468.0 0.0649316953207028 534.6107063297201 534.5457746343994
471.0 0.03260887414961422 533.3807410947123 533.3481322205627
474.0 0.006398473644214683 532.1388321045339 532.1324336308897
477.0 0 530.8658487445 530.8658487445
480.0 0.001712588851028179 529.4843469167207 529.4826343278696
483.0 0.03744666761358952 528.368147426957 528.3307007593434
486.0 0.07556236651562727 527.0522045875669 526.9766422210512
489.0 0.1424166942615089 525.860916272837 525.7184995785755
492.0 0.2129358112074679 524.418992775982 524.2060569647745
495.0 0.3016160746416052 522.9376592068554 522.6360431322138
498.0 0.4195647193216211 521.3391265010241 520.9195617817025
501.0 0.5687015567022199 519.9923063158818 519.4236047591796
504.0 0.7292680597307582 517.8952191968084 517.1659511370777
507.0 0.9164185933249803 516.0961629122118 515.1797443188868
510.0 1.143806354971254 514.3923930265319 513.2485866715607
513.0 1.360335031862962 511.3886266578578 510.0282916259948
516.0 1.643991022552077 509.3900880400043 507.7460970174522
519.0 1.939744949242946 506.4012789090506 504.4615339598076
522.0 2.270065554008429 504.4844046129099 502.2143390589015
525.0 2.6376623564131 500.9591855604093 498.3215232039962
528.0 3.039761418932334 497.6923503206746 494.6525889017423
531.0 3.387772536537423 494.5007077399967 491.1129352034593
534.0 3.942010027729801 492.844763095197 488.9027530674672
537.0 4.33917191039288 488.5329177496089 484.193745839216
540.0 5.085191047371879 484.7542854073403 479.6690943599684
543.0 5.484302413205091 480.0782124697062 474.5939100565011
546.0 6.274976596644087 473.5635480053216 467.2885714086775
549.0 7.175978114906269 475.5471518377128 468.3711737228065
552.0 8.030800067822796 446.0224807165192 437.9916806486964
555.0 8.605161050860998 475.0327188442934 466.4275577934324
558.0 8.744311921354567 442.6789909338382 433.9346790124836
561.0 13.85726387865094 396.0872980999512 382.2300342213002
564.0 12.97933075453627 411.5022151337592 398.5228843792229
567.0 16.56012310636442 376.8302217864071 360.2700986800427
570.0 19.15626900108215 362.5940030721987 343.4377340711165
573.0 18.99626833428059 364.1281958986904 345.1319275644098
576.0 20.31896341838214 361.7219171885345 341.4029537701524
579.0 27.59128274528264 329.7173652846981 302.1260825394155
582.0 41.1120298718512 277.6612963675522 236.549266495701
585.0 57.75558783891611 232.5255866881447 174.7699988492285
588.0 58.92168609324383 231.432467239172 172.5107811459282
591.0 69.25637524508385 205.722137 136.4657617549161
