0.0 17.82063784751966 778.6077658645382 760.7871280170185
3.0 16.2072338786453 776.9222171735226 760.7149832948772
6.0 15.28913035564142 774.7016111358643 759.4124807802228
9.0 14.72234720116052 772.9296763029564 758.2073291017959
12.0 14.32372388421687 771.164152012589 756.8404281283721
15.0 14.07064762151974 770.4586301780874 756.3879825565677
18.0 13.83217380723477 767.6808147029235 753.8486408956887
21.0 13.68386233324398 766.7448826906397 753.0610203573957
24.0 13.55149155902764 765.2990440793506 751.747552520323
27.0 13.43031450069511 763.8592096919226 750.4288951912275
30.0 13.32814575996328 762.6144944530455 749.2863486930822
33.0 13.22704200935725 761.2664572922766 748.0394152829193
36.0 13.14209032949946 760.1494236581474 747.0073333286479
39.0 13.06633644909986 758.7036342280033 745.6372977789034
42.0 12.98241967312007 757.1100583992418 744.1276387261217
45.0 12.9184645950969 755.7120005995702 742.7935360044733
48.0 12.86441313069952 754.6884063709812 741.8239932402816
51.0 12.78821866183243 752.7717976256993 739.9835789638668
54.0 12.74510156050215 751.2654527135092 738.5203511530071
57.0 12.69841789202342 749.6480364197323 736.9496185277089
60.0 12.67085560662238 748.1160067457022 735.4451511390798
63.0 12.63922363657629 746.1700705365662 733.5308468999899
66.0 12.63796334840613 744.8426819053602 732.204718556954
69.0 12.64696756705655 743.5314846452615 730.884517078205
72.0 12.64416499866234 741.7406815368446 729.0965165381822
75.0 12.66011192020817 740.6625598612692 728.0024479410611
78.0 12.67660974617146 738.6106209982172 725.9340112520458
81.0 12.68931858612762 736.2864560332288 723.5971374471011
84.0 12.73308235059097 735.9163562147685 723.1832738641775
87.0 12.77161898719146 734.4388604344393 721.6672414472478
90.0 12.80290851056423 731.9637267917364 719.1608182811722
93.0 12.8407809247961 729.3447655728642 716.5039846480681
96.0 12.92555070043551 728.4858416197593 715.5602909193238
99.0 13.00788212194053 726.0688444546919 713.0609623327513
102.0 13.13997369300614 725.0158494385835 711.8758757455774
105.0 13.24147382593313 722.84234343592 709.6008696099868
108.0 13.38838627934385 721.4447024003442 708.0563161210003
111.0 13.59775716426326 722.044261333763 708.4465041694997
114.0 13.71654218683589 719.422917358225 705.7063751713891
117.0 13.83273129227611 716.9565045171709 703.1237732248948
120.0 13.9591665102396 715.9332606518828 701.9740941416432
123.0 14.12598312580365 714.7274326920201 700.6014495662164
126.0 14.21157045284144 714.238075397637 700.0265049447956
129.0 14.30159456074438 713.1721772937052 698.8705827329609
132.0 14.3633744417194 712.0059084662493 697.6425340245299
135.0 14.46165041310788 713.543359135023 699.0817087219151
138.0 14.43759142816663 711.0410153385072 696.6034239103406
141.0 14.37406317184425 707.5393404989587 693.1652773271145
144.0 14.448089110531 708.242895635097 693.794806524566
147.0 14.33099471627076 706.7436215770463 692.4126268607756
150.0 14.25490334993526 701.6646315995903 687.409728249655
153.0 14.23811229905379 704.206887086191 689.9687747871372
156.0 14.14042851946601 701.9108390314182 687.7704105119522
159.0 14.15293533780203 704.7713857081497 690.6184503703477
162.0 13.95509854189151 694.02155724719 680.0664587052985
165.0 14.0020151838716 700.0393577909547 686.0373426070831
168.0 13.85202526801736 695.4155366129761 681.5635113449588
171.0 13.80704504505463 696.8986115923381 683.0915665472835
174.0 13.64588051938129 688.8000285737351 675.1541480543538
177.0 13.69661995537261 692.4852605453501 678.7886405899775
180.0 13.61611472109659 692.6867752090185 679.0706604879219
183.0 13.35273269169652 680.6845111837345 667.331778492038
186.0 13.41961796304993 686.0698576677751 672.6502397047252
189.0 13.29174137541457 682.4612840569457 669.1695426815311
192.0 13.2685631369073 682.5187803207839 669.2502171838766
195.0 13.10831859090211 673.0546455741543 659.9463269832522
198.0 12.96249687660505 675.1938889332676 662.2313920566625
201.0 13.0187172711537 675.3311722141091 662.3124549429554
204.0 12.95754303589116 675.6430116004656 662.6854685645744
207.0 12.79832063327543 672.9954480856701 660.1971274523946
210.0 12.64319525060583 666.3975792141238 653.754383963518
213.0 12.92234234154259 678.0082991792284 665.0859568376858
216.0 12.71445800182706 671.5277511660054 658.8132931641783
219.0 12.61331418191183 664.5473961103799 651.9340819284681
222.0 12.54504334508333 664.4768378255643 651.931794480481
225.0 12.59816758569139 671.0217135681105 658.4235459824191
228.0 12.35273979756652 660.3281913220614 647.9754515244949
231.0 12.30378906337847 662.0888591291605 649.7850700657821
234.0 12.31199625259207 666.4172054985903 654.1052092459982
237.0 12.2363082749167 663.9319142785539 651.6956060036372
240.0 12.09073331899826 660.953868825177 648.8631355061787
243.0 12.03136796913973 659.0836208962926 647.0522529271529
246.0 11.88045609143558 656.4419693541691 644.5615132627335
249.0 11.69950089963472 655.6336247904165 643.9341238907818
252.0 11.58097609295972 653.8507790457463 642.2698029527866
255.0 11.28554526921494 646.0919788265972 634.8064335573823
258.0 11.29789663879525 652.314622977121 641.0167263383258
261.0 11.10645511268618 648.9667995093529 637.8603443966667
264.0 11.0644081829056 649.7976107553799 638.7332025724743
267.0 10.93606429308181 650.985125361926 640.0490610688442
270.0 10.71759195713501 645.0844616998555 634.3668697427204
273.0 10.44821067575323 640.3150098776931 629.8667992019399
276.0 10.35587178085946 642.1571930612933 631.8013212804339
279.0 10.18636606725254 641.7253853108456 631.5390192435931
282.0 10.06134073588231 638.1126858813782 628.0513451454959
285.0 9.959810704289646 640.6740200435189 630.7142093392293
288.0 9.738093521995638 638.3621086904455 628.6240151684498
291.0 9.483713542033154 633.6332998301201 624.149586288087
294.0 9.370091455757266 633.9965773153163 624.626485859559
297.0 9.179309463515055 632.7860836129207 623.6067741494056
300.0 9.020689508258117 631.1494656241151 622.128776115857
303.0 8.84064073730224 630.2328105280472 621.392169790745
306.0 8.680057953968239 629.452649378823 620.7725914248547
309.0 8.416988968880837 624.0736505143046 615.6566615454237
312.0 8.238960451919975 622.7172843438518 614.4783238919318
315.0 8.020555257107896 619.7617727115844 611.7412174544766
318.0 7.894356223363905 620.8690886161149 612.974732392751
321.0 7.64434805595735 616.2606349149318 608.6162868589745
324.0 7.492852685261133 617.1258689082847 609.6330162230236
327.0 7.290691103262571 615.4767904190493 608.1860993157868
330.0 7.082080353829236 612.0564799231311 604.9743995693019
333.0 6.90123589420284 610.1604878190225 603.2592519248197
336.0 6.683886308022829 607.3702977054523 600.6864113974295
339.0 6.527928696563313 607.7099654254639 601.1820367289006
342.0 6.353578938571623 606.957827083621 600.6042481450494
345.0 6.152222803499478 604.5529051347125 598.400682331213
348.0 5.967040636779716 603.3318384108018 597.3647977740221
351.0 5.755956410991798 600.6542203474713 594.8982639364795
354.0 5.578345885389253 598.7421698737526 593.1638239883633
357.0 5.378269184371931 597.9587076571475 592.5804384727755
360.0 5.197887204759117 595.382438514336 590.1845513095769
363.0 5.019834453148162 593.8074067909523 588.7875723378041
366.0 4.839804363199981 592.6727033183848 587.8328989551848
369.0 4.670725052965818 590.9742384111257 586.3035133581599
372.0 4.45769350971322 588.1285540697818 583.6708605600685
375.0 4.279093593392589 587.016719422804 582.7376258294114
378.0 4.108789551495154 585.9147092829851 581.8059197314899
381.0 3.935456450129467 584.2504436325441 580.3149871824146
384.0 3.757384306668134 582.2284763748013 578.4710920681332
387.0 3.576223504953091 579.9263658592593 576.3501423543062
390.0 3.387367206372203 577.9729063406838 574.5855391343116
393.0 3.23505847672609 577.0425735865872 573.8075151098612
396.0 3.058076820234081 575.3146488169926 572.2565719967585
399.0 2.870633636130697 572.7261501268301 569.8555164906995
402.0 2.731866873097253 571.9765497691069 569.2446828960097
405.0 2.547610618435403 569.7092995734987 567.1616889550633
408.0 2.394366930306961 568.4622988352777 566.0679319049707
411.0 2.22123347148758 566.380871316958 564.1596378454704
414.0 2.066329635368937 564.9908303119188 562.9245006765499
417.0 1.91254935834183 563.3565981861342 561.4440488277923
420.0 1.757959898211761 561.8447436814004 560.0867837831886
423.0 1.60260757415018 559.9531729904935 558.3505654163433
426.0 1.458655338760749 558.6071780651072 557.1485227263464
429.0 1.307937590002341 556.7427999881668 555.4348623981644
432.0 1.173192404912513 555.3212033436898 554.1480109387773
435.0 1.031482030289279 553.6983839241988 552.6669018939095
438.0 0.9035961426022936 552.02843429934 551.1248381567377
441.0 0.7714741491017526 550.3550636307982 549.5835894816964
444.0 0.6647880318164014 549.0531197202806 548.3883316884642
447.0 0.5534893851059658 547.5653726787053 547.0118832935993
450.0 0.4523512167438261 546.129936255064 545.6775850383201
453.0 0.3570630212695405 544.5644455652189 544.2073825439494
456.0 0.2768841352367682 543.2938154915204 543.0169313562837
459.0 0.1975084648019506 541.8288363865283 541.6313279217263
462.0 0.1342868853201284 540.4291802278791 540.294893342559
465.0 0.08074280435266658 539.0551371456035 538.9743943412509
468.0 0.04080970509938057 537.7741760185786 537.7333663134792
471.0 0.01726878759946869 536.4841415026391 536.4668727150396
474.0 0 535.1734840664205 535.1734840664205
477.0 0.002684518404814595 533.891140108088 533.8884555896832
480.0 0.01425824310865999 532.5131423542235 532.4988841111149
483.0 0.05821240648926294 531.400048479874 531.3418360733848
486.0 0.1059113069868826 530.1078833951473 530.0019720881604
489.0 0.1816646786902451 528.939761831833 528.7580971531428
492.0 0.2627872092342082 527.5519324472095 527.2891452379753
495.0 0.3624384339874202 526.1380139339886 525.7755755000012
498.0 0.4921230916788439 524.6827164007651 524.1905933090863
501.0 0.651679420192355 523.4098537855926 522.7581743654002
504.0 0.8273132683882265 521.6032480785191 520.7759348101309
507.0 1.027845462763526 520.0261336712158 518.9982882084523
510.0 1.26804632515 518.5901597958902 517.3221134707402
513.0 1.506140805949616 515.9956876581614 514.4895468522118
516.0 1.80507016664909 514.2805248802973 512.4754547136482
519.0 2.122424805522806 511.8207693784519 509.6983445729291
522.0 2.467852046433202 510.1681922640164 507.7003402175832
525.0 2.861618432302541 507.1195310464177 504.2579126141152
528.0 3.287688316230874 504.4926138092997 501.2049254930688
531.0 3.661274992391791 501.2563020682811 497.5950270758893
534.0 4.227977289509369 500.5133979389689 496.2854206494595
537.0 4.65876727588758 496.2754835009707 491.6167162250831
540.0 5.43652682563561 492.6878912044133 487.2513643787776
543.0 5.869791797561467 488.6875620367127 482.8177702391512
546.0 6.712819028175358 482.2292487062355 475.5164296780601
549.0 7.600020620745788 485.7645255495969 478.1645049288511
552.0 8.703143966143498 447.7355112184856 439.0323672523421
555.0 9.05219614413163 482.4659416329693 473.4137454888377
558.0 9.449589022104416 443.3300624497056 433.8804734276012
561.0 14.93281303575449 396.7554572184489 381.8226441826944
564.0 13.9378569787912 412.2512996587528 398.3134426799616
567.0 17.79454422871479 377.0610677261904 359.2665234974756
570.0 20.51176640437044 362.6804779212786 342.1687115169082
573.0 20.33976057497067 364.1799365590798 343.8401759841091
576.0 21.68934975665795 361.7219946930586 340.0326449364006
579.0 29.24296781651414 329.7184709696012 300.4755031530871
582.0 43.23335825880476 277.6680482585206 234.4346899997158
585.0 60.3192534061486 232.5679385832313 172.2486851770827
588.0 61.50161962494994 231.4506402446482 169.9490206196982
591.0 72.09453048989734 205.722137 133.6276065101026
