0.0 16.4134582358142 782.45982071095 766.0463624751358
3.0 14.79889885018156 781.2507618162858 766.4518629661042
6.0 13.88930584640273 778.9209705067031 765.0316646603003
9.0 13.32990631970654 777.1872529986901 763.8573466789835
12.0 12.93963910122638 775.463832233848 762.5241931326216
15.0 12.68992057338206 774.5919736258539 761.9020530524719
18.0 12.46672539996614 771.9822192925481 759.515493892582
21.0 12.32357308597654 770.9623934550472 758.6388203690707
24.0 12.19880430262633 769.6803663535281 757.4815620509017
27.0 12.08610720801489 768.1688368044615 756.0827295964466
30.0 11.99106422264012 766.9181297511531 754.927065528513
33.0 11.89779639848075 765.5481470627005 753.6503506642198
36.0 11.8192442879613 764.4333778515721 752.6141335636108
39.0 11.75180089019437 763.0545792560705 751.3027783658761
42.0 11.67743004143284 761.4179811184202 749.7405510769874
45.0 11.62166019241725 760.054607048213 748.4329468557957
48.0 11.57390245999476 758.9495917667481 747.3756893067533
51.0 11.50897364234038 757.0870687774108 745.5780951350704
54.0 11.47480864831179 755.6297364475497 744.1549277992379
57.0 11.43797071609301 753.9910653553844 742.5530946392914
60.0 11.41983173706876 752.4415223850135 741.0216906479448
63.0 11.39988544187473 750.5662829638431 739.1663975219683
66.0 11.40690908319899 749.225592309776 737.818683226577
69.0 11.4241901387973 747.8946557957614 736.4704656569641
72.0 11.43252061586381 746.1010656936099 734.6685450777461
75.0 11.45587627708096 744.8412548974957 733.3853786204147
78.0 11.48475613827538 742.9417601116871 731.4570039734117
81.0 11.51111377930537 740.8845207874408 729.3734070081354
84.0 11.55893244879408 740.0646337242474 728.5057012754533
87.0 11.60687640487338 738.5900279925694 726.983151587696
90.0 11.65327806685204 736.2687841750484 724.6155061081964
93.0 11.70731001413512 733.7703070436001 722.062997029465
96.0 11.79851768667235 732.729752280791 720.9312345941186
99.0 11.89577438226592 730.5066928204994 718.6109184382335
102.0 12.03594298467164 729.2422546877343 717.2063117030626
105.0 12.15143242148653 727.1207487046472 714.9693162831607
108.0 12.30789014746507 725.7453488261819 713.4374586787168
111.0 12.51561043107957 726.091775368925 713.5761649378454
114.0 12.65107908471528 723.5897384211032 710.9386593363879
117.0 12.78266210614771 721.3415193164626 708.5588572103148
120.0 12.91649900835449 720.2339257473702 707.3174267390158
123.0 13.0919655619812 719.0069438238091 705.9149782618279
126.0 13.1818142923136 718.2966063943383 705.1147921020247
129.0 13.27874644908049 717.3243182881677 704.0455718390872
132.0 13.34803030114006 716.1983393157401 702.8503090146
135.0 13.43842108094572 717.3966629923336 703.9582419113879
138.0 13.42877445921542 715.2153084483596 701.7865339891442
141.0 13.3856117810316 712.0371982725 698.6515864914684
144.0 13.45489558961562 712.9760795821635 699.5211839925479
147.0 13.34925401638504 710.6016893288636 697.2524353124785
150.0 13.30003682313485 706.8349655965389 693.5349287734041
153.0 13.27023150933381 708.4727630528042 695.2025315434704
156.0 13.18582938220172 706.3112227428875 693.1253933606858
159.0 13.1843664129928 707.9842117417499 694.7998453287571
162.0 13.0451296346489 699.469153857161 686.4240242225121
165.0 13.05936691768457 704.0544745591787 690.9951076414941
168.0 12.93620602689563 699.763756598782 686.8275505718863
171.0 12.88458600797797 700.3497080401978 687.4651220322198
174.0 12.7681367639346 693.7381747986448 680.9700380347102
177.0 12.79830677453257 696.7677100044529 683.9694032299203
180.0 12.71809037388335 696.3219309970591 683.6038406231758
183.0 12.52031278619878 686.6685873357049 674.1482745495062
186.0 12.55959695851864 690.3264930994632 677.7668961409446
189.0 12.4509511374812 687.462493860322 675.0115427228408
192.0 12.42776293415219 687.3495706546091 674.9218077204569
195.0 12.31796188440968 680.2003340449532 667.8823721605435
198.0 12.16555224494554 680.0069412391909 667.8413889942454
201.0 12.21925446428606 680.7543025815799 668.5350481172938
204.0 12.15642209826181 680.8196288216597 668.6632067233979
207.0 12.01578439558732 677.265119279008 665.2493348834207
210.0 11.89692917548283 671.8744133815692 659.9774842060864
213.0 12.11185961736199 681.4698839411583 669.3580243237964
216.0 11.94087126338472 675.6772028788151 663.7363316154304
219.0 11.87907257377426 669.8085262677745 657.9294536940002
222.0 11.81005492430146 669.9340798675969 658.1240249432955
225.0 11.82917909070928 674.4827080347928 662.6535289440835
228.0 11.64262119267518 665.7277790275474 654.0851578348722
231.0 11.58431755852909 666.8922943633841 655.307976804855
234.0 11.56997266648488 669.838329402916 658.2683567364311
237.0 11.50858885899189 667.5727605137129 656.064171654721
240.0 11.37891148263489 665.1397810134807 653.7608695308458
243.0 11.3297268239741 663.6007910836236 652.2710642596495
246.0 11.19312897512484 661.3487767984344 650.1556478233095
249.0 11.01775369128648 660.006963297672 648.9892096063855
252.0 10.91095851408143 657.8076713847716 646.8967128706902
255.0 10.6544071215586 652.3656055124087 641.7111983908501
258.0 10.63525061337682 656.3986279461931 645.7633773328163
261.0 10.46331855368313 653.101236324818 642.6379177711349
264.0 10.41478448459742 654.2298700979883 643.8150856133909
267.0 10.28072573548895 654.6516624936135 644.3709367581246
270.0 10.09451745401721 649.7221037946107 639.6275863405935
273.0 9.851641869308559 645.4212672642814 635.5696253949729
276.0 9.749764359084045 646.4878853692285 636.7381210101445
279.0 9.582818685991344 645.7675177046407 636.1846990186494
282.0 9.476418946426201 643.0969521822311 633.6205332358049
285.0 9.361916399325403 644.5423073940888 635.1803909947633
288.0 9.153341988640184 642.1884962833291 633.0351542946889
291.0 8.92438678925921 638.2143427090785 629.2899559198193
294.0 8.808800817170015 638.2506434403852 629.4418426232152
297.0 8.625066665115938 636.8354968167304 628.2104301516145
300.0 8.475390578858971 635.2829222059365 626.8075316270775
303.0 8.300424026049441 634.2053367293305 625.9049127032811
306.0 8.144277320954311 633.2442326110518 625.0999552900975
309.0 7.909801639804936 628.861764184884 620.9519625450791
312.0 7.739305856694588 627.4512926635323 619.7119868068378
315.0 7.537380127099664 624.6737736339587 617.136393506859
318.0 7.405737207415619 625.0822688429457 617.6765316355301
321.0 7.180039015756067 621.3350398660103 614.1550008502542
324.0 7.024872409010453 621.3924041804684 614.3675317714579
327.0 6.831922181937324 619.6814543345072 612.8495321525698
330.0 6.641875926074176 616.705457145825 610.0635812197508
333.0 6.471251478763793 614.9422467332888 608.470995254525
336.0 6.269337297392076 612.3303606670352 606.0610233696431
339.0 6.112007730686655 612.1367049651397 606.0246972344531
342.0 5.941429835195641 611.3224928713088 605.3810630361132
345.0 5.753685787340187 608.9598594078085 603.2061736204683
348.0 5.57519699344213 607.6568868773041 602.0816898838619
351.0 5.379102821219994 605.0969703759972 599.7178675547772
354.0 5.211265256924417 603.4852269859757 598.2739617290512
357.0 5.016524945830892 602.1820545558791 597.1655296100482
360.0 4.850199995928882 599.8784784548885 595.0282784589596
363.0 4.680473173461162 598.4058696725637 593.7253964991025
366.0 4.506631082086689 597.183330376563 592.6766992944763
369.0 4.347523584586843 595.3570699449607 591.0095463603739
372.0 4.150195208188624 592.7288446442665 588.5786494360779
375.0 3.978224295184767 591.3609442331639 587.3827199379792
378.0 3.813904773665983 590.196170716803 586.3822659431371
381.0 3.649965247099435 588.4983574377025 584.8483921906031
384.0 3.48299069054305 586.5899938613507 583.1070031708076
387.0 3.314620360385772 584.4147915979647 581.1001712375789
390.0 3.13676440251717 582.4587501428951 579.3219857403779
393.0 2.989807980888165 581.3652963413206 578.3754883604324
396.0 2.822537509157571 579.6207727185831 576.7982352094255
399.0 2.649587080380705 577.1722988642398 574.5227117838591
402.0 2.515130122873826 576.2611390139856 573.7460088911118
405.0 2.343618289571228 574.0630499398966 571.7194316503254
408.0 2.19755842762334 572.698998091053 570.5014396634297
411.0 2.036270595273266 570.6281903800083 568.591919784735
414.0 1.889392915325826 569.1305055673157 567.2411126519899
417.0 1.744824559910588 567.494907237237 565.7500826773264
420.0 1.598928568333821 565.9050195945284 564.3060910261946
423.0 1.454354684059181 564.0215971845216 562.5672425004624
426.0 1.31820198372919 562.5747818008088 561.2565798170796
429.0 1.178303874303518 560.6621714918746 559.4838676175711
432.0 1.051774098664434 559.1736656374931 558.1218915388287
435.0 0.9195472891247151 557.4663043069894 556.5467570178647
438.0 0.8013839240498272 555.7561824806317 554.9547985565819
441.0 0.6791095224008515 554.0010159887306 553.3219064663298
444.0 0.5801836327661927 552.5968954766961 552.0167118439299
447.0 0.4776304314859566 551.0501613613263 550.5725309298403
450.0 0.3851229212928939 549.509710662751 549.1245877414581
453.0 0.2991788787509981 547.88110872808 547.581929849329
456.0 0.2266758221347985 546.52346934579 546.2967935236552
459.0 0.156187610374978 544.9725457923907 544.8163581820157
462.0 0.1015848396363151 543.4746318058776 543.3730469662413
465.0 0.05639503055909481 542.0538193778956 541.9974243473365
468.0 0.02446369056982729 540.6819023530018 540.657438662432
471.0 0.008998991934940428 539.3272476157068 539.3182486237718
474.0 0 537.9433265340641 537.9433265340641
477.0 0.0107772412036576 536.6261010618791 536.6153238206755
480.0 0.03109142208961564 535.2128477464937 535.1817563244041
483.0 0.08230198033873755 534.0777938691736 533.9954918888349
486.0 0.1383682084603571 532.7711913647801 532.6328231563198
489.0 0.2218938675013159 531.5876704247471 531.3657765572458
492.0 0.3121267783256077 530.203399466799 529.8912726884734
495.0 0.4211212931267859 528.8078043028185 528.3866830096917
498.0 0.5604308906239079 527.4210286771795 526.8605977865556
501.0 0.7288013126805641 526.1745521471465 525.445750834466
504.0 0.9161953881987668 524.5414898454501 523.6252944572513
507.0 1.127364393270129 523.0908664298878 521.9635020366177
510.0 1.377477676245287 521.8100320819083 520.432554405663
513.0 1.632237406060244 519.5141542891547 517.8819168830945
516.0 1.943137058790896 517.9683634745524 516.0252264157615
519.0 2.27648826175885 515.9106265581274 513.6341382963686
522.0 2.63380146972135 514.4227391048898 511.7889376351685
525.0 3.047777507399582 511.75475315392 508.7069756465204
528.0 3.491237092272863 509.6331358055709 506.141898713298
531.0 3.887215155117535 506.4268657112809 502.5396505561634
534.0 4.459990137131176 506.3269088325226 501.8669186953914
537.0 4.919159236677039 502.3209863946008 497.4018271579237
540.0 5.723429856051063 498.9565119834704 493.2330821274193
543.0 6.181873223814807 495.7460243676381 489.5641511438233
546.0 7.069487025425713 489.5837977858909 482.5143107604652
549.0 7.937700544024577 493.8460989649693 485.9083984209447
552.0 9.30574713403318 449.0423095397498 439.7365624057167
555.0 9.429578664961743 487.1788499516533 477.7492712866915
558.0 10.08684604478821 443.8161780249143 433.7293319801261
561.0 15.89387153634401 397.281236734435 381.387365198091
564.0 14.7962297815545 412.7943357939697 397.9981060124152
567.0 18.89703075800262 377.2454102543825 358.3483794963799
570.0 21.72100876200674 362.7471416143329 341.0261328523262
573.0 21.5386815930516 364.2220091228869 342.6833275298353
576.0 22.91209399816106 361.7220391882801 338.809945190119
579.0 30.71184312403214 329.7192165436252 299.0073734195931
582.0 45.11314013190194 277.6732465689457 232.5601064370438
585.0 62.58587826517056 232.6025592908953 170.0166810257247
588.0 63.78261580118506 231.4653876052857 167.6827718041007
591.0 74.60157289536026 205.722137 131.1205641046397
