0.0 11.98267724269579 795.1795449991062 783.1968677564104
3.0 10.3541052685277 794.420235437979 784.0661301694513
6.0 9.471406339142788 792.2358834035416 782.7644770643988
9.0 8.93372367419451 790.6037907674615 781.670067093267
12.0 8.569064657319836 788.8991382904072 780.3300736330874
15.0 8.334649555468428 787.7392667888502 779.4046172333817
18.0 8.153039409692504 785.6057733720909 777.4527339623984
21.0 8.029360409191283 784.347544938831 776.3181845296398
24.0 7.925805231927853 783.1305236121495 775.2047183802217
27.0 7.839665021896362 781.7215710624891 773.8819060405928
30.0 7.767244581148806 780.4600077352421 772.6927631540932
33.0 7.698904465546209 779.0888590650546 771.3899545995084
36.0 7.641280984196412 777.8800065880087 770.2387256038123
39.0 7.59790214392939 776.6272532332385 769.0293510893091
42.0 7.553931012145528 775.0140478531458 767.4601168410002
45.0 7.5231101610115 773.6843950718504 766.1612849108389
48.0 7.497748174482391 772.4049369286849 764.9071887542025
51.0 7.466950010113 770.6188876847019 763.1519376745889
54.0 7.459323979832161 769.2569763528656 761.7976523730334
57.0 7.453811939888526 767.6090302493986 760.1552183095101
60.0 7.465532482006758 766.0563285497431 758.5907960677364
63.0 7.479995528971716 764.3366501518731 756.8566546229014
66.0 7.514169657122442 762.8874549877617 755.3732853306393
69.0 7.558123070947803 761.5120772355449 753.9539541645971
72.0 7.601497992468998 759.7233453589372 752.1218473664682
75.0 7.652728241313297 758.2194490334965 750.5667207921832
78.0 7.715794991785883 756.6164507911249 748.900655799339
81.0 7.778627900180926 754.8878132525109 747.1091853523299
84.0 7.851130730781868 753.4013053350315 745.5501746042497
87.0 7.929560769740179 751.8192901365622 743.8897293668221
90.0 8.018076260792548 749.8671405681176 741.849064307325
93.0 8.118053638481793 747.7399688748766 739.6219152363948
96.0 8.236305383320138 746.2045565654509 737.9682511821308
99.0 8.374553552391678 744.3579076122201 735.9833540598284
102.0 8.545128006903195 742.8525360732091 734.3074080663059
105.0 8.702842522971493 740.8520277823558 732.1491852593843
108.0 8.888395678268093 739.5334415926717 730.6450459144036
111.0 9.101161398231977 739.1041575899181 730.0029961916862
114.0 9.283990146925497 737.0114757291729 727.7274855822474
117.0 9.455713108368278 735.356756561498 725.9010434531297
120.0 9.617023969330047 733.8941447612377 724.2771207919077
123.0 9.817205455990104 733.0056489145866 723.1884434585965
126.0 9.928805588469846 731.6964431749519 721.7676375864821
129.0 10.04373999487997 730.9879379414588 720.9441979465788
132.0 10.13579238884171 729.8940295235165 719.7582371346748
135.0 10.21348973272144 730.2234847075232 720.0099949748018
138.0 10.23770265161732 728.8457625800255 718.6080599284082
141.0 10.2482418369521 726.3154648390517 716.0672230020996
144.0 10.29985406115234 727.1947155252012 716.8948614640489
147.0 10.25331195934617 723.630680435618 713.3773684762718
150.0 10.25104642182929 722.062073813961 711.8110273921317
153.0 10.2085736441679 721.86236181996 711.6537881757921
156.0 10.15975464185682 720.1773550895425 710.0176004476857
159.0 10.15495762204845 719.0962627213747 708.9413050993263
162.0 10.1232915830182 715.8112544040782 705.68796282106
165.0 10.08696868448812 716.6981000571953 706.6111313727072
168.0 10.03376329225535 713.536912647235 703.5031493549797
171.0 9.989486788389261 712.3288431387637 702.3393563503745
174.0 9.960946160224605 709.3860844051197 699.4251382448951
177.0 9.951732481422167 710.5046749437961 700.5529424623739
180.0 9.894231816877588 708.6118739778598 698.7176421609822
183.0 9.823829242038934 704.2556635848702 694.4318343428312
186.0 9.832238838592175 704.2867188885265 694.4544800499343
189.0 9.764085345911767 702.5000788291372 692.7359934832254
192.0 9.749558784060075 701.6658137074493 691.9162549233892
195.0 9.729297403830682 698.7103035825879 688.9810061787572
198.0 9.617017650714522 695.3123972804671 685.6953796297526
201.0 9.648702105923748 696.6548770927186 687.0061749867949
204.0 9.595615511512619 695.4467074852664 685.8510919737538
207.0 9.528002618729923 691.7068852039225 682.1788825851925
210.0 9.48262704185321 689.0195372287535 679.5369101869003
213.0 9.570537948796437 693.1900118990208 683.6194739502244
216.0 9.488631438534995 689.4232398464945 679.9346084079595
219.0 9.509290718946956 686.4981046217943 676.9888139028473
222.0 9.441440014201314 685.8708469658386 676.4294069516373
225.0 9.415337203042004 686.5635680015293 677.1482307984873
228.0 9.348896781125692 682.1609899487477 672.812093167622
231.0 9.28029709915673 682.0592027241742 672.7789056250175
234.0 9.244309520269469 681.5928813394389 672.3485718191695
237.0 9.219462455786242 679.9724743166665 670.7530118608802
240.0 9.122618809518306 678.5710464418523 669.448427632334
243.0 9.096103146518429 677.6157172349478 668.5196140884293
246.0 8.989045193234191 676.4543210527818 667.4652758595476
249.0 8.849354819121536 673.9189775642296 665.0696227451081
252.0 8.788596579673176 671.4007136729146 662.6121170932414
255.0 8.59128087231294 669.4737729354864 660.8824920631735
258.0 8.534164379022762 669.9540272108794 661.4198628318567
261.0 8.419231294696012 667.1098823386417 658.6906510439457
264.0 8.348840179111422 667.869240214666 659.5204000355546
267.0 8.219579280820666 666.8955895582347 658.676010277414
270.0 8.102855090148992 664.0985113402889 655.9956562501399
273.0 7.928596722428755 660.7175035231766 652.7889068007479
276.0 7.819468654500153 660.4424615479561 652.6229928934559
279.0 7.668976024669657 659.2353102206635 651.5663341959939
282.0 7.595874731581582 657.9335928038163 650.3377180722347
285.0 7.473839015849485 657.3597472955387 649.8859082796892
288.0 7.307761489756611 654.9312849179798 647.6235234282232
291.0 7.135399607696814 652.4104594641648 645.275059856468
294.0 7.025781896393991 651.6185550177581 644.5927731213641
297.0 6.868139954619544 650.0488441834421 643.1807042288225
300.0 6.743106813597181 648.7461339024003 642.0030270888032
303.0 6.59026891313361 647.2175473577059 640.6272784445723
306.0 6.453611815056565 645.9100025294031 639.4563907143465
309.0 6.280426109690505 643.2400751762202 636.9596490665297
312.0 6.13390569238184 641.8616844412308 635.7277787488489
315.0 5.977152255797037 639.5564852537602 633.5793329979631
318.0 5.850394448849043 638.5673240543344 632.7169296054854
321.0 5.677300137833364 636.1862545054077 630.5089543675743
324.0 5.531724740892596 635.0941853829399 629.5624606420473
327.0 5.369025121877298 633.3293503233359 627.9603252014586
330.0 5.223206112342464 631.2670483891326 626.0438422767902
333.0 5.082084472166302 629.6005070816942 624.5184226095279
336.0 4.923021078882196 627.3628797744217 622.4398586955395
339.0 4.77780065314406 626.1401940535135 621.3623934003694
342.0 4.62268357525682 624.9962541858217 620.3735706105649
345.0 4.474122514345993 622.9783205210665 618.5041980067205
348.0 4.320111043203613 621.4127777246157 617.092666681412
351.0 4.166141990912559 619.2386847237182 615.0725427328056
354.0 4.02312051264734 617.8333245654449 613.8102040527976
357.0 3.858699893106017 615.8084224847156 611.9497225916096
360.0 3.72680415950182 614.173679012503 610.4468748530012
363.0 3.582281111098963 612.6592784816562 609.0769973705573
366.0 3.432538739328831 611.0544196608171 607.6218809214883
369.0 3.306177108782959 609.2543751946965 605.9481980859136
372.0 3.150394464120561 607.1646001724334 604.0142057083128
375.0 3.00687879780106 605.344125429349 602.3372466315479
378.0 2.864300757594218 603.9383518992492 601.074051141655
381.0 2.73034670392023 602.2407170149544 599.5103703110342
384.0 2.5954728591556 600.4688543195405 597.8733814603849
387.0 2.463343546954055 598.5443815447796 596.0810379978256
390.0 2.319328516203001 596.6776586198832 594.3583301036802
393.0 2.194955596708306 595.18680216822 592.9918465715117
396.0 2.058392350128693 593.4385762810268 591.3801839308981
399.0 1.926400060724004 591.3005654130849 589.3741653523609
402.0 1.811164951823155 589.9919515704814 588.1807866186583
405.0 1.677196974523108 587.9710144353042 586.293817460781
408.0 1.557199389452965 586.3930768893586 584.8358774999056
411.0 1.432359853932641 584.3980942117616 582.965734357829
414.0 1.314273103180013 582.665999722794 581.351726619614
417.0 1.199009670010581 580.9897086540394 579.7906989840288
420.0 1.083087983124056 579.2152985027871 578.1322105196631
423.0 0.9719779492861279 577.3684601055429 576.3964821562567
426.0 0.8637776942981643 575.682914765753 574.8191370714548
429.0 0.759135341372479 573.709146972912 572.9500116315396
432.0 0.660979224452492 572.0306254972347 571.3696462727822
435.0 0.5613830069576374 570.1349927036978 569.5736096967402
438.0 0.475123951205158 568.3332917747393 567.8581678235342
441.0 0.386641417332354 566.3827252047539 565.9960837874216
444.0 0.3156261330168599 564.7351712510677 564.4195451180508
447.0 0.2430225886588093 562.9949824231169 562.7519598344581
450.0 0.1814670658373353 561.1821119581906 561.0006448923533
453.0 0.1272706410743977 559.3796311613304 559.252360520256
456.0 0.08240170059798448 557.751257253705 557.668855553107
459.0 0.04319297247079397 555.9511596077264 555.9079666352557
462.0 0.01961692096642323 554.1523080025496 554.1326910815832
465.0 0.003069130509884707 552.5236472325993 552.5205781020894
468.0 0 550.8642206809306 550.8642206809306
471.0 0.01280708396827505 549.2733301056073 549.260523021639
474.0 0.03309869620559291 547.6173777109718 547.5842790147662
477.0 0.07153644949144046 546.0899882335141 546.0184517840227
480.0 0.1217577090242829 544.4454971647605 544.3237394557362
483.0 0.1975803006890481 543.1231605421053 542.9255802414162
486.0 0.2815597379892195 541.6450294100279 541.3634696720387
489.0 0.3912756312048187 540.2717600516931 539.8804844204883
492.0 0.511425870433696 538.7211958433928 538.2097699729592
495.0 0.650424014869281 537.2107204154521 536.5602964005829
498.0 0.819113103074975 535.805089092245 534.9859759891701
501.0 1.015459361464627 534.473496812287 533.4580374508224
504.0 1.2355084169444 533.0572570354186 531.8217486184742
507.0 1.477665635537052 531.6665868915835 530.1889212560464
510.0 1.755527497952273 530.5188364826402 528.763308984688
513.0 2.05374012027169 528.7615233520039 526.7077832317322
516.0 2.398407479179697 527.3747375328154 524.9763300536357
519.0 2.769252571701863 526.1428234280766 523.3735708563747
522.0 3.160611608835422 524.734642783133 521.5740311742976
525.0 3.626014620890298 522.8317928593097 519.2057782384194
528.0 4.108020594208828 521.7347223485723 517.6267017543635
531.0 4.572340846671592 518.6833828315653 514.1110419848937
534.0 5.145332753332014 519.7203139706624 514.5749812173304
537.0 5.683484554396378 516.433763129987 510.7502785755907
540.0 6.557352119823827 514.4248301575174 507.8674780376935
543.0 7.065327669097795 513.2069053458357 506.1415776767379
546.0 8.081903036075433 507.5609951997097 499.4790921636343
549.0 8.871169343819743 513.4345700806253 504.5634007368056
552.0 11.30542827395682 452.2420386344656 440.9366103605087
555.0 10.6382288907678 494.5692967784308 483.931067887663
558.0 12.22413511079739 444.9794385073207 432.7553033965233
561.0 19.04665023753928 398.6364887454669 379.5898385079277
564.0 17.62730292283911 413.9915807373046 396.3642778144655
567.0 22.50638710492544 377.7345654850152 355.2281783800897
570.0 25.67023357367248 362.9149068629723 337.2446732892998
573.0 25.45624996777378 364.3383870936573 338.8821371258836
576.0 26.90609835312178 361.7221059149324 334.8160075618106
579.0 35.47938059970375 329.7206802135296 294.2412996138259
582.0 51.17193923903375 277.6861650610681 226.5142258220343
585.0 69.85936183773012 232.698532900246 162.8391710625159
588.0 71.10201131920847 231.5056578420779 160.4036465228694
591.0 82.63194408380488 205.722137 123.0901929161951
