0.0 11.37962623005947 796.9615173512002 785.5818911211407
3.0 9.748795987329191 796.199719953889 786.4509239665598
6.0 8.86942830009416 794.0560364609005 785.1866081608063
9.0 8.334581547751754 792.4306926217208 784.096111073969
12.0 7.973405756017853 790.7263461448077 782.7529403887899
15.0 7.741426851251448 789.5435189094509 781.8020920581995
18.0 7.564820117584723 787.4640493725489 779.8992292549642
21.0 7.444122909908306 786.1812991478647 778.7371762379564
24.0 7.343476837161465 784.9528903265093 777.6094134893478
27.0 7.260747275663034 783.5654760994514 776.3047288237883
30.0 7.191416163367864 782.3056070752445 775.1141909118766
33.0 7.126458644293521 780.9377935322853 773.8113348879917
36.0 7.071847733272912 779.7138046610811 772.6419569278082
39.0 7.031601809246496 778.4692546727887 771.4376528635422
42.0 6.991694630533118 776.8681324013709 769.8764377708377
45.0 6.964250746974881 775.5380206203924 768.5737698734175
48.0 6.942171401317822 774.2414980295292 767.2993266282113
51.0 6.91592333952315 772.4655133944353 765.5495900549121
54.0 6.911813036080423 771.1070646703902 764.1952516343098
57.0 6.910567454553066 769.4617488471467 762.5511813925936
60.0 6.926353052884573 767.9105221837714 760.9841691308868
63.0 6.945304634626506 766.2057485862934 759.2604439516669
66.0 6.983356621909151 764.739996647702 757.7566400257929
69.0 7.031005932948335 763.3599025753037 756.3288966423554
72.0 7.079137430847274 761.5762180443617 754.4970806135144
75.0 7.134427186139523 760.0598724858975 752.925445299758
78.0 7.201796416714958 758.4783422204913 751.2765458037763
81.0 7.269266186381684 756.7647735073593 749.4955073209776
84.0 7.345872525882848 755.2406654250669 747.894792899184
87.0 7.428641895752261 753.6412402935026 746.2125983977504
90.0 7.522418078990787 751.7225343005637 744.2001162215729
93.0 7.628126176525848 749.6405496836558 742.01242350713
96.0 7.750745305887746 748.0532113771866 740.3024660712988
99.0 7.894111290002146 746.2384791143387 738.3443678243365
102.0 8.069047940222396 744.7297251485959 736.6606772083735
105.0 8.232356193804188 742.742083955209 734.5097277614049
108.0 8.421820109781926 741.422625534892 733.0008054251101
111.0 8.636370488093525 740.9053989261891 732.2690284380956
114.0 8.825040292159166 738.8700606686105 730.0450203764513
117.0 9.001432270176525 737.2753124267717 728.2738801565952
120.0 9.16702686216625 735.7652223835345 726.5981955213682
123.0 9.369947784255243 734.9468457184159 725.5768979341606
126.0 9.485317401615221 733.5803931642095 724.0950757625943
129.0 9.602363299308838 732.8936616547862 723.2912983554774
132.0 9.697500365754871 731.7983426266052 722.1008422608504
135.0 9.774671945820313 732.0294047884596 722.2547328426392
138.0 9.802424147819278 730.7314720261258 720.9290478783065
141.0 9.819509210559528 728.2454317918876 718.4259225813281
144.0 9.869039376119221 729.0703503473704 719.2013109712512
147.0 9.831659558068967 725.4975030328101 715.6658434747412
150.0 9.833289799388825 724.0594411537236 714.2261513543347
153.0 9.791450843511683 723.6886426062264 713.8971917627147
156.0 9.74682244259292 722.0508822029238 712.3040597603308
159.0 9.745151458201663 720.7223715984159 710.9772201402143
162.0 9.721296574513208 717.9265797945191 708.2052832200058
165.0 9.683066581435539 718.4392476705315 708.756181089096
168.0 9.637757348284455 715.4184933567703 705.7807360084858
171.0 9.596689928193167 714.0726153339908 704.4759254057976
174.0 9.575258943148008 711.4827078803908 701.9074489372428
177.0 9.563418683633411 712.3676375530094 702.804218869376
180.0 9.510845446976806 710.3576379120809 700.8467924651041
183.0 9.450944981896554 706.4855133515274 697.0345683696308
186.0 9.459691774364066 706.2180469109175 696.7583551365535
189.0 9.395947912030705 704.4732591478286 695.0773112357979
192.0 9.383671379007235 703.5481454745011 694.1644740954939
195.0 9.370651344387167 700.8840960866663 691.5134447422791
198.0 9.267066286026286 697.3766569027259 688.1095906166996
201.0 9.295379037464883 698.6884360429489 689.393057005484
204.0 9.245490715141911 697.3322005299844 688.0867098148425
207.0 9.18723389111367 693.7423965355466 684.5551626444329
210.0 9.148416079072561 691.2891986364685 682.140782557396
213.0 9.226483894644581 694.8733982228454 685.6469143282008
216.0 9.15384613641526 691.3436257826424 682.1897796462271
219.0 9.181773131625968 688.7145157715836 679.5327426399576
222.0 9.115603468638985 687.912067411851 678.796463943212
225.0 9.088014610644669 688.3175866013309 679.2295719906862
228.0 9.032325093901848 684.3097490511076 675.2774239572058
231.0 8.963976087996483 684.0824232448853 675.1184471568888
234.0 8.929520441392217 683.3045484741243 674.375028032732
237.0 8.908711563949043 681.7684049051098 672.8596933411608
240.0 8.81519668136039 680.411582388908 671.5963857075476
243.0 8.791013748894092 679.5194409736408 670.7284272247467
246.0 8.686588034058624 678.4380221227042 669.7514340886456
249.0 8.553242110020748 675.8160856179085 667.2628435078878
252.0 8.498805049114537 673.3528317269294 664.8540266778148
255.0 8.305742851222237 671.6049365823825 663.2991937311603
258.0 8.247543194924051 671.8497452286466 663.6022020337226
261.0 8.139592932350947 669.0926117419418 660.9530188095908
264.0 8.067230859651593 669.7066448539102 661.6394139942586
267.0 7.9403015515483 668.6305197061917 660.6902181546434
270.0 7.830283740208665 666.0318108711518 658.2015271309431
273.0 7.6642758376432 662.7149113014601 655.0506354638169
276.0 7.555681699752662 662.3642150404896 654.8085333407369
279.0 7.407968442211157 661.1333792095167 653.7254107673056
282.0 7.337987970460676 659.8842837505652 652.5462957801045
285.0 7.217308389437984 659.1750074287719 651.9576990393339
288.0 7.057122862305809 656.7383457491184 649.6812228868126
291.0 6.890727898740048 654.3208792809544 647.4301513822143
294.0 6.782967418543251 653.4668973361493 646.6839299176061
297.0 6.629000042199322 651.8943677738192 645.2653677316199
300.0 6.507001720666956 650.6114577098144 644.1044559891475
303.0 6.357803499262936 649.0348454090336 642.6770419097707
306.0 6.224224309835018 647.7018452353133 641.4776209254783
309.0 6.057364944949668 645.1554713831566 639.0981064382069
312.0 5.914039046049604 643.7828645414174 637.8688254953678
315.0 5.762807182792182 641.5260647447026 635.7632575619104
318.0 5.638435795678672 640.4282780676977 634.789842272019
321.0 5.470970294679977 638.1301065139719 632.6591362192919
324.0 5.327933595820572 636.9802195190128 631.6522859231923
327.0 5.169400096308234 635.2144879017005 630.0450878053922
330.0 5.02845973604612 633.2305157055634 628.2020559695173
333.0 4.891308463640467 631.560002484213 626.6686940205725
336.0 4.737602068620502 629.3577150804457 624.6201130118252
339.0 4.595284339842112 628.0588696576758 623.4635853178337
342.0 4.442806222670574 626.8622003742216 622.419394151551
345.0 4.299037607595865 624.8958701961397 620.5968325885438
348.0 4.148734571467081 623.3006655067828 619.1519309353158
351.0 3.999958036061243 621.1716119654628 617.1716539294016
354.0 3.860236726803259 619.75123589189 615.8909991650867
357.0 3.700689458743068 617.7000386044288 613.9993491456857
360.0 3.572625462462982 616.1216001642158 612.5489747017528
363.0 3.431689839839999 614.5870139564609 611.1553241166209
366.0 3.285788685278313 612.9377919208951 609.6520032356168
369.0 3.163751198395464 611.158505773255 607.9947545748596
372.0 3.012933218865981 609.1161885414731 606.1032553226071
375.0 2.873810431192983 607.2712523670017 604.3974419358087
378.0 2.734558259512339 605.8332719156746 603.0987136561622
381.0 2.604661466646887 604.1417285535116 601.5370670868647
384.0 2.474039422300525 602.3724229168505 599.8983834945499
387.0 2.346543978130639 600.4671615687169 598.1206175905862
390.0 2.206986312389391 598.6166555952578 596.4096692828684
393.0 2.086214005256081 597.0893940024285 595.0031799971725
396.0 1.953843027079414 595.3390512309262 593.3852082038468
399.0 1.827024354512402 593.2325727310092 591.4055483764968
402.0 1.71494459221202 591.8837172060896 590.1687726138775
405.0 1.585859914938679 589.8794762143196 588.2936162993809
408.0 1.469672871980443 588.2862805980251 586.8166077260447
411.0 1.349679117312246 586.3035608526138 584.9538817353015
414.0 1.23581350815295 584.552480608627 583.3166671004741
417.0 1.124618242295474 582.8684384371149 581.7438201948194
420.0 1.013033547926931 581.0746016232086 580.0615680752817
423.0 0.9064286089289287 579.2332795065276 578.3268508975987
426.0 0.8023613212038214 577.5230560139041 576.7206946927003
429.0 0.7025772583347843 575.5501834499792 574.8476061916444
432.0 0.6085582749547942 573.8497425942086 573.2411843192538
435.0 0.5136525923993818 571.9379455503908 571.4242929579914
438.0 0.4318650054743713 570.1271676297054 569.6953026242311
441.0 0.3482474498292524 568.1582921503959 567.8100447005666
444.0 0.2813623544062745 566.4866426446064 566.2052802902001
447.0 0.2131259351180145 564.7219795742132 564.5088536390952
450.0 0.1561596203297973 562.881503120776 562.7253435004462
453.0 0.1065331152214508 561.0599833622614 560.95345024704
456.0 0.06582460627063513 559.3980416368956 559.3322170306249
459.0 0.03122986394339415 557.570346450112 557.5391165861686
462.0 0.01231600140672849 555.7355420797522 555.7232260783455
465.0 0 554.0754001281984 554.0754001281984
468.0 0.001283444658488425 552.3802974546286 552.3790140099701
471.0 0.01830171873195435 550.757059681455 550.7387579627231
474.0 0.04300057312325949 549.0629964205198 549.0199958473965
477.0 0.08555396340163646 547.5008440489668 547.4152900855651
480.0 0.1402290034441116 545.819289497685 545.6790604942409
483.0 0.219732612539211 544.4610039457412 544.2412713332019
486.0 0.3078138715869426 542.9512231692586 542.6434092976717
489.0 0.4214312215876438 541.5421608438384 541.1207296222508
492.0 0.5459713297242098 539.9553616131983 539.4093902834741
495.0 0.6892956081504747 538.4151680732524 537.7258724651019
498.0 0.8621041387593154 536.9884061561058 536.1263020173465
501.0 1.062455327925762 535.631126523146 534.5686711952202
504.0 1.286751103417466 534.2196543537078 532.9329032502903
507.0 1.533181756300493 532.8059095533681 531.2727277970676
510.0 1.814763313518382 531.6468121825246 529.8320488690062
513.0 2.1182741363211 529.9232055215713 527.8049313852502
516.0 2.467455685691603 528.5253802323561 526.0579245466645
519.0 2.842375201608289 527.3630806051852 524.5207054035769
522.0 3.238457715636665 525.9183178069182 522.6798600912815
525.0 3.709941585939351 524.072289757123 520.3623481711837
528.0 4.195950616305397 523.0515830466943 518.8556324303889
531.0 4.669401042441887 520.0065249322867 515.3371238898448
534.0 5.241083046382353 521.1211006741314 515.8800176277491
537.0 5.789117327801799 517.878443018902 512.0893256911002
540.0 6.670145149860341 516.1293281844807 509.4591830346203
543.0 7.182429721365531 515.0420289393753 507.8595992180098
546.0 8.216469990421302 509.2751097962459 501.0586398058246
549.0 8.991944731226192 515.6058570914243 506.6139123601981
552.0 11.59398802003209 452.5932631116388 440.9992750916067
555.0 10.81482896424872 495.0559828827003 484.2411539184516
558.0 12.5342581066452 445.1055614545604 432.5713033479152
561.0 19.49494731316728 398.7916588845185 379.2967115713513
564.0 18.03204048324988 414.1091965474056 396.0771560641557
567.0 23.01814377351481 377.7921089695996 354.7739651960848
570.0 26.22879146180123 362.9338864488267 336.7050949870255
573.0 26.0105572073023 364.3526758909968 338.3421186836945
576.0 27.4709947444126 361.7221103162238 334.2511155718112
579.0 36.14975700330158 329.7208091576013 293.5710521542997
582.0 52.01838085349384 277.6875979440428 225.669217090549
585.0 70.87132307112033 232.7102866926485 161.8389636215281
588.0 72.12031305870929 231.5105176895779 159.3902046308686
591.0 83.74725421054377 205.722137 121.9748827894562
