0.0 9.179132075154491 803.5483874668317 794.3692553916772
3.0 7.540265164154037 802.7295216107775 795.1892564466235
6.0 6.672208071794014 800.7338776431606 794.0616695713666
9.0 6.14766471105188 799.118539685098 792.9708749740462
12.0 5.799234723242506 797.4210075364373 791.6217728131948
15.0 5.576635867586531 796.1698304107809 790.5931945431944
18.0 5.417270656057105 794.2630783626949 788.8458077066378
21.0 5.307976478249536 792.910712729866 787.6027362516165
24.0 5.21827158215049 791.6360618290786 786.4177902469281
27.0 5.147617113978037 790.3138646516552 785.1662475376771
30.0 5.089554562534638 789.0659093318604 783.9763547693257
33.0 5.03691880644119 787.7120254110525 782.6751066046113
36.0 4.993665333088644 786.439722541773 781.4460572086844
39.0 4.964774284692811 785.2120931660779 780.2473188813851
42.0 4.939485488524139 783.6586797344798 778.7191942459557
45.0 4.924449363318658 782.3229873339442 777.3985379706255
48.0 4.914749655979144 780.973242907973 776.0584932519939
51.0 4.904944633392004 779.23900023387 774.334055600478
54.0 4.913705527113263 777.8780953830627 772.9643898559494
57.0 4.928032349237878 776.2457873391924 771.3177549899545
60.0 4.958690215012711 774.6998889988664 769.7411987838537
63.0 4.993806566812735 773.0397387365715 768.0459321697587
66.0 5.046419547571827 771.5208064319285 766.4743868843566
69.0 5.107728556744962 770.1220088209538 765.0142802642088
72.0 5.173147684350171 768.3683692561496 763.1952215717995
75.0 5.243541402522478 766.8202241098952 761.5766827073727
78.0 5.326317787697274 765.2888447072816 759.9625269195844
81.0 5.41053900076961 763.6095595301659 758.1990205293963
84.0 5.50280891687024 762.0040159980766 756.5012070812063
87.0 5.601847037356738 760.3490080217055 754.7471609843487
90.0 5.714294845435329 758.5192769663607 752.8049821209254
93.0 5.840077270816027 756.5854764740997 750.7453992032836
96.0 5.979714254706283 754.8484634599357 748.8687492052294
99.0 6.141240132151259 753.1234580245435 746.9822178923922
102.0 6.332138990969664 751.6301812327946 745.298042241825
105.0 6.515700323809158 749.6818693897093 743.1661690659002
108.0 6.719611307868901 748.33464166883 741.6150303609611
111.0 6.942451206824605 747.5516589472059 740.6092077403813
114.0 7.151276061888418 745.7240679690413 738.5727919071528
117.0 7.34362755475915 744.3033261799601 736.959698625201
120.0 7.525901227267403 742.6426865741779 735.1167853469105
123.0 7.737316349877919 742.0766759243619 734.339359574484
126.0 7.867557333917105 740.5604545698189 732.6928972359018
129.0 7.991982902476973 739.9212044250127 731.9292215225357
132.0 8.09850204719436 738.808735825749 730.7102337785546
135.0 8.175792583994451 738.7155619492857 730.5397693652912
138.0 8.214987655840259 737.645818508936 729.4308308530957
141.0 8.255338275843935 735.2572919773223 727.0019537014784
144.0 8.298537826882688 735.8588259498029 727.5602881229202
147.0 8.294101006479944 732.4815298214596 724.1874288149797
150.0 8.307959944535276 731.2994850450403 722.9915251005051
153.0 8.271873875448943 730.3970698059549 722.125195930506
156.0 8.241803842090951 728.8647955460775 720.6229917039866
159.0 8.256138858342094 726.8866195410088 718.6304806826667
162.0 8.251587934537402 725.477053412234 717.2254654776966
165.0 8.213716561054427 724.8720940384817 716.6583774774273
168.0 8.19441698760157 722.3200664384943 714.1256494508928
171.0 8.167570972809886 720.6284404020183 712.4608694292084
174.0 8.16551637746474 719.0244212803582 710.8589049028935
177.0 8.148929501949137 719.1348021072082 710.9858726052591
180.0 8.11646997922943 716.8443239339986 708.7278539547692
183.0 8.085781354496112 714.3628035115683 706.2770221570722
186.0 8.101308436589047 713.2854180115753 705.1841095749863
189.0 8.053197575683866 711.5946710576181 703.5414734819342
192.0 8.051030759819025 710.3789057260241 702.3278749662051
195.0 8.059458852028718 708.4238002078202 700.3643413557915
198.0 7.988874038154462 704.8571998676581 696.8683258295036
201.0 8.005983669574897 705.929425432703 697.9234417631281
204.0 7.970620727806521 704.1653667002391 696.1947459724325
207.0 7.942914716407359 701.2298987843045 693.2869840678972
210.0 7.923791795048484 699.4102558626883 691.4864640676399
213.0 7.977511758820928 701.1865582155665 693.2090464567455
216.0 7.934043644722703 698.4036579887834 690.4696143440607
219.0 7.982862879178965 696.6428502183926 688.6599873392137
222.0 7.926730167129503 695.208216390636 687.2814862235065
225.0 7.898844593189935 694.8809732129928 686.9821286198029
228.0 7.874979518199391 692.0143442921161 684.1393647739167
231.0 7.810187910960038 691.361076363914 683.550888452954
234.0 7.787055150323702 689.7684645400909 681.9814093897672
237.0 7.779239867543345 688.5255104545404 680.7462705869971
240.0 7.697564596066674 687.1652678727756 679.467703276709
243.0 7.680484256200991 686.5207266075679 678.8402423513669
246.0 7.584635615183504 685.5385375421576 677.9539019269741
249.0 7.475900735170884 682.7557266647776 675.2798259296067
252.0 7.442947843079939 680.6182355644444 673.1752877213644
255.0 7.262758733994176 679.2021543536701 671.9393956196759
258.0 7.204858910930894 678.8281360042616 671.6232770933307
261.0 7.120501197749787 676.4108285864214 669.2903273886716
264.0 7.044385489612115 676.4312530359993 669.3868675463872
267.0 6.92785018802071 675.0922024067264 668.1643522187057
270.0 6.838549198723253 673.081230785695 666.2426815869717
273.0 6.701724484828871 669.9050225600183 663.2032980751895
276.0 6.596219275787181 669.4212024282413 662.8249831524541
279.0 6.459024014686649 668.1547288202674 661.6957048055808
282.0 6.399892708206406 666.9498824051138 660.5499896969074
285.0 6.286464537072584 665.9357689250678 659.6493043879952
288.0 6.148081132152369 663.4637584656559 657.3156773335035
291.0 6.001789759413608 661.2882577911636 655.28646803175
294.0 5.901818864819566 660.3144178152025 654.412598950383
297.0 5.761406671256142 658.724741783667 652.9633351124108
300.0 5.650246966660901 657.4725408723033 651.8222939056424
303.0 5.515340364668631 655.751948453704 650.2366080890354
306.0 5.393483152318685 654.3605281536241 648.9670450013055
309.0 5.247558741812574 652.1417755518807 646.8942168100681
312.0 5.115881612119744 650.7725179031778 645.656636291058
315.0 4.983927005695649 648.6653288455097 643.6814018398141
318.0 4.870283653796721 647.2828544551519 642.4125708013552
321.0 4.722037196902388 645.1802385334671 640.4582013365647
324.0 4.589239056425026 643.9085832335659 639.3193441771408
327.0 4.446024521102267 642.131481695628 637.6854571745258
330.0 4.321461680044809 640.375835143941 636.0543734638962
333.0 4.198988851824266 638.6831715735176 634.4841827216933
336.0 4.064226644978345 636.5878539162064 632.5236272712281
339.0 3.933885777138022 635.1041288572111 631.1702430800731
342.0 3.792250871800171 633.7157353829828 629.9234845111826
345.0 3.664965290565893 631.9224433775697 628.2574780870038
348.0 3.528857059833744 630.234917657034 626.7060605972003
351.0 3.398213900209106 628.245387018488 624.8471731182789
354.0 3.27101729499325 626.7483515731566 623.4773342781633
357.0 3.129603014418853 624.6849202371304 621.5553172227115
360.0 3.014627061444492 623.2340546886108 620.2194276271663
363.0 2.887267429020729 621.6342927318911 618.7470253028703
366.0 2.756313781816073 619.8556916680256 617.0993778862095
369.0 2.649677228063452 618.1495606060133 615.4998833779498
372.0 2.516203812273908 616.2289986214618 613.7127948091879
375.0 2.393527780294175 614.3482080731043 611.9546802928101
378.0 2.267156128982491 612.7999057321509 610.5327496031684
381.0 2.151985583361896 611.134670921738 608.9826853383761
384.0 2.03694888963696 609.3617348048729 607.324785915236
387.0 1.926103868444513 607.5040469344841 605.5779430660395
390.0 1.802543143886347 605.7087148055337 603.9061716616473
393.0 1.695649056174329 604.0835833677423 602.387934311568
396.0 1.578733923409859 602.3149409192216 600.7362069958117
399.0 1.470232559645125 600.3123363782399 598.8421038185948
402.0 1.37051509640861 598.8428837773726 597.472368680964
405.0 1.259038297500308 596.8794956360055 595.6204573385052
408.0 1.157084056997921 595.2511800587826 594.0940960017847
411.0 1.05459402328713 593.3109954374874 592.2564014142003
414.0 0.9565440456993775 591.512514099511 590.5559700538117
417.0 0.8604361909017959 589.8007505441297 588.9403143532279
420.0 0.7651468510086401 587.9458764208546 587.180729569846
423.0 0.6749470508492525 586.1220305631794 585.4470835123301
426.0 0.5865303642664925 584.3349962051597 583.7484658408932
429.0 0.5044949824831407 582.377230076043 581.8727350935599
432.0 0.4260899385153085 580.6080815094076 580.1819915708923
435.0 0.3486771527140761 578.6543886271375 578.3057114744234
438.0 0.283471712887894 576.8138963608278 576.5304246479399
441.0 0.218039785447575 574.7937101903802 574.5756704049326
444.0 0.1667728304494173 573.0498469409909 572.8830741105415
447.0 0.1150588937754735 571.2047299738028 571.0896710800273
450.0 0.07545400402667064 569.2843013524744 569.2088473484477
453.0 0.04297016147889413 567.4025228786146 567.3595527171357
456.0 0.01821686570840302 565.6297429972533 565.6115261315449
459.0 0.001084279134335994 563.7197252169274 563.718640937793
462.0 0 561.7704459159492 561.7704459159492
465.0 0.003895222382272009 559.9960720839675 559.9921768615852
468.0 0.02188403182726051 558.1825542980387 558.1606702662115
471.0 0.05503585119104638 556.4478013611442 556.3927655099531
474.0 0.09671714187404745 554.6205675906822 554.5238504488081
477.0 0.1551377960455956 552.929819489711 552.7746816936654
480.0 0.2269543774430103 551.1160607776231 550.8891064001801
483.0 0.3207988463728139 549.6133657597532 549.2925669133804
486.0 0.4246436890361522 547.9819687816343 547.5573250925982
489.0 0.5533847369210032 546.4356236838271 545.8822389469061
492.0 0.6948782182393633 544.7016138195858 544.0067356013465
495.0 0.8547855783256234 543.0359997332979 542.1812141549723
498.0 1.043251444799025 541.5091971342551 540.465945689456
501.0 1.258922851015337 540.0399843067054 538.7810614556901
504.0 1.49879148578076 538.6175840945159 537.1187926087351
507.0 1.761572590035455 537.0732964926908 535.3117239026554
510.0 2.057188011994366 535.8341105589024 533.776922546908
513.0 2.379596461256935 534.1755832848454 531.7959868235885
516.0 2.745744394526638 532.691544121141 529.9457997266144
519.0 3.134293807731028 531.7220222725727 528.5877284648416
522.0 3.54880188936489 530.0621565813357 526.5133546919708
525.0 4.041571665045501 528.3589303126196 524.3173586475741
528.0 4.540938006750503 527.5179830016302 522.9770449948797
531.0 5.047895981837138 524.4485876754972 519.4006916936601
534.0 5.613434509144039 525.7464566165205 520.1330221073765
537.0 6.197199822527016 522.5368603547515 516.3396605322245
540.0 7.098268775292388 521.8682284091678 514.7699596338754
543.0 7.624567719515548 520.9559397307182 513.3313720112026
546.0 8.727072421661211 514.2608171554604 505.5337447337992
549.0 9.439012793312229 523.0612726894164 513.6222598961041
552.0 12.69509770551849 453.7455083634697 441.0504106579512
555.0 11.50393122410887 496.3133423393009 484.809411115192
558.0 13.71910125457043 445.5182244516217 431.7991231970512
561.0 21.18578690983127 399.3101613517079 378.1243744418767
564.0 19.56406065118203 414.472209422767 394.908148771585
567.0 24.94370361855612 377.9870809890258 353.0433773704697
570.0 28.32677388107989 362.9972450470101 334.6704711659302
573.0 28.0930448791677 364.4023266369956 336.3092817578279
576.0 29.59261551035355 361.7221216446101 332.1295061342565
579.0 38.65813539010428 329.7211876607783 291.063052270674
582.0 55.1723044440379 277.6923117253675 222.5200072813296
585.0 74.63193019108831 232.7509960464294 158.1190658553411
588.0 75.9043167205803 231.5272067932349 155.6228900726546
591.0 87.88705875231504 205.722137 117.8350782476849
