0.0 5.636849427318792 814.4309760548209 808.7941266275021
3.0 3.986485291223002 813.4581564624993 809.4716711712763
6.0 3.134221754524484 811.6558699728241 808.5216482182997
9.0 2.626579895256753 810.0241898667833 807.3976099715266
12.0 2.298708677871734 808.3621664819893 806.0634578041176
15.0 2.092642420675067 807.0249762302798 804.9323338096047
18.0 1.958521071299671 805.3236212763835 803.3651002050838
21.0 1.868871911841628 803.9188219945936 802.049950082752
24.0 1.797897917434417 802.5895620703582 800.7916641529238
27.0 1.746055637128389 801.3189718947541 799.5729162576257
30.0 1.70611723214157 800.0992928968268 798.3931756646853
33.0 1.673371850565694 798.765118880044 797.0917470294783
36.0 1.649452039044467 797.4496411069394 795.8001890678949
39.0 1.639008415036266 796.2215749578375 794.5825665428012
42.0 1.636710875216211 794.7376291780675 793.1009183028513
45.0 1.642132794610773 793.3874389251322 791.7453061305214
48.0 1.653584959177998 791.9780051781918 790.3244202190138
51.0 1.669780741179077 790.3182856250407 788.6485048838616
54.0 1.699873975318931 788.9250353452515 787.2251613699326
57.0 1.739379752284736 787.3189704152059 785.5795906629212
60.0 1.794287593844234 785.7780844485515 783.9837968547072
63.0 1.855146178443669 784.1627240932186 782.307577914775
66.0 1.93239270671904 782.6000817684109 780.6676890616918
69.0 2.016518047409139 781.1565938609488 779.1400758135396
72.0 2.109378376759167 779.4861192512785 777.3767408745194
75.0 2.205084959975687 777.8851523771428 775.6800674171671
78.0 2.312494752117772 776.3787835982388 774.066288846121
81.0 2.423623771640028 774.7336794871412 772.3100557155012
84.0 2.542402280855325 773.0951878377364 770.5527855568811
87.0 2.668945092670191 771.3862268244166 768.7172817317464
90.0 2.810778994151865 769.6130421702527 766.8022631761008
93.0 2.966825540380126 767.8587322131922 764.891906672812
96.0 3.136437507175178 766.0095323513266 762.8730948441515
99.0 3.32634830125094 764.3625201747409 761.03617187349
102.0 3.542698343895707 762.9407702908091 759.3980719469134
105.0 3.75881852613541 761.0229128049886 757.2640942788532
108.0 3.987426612661715 759.5609258326062 755.5734992199445
111.0 4.22790137954687 758.5377854517554 754.3098840722086
114.0 4.4656497444594 757.0230382246956 752.5573884802362
117.0 4.681456443390691 755.7654258172626 751.0839693738719
120.0 4.893306870910868 753.9816739366102 749.0883670656994
123.0 5.114262340358739 753.6937232665708 748.5794609262121
126.0 5.27068541771246 752.0995280665614 746.8288426488489
129.0 5.406716542575906 751.4765526116581 746.0698360690822
132.0 5.53264031535559 750.263524621823 744.7308843064674
135.0 5.615812948841283 749.7778384587346 744.1620255098933
138.0 5.670508024516677 748.8744517957228 743.2039437712061
141.0 5.747896507858339 746.5223628860793 740.774466378221
144.0 5.78528993026801 746.7682434221245 740.9829534918565
147.0 5.827052990513406 744.2182401264689 738.3911871359555
150.0 5.859283102712994 742.9712204884232 737.1119373857102
153.0 5.841729905275925 741.4368563862421 735.5951264809661
156.0 5.834934623829398 739.8441523845524 734.009217760723
159.0 5.88337518833663 737.561451046641 731.6780758583044
162.0 5.889975471314951 737.3374430952677 731.4474676239528
165.0 5.87060270057065 735.5719774762278 729.7013747756571
168.0 5.885355593194211 733.642435699244 727.7570801060498
171.0 5.886321321948062 731.7092838064685 725.8229624845204
174.0 5.901971764080015 730.8759155686198 724.9739438045398
177.0 5.891222779123618 730.03619648302 724.1449737038964
180.0 5.894665194212249 727.661678209422 721.7670130152098
183.0 5.890508949931536 726.4779167479668 720.5874077980353
186.0 5.928944121292663 724.7062527293934 718.7773086081007
189.0 5.906193156151873 723.0124471539213 717.1062539977695
192.0 5.925569985793055 721.447357859362 715.5217878735689
195.0 5.960530614326142 719.8555473729379 713.8950167586118
198.0 5.940202532099069 716.8604533481525 710.9202508160534
201.0 5.945843247754776 717.2582876040483 711.3124443562936
204.0 5.939556964148579 715.2512991339794 709.3117421698308
207.0 5.948462062699677 713.3464733625906 707.3980112998909
210.0 5.952593192520563 712.02833689559 706.0757437030694
213.0 5.995970989557514 711.8872379594543 705.8912669698968
216.0 5.988052592588451 709.8851077458876 703.8970551532991
219.0 6.057290162675258 709.021848947958 702.9645587852827
222.0 6.02915736283063 706.7553380047572 700.7261806419266
225.0 6.010826807728566 705.8683802052744 699.8575533975458
228.0 6.020789698397614 704.2110547078479 698.1902650094503
231.0 5.970341336553553 702.8590616583929 696.8887203218393
234.0 5.975915054373354 700.8264299651542 694.8505149107809
237.0 5.984029894258439 699.9599669579162 693.9759370636578
240.0 5.924258670059319 698.2877810387243 692.363522368665
243.0 5.913497935240544 698.0726423336374 692.1591443983968
246.0 5.833659884152219 696.6898886129106 690.8562287287584
249.0 5.765289053040686 694.1044058224607 688.33911676942
252.0 5.759635537923406 692.6234440632953 686.8638085253719
255.0 5.598074155020436 691.2021307889637 685.6040566339433
258.0 5.550115825992834 690.2087949603517 684.6586791343588
261.0 5.497494880446784 688.3266974026698 682.829202522223
264.0 5.426991571319686 687.4729296825947 682.0459381112751
267.0 5.331021211886425 685.9446685025429 680.6136472906565
270.0 5.26610913795228 684.5624531336818 679.2963439957295
273.0 5.175783199043102 681.3961175459169 676.2203343468738
276.0 5.075961561192682 680.9595653965695 675.8836038353768
279.0 4.956128749224166 679.7025088494617 674.7463801002375
282.0 4.91559964899379 678.3621025395883 673.4465028905945
285.0 4.817287398914339 677.2378547358128 672.4205673368985
288.0 4.715502102239665 674.6747474566272 669.9592453543875
291.0 4.5993270130082 672.6117085318084 668.0123815188002
294.0 4.512582352337213 671.7104794666442 667.197897114307
297.0 4.394880725734551 670.0751626326482 665.6802819069136
300.0 4.301795844216424 668.729068920685 664.4272730764686
303.0 4.19263517417774 666.8455448414373 662.6529096672596
306.0 4.090369983935011 665.47845581568 661.388085831745
309.0 3.974035423166019 663.5216960086511 659.5476605854851
312.0 3.861657634401794 662.1213017718204 658.2596441374186
315.0 3.758746347471054 660.1806279232752 656.4218815758041
318.0 3.666692146963006 658.5646220448236 654.8979298978606
321.0 3.547341232609204 656.6020665886138 653.0547253560046
324.0 3.432728452237115 655.2575160847319 651.8247876324947
327.0 3.315210355502996 653.3963874482156 650.0811770927126
330.0 3.213653496623743 651.9052413640461 648.6915878674224
333.0 3.115619404314575 650.1869751349758 647.0713557306612
336.0 3.010055194243174 648.2173167493436 645.2072615551004
339.0 2.90157571664106 646.6286824652868 643.7271067486457
342.0 2.781272603465091 644.9807748254848 642.1995022220197
345.0 2.678023733684088 643.3777527633018 640.6997290296177
348.0 2.566659033384273 641.5927352506768 639.0260762172925
351.0 2.463436586812962 639.7469705557193 637.2835339689064
354.0 2.358261929698877 638.1414235559884 635.7831616262895
357.0 2.245513742271617 636.2257927493169 633.9802790070453
360.0 2.151000641646473 634.7480228771365 632.59702223549
363.0 2.046755810355621 633.108637675233 631.0618818648774
366.0 1.942191532210332 631.2163808895341 629.2741893573237
369.0 1.85946910651924 629.6012359801394 627.7417668736201
372.0 1.752875426760489 627.7444666249496 625.9915911981891
375.0 1.657034675425293 625.9103312981011 624.2532966226758
378.0 1.553791569887509 624.208676682919 622.6548851130315
381.0 1.462131881027374 622.5939515004775 621.1318196194501
384.0 1.372744215764249 620.8114002771838 619.4386560614195
387.0 1.288569034570466 618.978147538628 617.6895785040575
390.0 1.190291373727383 617.2356143062992 616.0453229325718
393.0 1.107409208424673 615.5468271641523 614.4394179557276
396.0 1.016384292897391 613.7156561058136 612.6992718129162
399.0 0.9358740586484297 611.8697592461566 610.9338851875081
402.0 0.8583015786550321 610.2782558437063 609.4199542650513
405.0 0.7752974221133585 608.3086214265018 607.5333240043885
408.0 0.6969793231915564 606.6734515000576 605.9764721768661
411.0 0.6223652622367746 604.7883676095416 604.1660023473048
414.0 0.5507822033205839 602.9630352309734 602.4122530276529
417.0 0.4798295006370902 601.2230409213254 600.7432114206883
420.0 0.4122328106942515 599.2987202116452 598.8864874009509
423.0 0.3486410933306665 597.484093997869 597.1354529045384
426.0 0.2871187325374687 595.6109057890142 595.3237870564767
429.0 0.2336893840262365 593.6922166967632 593.458527312737
432.0 0.1819101514685451 591.8602870410392 591.6783768895707
435.0 0.1336431629412622 589.8844109575578 589.7507677946165
438.0 0.09615637774206399 587.9957442513145 587.8995878735725
441.0 0.06123037438715402 585.9324023098425 585.8711719354553
444.0 0.03669016763787904 584.1114822307719 584.074792063134
447.0 0.01338811686040309 582.1741084352975 582.160720318437
450.0 0.003370162099005133 580.1871003309909 580.1837301688919
453.0 0 578.2277426015966 578.2277426015966
456.0 0.003279840008910878 576.3231283070909 576.319848467082
459.0 0.01593609099561283 574.3465730491109 574.3306369581153
462.0 0.04591954370838409 572.2742158220264 572.228296278318
465.0 0.07853443201558248 570.3348542190004 570.2563197869849
468.0 0.1259690967197056 568.3703625951293 568.2443934984096
471.0 0.1875370205328398 566.4927719654145 566.3052349448817
474.0 0.2594455412220638 564.4908529217851 564.231407380563
477.0 0.3463384585735106 562.608114167264 562.2617757086905
480.0 0.4486382687203183 560.6202646277884 560.1716263590681
483.0 0.569021945475267 558.8649711601112 558.2959492146359
486.0 0.7011150833340344 557.0414784004615 556.3403633171274
489.0 0.8573150256823132 555.2893272438055 554.4320122181232
492.0 1.029696213722748 553.2959303040935 552.2662340903707
495.0 1.219468938150554 551.4047193311526 550.185250393002
498.0 1.435914652957139 549.6710071797269 548.2350925267697
501.0 1.679175274080658 547.9867596347944 546.3075843607137
504.0 1.945196475382149 546.4841679406853 544.5389714653032
507.0 2.238130144291876 544.6263175536745 542.3881874093827
510.0 2.558952425885286 543.1720032881008 540.6130508622155
513.0 2.911980936137487 541.4781107162758 538.5661297801383
516.0 3.308397413142983 539.7502358516689 536.4418384385259
519.0 3.716481527571951 538.9326456235242 535.2161640959523
522.0 4.167018788188237 536.7071322592259 532.5401134710376
525.0 4.692641078372609 535.122266109312 530.4296250309394
528.0 5.212063210037267 534.3123779699603 529.1003147599231
531.0 5.775404537746437 531.0455888894214 525.270184351675
534.0 6.328886150172931 532.4052963609387 526.0764102107658
537.0 6.972868523835157 528.9074122946795 521.9345437708443
540.0 7.881883137013491 530.4640392456157 522.5821561086022
543.0 8.433687869606785 528.9444322003859 520.5107443307791
546.0 9.677139729168485 519.2595458905329 509.5824061613644
549.0 10.21907258240761 534.3337222877681 524.1146497053605
552.0 14.66899813451851 455.257498962109 440.5885008275905
555.0 12.80640145492089 497.3744256911156 484.5680242361947
558.0 15.84335352025508 446.0591039840018 430.2157504637467
561.0 24.13595303027108 400.0129877958061 375.8770347655351
564.0 22.25773613856614 414.8893884999746 392.6316523614085
567.0 28.28383789303593 378.2586289263416 349.9747910333057
570.0 31.95151710222624 363.083612887218 331.1320957849917
573.0 31.69264654512778 364.4754179930034 332.7827714478756
576.0 33.25720377607695 361.7221306345454 328.4649268584684
579.0 42.955593867191 329.7215810353097 286.7659871681187
582.0 60.52603065449028 277.6985028533593 217.172472198869
585.0 80.97772019219327 232.8104003112494 151.8326801190562
588.0 82.28885300743544 231.5511060709714 149.2622530635359
591.0 94.8541297189112 205.722137 110.8680072810888
