0.0 3.688091854689731 831.4939376466822 827.8058457919925
3.0 2.025054738101193 830.2193620084308 828.1943072703296
6.0 1.193168034915441 828.5637164477643 827.3705484128488
9.0 0.7125638408874816 826.8913579316227 826.1787940907352
12.0 0.4149793697851825 825.3442474707244 824.9292681009392
15.0 0.2370421494114337 823.8861521542544 823.649110004843
18.0 0.1374393328635309 822.3794618429147 822.2420225100511
21.0 0.07885236559472429 820.9858472903155 820.9069949247208
24.0 0.03790723415472899 819.6379862342223 819.6000790000675
27.0 0.01464301073410107 818.3792131770173 818.3645701662832
30.0 0.002108757489520177 817.1955968940924 817.1934881366029
33.0 0 815.8608753358513 815.8608753358513
36.0 0.006546059288743494 814.5610594489407 814.5545133896519
39.0 0.0250155572558228 813.3228023138076 813.2977867565517
42.0 0.05688176736809161 811.8979044022436 811.8410226348756
45.0 0.0947402787098245 810.5033430856733 810.4086028069635
48.0 0.1401383875503985 809.0770435974058 808.9369052098554
51.0 0.1948266159713364 807.497076363525 807.3022497475537
54.0 0.2591287321955708 806.0590090485187 805.7998803163231
57.0 0.3369806455801758 804.4957018434257 804.1587211978456
60.0 0.4295771113114515 802.9528392615561 802.5232621502446
63.0 0.5296851032903785 801.3567155785179 800.8270304752275
66.0 0.6453401161783587 799.8397299550246 799.1943898388462
69.0 0.7667111302349293 798.2901454275509 797.5234342973159
72.0 0.8992677244532279 796.7877534586758 795.8884857342226
75.0 1.036826206780898 795.0101209238571 793.9732947170762
78.0 1.181857837980885 793.5641112604764 792.3822534224955
81.0 1.333950742480661 791.9518811013633 790.6179303588827
84.0 1.494295840023556 790.3021667897658 788.8078709497423
87.0 1.664360916807699 788.5949638765745 786.9306029597668
90.0 1.851250778680199 786.8373642909695 784.9861135122893
93.0 2.05050558472051 785.2164156340552 783.1659100493347
96.0 2.267779580083655 783.3834155002284 781.1156359201447
99.0 2.500680373592247 781.7516891132193 779.2510087396271
102.0 2.753642216602027 780.5384499994993 777.7848077828973
105.0 3.020610386966033 778.5556001708914 775.5349897839253
108.0 3.291999638016386 776.8399716363967 773.5479719983803
111.0 3.563317158584731 775.7736415905936 772.2103244320088
114.0 3.837887577827082 774.6177109244615 770.7798233466345
117.0 4.086902672914316 773.4874282597014 769.4005255867871
120.0 4.344192760969886 771.9506591691405 767.6064664081706
123.0 4.577559357708156 771.4943962104657 766.9168368527575
126.0 4.775216888963296 769.8902811036521 765.1150642146888
129.0 4.928285089006472 769.3831124928022 764.4548274037958
132.0 5.090405936444244 767.7108553926416 762.6204494561974
135.0 5.190103834012761 767.0506237294754 761.8605198954627
138.0 5.268336377536621 766.0107485468149 760.7424121692783
141.0 5.403275872874533 763.6290269471895 758.2257510743149
144.0 5.440892649299318 763.4643425303707 758.0234498810713
147.0 5.524226535280224 762.6211755856402 757.09694905036
150.0 5.593817047674939 760.6477016437005 755.0538845960256
153.0 5.618431334514003 758.7025842914228 753.0841529569088
156.0 5.653180607963293 756.7684489478735 751.1152683399102
159.0 5.750784616684184 755.1048767151804 749.3540920984963
162.0 5.755120036842258 755.4407793978336 749.6856593609914
165.0 5.789464342928711 752.6758608150272 746.8863964720985
168.0 5.840983813012079 751.51134106601 745.6703572529979
171.0 5.891486553941084 749.1556064769646 743.2641199230235
174.0 5.921427508959683 748.8713351329993 742.9499076240396
177.0 5.941684682437246 747.1130727496529 741.1713880672157
180.0 5.99849472469275 745.0118748544802 739.0133801297874
183.0 6.013800033710598 744.2776983426994 738.2638983089888
186.0 6.099162547612251 742.3265009269624 736.2273383793502
189.0 6.115460938169631 740.6269994872918 734.5115385491222
192.0 6.177467418143259 738.5862092537794 732.4087418356361
195.0 6.252562584741843 736.8386020413617 730.5860394566198
198.0 6.284016964019817 735.4907943931403 729.2067774291204
201.0 6.298194944015088 734.2537560035342 727.9555610595191
204.0 6.33887852557498 732.2495698333594 725.9106913077845
207.0 6.378681723241858 731.512618386015 725.1339366627732
210.0 6.411999472705229 730.241719032572 723.8297195598668
213.0 6.475845782015235 729.079738263077 722.6038924810617
216.0 6.508286777308411 727.6020030144568 721.0937162371484
219.0 6.586605282274035 727.9324675635924 721.3458622813184
222.0 6.622099145771126 724.7909199985048 718.1688208527336
225.0 6.630436584823993 723.295999636881 716.665563052057
228.0 6.664089856334319 722.8871657384351 716.2230758821008
231.0 6.658863321899515 720.2498479972073 713.5909846753078
234.0 6.710300759051325 718.4629951217331 711.7526943626818
237.0 6.736198568795945 717.7449525192038 711.0087539504079
240.0 6.716364278330865 716.1938248737179 709.4774605953871
243.0 6.707221723082195 716.0162824436397 709.3090607205575
246.0 6.67045949235469 713.6328591252777 706.9623996329231
249.0 6.648840538557641 712.3304139448191 705.6815734062615
252.0 6.672803623529771 711.0183130128745 704.3455093893447
255.0 6.543267942738024 709.4320655316787 702.8887975889407
258.0 6.527169466280341 707.6495655131578 701.1223960468774
261.0 6.511152643514599 706.1696723967278 699.6585197532132
264.0 6.466458849627938 704.9355713479743 698.4691124983464
267.0 6.404994428883677 703.3871390046714 696.9821445757877
270.0 6.36361705104626 702.6130509560695 696.2494339050233
273.0 6.347684967792753 699.3558609825482 693.0081760147555
276.0 6.256252979474207 698.6724222256638 692.4161692461896
279.0 6.162025316394231 697.6279337171815 691.4659084007873
282.0 6.154136112259166 696.1104679590455 689.9563318467863
285.0 6.078629432687648 695.2015488574573 689.1229194247696
288.0 6.038240996652937 692.2587118318428 686.2204708351899
291.0 5.968452209724708 690.1241209835888 684.1556687738641
294.0 5.897354273204328 689.519326018619 683.6219717454147
297.0 5.812912739004889 688.3156929891487 682.5027802501438
300.0 5.755101445489141 686.3431694667356 680.5880680212465
303.0 5.691845265224296 684.019662214951 678.3278169497267
306.0 5.614501312124645 683.2347991322187 677.6202978200941
309.0 5.541531553571818 681.1854614556216 675.6439299020498
312.0 5.459260278433655 679.8376540097901 674.3783937313565
315.0 5.398574487149556 677.9598410680766 672.5612665809271
318.0 5.344782434529518 676.1524114289931 670.8076289944635
321.0 5.266874485921827 674.4042864936687 669.1374120077469
324.0 5.183227658618095 672.8267492685705 667.6435216099524
327.0 5.110131729775702 670.6630009415928 665.5528692118171
330.0 5.037324050177917 669.5128791237341 664.4755550735561
333.0 4.976669918413165 667.93633832918 662.9596684107668
336.0 4.913398010332402 666.0860933117068 661.1726953013744
339.0 4.840693249042967 664.4071855851393 659.5664923360963
342.0 4.758693756768967 662.6500318087284 657.8913380519594
345.0 4.690707821499429 660.9502283053776 656.2595204838782
348.0 4.61895339210126 659.2134031926 654.5944498004988
351.0 4.555803449420614 657.4271532039851 652.8713497545645
354.0 4.486676814333629 655.7995410901342 651.3128642758006
357.0 4.412318421152848 654.2442427746082 649.8319243534554
360.0 4.354494681011393 652.3850945424076 648.0305998613962
363.0 4.285674795184631 650.8437655364054 646.5580907412208
366.0 4.224409822397074 648.8546562109281 644.630246388531
369.0 4.176133328503841 647.4065343636069 643.230401035103
372.0 4.111501566365778 645.4702683574931 641.3587667911273
375.0 4.055255572097807 643.7607062281601 639.7054506560622
378.0 3.992181293076481 641.8496249080383 637.8574436149618
381.0 3.935496985755413 640.3141132876558 636.3786163019004
384.0 3.885509973285368 638.60549083628 634.7199808629947
387.0 3.842794206428997 636.7508839073964 632.9080897009674
390.0 3.783440476213009 634.985385281471 631.201944805258
393.0 3.738306512670748 633.328524083389 629.5902175707182
396.0 3.690073921486522 631.3329628438993 627.6428889224128
399.0 3.647947811850516 629.7892955548029 626.1413477429524
402.0 3.607384858601842 628.0955899197003 624.4882050610984
405.0 3.570532693610732 625.9595208613316 622.3889881677209
408.0 3.528600942761717 624.3572285339491 620.8286275911874
411.0 3.495809040633278 622.5573562498674 619.0615472092341
414.0 3.465685011197889 620.7315513155302 617.2658663043323
417.0 3.433985326966642 619.0163815648892 615.5823962379225
420.0 3.410994874576806 617.0342345436611 613.6232396690843
423.0 3.389167752371386 615.1707115281131 611.7815437757417
426.0 3.37129655205572 613.2339443432387 609.862647791183
429.0 3.361564700655967 611.328195606044 607.966630905388
432.0 3.351532000985468 609.5555147950303 606.2039827940448
435.0 3.348581796613544 607.6010051579665 604.2524233613529
438.0 3.355935623085397 605.6075901074626 602.2516544843772
441.0 3.3692818695121 603.5101656219473 600.1408837524352
444.0 3.388011120254651 601.6258693038225 598.2378581835678
447.0 3.410657723538848 599.6432425677237 596.2325848441848
450.0 3.44751754758647 597.6496758217909 594.2021582742045
453.0 3.49177295673431 595.5567892832227 592.0650163264884
456.0 3.541261880561459 593.5809164200144 590.039654539453
459.0 3.600736435073475 591.6380853356684 588.0373489005949
462.0 3.681404459123204 589.4921740475985 585.8107695884753
465.0 3.762714034173012 587.3902187414714 583.6275047072984
468.0 3.859736998258128 585.2529280099794 581.3931910117213
471.0 3.968372261975933 583.3024268322872 579.3340545703113
474.0 4.090984541769224 581.1863256067784 577.0953410650092
477.0 4.227332228597195 579.0520664142686 574.8247341856714
480.0 4.380659355308118 576.954221647223 572.5735622919149
483.0 4.549594282285739 574.8495115176055 570.2999172353198
486.0 4.730521133576201 572.8236286316063 568.0931074980301
489.0 4.933983798851145 570.930575455735 565.9965916568838
492.0 5.16196588658406 568.5670935555684 563.4051276689844
495.0 5.404233074297273 566.4239244154778 561.0196913411805
498.0 5.67065286090828 564.3600009314407 558.6893480705324
501.0 5.963297731061424 562.3539231121651 556.3906253811037
504.0 6.273835532695139 560.5713301453354 554.2974946126403
507.0 6.623187019775767 558.2854379727674 551.6622509529917
510.0 6.990729836415674 556.4070252717571 549.4162954353414
513.0 7.39464133874581 554.4713648098968 547.076723471151
516.0 7.846322230848354 552.3173473790241 544.4710251481757
519.0 8.283870691958798 551.3730374657766 543.0891667738178
522.0 8.810247135646285 548.068632031343 539.2583848956967
525.0 9.382763514273117 546.8115762359291 537.428812721656
528.0 9.937875977756434 545.5202776195556 535.5824016417992
531.0 10.59891804550974 541.5391505061382 530.9402324606285
534.0 11.13516468334304 542.7238367056062 531.5886720222631
537.0 11.88740901300486 538.2422445981555 526.3548355851507
540.0 12.72544560190268 544.9894454775931 532.2639998756905
543.0 13.35627903730629 540.4506394845876 527.0943604472814
546.0 14.93969256219296 523.2590416234559 508.319349061263
549.0 15.00785055076652 549.1773494631891 534.1694989124225
552.0 21.59148905819015 456.9587968471501 435.36730778896
555.0 18.70180826198984 498.1326064439793 479.4307981819894
558.0 23.02430858572229 446.6728312136246 423.6485226279023
561.0 32.59722419502664 400.8354121504154 368.2381879553887
564.0 30.32872770053979 415.2666432588261 384.9379155582863
567.0 37.36275792631322 378.5880990568821 341.2253411305689
570.0 41.47806850272726 363.1872761526861 321.7092076499588
573.0 41.18032715873248 364.5728071906447 323.3924800319122
576.0 42.8479988443215 361.7221352903463 318.8741364460248
579.0 53.53084554530198 329.7218871042912 276.1910415589893
582.0 72.74421741968567 277.7053993908172 204.9611819711315
585.0 94.73764248300199 232.8882294972873 138.1505870142853
588.0 96.1100330782738 231.5814090655934 135.4713759873196
591.0 109.5821202570243 205.722137 96.14001674297567
