0.0 3.403916515713078 853.5241272095375 850.1202106938245
3.0 1.737193386343454 851.7035294823581 849.9663360960147
6.0 0.9293823874935911 850.0436959544439 849.1143135669503
9.0 0.484273704590101 848.3797390127093 847.8954653081192
12.0 0.2207267292225438 847.0384115257983 846.8176847965758
15.0 0.08273495927805265 845.4614240213381 845.3786890620601
18.0 0.0220269019188207 844.1513722234831 844.1293453215643
21.0 0.0020774927107097 842.8250365700917 842.822959077381
24.0 0 841.4642450526317 841.4642450526317
27.0 0.01315897320210606 840.2223909262718 840.2092319530697
30.0 0.03445140305386922 839.1154187867733 839.0809673837194
33.0 0.07272511855149716 837.7120549511749 837.6393298326234
36.0 0.1169676477847532 836.480639809751 836.3636721619663
39.0 0.1719023129270345 835.3209066143204 835.1490043013934
42.0 0.2470180958373243 833.8715590332729 833.6245409374356
45.0 0.3290579490958375 832.3557915192043 832.0267335701084
48.0 0.4167154760440181 831.0400121408098 830.6232966647658
51.0 0.519857925017613 829.4370430609763 828.9171851359586
54.0 0.6285162633663379 828.0327879477923 827.404271684426
57.0 0.7545196067095892 826.4891835403188 825.7346639336092
60.0 0.8951625687868316 825.0046150830132 824.1094525142264
63.0 1.045944112893023 823.3718902185818 822.3259461056888
66.0 1.207906495154409 822.0044938157794 820.796587320625
69.0 1.381238703862595 820.2791064754062 818.8978677715436
72.0 1.558874695711298 819.0202226310027 817.4613479352914
75.0 1.758923885766309 816.8203275680318 815.0614036822655
78.0 1.947237563465485 815.6805507915408 813.7333132280753
81.0 2.153043828916768 813.9292880036701 811.7762441747533
84.0 2.368397061832071 812.1563474561314 809.7879503942994
87.0 2.591434678164118 810.6976281983153 808.1061935201512
90.0 2.833744649948664 809.1583911535591 806.3246465036104
93.0 3.087269701044241 807.4735465846667 804.3862768836224
96.0 3.367126089414403 805.3966049203802 802.0294788309658
99.0 3.656336127235404 803.6883687167142 800.0320325894788
102.0 3.941983850330299 803.3969159767915 799.4549321264612
105.0 4.279210818754765 801.1594468011971 796.8802359824423
108.0 4.616327136285748 798.902074829762 794.2857476934763
111.0 4.926889393803096 797.8169180497001 792.8900286558971
114.0 5.239736669845454 796.9335974697011 791.6938607998557
117.0 5.525434264993847 796.1935570371724 790.6681227721785
120.0 5.817261150489839 796.2625786856114 790.4453175351216
123.0 6.085332697139617 794.8211519262869 788.7358192291473
126.0 6.347624907977862 791.9309966652297 785.5833717572518
129.0 6.512487338830384 792.064838098076 785.5523507592456
132.0 6.740516908012187 789.8267920495238 783.0862751415116
135.0 6.86378022726327 788.8417427515938 781.9779625243305
138.0 6.975130990436225 788.2191129349679 781.2439819445317
141.0 7.191965379965459 784.8844050327021 777.6924396527367
144.0 7.240997296401669 784.4230219960798 777.1820246996781
147.0 7.311657317431861 786.729562653761 779.4179053363291
150.0 7.477278182468768 781.5553861777326 774.0781079952638
153.0 7.55314898410217 780.3174924991872 772.764343515085
156.0 7.639240206809526 779.6078921337506 771.9686519269411
159.0 7.78302436275167 777.6235245611668 769.8405001984151
162.0 7.736926335786764 782.9590961894326 775.2221698536458
165.0 7.901130401775311 774.8269790716733 766.925848669898
168.0 7.969538089626107 775.206493256089 767.2369551664629
171.0 8.115487906678566 770.8741004614542 762.7586125547756
174.0 8.10995208703789 774.8404407772686 766.7304886902308
177.0 8.18897057976308 774.1076732103499 765.9187026305869
180.0 8.31958821840042 769.6499495867336 761.3303613683332
183.0 8.375071504138008 767.1979709279991 758.8228994238611
186.0 8.479395246733482 770.3850024033732 761.9056071566397
189.0 8.562543140761893 767.0503994996456 758.4878563588837
192.0 8.728574305565437 759.9494732698349 751.2208989642694
195.0 8.826762170535651 762.0664987209994 753.2397365504638
198.0 8.892194490173648 759.5996911064898 750.7074966163162
201.0 8.976303407330653 756.5300238940427 747.5537204867121
204.0 9.09490402636619 752.6646614345895 743.5697574082233
207.0 9.133886385031375 753.6682019161314 744.5343155311001
210.0 9.219589202595149 751.2050713371249 741.9854821345297
213.0 9.299944284835888 752.1348856242739 742.834941339438
216.0 9.303145168720384 761.9915288976996 752.6883837289792
219.0 9.293133998767684 770.7833768603103 761.4902428615426
222.0 9.486598262938958 758.2913499486138 748.8047516856748
225.0 9.616725266289504 747.653432596171 738.0367073298815
228.0 9.656983391277805 747.1463805881473 737.4893971968695
231.0 9.760839764666667 742.2106370362313 732.4497972715646
234.0 9.867047323929987 740.1960151406841 730.3289678167541
237.0 9.914937312793666 739.7628416237346 729.8479043109409
240.0 9.886889268027548 743.3078199443525 733.4209306763249
243.0 9.927123793201785 738.7208251873458 728.793701394144
246.0 9.965315782393042 736.1934629201076 726.2281471377145
249.0 9.935695628715662 738.3284159731876 728.3927203444719
252.0 10.02529895760507 735.0293804646096 725.0040815070046
255.0 9.937627838702611 733.6433823406372 723.7057545019346
258.0 9.824480063831232 759.3341317799579 749.5096517161266
261.0 10.03364799075926 727.4291369889765 717.3954889982173
264.0 10.0039197562231 728.0494321177024 718.0455123614793
267.0 9.983882269725496 726.6978366487412 716.7139543790157
270.0 9.955327005758478 726.4473779338712 716.4920509281127
273.0 9.958029144998274 734.075716984067 724.1176878390688
276.0 9.989474567576265 720.2050519210194 710.2155773534431
279.0 9.870731829078236 725.2557092003468 715.3849773712686
282.0 9.946715823688827 718.8013678857416 708.8546520620527
285.0 9.832593102184498 725.7424885233055 715.909895421121
288.0 9.940114000017318 715.3290667292245 705.3889527292072
291.0 9.941844691127063 712.1664105548705 702.2245658637435
294.0 9.882992988315138 711.8507147435094 701.9677217551943
297.0 9.761423345102814 718.3070628059975 708.5456394608947
300.0 9.81459610530514 710.5020865498482 700.687490444543
303.0 9.851523777562702 704.9754493088821 695.1239255313194
306.0 9.757163180079281 707.4964782685294 697.7393150884502
309.0 9.735597177108071 707.5649665596576 697.8293693825495
312.0 9.712939457007993 702.5934760602985 692.8805366032905
315.0 9.701545774780044 701.3873160748415 691.6857703000614
318.0 9.710521248368517 698.4541953975103 688.7436741491418
321.0 9.66535858625784 698.3396274501497 688.6742688638918
324.0 9.646575654578776 694.86189422876 685.2153185741812
327.0 9.64047111644008 692.475492687593 682.8350215711529
330.0 9.594245769403887 691.6310643779235 682.0368186085196
333.0 9.538449271887554 695.633466924523 686.0950176526354
336.0 9.557863775599945 689.0108290329267 679.4529652573268
339.0 9.539523750471688 686.7182168497708 677.1786930992991
342.0 9.469535958927697 690.6865000985292 681.2169641396015
345.0 9.494985156172682 682.714879614044 673.2198944578713
348.0 9.463855120908078 681.7118470565759 672.2479919356678
351.0 9.455601937251865 679.5260994840995 670.0704975468476
354.0 9.427609315468776 678.4423118394853 669.0147025240165
357.0 9.393489977198685 676.9913348902446 667.5978449130459
360.0 9.395671138452762 674.7904023678004 665.3947312293477
363.0 9.364683527568875 673.7614963765891 664.3968128490202
366.0 9.364475839095037 671.451950867683 662.087475028588
369.0 9.353227421337336 670.2671036767308 660.9138762553935
372.0 9.34654971726053 668.2174189036208 658.8708691863603
375.0 9.336173116498341 666.7387462290738 657.4025731125754
378.0 9.334159590569817 664.3013612116565 654.9672016210867
381.0 9.321395949786232 662.7220296026779 653.4006336528917
384.0 9.316071665602357 661.3755143555498 652.0594426899475
387.0 9.327701520834471 659.5041754112612 650.1764738904267
390.0 9.317114186004976 658.0519568011141 648.7348426151091
393.0 9.317622701424622 656.5613744328073 647.2437517313827
396.0 9.336142917673478 653.6821618410414 644.3460189233679
399.0 9.329507873635885 652.8349029375608 643.5053950639249
402.0 9.340255367769014 650.9738504041837 641.6335950364147
405.0 9.372590762980882 648.2616512529639 638.889060489983
408.0 9.375756143533734 646.7951208702944 637.4193647267607
411.0 9.393261375926488 645.1025445639755 635.709283188049
414.0 9.413769639848807 643.6292276139517 634.2154579741029
417.0 9.433313082071006 641.6325607617531 632.1992476796821
420.0 9.467849306018768 639.7642481289906 630.2963988229718
423.0 9.502964861315502 637.7054960599329 628.2025311986174
426.0 9.542102601303143 635.7864243483703 626.2443217470671
429.0 9.590491680042676 633.7044160206094 624.1139243405667
432.0 9.626871726436741 632.4643170931447 622.8374453667079
435.0 9.68204437997299 630.4303213828711 620.7482770028981
438.0 9.751600315355044 628.2203857856393 618.4687854702843
441.0 9.829505054135925 625.940601988551 616.1110969344151
444.0 9.903583940337296 624.2208399046039 614.3172559642666
447.0 9.980259456554278 623.0893763462572 613.109116889703
450.0 10.08177763479098 620.3139075219583 610.2321298871673
453.0 10.19373197413009 617.8886425058858 607.6949105317557
456.0 10.30113822924313 616.1325879952206 605.8314497659775
459.0 10.41836059381254 614.2887716209755 603.870411027163
462.0 10.56579757088928 612.0764817461617 601.5106841752724
465.0 10.71182810745909 610.1464344827915 599.4346063753324
468.0 10.88033389732345 607.4595601899644 596.5792262926409
471.0 11.04557487558574 605.9866647096863 594.9410898341005
474.0 11.23335922371562 603.9869694300093 592.7536102062937
477.0 11.44463730949521 601.2017059776811 589.7570686681859
480.0 11.66416869066707 599.1504045775997 587.4862358869326
483.0 11.90395136353609 596.9648564378665 585.0609050743305
486.0 12.15273712891642 594.7102477417611 582.5575106128447
489.0 12.4154341316745 593.1064855509325 580.691051419258
492.0 12.72505812286985 590.5282140391752 577.8031559163054
495.0 13.03918138569178 588.2951132925124 575.2559319068207
498.0 13.3801361599119 585.8751544305484 572.4950182706365
501.0 13.7464163250501 583.4737463281699 569.7273300031198
504.0 14.13252671298954 580.542247984033 566.4097212710434
507.0 14.55680008194095 578.7698394274916 564.2130393455506
510.0 15.00213871474412 576.0027159785996 561.0005772638555
513.0 15.47837405412467 574.0716790882723 558.5933050341476
516.0 16.01557643800752 571.2116786688728 555.1961022308652
519.0 16.50748763106191 569.1151275922184 552.6076399611565
522.0 17.16229947751077 564.9797158789088 547.817416401398
525.0 17.76809391756218 565.5366296588025 547.7685357412403
528.0 18.4031724706061 562.1449417383779 543.7417692677718
531.0 19.22702323855828 556.2427689833887 537.0157457448304
534.0 19.74418471572574 557.5953771685758 537.8511924528501
537.0 20.67880376290641 551.1367409926876 530.4579372297812
540.0 21.19966280400786 567.9026712449549 546.7030084409471
543.0 22.0865228476723 555.8656855366028 533.7791626889305
546.0 24.40770224978744 526.1517061971534 501.7440039473659
549.0 23.57282552081412 560.0102322151203 536.4374066943061
552.0 33.24558004550268 458.4073577905801 425.1617777450774
555.0 29.06352401896173 498.678481720089 469.6149577011272
558.0 35.04032159374602 447.2123273541332 412.1720057603872
561.0 46.25337121492726 401.5663673151287 355.3129961002014
564.0 43.49719901595949 415.5018199073552 372.0046208913957
567.0 51.82666825240604 378.8913380108207 327.0646697584147
570.0 56.52393127953495 363.2847121112466 306.7607808317116
573.0 56.17621950292461 364.675657832179 308.4994383292544
576.0 57.97944226457463 361.7221366544173 303.7426943898427
579.0 69.92801235821942 329.722042655511 259.7940302972915
582.0 91.2535491897102 277.7111024335127 186.4575532438025
585.0 115.227043478725 232.9684524872119 117.7414090084869
588.0 116.6796509797886 231.6110809352463 114.9314299554577
591.0 131.3185293610954 205.722137 74.40360763890455
