0.0 3.261977598388438 868.5210964419994 865.259118843611
3.0 1.601215393308658 866.4596540628591 864.8584386695505
6.0 0.8111885801362701 864.7163796446949 863.9051910645587
9.0 0.3896422731846796 863.1507074973811 862.7610652241964
12.0 0.1465747583340373 861.9034231123483 861.7568483540143
15.0 0.03726518842401363 860.363502732606 860.326237544182
18.0 0 859.2096501606121 859.2096501606121
21.0 0.005792067246015983 857.9167710299382 857.9109789626922
24.0 0.0310332796098208 856.5455787759554 856.5145454963456
27.0 0.0691579227727284 855.3179226497447 855.2487647269719
30.0 0.111969537928398 854.3219066457488 854.2099371078204
33.0 0.1796002787831054 852.8728673350768 852.6932670562937
36.0 0.2491506383207995 851.6545472560142 851.4053966176934
39.0 0.3272511627022093 850.609693070532 850.2824419078298
42.0 0.43362059327107 849.0786756527834 848.6450550595123
45.0 0.548125171798964 847.5295072709008 846.9813820991018
48.0 0.6630410044938734 846.2836890733312 845.6206480688373
51.0 0.8009623364588947 844.6171719608892 843.8162096244304
54.0 0.9391081702082616 843.2935784889513 842.354470318743
57.0 1.099129623926366 841.6688965994801 840.5697669755538
60.0 1.270498684429463 840.4000452202411 839.1295465358116
63.0 1.457721478467271 838.6721277115601 837.2144062330928
66.0 1.648938016815573 837.4544132934578 835.8054752766422
69.0 1.862235680623047 835.5020788536181 833.639843172995
72.0 2.066139704030874 834.5171863616916 832.4510466576607
75.0 2.318232932985069 831.8821922898287 829.5639593568436
78.0 2.530360086192515 831.0137014844842 828.4833413982917
81.0 2.777257331307349 829.0641697121666 826.2869123808593
84.0 3.034698141047927 827.0174936850781 823.9827955440302
87.0 3.287717027319269 825.9417839261597 822.6540668988404
90.0 3.561354725835601 824.907110417808 821.3457556919724
93.0 3.855382357182992 823.0348345999685 819.1794522427855
96.0 4.189048376867172 820.1813769531339 815.9923285762667
99.0 4.518406103877012 818.4833738072256 813.9649677033486
102.0 4.803826827846674 819.4068732411203 814.6030464132736
105.0 5.193315935535504 817.1578543200708 811.9645383845353
108.0 5.589449944932622 814.1084835213458 808.5190335764132
111.0 5.930360950758904 812.7259054949921 806.7955445442332
114.0 6.263559166360146 812.3076953695286 806.0441362031685
117.0 6.561594858101579 812.5659535374756 806.004358679374
120.0 6.831645626161156 815.7590550271351 808.9274094009739
123.0 7.135699611833042 814.2650904409809 807.1293908291479
126.0 7.499141580843263 806.6573994502888 799.1582578694456
129.0 7.65671150756626 807.6425749117122 799.985863404146
132.0 7.913282426333458 808.6737539639118 800.7604715375783
135.0 8.073530170835251 806.165092103795 798.0915619329598
138.0 8.165895642300211 810.0549505882627 801.8890549459625
141.0 8.505539760635803 799.2149134544114 790.7093736937756
144.0 8.552472565467113 801.1186161491889 792.5661435837218
147.0 8.538526754025625 807.4594393928874 798.9209126388617
150.0 8.876285939364549 794.3482266953353 785.4719407559707
153.0 8.968822501035676 794.0957858251013 785.1269633240656
156.0 8.992694172477366 805.0690286255582 796.0763344530808
159.0 9.252006907433773 791.8803994542443 782.6283925468106
162.0 8.915501817143017 820.1983162327207 811.2828144155777
165.0 9.431592540524687 788.6838954064133 779.2523028658886
168.0 9.474134978259179 791.1931531701424 781.7190181918832
171.0 9.73217234229366 784.5083247406827 774.7761523983891
174.0 9.577373635152945 796.0085629349842 786.4311892998313
177.0 9.480171108977317 823.0366840505944 813.5565129416171
180.0 9.903114377770457 790.495822582084 780.5927082043136
183.0 10.04233364220888 784.0831354086023 774.0408017663934
186.0 9.89151217942744 811.4787296941674 801.5872175147399
189.0 10.07482952565319 804.7532275690937 794.6783980434405
192.0 10.57910022937215 773.2525061155352 762.6734058861631
195.0 10.52733746260087 788.155278530354 777.6279410677532
198.0 10.72967399293463 775.3040617921297 764.5743877991951
201.0 10.86333093991248 774.3815521514306 763.5182212115182
204.0 11.10446434382192 765.5016778653354 754.3972135215135
207.0 11.11076224728156 767.7828806367989 756.6721183895174
210.0 11.26274989019878 763.6950424805537 752.4322925903549
213.0 11.28873034179956 768.6941438777688 757.4054135359693
216.0 10.45123551118988 856.5493654059291 846.0981298947392
219.0 10.25426366027111 857.0258814759426 846.7716178156715
222.0 11.06652929034464 807.5930992188447 796.5265699285
225.0 11.67999805001272 766.5575734203197 754.877575370307
228.0 11.75161560331104 763.6976605903792 751.9460449870681
231.0 11.9798680556897 756.2184726838812 744.2386046281915
234.0 12.13574638128021 753.4263512916519 741.2906049103717
237.0 12.17352630225593 755.4643705962908 743.2908442940349
240.0 11.98226767622238 769.2728011035511 757.2905334273288
243.0 12.20420901952013 754.5260510116757 742.3218419921556
246.0 12.29307724016735 751.9469005449202 739.6538233047528
249.0 12.19126122915033 756.9398363992084 744.7485751700581
252.0 12.3551393619546 753.4913871518569 741.1362477899023
255.0 12.28493751151871 753.222936490996 740.9379989794773
258.0 10.53079685969106 884.3596578740936 873.8288610144025
261.0 12.56037425002639 740.8710784461832 728.3107041961569
264.0 12.49102672729133 744.3470592277923 731.856032500501
267.0 12.4965107030831 743.1027812106556 730.6062705075725
270.0 12.47500122630083 742.3697424213803 729.8947411950795
273.0 11.90989568060719 797.6739795182709 785.7640838376637
276.0 12.66023625527921 733.5113971006006 720.8511608453214
279.0 12.24958641970873 761.4763437930195 749.2267573733108
282.0 12.630083112929 733.6708628664444 721.0407797535154
285.0 12.1145967750424 771.4698397810732 759.3552430060308
288.0 12.67775684366665 731.966628812166 719.2888719684994
291.0 12.76308368737829 726.5068982089496 713.7438145215713
294.0 12.70154024809566 727.1947619513738 714.4932217032781
297.0 12.22458483460866 760.7504743357866 748.5258895011779
300.0 12.60754052608204 732.1625132142731 719.554972688191
303.0 12.82755020785388 717.951938511561 705.1243883037071
306.0 12.6304327129553 726.1155762955071 713.4851435825518
309.0 12.43727637297006 749.114687466132 736.6774110931619
312.0 12.71638739682853 717.3458982741489 704.6295108773204
315.0 12.70493541539206 719.0382832825993 706.3333478672073
318.0 12.79949967574019 712.9718684446331 700.1723687688929
321.0 12.72384491618765 716.4808249730437 703.756980056856
324.0 12.80525193554442 709.6000363480545 696.79478441251
327.0 12.84081920826107 708.0749323919102 695.2341131836492
330.0 12.81322088933646 706.7625397478491 693.9493188585127
333.0 12.3658441344089 752.2526841297659 739.886839995357
336.0 12.82041332821374 704.9801413025504 692.1597279743367
339.0 12.8584121156509 701.4346567174948 688.5762446018439
342.0 12.34637071570598 754.0585571038927 741.7121863881867
345.0 12.89697191658581 697.0678688586464 684.1708969420606
348.0 12.87748846102753 696.8379492323511 683.9604607713236
351.0 12.92102653129884 693.7166015659353 680.7955750346364
354.0 12.90089540027451 694.2035665568466 681.3026711565721
357.0 12.90023008357005 692.1321669080016 679.2319368244315
360.0 12.94458191159228 690.195592815619 677.2510109040267
363.0 12.92543491274114 690.069521729578 677.1440868168369
366.0 12.97517282653799 687.3654089222418 674.3902360957039
369.0 12.9889515206647 685.927119304549 672.9381677838843
372.0 13.01921037069152 684.452093617133 671.4328832464415
375.0 13.03824366933019 682.838083341063 669.7998396717328
378.0 13.09256999084651 679.5616032000439 666.4690332091974
381.0 13.11186064179194 677.9406079774743 664.8287473356824
384.0 13.12978823622348 676.9435530244868 663.8137647882633
387.0 13.17667809343102 675.4204466918787 662.2437685984477
390.0 13.17969804765014 676.0026765562509 662.8229785086007
393.0 13.20846211871887 674.6828777077321 661.4744155890133
396.0 13.3079130131324 668.8668195407705 655.5589065276382
399.0 13.31043601857388 668.8390377626872 655.5286017441133
402.0 13.3592987656551 666.9562379407855 653.5969391751304
405.0 13.45504655080944 663.2773426566013 649.8222961057919
408.0 13.48193869669404 662.5812735816629 649.0993348849689
411.0 13.53708442235507 660.3515835198546 646.8144990974995
414.0 13.57077498147776 661.2040854466326 647.6333104651548
417.0 13.64885814422098 656.6394009227303 642.9905427785093
420.0 13.71632122000162 655.4227447617216 641.70642354172
423.0 13.79676889193359 652.943964587773 639.1471956958394
426.0 13.8734980944245 651.2326926704217 637.3591945759972
429.0 13.96744393058792 648.820469744009 634.8530258134211
432.0 14.01773122823499 649.056056130169 635.038324901934
435.0 14.12069976074907 646.1573377574275 632.0366379966784
438.0 14.23849203986151 643.6417523370161 629.4032602971546
441.0 14.36632886806301 641.0734971635144 626.7071682954514
444.0 14.47054744021328 640.0601131675761 625.5895657273629
447.0 14.50320642234792 649.5866060919325 635.0833996695845
450.0 14.73098127713627 636.0379799995174 621.3069987223811
453.0 14.89631826337134 633.3905986108482 618.4942803474769
456.0 15.03723158993865 632.0298187048471 616.9925871149084
459.0 15.19312651662754 630.2748661277257 615.0817396110982
462.0 15.38986968543391 627.7706673451458 612.3807976597119
465.0 15.55676467850427 629.0133570095842 613.4565923310799
468.0 15.80727988561496 622.6732546725501 606.8659747869352
471.0 15.99294796349198 622.7384759599099 606.7455279964179
474.0 16.22471887316972 620.5898823281713 604.3651634550016
477.0 16.50660922763984 616.5739204958106 600.0673112681707
480.0 16.77206041389508 614.4270276167499 597.6549672028548
483.0 17.0492465813206 613.8418692620425 596.7926226807219
486.0 17.35710574776252 610.3350520567556 592.9779463089931
489.0 17.65363729409784 609.0451516943955 591.3915144002976
492.0 18.01244721167431 607.8004133335408 589.7879661218665
495.0 18.38512303096481 604.3944555033866 586.0093324724217
498.0 18.78293875411519 601.8488258327161 583.0658870786009
501.0 19.20977690926486 598.8170046673144 579.6072277580495
504.0 19.67882777462687 594.042890068566 574.3640622939392
507.0 20.13400532333231 593.7215997132943 573.587594389962
510.0 20.6553817577533 589.6411189826972 568.9857372249439
513.0 21.16607164616923 589.5404524922539 568.3743808460847
516.0 21.78769124206188 584.6095115158825 562.8218202738206
519.0 22.34750485254819 580.7458244030305 558.3983195504823
522.0 23.09844739340166 576.6422544615761 553.5438070681744
525.0 23.6799068541749 579.9380176083015 556.2581107541266
528.0 24.42301815001335 573.5753373352302 549.1523191852168
531.0 25.39962683614506 565.8131957514265 540.4135689152814
534.0 25.89203314955529 568.1020210187425 542.2099878691872
537.0 26.99153258357617 559.8923046281767 532.9007720446005
540.0 27.1226166587182 582.7630113965294 555.6403947378112
543.0 28.32382247839403 565.3180049689687 536.9941824905747
546.0 31.36770784860645 527.6511441405607 496.2834362919542
549.0 29.81843179931254 563.2188980776332 533.4004662783207
552.0 41.74532843342112 459.1029261529403 417.3575977195192
555.0 36.67850949071551 498.9664752680575 462.287965777342
558.0 43.80428392007461 447.4859190778687 403.6816351577941
561.0 56.15355323613205 401.9318034281124 345.7782501919803
564.0 53.06643480492748 415.5849799484459 362.5185451435184
567.0 62.29400565877084 379.04560041726 316.7515947584891
570.0 67.39840839446079 363.3367281954992 295.9383198010384
573.0 67.01584766545939 364.7356708824245 297.7198232169651
576.0 68.91481508507925 361.7221368796138 292.8073217945345
579.0 81.74235796779899 329.722087423978 247.979729456179
582.0 104.5345972172829 277.7137417594917 173.1791445422089
585.0 129.8819751500436 233.0142830348992 103.1323078848557
588.0 131.3910844702006 231.6271184651015 100.2360339949009
591.0 146.84068391926 205.722137 58.88145308074
