0.0 3.229027572654821 872.6258797387835 869.3968521661287
3.0 1.570492375389897 870.5599419537474 868.9894495783575
6.0 0.7857849730549939 868.7847244893468 867.9989395162918
9.0 0.3703991857939544 867.2645142666334 866.8941150808394
12.0 0.1328169303867607 866.0260126300359 865.8931956996491
15.0 0.03125002035610565 864.5296161699513 864.4983661495952
18.0 0 863.4172395324285 863.4172395324285
21.0 0.012914424610493 862.1264644891092 862.1135500644987
24.0 0.04581363064847676 860.7591853414266 860.7133717107781
27.0 0.09087193021754043 859.5375907108764 859.4467187806589
30.0 0.1392935771815705 858.5754752653202 858.4361816881387
33.0 0.2152593300391512 857.1245787661085 856.9093194360694
36.0 0.2918920495777979 855.9013086987877 855.6094166492099
39.0 0.3760781283051698 854.884626767187 854.5085486388818
42.0 0.4915011366240177 853.3309364304885 852.8394352938645
45.0 0.6151109711264735 851.7939194595797 851.1788084884532
48.0 0.7374850328631102 850.5510216870366 849.8135366541735
51.0 0.8853398545948213 848.8762058746793 847.9908660200845
54.0 1.031451565495769 847.5735347156805 846.5420831501847
57.0 1.201380660406527 845.9079329826219 844.7065523222154
60.0 1.38038145810223 844.7431354634722 843.36275400537
63.0 1.578253501545832 842.9634957946216 841.3852422930757
66.0 1.777030123309965 841.8124640341913 840.0354339108814
69.0 2.002476386939134 839.7626446257225 837.7601682387834
72.0 2.212611615711126 838.8888424897112 836.676230874
75.0 2.480987218331945 836.0920338500853 833.6110466317533
78.0 2.698857945662154 835.2922421816213 832.5933842359592
81.0 2.957959103339567 833.2904283374208 830.3324692340812
84.0 3.228384384471492 831.1173753007613 827.8889909162898
87.0 3.488404306741228 830.1463278027899 826.6579234960487
90.0 3.768620445673302 829.3394530481261 825.5708326024528
93.0 4.074686589574465 827.4168147161753 823.3421281266008
96.0 4.426743304091968 824.2282150080501 819.8014717039581
99.0 4.76709217058201 822.5883405909959 817.8212484204139
102.0 5.048136843844898 823.8195617631284 818.7714249192835
105.0 5.451888809372059 821.6612069815297 816.2093181721577
108.0 5.867750566897989 818.3101993734056 812.4424488065076
111.0 6.218495448081874 816.7880510342626 810.5695555861808
114.0 6.55507558562188 816.6576308545486 810.1025552689267
117.0 6.851969123598177 817.4364054388676 810.5844363152694
120.0 7.101788598127315 822.2393382291208 815.1375496309935
123.0 7.415792389653278 820.6801756895803 813.2643832999271
126.0 7.829285751478539 810.69380058254 802.8645148310615
129.0 7.981523071140784 811.969852131408 803.9883290602672
132.0 8.227070224297586 815.6488845956372 807.4218143713397
135.0 8.402009809048242 813.2586205952891 804.8566107862408
138.0 8.466802341182958 819.6692996607318 811.2024973195488
141.0 8.882275291152849 803.1799203441757 794.2976450530228
144.0 8.911714006325428 808.0836581997981 799.1719441934727
147.0 8.861616233487004 814.6732458926104 805.8116296591234
150.0 9.283558038484655 797.6450634607576 788.361505422273
153.0 9.377232109201353 797.6664995775629 788.2892674683616
156.0 9.316601474357185 818.2544517728272 808.93785029847
159.0 9.673886819317844 795.5376976326673 785.8638108133495
162.0 9.150620807904053 834.7917755576799 825.6411547497759
165.0 9.872565438073999 792.129507984258 782.256942546184
168.0 9.899562531272222 795.3773878143647 785.4778252830925
171.0 10.19768776847883 787.9720457056082 777.7743579371293
174.0 9.972262780857826 801.8892807495476 791.9170179686897
177.0 9.682168515620423 845.257104435022 835.5749359194016
180.0 10.32836724183035 797.0755399958004 786.7471727539701
183.0 10.50829473155347 788.8852884531448 778.3769937215913
186.0 10.17675711806006 827.1092889658746 816.9325318478145
189.0 10.40026257880963 819.6217328920378 809.2214703132281
192.0 11.11136877298877 776.6031590300513 765.4917902570625
195.0 10.96367327828808 796.6047001993232 785.6410269210351
198.0 11.24953702774976 779.3754267266172 768.1258896988674
201.0 11.38503612575008 779.96646631122 768.5814301854699
204.0 11.68203202773671 768.9227624441049 757.2407304163682
207.0 11.67515617620861 771.4399682383107 759.7648120621021
210.0 11.85186166788348 766.8225517166808 754.9706900487974
213.0 11.84677054458385 773.204278196875 761.3575076522911
216.0 10.45599334158647 883.8077803727674 873.3517870311809
219.0 10.28027674464565 875.4818409852021 865.2015642405565
222.0 11.38085837048159 822.405566412671 811.0247080421894
225.0 12.24974617799665 771.8624973716255 759.6127511936288
228.0 12.33987354451452 768.1163011207988 755.7764275762842
231.0 12.61283854778787 759.7509982580221 747.1381597102342
234.0 12.78556643932557 756.7175179063067 743.9319514669811
237.0 12.80913263466954 759.9705171437875 747.1613845091179
240.0 12.53092735506034 777.4776211329497 764.9466937778894
243.0 12.84556790681623 758.8567256458662 746.01115773905
246.0 12.94951351989394 756.1075654849626 743.1580519650687
249.0 12.81779831275124 761.7908490227531 748.9730507100018
252.0 13.0000209490583 758.9382517499953 745.938230800937
255.0 12.92921732850163 759.3140709176524 746.3848535891508
258.0 10.41946589718979 898.2277163157675 887.8082504185777
261.0 13.28085019338162 744.3978738444012 731.1170236510196
264.0 13.18948121083766 748.8104874688729 735.6210062580352
267.0 13.20171709013912 747.6096722368024 734.4079551466632
270.0 13.18517632271368 746.4653457178425 733.2801693951288
273.0 12.27287018628821 815.9705009419059 803.6976307556177
276.0 13.42205178841393 736.888239087806 723.4661872993921
279.0 12.82869891887649 774.780924572919 761.9522256540425
282.0 13.38942583137861 737.5759096306367 724.1864837992581
285.0 12.63160528113827 786.9485327640803 774.3169274829421
288.0 13.44472801115231 736.6111959240864 723.1664679129341
291.0 13.5628848719232 730.2675748148389 716.7046899429157
294.0 13.49580705736852 731.4940748535281 717.9982677961596
297.0 12.80121618134273 776.3197058447836 763.5184896634409
300.0 13.36564683033724 739.6257302906593 726.2600834603221
303.0 13.67591047127521 721.2571269900696 707.5812165187943
306.0 13.42704903701051 731.591730981725 718.1646819447145
309.0 13.07398761735302 766.6598006514204 753.5858130340674
312.0 13.56610770577876 721.143295336276 707.5771876304972
315.0 13.54175424640586 724.1643400399421 710.6225857935362
318.0 13.67370790429771 716.7693599811538 703.0956520768561
321.0 13.5745572884185 721.692676290893 708.1181190024745
324.0 13.69740996340884 713.62887150956 699.9314615461511
327.0 13.73998862420965 712.7074262301593 698.9674376059497
330.0 13.72051003438758 710.9768715723793 697.2563615379918
333.0 12.96599767175704 776.4780653791537 763.5120677073967
336.0 13.73685270423316 709.4400553658525 695.7032026616193
339.0 13.79595877969215 705.3565414971369 691.5605827174447
342.0 12.92883600147527 780.8925371557431 767.9637011542678
345.0 13.85887367955486 700.9323185678312 687.0734448882764
348.0 13.84004166757063 700.8808934106088 687.0408517430382
351.0 13.90194662755725 697.3912930559554 683.4893464283982
354.0 13.8771583131684 698.5810264715972 684.7038681584288
357.0 13.88858306408429 696.242380991031 682.3537979269467
360.0 13.94343673293254 694.4450453846383 680.5016086517057
363.0 13.92397778781644 694.6509405424235 680.7269627546071
366.0 13.98916901015083 691.8246415710502 677.8354725608994
369.0 14.01137476687144 690.2139686191681 676.2025938522966
372.0 14.04886386075487 689.1384815582434 675.0896176974885
375.0 14.07747501020278 687.2781281878468 673.200653177644
378.0 14.15089088573199 683.7065374188969 669.5556465331649
381.0 14.1790844044339 682.1294265390567 667.9503421346228
384.0 14.20238357178477 681.2015837602526 666.9992001884679
387.0 14.25725917537836 679.9242781053208 665.6670189299424
390.0 14.25378817629043 681.7860068536861 667.5322186773956
393.0 14.28973724023701 680.5529247769878 666.2631875367508
396.0 14.4261096619499 673.0240292221592 658.5979195602093
399.0 14.42805268843686 673.2708126703648 658.842759981928
402.0 14.48735222163687 671.4581251905504 656.9707729689135
405.0 14.60487797680089 667.3849941337184 652.7801161569176
408.0 14.63442857313577 667.1982103395142 652.5637817663785
411.0 14.7032188060919 664.5375187876348 649.8342999815429
414.0 14.72817964559757 667.0481421046423 652.3199624590447
417.0 14.83648569673027 660.6303674833683 645.793881786638
420.0 14.91007172033856 659.7671981251831 644.8571264048446
423.0 15.00513465552794 657.0729602164495 642.0678255609216
426.0 15.09135794074587 655.4854491507247 640.3940912099788
429.0 15.19940295835607 652.9471601713106 637.7477572129545
432.0 15.24641842731316 654.0556639613902 638.8092455340771
435.0 15.3675333268013 650.5013525490538 635.1338192222525
438.0 15.50014859510646 647.8475211055441 632.3473725104377
441.0 15.6429875128711 645.2097871132084 629.5667996003373
444.0 15.75240305206451 644.5526707754435 628.800267723379
447.0 15.70927346427212 663.430495466245 647.7212220019729
450.0 16.03667051489417 640.4025671523137 624.3658966374195
453.0 16.21740938279523 637.781762794014 621.5643534112187
456.0 16.36628167443859 636.5204037411631 620.1541220667245
459.0 16.53241609847016 634.8685114846527 618.3360953861826
462.0 16.74451140843635 632.1596649651618 615.4151535567254
465.0 16.89860398004276 636.139897904379 619.2412939243363
468.0 17.19273851396173 626.8590813992395 609.6663428852778
471.0 17.37686702089777 627.7694589466061 610.3925919257083
474.0 17.62236255948997 625.3531941724906 607.7308316130006
477.0 17.92924925127833 620.8119276197607 602.8826783684824
480.0 18.20816417170679 618.5797602849354 600.3715961132286
483.0 18.48714228151257 619.1398476163601 600.6527053348476
486.0 18.81815838210025 614.771739257015 595.9535808749148
489.0 19.1233650411477 613.4825747576859 594.3592097165382
492.0 19.4882002818591 613.3296109807707 593.8414106989116
495.0 19.8840738812593 608.9584685478994 589.0743946666401
498.0 20.29798483370067 606.4444853096298 586.1465004759291
501.0 20.74466785249487 603.08498602715 582.3403181746551
504.0 21.24438846234465 597.6104698920407 576.366081429696
507.0 21.70239058163246 597.8201339865522 576.1177434049197
510.0 22.25038265005699 593.2376511318954 570.9872684818384
513.0 22.7616074505812 594.2151841166004 571.4535766660191
516.0 23.41660024977768 588.1855792972172 564.7689790474395
519.0 24.00242974570507 583.6809289044128 559.6784991587077
522.0 24.7798638142577 579.6378658702931 554.8580020560354
525.0 25.34388599795779 583.8660879818265 558.5222019838687
528.0 26.12876075080735 576.4908754872997 550.3621147364923
531.0 27.1547734817408 568.2113932991508 541.05661981741
534.0 27.63627784268635 570.8871611618838 543.2508833191974
537.0 28.78831442497887 562.1550249159603 533.3667104909815
540.0 28.7911857781299 586.2122559111195 557.4210701329896
543.0 30.09817209534712 567.5497480321454 537.4515759367983
546.0 33.37073578604674 528.0276262711519 494.6568904851051
549.0 31.6171891395154 563.7578041735606 532.1406150340452
552.0 44.18226446114762 459.2648368814249 415.0825724202773
555.0 38.86901779359551 499.0391816698226 460.1701638762271
558.0 46.31656998165834 447.5520775143681 401.2355075327098
561.0 58.98368218157402 402.0188273862793 343.0351452047052
564.0 55.80485099997509 415.6015225983105 359.7966715983354
567.0 65.28363569764172 379.0824432386021 313.7988075409604
570.0 70.50237398671949 363.3495715338158 292.8471975470963
573.0 70.11002546783196 364.751082052585 294.6410565847531
576.0 72.03600597025578 361.7221369096991 289.6861309394433
579.0 85.10966110216541 329.7220954078413 244.6124343056759
582.0 108.3125685793402 277.7143435501273 169.4017749707872
585.0 134.044486897215 233.0259393420807 98.98145244486562
588.0 135.569518552796 231.6310722369567 96.0615536841607
591.0 151.2461736915791 205.722137 54.47596330842088
