0.0 3.1697786724604 880.132603427026 876.9628247545656
3.0 1.515072352841446 878.1451323966544 876.630060043813
6.0 0.7407477167747305 876.3006238402541 875.5598761234794
9.0 0.3360596115676518 874.8844227087414 874.5483630971738
12.0 0.1086373786652716 873.6388972770369 873.5302598983716
15.0 0.02063063306874848 872.2675569328308 872.246926299762
18.0 0 871.2198138096231 871.2198138096231
21.0 0.02615913750039905 869.921558090617 869.8953989531166
24.0 0.07316872132493967 868.5748140212808 868.5016452999558
27.0 0.1309897293928971 867.371024604389 867.2400348749961
30.0 0.1893608985439733 866.4660219019149 866.2766610033709
33.0 0.2807490180199598 865.0318226783059 864.7510736602859
36.0 0.3706542392806365 863.787951058066 863.4172968187853
39.0 0.4658138068419152 862.8035042714874 862.3376904646454
42.0 0.5983069480043393 861.2268817919631 860.6285748439588
45.0 0.7385415387659542 859.7371732587405 858.9986317199746
48.0 0.874843376753397 858.4711534706824 857.596310093929
51.0 1.041143157270589 856.8117910348404 855.7706478775698
54.0 1.201818851997375 855.5287625292846 854.3269436772872
57.0 1.390788718012172 853.7780929162132 852.387304198201
60.0 1.582215307106008 852.8629458124219 851.2807305053159
63.0 1.800803305416707 850.9412140971823 849.1404107917656
66.0 2.012447051563816 849.9646169843396 847.9521699327758
69.0 2.262076955881513 847.6838201334733 845.4217431775918
72.0 2.481935550162858 847.0750041789454 844.5930686287825
75.0 2.783234967176751 843.8915473111123 841.1083123439355
78.0 3.010768489718176 843.225923240966 840.2151547512478
81.0 3.2932479624146 841.1360899349466 837.842841972532
84.0 3.589923296639427 838.6551089791113 835.0651856824719
87.0 3.861701540860721 837.8061543623378 833.944452821477
90.0 4.150352532321956 837.5351218818511 833.3847693495291
93.0 4.479196609350201 835.6051977719752 831.126001162625
96.0 4.870927079140081 831.6324499908808 826.7615229117407
99.0 5.230200929275601 830.2684127094785 825.0382117802029
102.0 5.499744933051161 831.7849361085331 826.2851911754819
105.0 5.928000619282165 829.9555856499019 824.0275850306197
108.0 6.385211478158993 825.9659772660825 819.5807657879235
111.0 6.756489716332626 824.127628149602 817.3711384332694
114.0 7.093943160819356 824.8335691217159 817.7396259608965
117.0 7.379359315512015 827.0243509133195 819.6449915978075
120.0 7.561467354730246 836.5355748869564 828.9741075322261
123.0 7.899300566707363 833.6248276390523 825.7255270723449
126.0 8.445428518957799 818.0433816564807 809.5979531375229
129.0 8.583393228850118 819.8935220792906 811.3101288504405
132.0 8.757472181796947 831.4793299581857 822.7218577763888
135.0 8.944328237527941 832.9403065713439 823.995978333816
138.0 8.921449257180403 843.4879915260756 834.5665422688952
141.0 9.585725410952578 810.4566956709741 800.8709702600215
144.0 9.508923445619571 828.7435740052958 819.2346505596762
147.0 9.410519307495116 829.7595700625137 820.3490507550186
150.0 10.05456105458491 803.409725479914 793.3551644253291
153.0 10.14657392499915 803.8929341430082 793.7463602180091
156.0 9.740878010378532 853.4033635430598 843.6624855326813
159.0 10.46724560448967 801.8654414114221 791.3981958069325
162.0 9.435255948111009 861.4336099405194 851.9983539924084
165.0 10.70497855516606 797.9422187175967 787.2372401624307
168.0 10.69198416792413 802.6560570087522 791.9640728408281
171.0 11.07501145579055 793.9111398016118 782.8361283458212
174.0 10.68465414096466 811.9679455255109 801.2832913845462
177.0 9.804289971610983 882.6420987943258 872.8378088227148
180.0 11.08132342513106 809.7834058410275 798.7020824158965
183.0 11.36530507156093 797.7254601522308 786.3601550806699
186.0 10.54808689164748 853.5603140498754 843.0122271582279
189.0 10.85248442857185 845.7762385203341 834.9237540917623
192.0 12.11435645195776 782.3205641680601 770.2062077161023
195.0 11.71386055538379 811.7579963457613 800.0441357903775
198.0 12.21896835282026 786.4473587208077 774.2283903679875
201.0 12.33159401055225 790.8376312840573 778.5060372735051
204.0 12.76668955713066 775.1147529503856 762.3480633932549
207.0 12.7329666842107 777.8201588857898 765.0871922015791
210.0 12.96346206370432 772.1700981854981 759.2066361217938
213.0 12.88050679256008 781.125881812614 768.2453750200539
216.0 10.23561072126732 910.7287437115363 900.4931329902689
219.0 10.19587305219208 893.5151358520653 883.3192627998732
222.0 11.83675591599244 843.5048685115643 831.6681125955719
225.0 13.29380139390125 781.2202446172105 767.9264432233093
228.0 13.43105750132401 775.8793297948326 762.4482722935086
231.0 13.80053975215889 765.7238473916726 751.9233076395137
234.0 14.00790165655245 762.2831784763032 748.2752768197508
237.0 13.98538588885244 768.254868616069 754.2694827272166
240.0 13.4927962622553 792.3274592141343 778.834662951879
243.0 14.0362037820338 766.5497099064072 752.5135061243734
246.0 14.17146249437082 763.2918809755759 749.1204184812051
249.0 13.97522830964826 770.0180626000401 756.0428342903918
252.0 14.17946719488953 769.0529481317779 754.8734809368883
255.0 14.09650427078978 771.0084329554067 756.9119286846169
258.0 10.15517778117644 907.1978079439646 897.0426301627881
261.0 14.63002354425572 750.6271855622091 735.9971620179534
264.0 14.48421059040085 756.7567255914303 742.2725150010294
267.0 14.50802628344489 755.7226840564058 741.2146577729609
270.0 14.50827541005129 753.4385724569462 738.9302970468949
273.0 12.79113566002776 838.4920434073583 825.7009077473305
276.0 14.85081091470878 742.6884970270304 727.8376861123217
279.0 13.77525924337959 798.1559838938937 784.3807246505141
282.0 14.80560067544107 744.4361852285705 729.6305845531294
285.0 13.44635363779286 810.8596949662396 797.4133413284467
288.0 14.86369118917115 744.9825344437321 730.1188432545609
291.0 15.05625906150144 736.8655945972911 721.8093355357897
294.0 14.96978662349213 739.3942956850997 724.4245090616075
297.0 13.71618158611487 802.3677371478003 788.6515555616854
300.0 14.72008117117904 754.8491101867261 740.1290290155471
303.0 15.26628931869188 726.9585814633713 711.6922921446794
306.0 14.88761686364948 741.8302880446659 726.9426711810164
309.0 14.06599214626034 797.281467717165 783.2154755709046
312.0 15.15215582017023 727.6924214348021 712.5402656146319
315.0 15.08262185379821 733.6161358199372 718.533513966139
318.0 15.30476401857093 723.4307504820296 708.1259864634587
321.0 15.14040854704746 731.2041508313545 716.063742284307
324.0 15.35745724924408 720.9521683492344 705.5947110999903
327.0 15.40169338130153 721.7862078838147 706.3845145025132
330.0 15.40552324764834 718.7526703540115 703.3471471063632
333.0 13.82131533797093 812.3884001192288 798.5670847812579
336.0 15.43541469890219 717.6412395074915 702.2058248085893
339.0 15.54251444932244 712.3231780273033 696.7806635779809
342.0 13.73003352416568 817.779666341833 804.0496328176674
345.0 15.65119407106596 707.8624822981377 692.2112882270717
348.0 15.63141069336164 708.0399171200458 692.4085064266841
351.0 15.73313832101042 703.7819786129182 688.0488402919078
354.0 15.68831921349346 706.5517416554551 690.8634224419616
357.0 15.72620604422095 703.6958241869819 687.969618142761
360.0 15.79844128957826 702.1741852568477 686.3757439672695
363.0 15.77342371297327 703.029779422686 687.2563557097127
366.0 15.86908190458403 699.9777961436151 684.1087142390311
369.0 15.90977863051915 697.9746791728811 682.0649005423619
372.0 15.95332304863194 698.0203329402544 682.0670098916225
375.0 16.00504884079519 695.272233473707 679.2671846329118
378.0 16.11823290843401 691.1509448291416 675.0327119207076
381.0 16.16183544919754 689.774253309743 673.6124178605455
384.0 16.19444234242507 688.8922960894463 672.6978537470212
387.0 16.25952606175744 688.328008484015 672.0684824222576
390.0 16.22021783641448 693.8327578508266 677.6125400144121
393.0 16.26758500434522 692.9385600648011 676.6709750604559
396.0 16.50417476507119 680.5634345965533 664.0592598314821
399.0 16.5009757367243 681.3365178367161 664.8355420999918
402.0 16.57796281665427 679.8218371141045 663.2438742974502
405.0 16.74225386299637 674.8747764052997 658.1325225423033
408.0 16.76696882471713 676.2251640472857 659.4581952225686
411.0 16.86960886826167 672.2063598373103 655.3367509690486
414.0 16.8454163065906 680.006754531186 663.1613382245954
417.0 17.04659202443726 667.6982190580627 650.6516270336254
420.0 17.12535816057414 667.7476649414016 650.6223067808275
423.0 17.25137728424048 664.4851246521682 647.2337473679277
426.0 17.35300019914533 663.2331022541439 645.8801020549986
429.0 17.48916777802045 660.4362764982289 642.9471087202084
432.0 17.51348407093769 664.157337101737 646.6438530307993
435.0 17.68163384186802 658.4236421698747 640.7420083280067
438.0 17.84413464926723 655.4279298933238 637.5837952440565
441.0 18.01549853918603 652.7507954066331 634.7352968674471
444.0 18.1284518639675 652.9826329798408 634.8541811158733
447.0 17.76135948679021 699.8950057084364 682.1336462216462
450.0 18.45967519291874 648.3866011853177 629.926925992399
453.0 18.66763801914719 646.0666471553998 627.3990091362526
456.0 18.83035373109152 644.8554206668869 626.0250669357954
459.0 19.01302393745797 643.6482268787021 624.6352029412441
462.0 19.25767213261049 640.2915214192487 621.0338492866382
465.0 19.33074242886111 653.6962484245501 634.365505995689
468.0 19.76653139864993 634.5024775040463 614.7359461053964
471.0 19.93235021376661 637.7718268177537 617.8394766039871
474.0 20.20956351614139 634.2650712222813 614.0555077061399
477.0 20.57142281641059 628.5282277032063 607.9568048867957
480.0 20.87692952158149 626.0552149702393 605.1782854486578
483.0 21.13729762728616 630.0418084222802 608.904510794994
486.0 21.52783192569827 623.0908730528748 601.5630411271766
489.0 21.8501247733752 621.5564399209304 599.7063151475552
492.0 22.20435591604545 624.8960577285164 602.6917018124709
495.0 22.66271580293247 617.401760069392 594.7390442664595
498.0 23.10540665803998 615.110085964902 592.0046793068621
501.0 23.59483254050972 610.8633280909923 587.2684955504825
504.0 24.16246491382977 603.901529511948 579.7390645981182
507.0 24.61773612616996 605.1561163879065 580.5383802617365
510.0 25.22298195837262 599.5152869583193 574.2923049999467
513.0 25.71628904378992 603.2674160390383 577.5511269952484
516.0 26.45218037498956 594.4939000193987 568.0417196444092
519.0 27.09619481472006 588.664075562924 561.5678807482039
522.0 27.92187545879549 584.7470384102647 556.8251629514692
525.0 28.43970646162411 590.7661270919228 562.3264206302987
528.0 29.31718840984932 581.4328276568596 552.1156392470103
531.0 30.44213905083228 572.2676997379576 541.8255606871254
534.0 30.89733943201511 575.7641509243013 544.8668114922862
537.0 32.15456479390753 566.0496597938335 533.895094999926
540.0 31.90500267226892 591.6542247965181 559.7492221242492
543.0 33.4242222972581 571.1569912707809 537.7327689735228
546.0 37.14618999964283 528.6850613188723 491.5388713192294
549.0 35.01192943786146 564.4960293864351 529.4840999485737
552.0 48.76660660261861 459.5343219888691 410.7677153862505
555.0 42.99689585326324 499.1665572924224 456.1696614391591
558.0 51.04213973355138 447.6651057475543 396.6229660140029
561.0 64.29925072183664 402.1657826865491 337.8665319647124
564.0 60.9510759713654 415.6266946058927 354.6756186345273
567.0 70.8961095975529 379.1446361158463 308.2485265182934
570.0 76.32751271374742 363.3717388468493 287.0442261331019
573.0 75.91694864241525 364.7782610400523 288.8613123976371
576.0 77.89331297183391 361.7221369466049 283.828823974771
579.0 91.4240336094381 329.7221068280756 238.2980732186376
582.0 115.3896026085863 277.7153328471169 162.3257302385306
585.0 141.8355120899856 233.046389093531 91.21087700354539
588.0 143.3902223648384 231.6378740103548 88.24765164551635
591.0 159.4886071981994 205.722137 46.23352980180055
