0.0 3.024488084459965 902.2039067265595 899.1794186420995
3.0 1.370457947454132 900.9096350263242 899.5391770788701
6.0 0.6324460929921636 898.7738249194977 898.1413788265055
9.0 0.2527298550459843 897.7151763544844 897.4624464994385
12.0 0.05777056011208286 896.3369707612881 896.279200201176
15.0 0 895.5494551924677 895.5494551924677
18.0 0.009323852301115641 894.5128642482539 894.5035403959528
21.0 0.07669984602601128 893.1070407719133 893.0303409258873
24.0 0.163468217634635 891.9351599175206 891.7716916998859
27.0 0.2578743304411601 890.8325426573382 890.574668326897
30.0 0.3436701073044844 890.0116936629601 889.6680235556556
33.0 0.4783623807558509 888.7918496905206 888.3134873097647
36.0 0.6105782548560042 887.3716217270326 886.7610434721766
39.0 0.7394529575626078 886.2453030265188 885.5058500689562
42.0 0.9207112752536787 884.965370130759 884.0446588555054
45.0 1.107010498247939 883.6672035134652 882.5601930152172
48.0 1.289410639080514 882.0784376363979 880.7890269973173
51.0 1.506030227502404 880.8245991359352 879.3185689084328
54.0 1.712797535994451 879.2619607445868 877.5491632085923
57.0 1.961741620117856 877.5321560303064 875.5704144101886
60.0 2.172129587759421 877.5771119777393 875.4049823899798
63.0 2.465243687735089 874.9588569063045 872.4936132185695
66.0 2.700760784774328 874.8020346607021 872.1012738759278
69.0 3.040102863152728 871.6146807665222 868.5745779033694
72.0 3.266941885182032 872.3272159878168 869.0602741026348
75.0 3.702962990861038 866.7938588544648 863.0908958636038
78.0 3.9441103105008 867.3855189946712 863.4414086841704
81.0 4.303615073678845 864.7973873299733 860.4937722562945
84.0 4.704566140716309 860.7762260614525 856.0716599207362
87.0 5.018870131773136 858.8986051137862 853.8797349820131
90.0 5.29599380335794 860.394300076668 855.09830627331
93.0 5.667999825694007 861.1451548580843 855.4771550323903
96.0 6.247127589230163 852.7418998504521 846.494772261222
99.0 6.610024185400875 855.9933799104765 849.3833557250756
102.0 6.888257371294293 852.4120599112767 845.5238025399824
105.0 7.357384632057375 852.5081701060209 845.1507854739635
108.0 7.979744417277298 846.4660760277796 838.4863316105023
111.0 8.434297610310253 843.5044557094742 835.070158099164
114.0 8.694033303590023 849.1906946269518 840.4966613233618
117.0 8.814432539556126 859.3080622743929 850.4936297348367
120.0 8.324434873692937 896.3206659937909 887.996231120098
123.0 9.058979852444572 869.0952877333632 860.0363078809186
126.0 10.35298808914618 837.725213088571 827.3722249994248
129.0 10.41482151318347 841.1190550445621 830.7042335313786
132.0 9.776326107717405 881.3629206549181 871.5865945472007
135.0 9.422728158948132 913.700744851375 904.2780166924268
138.0 9.295390424858523 905.6557613468054 896.3603709219469
141.0 11.75448426422136 830.3261826891544 818.571698424933
144.0 9.896147130322585 924.1434628925775 914.2473157622549
147.0 10.63449824804135 870.5306017291229 859.8961034810816
150.0 12.53269292623648 817.6186554300329 805.0859625037964
153.0 12.59732900662225 819.0497889022226 806.4524598956003
156.0 9.559466114356609 925.0898739453901 915.5304078310334
159.0 12.98960091645102 816.8372274038767 803.8476264874256
162.0 9.644220815955504 900.8279132085105 891.183692392555
165.0 13.38150278977697 810.9688018089419 797.5872990191649
168.0 13.15909589438037 820.1052861062402 806.9461902118599
171.0 13.8732927997515 807.7119446146449 793.8386518148934
174.0 12.81111471513617 831.884799102818 819.0736843876819
177.0 9.40362986361412 917.0107193942608 907.6070895306466
180.0 13.10414501120788 841.6922221042596 828.5880770930517
183.0 13.75355475153877 848.6176701283274 834.8641153767886
186.0 11.15116626608576 884.0598881538571 872.9087218877714
189.0 11.67408273547774 877.7674993948431 866.0934166593653
192.0 15.30198039192133 795.5774445142906 780.2754641223693
195.0 13.73023131154518 839.2510646524982 825.520833340953
198.0 15.22921402330901 803.2656790217381 788.0364649984291
201.0 15.01762249444168 819.9372272727999 804.9196047783582
204.0 16.13913841876976 792.4055772955478 776.2664388767781
207.0 16.03946225995698 793.495676631488 777.456214371531
210.0 16.4944013895976 784.7060317626132 768.2116303730156
213.0 16.04632406078067 799.1282349468239 783.0819108860433
216.0 9.436269738234347 923.0923223141269 913.6560525758926
219.0 9.981820195994137 903.0583917154436 893.0765715194495
222.0 12.97043583011919 864.4018322650769 851.4313964349577
225.0 16.42357316717893 801.7480294615071 785.3244562943282
228.0 16.77001437114002 794.2071452695393 777.4371308983993
231.0 17.53803231107319 778.7667939115656 761.2287616004924
234.0 17.86617677342037 774.7874801653737 756.9213033919533
237.0 17.53537651248245 788.8151387778077 771.2797622653253
240.0 16.13443414867377 821.0787165066362 804.9442823579624
243.0 17.67678842571406 784.6328722658428 766.9560838401288
246.0 17.94419593033033 779.415828318267 761.4716323879367
249.0 17.51491789576298 787.3615392027165 769.8466213069535
252.0 17.63750642490271 794.1271913381673 776.4896849132646
255.0 17.41971024561079 800.4210389030594 783.0013286574486
258.0 9.675848279437867 909.6864069924923 900.0105587130544
261.0 18.8127472397896 766.388889326513 747.5761420867234
264.0 18.420795243567 775.6763440168435 757.2555487732765
267.0 18.45625530176269 776.2977185851322 757.8414632833695
270.0 18.60079397489081 768.6876624041189 750.0868684292281
273.0 14.18375111182083 854.4288921091593 840.2451409973385
276.0 19.30962327176423 756.2419779589004 736.9323546871362
279.0 16.14019490991738 830.0186148482731 813.8784199383557
282.0 19.15955888126425 761.4014113027654 742.2418524215012
285.0 15.51530666943531 836.8954373691063 821.380130699671
288.0 19.1431897410703 765.4593366641204 746.3161469230501
291.0 19.65720439716836 753.0680680418376 733.4108636446693
294.0 19.42110146823857 760.2737456451161 740.8526441768775
297.0 15.95651755460384 833.1889295032329 817.2324119486291
300.0 18.38760138726406 793.4951152022802 775.1075138150162
303.0 20.21229838849891 740.526207152407 720.3139087639081
306.0 19.16872519335734 768.3897272789132 749.2210020855559
309.0 16.40193342663143 830.5222296893295 814.1202962626981
312.0 20.04331794405917 743.0121226689778 722.9688047249186
315.0 19.66038030874434 757.2765784279122 737.6161981191678
318.0 20.31346080745247 739.9901920160173 719.6767312085648
321.0 19.79622186635036 754.5690651981292 734.7728433317789
324.0 20.39824556722794 740.597524747982 720.1992791807541
327.0 20.28416010072589 751.2318816579568 730.9477215572309
330.0 20.48300971740095 740.7121010829949 720.229091365594
333.0 15.80650239976077 838.3938211944346 822.5873187946738
336.0 20.53590729530879 740.1071338746487 719.5712265793399
339.0 20.87673023201473 729.9271046491114 709.0503744170967
342.0 15.60517241863292 840.7706484372985 825.1654760186656
345.0 21.11898278183103 725.8346586859135 704.7156759040825
348.0 21.09311963528082 725.8324835837978 704.7393639485169
351.0 21.36211926370247 719.2330597048327 697.8709404411303
354.0 21.15112416290202 727.3827855613725 706.2316613984704
357.0 21.2896138636209 724.0305805113912 702.7409666477703
360.0 21.40335552556158 722.692335699209 701.2889801736474
363.0 21.32701729019222 725.0138289831763 703.6868116929841
366.0 21.52661923888468 721.3751053508346 699.84848611195
369.0 21.64314310084012 718.6744988204069 697.0313557195668
372.0 21.60610975846825 724.5248013203527 702.9186915618845
375.0 21.82541351399742 715.3837280783908 693.5583145643934
378.0 22.0826216455439 710.4632913643023 688.3806697187584
381.0 22.14896736173225 710.610521568402 688.4615542066698
384.0 22.21647158180159 709.0417650519642 686.8252934701626
387.0 22.24502390047097 712.6173896702511 690.3723657697802
390.0 21.78532275182191 735.3988488255402 713.6135260737183
393.0 21.81870411073605 737.7671633120085 715.9484592012725
396.0 22.78790245880686 700.7419617853722 677.9540593265654
399.0 22.74176750514997 702.6391199131512 679.8973524080012
402.0 22.83393567793977 703.7534725825723 680.9195369046325
405.0 23.19815403308124 695.7371094717371 672.5389554386559
408.0 23.04708865365868 707.5746876459143 684.5275989922556
411.0 23.39522843394222 694.2614393142025 670.8662108802603
414.0 22.69556821844075 732.9224102284297 710.2268420099889
417.0 23.76721632797088 685.4856657092573 661.7184493812865
420.0 23.78386151122046 690.1631305542961 666.3792690430757
423.0 24.05414404553762 683.7213877878261 659.6672437422885
426.0 24.17200757217125 684.2925976725855 660.1205901004143
429.0 24.40768476720592 680.8002893752601 656.3926046080542
432.0 24.08504389903868 702.6718380440071 678.5867941449684
435.0 24.64966747186786 679.752167510092 655.1025000382241
438.0 24.92931375558697 675.1930636173861 650.2637498617991
441.0 25.17238549066551 673.9223662618203 648.7499807711548
444.0 25.22362455427958 678.3302323483565 653.1066077940769
447.0 22.44583060766416 771.0202541255295 748.5744235178653
450.0 25.74865621542015 670.0840393350287 644.3353831196085
453.0 25.98271173118387 672.1017372489125 646.1190255177286
456.0 26.21231683230489 668.3091726376483 642.0968558053434
459.0 26.37784795418779 672.0890354794772 645.7111875252894
462.0 26.79242765971341 663.8880725655639 637.0956449058505
465.0 25.76384970764938 721.381465464551 695.6176157569016
468.0 27.52375860011364 655.6772421352375 628.1534835351238
471.0 27.40601872815467 673.2436782051762 645.8376594770216
474.0 27.92440296957479 659.4976092465812 631.5732062770064
477.0 28.53534889142686 649.345742764704 620.8103938732772
480.0 28.93983895005959 645.8478181171508 616.9079791670912
483.0 28.82491478903906 668.5811911317957 639.7562763427566
486.0 29.63424294611642 647.6859884920856 618.0517455459691
489.0 30.05416634889138 642.6647030409637 612.6105366920723
492.0 30.03116483674278 666.636667452496 636.6055026157532
495.0 30.9874521363362 640.6596454448045 609.6721933084683
498.0 31.48089556395772 641.014350590264 609.5334550263063
501.0 32.18083479466313 631.6719263822232 599.4910915875601
504.0 33.05006290872064 619.7062760518151 586.6562131430945
507.0 33.43840675402018 623.601249044417 590.1628422903968
510.0 34.28364202036027 614.5139101169298 580.2302680965695
513.0 34.50930416261029 629.8487109205503 595.33940675794
516.0 35.69310318951557 610.1688134319964 574.4757102424809
519.0 36.59754861365641 599.9271004783135 563.3295518646571
522.0 37.56204006748245 596.2137452740797 558.6517052065973
525.0 37.8413121999549 606.7866639377566 568.9453517378017
528.0 39.10771491431505 592.3179174490797 553.2102025347646
531.0 40.57223714810428 581.4063822471512 540.8341450990469
534.0 40.89546051534432 587.5992772209338 546.7038167055895
537.0 42.52577868503835 575.0935584242828 532.5677797392444
540.0 41.47307875680989 601.6418163118326 560.1687375550227
543.0 43.70559870001348 578.3274606390924 534.621861939079
546.0 48.91151358005453 530.3739780727815 481.462464492727
549.0 45.64183275843434 565.5588905160601 519.9170577576258
552.0 62.9807743447454 460.1512179789193 397.1704436341739
555.0 55.8484587809709 499.4976257735454 443.6491669925745
558.0 65.68775987116615 447.9438879124833 382.2561280413171
561.0 80.71320791968047 402.5155727519262 321.8023648322457
564.0 76.86355045101784 415.6732205469079 338.80967009589
567.0 88.20522925111102 379.291714704642 291.086485453531
570.0 94.27667533531104 363.4274523191022 269.1507769837912
573.0 93.8111514351859 364.8500105721665 271.0388591369806
576.0 95.9401771519063 361.7221369882325 265.7819598363262
579.0 110.8420938292225 329.7221250362457 218.8800312070233
582.0 137.0955980740103 277.7175290522642 140.6219309782539
585.0 165.6824023329953 233.0997700185005 67.41736768550513
588.0 167.326912452634 231.6547329517511 64.32782049911703
591.0 184.6908508946847 205.722137 21.03128610531525
