0.0 2.988397338852881 910.2221736979898 907.2337763591369
3.0 1.329187379508416 909.1880643559165 907.8588769764081
6.0 0.6064027703058947 906.9509696227296 906.3445668524238
9.0 0.2334004238785539 905.9599986515177 905.7265982276391
12.0 0.05106132067321952 904.5477978724448 904.4967365517716
15.0 0 903.9299414633778 903.9299414633778
18.0 0.0206682915930878 902.8161206055049 902.7954523139119
21.0 0.1037845988184706 901.3576956675452 901.2539110687268
24.0 0.2033014616065533 900.274102185626 900.0708007240194
27.0 0.3100887264736834 899.2046178628197 898.894529136346
30.0 0.4053779731436831 898.3855277514436 897.9801497782999
33.0 0.5536807586083328 897.2832037925156 896.7295230339072
36.0 0.7027488820516802 895.7524151794158 895.0496662973642
39.0 0.8453985718607332 894.5088514287186 893.6634528568578
42.0 1.040618279412157 893.504524236986 892.4639059575739
45.0 1.242330962788951 892.2320842369291 890.9897532741401
48.0 1.444302242971496 890.4518639684439 889.0075617254724
51.0 1.675096381149249 889.4401194909645 887.7650231098152
54.0 1.901667794081694 887.6316952241589 885.7300274300772
57.0 2.170204039025516 886.1516631568044 883.9814591177789
60.0 2.381058593378242 886.412750366573 884.0316917731948
63.0 2.705568505107726 883.6656446836431 880.9600761785353
66.0 2.944199764311975 883.6655399144975 880.7213401501855
69.0 3.321690341469972 880.2920295967552 876.9703392552853
72.0 3.540671915890216 881.5116659827704 877.9709940668802
75.0 4.046010331389972 874.6811254958117 870.6351151644217
78.0 4.277660555117554 876.4695771279293 872.1919165728117
81.0 4.67029167679708 873.4316295214259 868.7613378446288
84.0 5.121639584975595 868.6270413168585 863.5054017318829
87.0 5.463836260154402 865.7815756144575 860.3177393543031
90.0 5.727562162193703 867.2747083547873 861.5471461925936
93.0 6.081827333637123 870.8539972833828 864.7721699497456
96.0 6.76915025670665 859.6635301739038 852.8943799171972
99.0 7.08137877262354 867.0533666788561 859.9719879062326
102.0 7.424457532492324 858.601045528343 851.1765879958507
105.0 7.895008152054994 859.0601252436318 851.1651170915769
108.0 8.590456436028517 852.4392452382694 843.8487888022409
111.0 9.082741941061943 849.1281654788145 840.0454235377525
114.0 9.27427788366209 856.9417213174003 847.6674434337382
117.0 9.273600757897015 870.0450478137771 860.7714470558801
120.0 8.354452987323576 913.0018523071744 904.6473993198508
123.0 9.432443123541573 876.8506336062143 867.4181904826728
126.0 11.08200631285609 843.370181094777 832.2881747819209
129.0 11.10691414698419 847.1176542854639 836.0107401384797
132.0 10.01880594686594 890.6217120752676 880.6029061284016
135.0 9.310649386143984 924.4631107775275 915.1524613913835
138.0 9.290856732933582 912.3759036323869 903.0850468994533
141.0 12.57517467363307 836.1023320681561 823.527157394523
144.0 9.675560013828189 935.3688026841675 925.6932426703393
147.0 11.0092743685202 878.1860224313771 867.1767480628569
150.0 13.50487643726319 821.5378678257096 808.0329913884464
153.0 13.55389477525589 823.209754860154 809.6558600848981
156.0 9.367574433394966 929.3351320432327 919.9675576098377
159.0 13.97470423154045 820.7531867560132 806.7784825244728
162.0 9.700185254223691 907.233719507149 897.5335342529253
165.0 14.43553201831596 814.2881267389517 799.8525947206358
168.0 14.10747596872902 824.8205896977877 810.7131137290587
171.0 14.96510536514698 811.3249060445033 796.3598006793563
174.0 13.63657876136718 835.6696748942221 822.0330961328549
177.0 9.306799585536073 919.6151853927325 910.3083858071965
180.0 13.81350397712793 848.3899822903621 834.5764783132341
183.0 14.09510643698794 919.0253371956969 904.930230758709
186.0 11.42063631464348 886.068997754452 874.6483614398085
189.0 12.01411521987197 879.9382995383522 867.9241843184803
192.0 16.53663386594492 799.107144580303 782.5705107143581
195.0 14.48648649950734 843.2212447302508 828.7347582307435
198.0 16.37755706567952 807.6836410837205 791.306084018041
201.0 15.9753481095409 826.6930860530015 810.7177379434606
204.0 17.40565744149906 797.8921230369862 780.4864655954871
207.0 17.29920942194088 797.8715676068151 780.5723581848743
210.0 17.85652982729678 788.074938375424 770.2184085481272
213.0 17.24755206360071 803.332916632177 786.0853645685763
216.0 9.287842463334773 923.4589143803202 914.1710719169854
219.0 10.04940102100939 903.4232949229004 893.373893901891
222.0 13.46822405079688 865.9474477043445 852.4792236535476
225.0 17.59991077002186 806.1676582371199 788.5677474670981
228.0 18.02861330717328 798.77855119291 780.7499378857367
231.0 18.97467702525332 781.8697129176405 762.8950358923872
234.0 19.34775651265186 777.9619750116252 758.6142184989733
237.0 18.85640969008028 793.7519536776979 774.8955439876176
240.0 17.10351309497497 825.6227949381157 808.5192818431407
243.0 19.04646491466374 788.9894250366942 769.9429601220304
246.0 19.37411626750498 783.2886611542633 763.9145448867583
249.0 18.85706360688272 791.184789598134 772.3277259912513
252.0 18.89878739313644 799.9727135937793 781.0739262006428
255.0 18.60975743215353 806.7246507873915 788.114893355238
258.0 9.672677539229708 909.713329219275 900.0406516800452
261.0 20.38550041691891 770.8762265981903 750.4907261812714
264.0 19.89086221911583 780.2950382426549 760.4041760235391
267.0 19.91544340062046 781.8314971295988 761.9160537289783
270.0 20.15171830847767 772.2750784052915 752.1233600968138
273.0 14.80361466530529 855.155184074063 840.3515694087577
276.0 20.99893684270412 759.8024548799087 738.8035180372046
279.0 17.02494711380366 832.7832968829024 815.7583497690987
282.0 20.78709094274472 766.1043603752281 745.3172694324833
285.0 16.32545654343766 838.9682283795292 822.6427718360916
288.0 20.72541283028696 770.5721175801018 749.8467047498149
291.0 21.37879069135709 757.5103750572478 736.1315843658907
294.0 21.05775790938477 765.954115431562 744.8963575221772
297.0 16.80880883423681 835.4711713455948 818.662362511358
300.0 19.65555791739057 800.5658039374313 780.9102460200408
303.0 22.07548426308364 744.1965439747136 722.12105971163
306.0 20.71219810487894 774.9950306902672 754.2828325853882
309.0 17.28933787187284 832.3512146331515 815.0618767612787
312.0 21.8767735458929 747.016709154213 725.1399356083201
315.0 21.33000510314975 763.0912730286538 741.7612679255041
318.0 22.17800353731912 744.6671602181067 722.4891566807876
321.0 21.49620045172584 760.2942621744105 738.7980617226847
324.0 22.25168441964196 746.3171288715247 724.0654444518828
327.0 22.00531535435715 760.5584416444843 738.5531262901271
330.0 22.33047277980402 747.5245680111888 725.1940952313848
333.0 16.61084143724971 839.2394193374409 822.6285779001912
336.0 22.39121138973978 746.7078901812747 724.3166787915349
339.0 22.85146681961003 734.8378145963983 711.9863477767883
342.0 16.38380960579295 841.3915072657469 825.007697659954
345.0 23.13803824502558 730.9725887516356 707.83455050661
348.0 23.1131873864934 730.7252437649366 707.6120563784432
351.0 23.45782566678912 723.4686173111296 700.0107916443405
354.0 23.15082492983772 733.1337842498806 709.9829593200428
357.0 23.32377568446619 730.252116303963 706.9283406194968
360.0 23.45436537462395 728.570606796923 705.116241422299
363.0 23.35156211419867 731.1177008570645 707.7661387428658
366.0 23.59238045829669 727.3024451726428 703.7100647143461
369.0 23.73750856998412 724.8329739001323 701.0954653301482
372.0 23.62711731451747 732.8398856558634 709.2127683413459
375.0 23.96008252001723 720.7643355541524 696.8042530341351
378.0 24.27082910206749 716.0374133814661 691.7665842793986
381.0 24.3328589641055 716.83669472655 692.5038357624445
384.0 24.41976396512821 714.8402419807172 690.420478015589
387.0 24.40156945828267 720.2278578899299 695.8262884316472
390.0 23.67414169160649 747.1579089628919 723.4837672712854
393.0 23.67696300041196 750.5963473569688 726.9193843565569
396.0 25.08343944536459 706.7129400600286 681.629500614664
399.0 25.0163073567447 708.6965436974814 683.6802363407367
402.0 25.09048907520127 711.2124979412963 686.1220088660951
405.0 25.547426579634 702.3278560399347 676.7804294603007
408.0 25.24528491822276 718.9298798976044 693.6845949793817
411.0 25.75810037345134 701.6404910008285 675.8823906273772
414.0 24.60269159137338 747.598244229123 722.9955526377496
417.0 26.23818313908726 690.5017970179512 664.263613878864
420.0 26.19533635467189 697.2045302859308 671.0091939312589
423.0 26.54387150768304 689.258039260474 662.7141677527909
426.0 26.65266930947848 690.65706780448 664.0043984950015
429.0 26.92830497899217 687.0141833057205 660.0858783267283
432.0 26.33126150388913 716.5991660271088 690.2679045232196
435.0 27.18355024932537 685.9841487757239 658.8005985263985
438.0 27.51701185495232 680.859157474871 653.3421456199187
441.0 27.77021287300382 680.7334432079148 652.9632303349109
444.0 27.76712949037275 686.7591724666542 658.9920429762814
447.0 24.00674705047647 775.1728759787645 751.1661289282881
450.0 28.39447070530668 676.5273934512831 648.1329227459764
453.0 28.59556057756793 681.3328853255858 652.7373247480178
456.0 28.87812842697664 675.4074263380325 646.5292979110559
459.0 28.9904937455444 682.1344477991085 653.1439540535641
462.0 29.50797179547237 671.558817928041 642.0508461325687
465.0 27.83506626508979 733.616327299921 705.7812610348312
468.0 30.33877139860904 662.2721319925603 631.9333605939512
471.0 30.00401280750136 685.6954091516819 655.6913963441805
474.0 30.69828880781678 667.0199509332207 636.3216621254039
477.0 31.42943027237427 655.5358327868752 624.1064025145009
480.0 31.87620618162341 651.8113086347165 619.9351024530931
483.0 31.48927256047298 680.3506183597249 648.8613457992519
486.0 32.54856112055994 655.5246459916691 622.9760848711091
489.0 33.03572276769561 648.5504410062416 615.5147182385459
492.0 32.72533478934704 678.9232429960556 646.1979082067086
495.0 33.99502024665663 647.4592791604115 613.4642589137548
498.0 34.48199997805246 649.3475151946216 614.8655152165692
501.0 35.29926250406883 637.7341665600833 602.4349040560145
504.0 36.31154267232228 624.2157167629017 587.9041740905795
507.0 36.66010536417116 628.6387590907445 591.9786537265733
510.0 37.61532564735769 618.4777721903172 580.8624465429595
513.0 37.66315408847107 637.352128199502 599.688974111031
516.0 39.08308042656528 614.543507315492 575.4604268889267
519.0 40.11243791371609 602.8038807903239 562.6914428766078
522.0 41.12611947011807 599.0636080725929 557.9374886024748
525.0 41.29142263754055 610.7224452185762 569.4310225810357
528.0 42.72999745813155 594.9597741909632 552.2297767328316
531.0 44.32609615419405 583.7485884506052 539.4224922964111
534.0 44.58307690662689 590.8131511785635 546.2300742719366
537.0 46.36634641610518 577.4441289863998 531.0777825702946
540.0 45.02576678686067 603.6197306858635 558.5939638990028
543.0 47.52860997740643 579.9175568634297 532.3889468860233
546.0 53.29834599507938 530.8884173364834 477.590071341404
549.0 49.62686754421248 565.7309540631315 516.104086518919
552.0 68.25406200006237 460.3190201932431 392.0649581931807
555.0 60.63431790505331 499.6003173693947 438.9659994643414
558.0 71.11802669769405 448.0269307542121 376.9089040565181
561.0 86.77783189713201 402.6151892254195 315.8373573282875
564.0 82.75016349039074 415.683209642308 332.9330461519173
567.0 94.59251905368605 379.3330647655309 284.7405457118449
570.0 100.8943065286939 363.4442559775008 262.5499494488069
573.0 100.4089369390298 364.8726918491711 264.4637549101413
576.0 102.5932523945438 361.7221369930093 259.1288845984655
579.0 117.9873931923747 329.7221283028176 211.7347351104429
582.0 145.0621937587709 277.7181066087865 132.6559128500156
585.0 174.4171764989516 233.1164838238584 58.69930732490672
588.0 176.0941725652913 231.6597159386556 55.56554337336422
591.0 193.9125239126374 205.722137 11.8096130873626
