0.0 2.865195508760674 941.987860217395 939.1226647086344
3.0 1.170355938094785 941.3152710894773 940.1449151513825
6.0 0.5059481427337985 939.4560826803575 938.9501345376237
9.0 0.1631936983826565 938.0219843674571 937.8587906690744
12.0 0.02861588030211881 936.7325700510635 936.7039541707614
15.0 0 935.9006176069914 935.9006176069914
18.0 0.07589386695996287 934.2776811137631 934.2017872468032
21.0 0.2212086776438913 932.9199305917908 932.6987219141469
24.0 0.3638056463263495 931.9620290904007 931.5982234440744
27.0 0.5151219690255383 931.0762896543032 930.5611676852777
30.0 0.6506612662071663 929.9585860481491 929.307924781942
33.0 0.8401172168081818 929.2667223035884 928.4266050867802
36.0 1.064885523165012 927.3976633874246 926.3327778642596
39.0 1.270482354292368 925.8548864571887 924.5844041028964
42.0 1.488644506123152 926.0337137708934 924.5450692647702
45.0 1.751230189248705 924.6356694194407 922.884439230192
48.0 2.043127860211233 922.5799014213429 920.5367735611317
51.0 2.312632816657186 921.8202911338799 919.5076583172227
54.0 2.639298876474073 919.2754963391978 916.6361974627237
57.0 2.94810374864626 919.1874874543399 916.2393837056937
60.0 3.166381560467077 918.5537649657548 915.3873834052877
63.0 3.586594276458768 917.880941257853 914.2943469813942
66.0 3.861369223082039 915.8572596997397 911.9958904766577
69.0 4.36917711106593 914.1094540479586 909.7402769368926
72.0 4.551044918212831 914.117935895748 909.5668909775351
75.0 5.42468477699596 904.9709454940007 899.5462607170048
78.0 5.46781094896353 912.3732057393096 906.9053947903461
81.0 6.040418173888674 907.5862875652973 901.5458693914086
84.0 6.76704758830733 900.1194906168793 893.352443028572
87.0 7.266370303948657 898.7136481411729 891.4472778372243
90.0 7.664572277462095 885.0995042630771 877.434931985615
93.0 7.551052050650775 906.8021278580239 899.2510758073731
96.0 9.003130292100983 880.4759020030318 871.4727717109308
99.0 8.622920341032697 907.3461500094798 898.7232296684471
102.0 9.475355618666151 907.798125309708 898.3227696910419
105.0 10.27377486038205 875.6945232671028 865.4207484067208
108.0 11.28825649148462 868.0332245356559 856.7449680441713
111.0 11.95061429348642 863.9808379275865 852.0302236341001
114.0 11.72067269017771 876.5946903541172 864.8740176639395
117.0 11.08328948048751 893.4212063774977 882.3379168970102
120.0 8.407095122997181 933.5414754721759 925.1343803491787
123.0 11.22470991328118 889.1438812555168 877.9191713422357
126.0 14.27687064031851 857.1091018477801 842.8322312074616
129.0 14.13890089032526 861.4004791440204 847.2615782536952
132.0 11.31585515043881 900.6428004237374 889.3269452732986
135.0 9.2879369462537 931.4711901568026 922.1832532105489
138.0 9.814292991131104 917.4321696289023 907.6178766377712
141.0 16.11319733960157 850.1813076016391 834.0681102620376
144.0 9.250406109443155 941.5646649319231 932.31425882248
147.0 12.86159386492658 887.9400846722061 875.0784908072795
150.0 17.75836546852456 831.6642056477354 813.9058401792109
153.0 17.72410009367797 834.2893694046042 816.5652693109262
156.0 9.290387088445767 931.6556596267425 922.3652725382967
159.0 18.28795103333439 830.3208922235899 812.0329411902555
162.0 9.874942178353401 949.0878608372199 939.2129186588665
165.0 19.05363843616973 822.7870973618945 803.7334589257248
168.0 18.20661190227378 837.1290977931844 818.9224858909106
171.0 19.70580131072064 820.5923781382235 800.8865768275028
174.0 17.39031004481234 842.4695780065846 825.0792679617722
177.0 9.386693995372857 939.3543757758251 929.9676817804522
180.0 16.9646174370194 858.8779826324525 841.9133651954331
183.0 11.9036373274059 1007.358773681701 995.4551363542954
186.0 13.18497149950325 887.6175362044994 874.4325647049961
189.0 14.04434344432755 881.6081321215304 867.5637886772028
192.0 21.82692515569866 808.6543046744712 786.8273795187725
195.0 17.99711295217706 848.626575779949 830.6294628277719
198.0 21.28155164060379 818.583340703225 797.3017890626212
201.0 20.06208267522246 838.1608348417318 818.0987521665094
204.0 22.65302857147829 813.0329656377352 790.3799370662569
207.0 22.62097990063919 809.5188277014035 786.8978478007643
210.0 23.65134948821916 797.1554095228436 773.5040600346245
213.0 22.39653068830455 812.3335923187024 789.9370616303978
216.0 9.505917868827496 923.7072075002133 914.2012896313858
219.0 11.09998070204717 903.6986720792873 892.5986913772402
222.0 16.12344723240285 867.4840953319508 851.360648099548
225.0 22.65472229429255 814.7317620152076 792.0770397209151
228.0 23.36428098433266 809.0183123714498 785.6540313871171
231.0 25.09945233698817 788.9527690244669 763.8533166874787
234.0 25.62675152297738 786.0520893990978 760.4253378761204
237.0 24.43008858439063 803.5081662843202 779.0780776999295
240.0 21.39921753168777 832.0064988225899 810.6072812909021
243.0 24.83245625678445 798.4176824929201 773.5852262361357
246.0 25.41794907401847 792.1509093158448 766.7329602418263
249.0 24.58032166251849 799.1267547789394 774.5464331164209
252.0 24.19249610514538 810.9583479869617 786.7658518818163
255.0 23.6325306671572 816.8478353462617 793.2153046791045
258.0 10.46369132435406 909.7220724951927 899.2583811708386
261.0 26.90478771046786 782.8747511692134 755.9699634587455
264.0 26.04675512203891 790.2041080077362 764.1573528856973
267.0 25.94516905621801 794.8002411724213 768.8550721162033
270.0 26.68452108521358 780.3884794483286 753.703958363115
273.0 17.97087326901922 855.6846772227516 837.7138039537324
276.0 28.0482308864673 768.9407883708768 740.8925574844095
279.0 21.12118202074604 835.392053776639 814.2708717558929
282.0 27.50529883078676 778.4380156896118 750.932716858825
285.0 20.15790153098276 841.228506381893 821.0706048509102
288.0 27.27736415417926 781.6613899847411 754.3840258305619
291.0 28.48164137754115 769.0828404849394 740.6011991073982
294.0 27.76729877523764 778.9129199003682 751.1456211251305
297.0 20.80403180754029 837.4991896564357 816.6951578488954
300.0 24.97799187032705 809.8537245721515 784.8757327018244
303.0 29.78010296313054 754.0406938721111 724.2605909089806
306.0 27.03233278867585 788.0712750407298 761.0389422520539
309.0 21.44763845211089 833.6400715786565 812.1924331265456
312.0 29.4499499429654 757.1902049423707 727.7402549994053
315.0 28.17875696059007 775.2658585621404 747.0871016015503
318.0 29.8051522756433 757.3730744197413 727.567922144098
321.0 28.46434452846311 772.5057610295055 744.0414165010424
324.0 29.76816861519622 760.8534515853239 731.0852829701277
327.0 28.79235896702692 780.5012309759357 751.7088720089087
330.0 29.72332257592029 765.7194794468566 735.9961568709363
333.0 20.48919856557998 839.7060899603272 819.2168913947472
336.0 29.8516125712356 763.1850658555661 733.3334532843305
339.0 30.89704024649512 747.4368083451819 716.5397680986867
342.0 20.17117077003012 841.7119954159386 821.5408246459085
345.0 31.33286757950439 744.3939611408211 713.0610935613167
348.0 31.33261018121646 743.4874544169597 712.1548442357433
351.0 32.01393281857787 734.8860879737521 702.8721551551742
354.0 31.24458239702394 746.9008392123934 715.6562568153695
357.0 31.47592001302858 747.4136493990284 715.9377293859998
360.0 31.72362115532845 743.3759524494817 711.6523312941532
363.0 31.50804169576055 746.2114702313098 714.7034285355492
366.0 31.9236714547158 741.7874280535535 709.8637565988377
369.0 32.12779910473417 741.8865540292198 709.7587549244857
372.0 31.59543536388458 753.4736326754979 721.8781973116133
375.0 32.59900273295358 733.9262672780012 701.3272645450477
378.0 33.07415268546573 731.2789797664623 698.2048270809966
381.0 33.07584004406282 733.1910450671397 700.1152050230769
384.0 33.27020548635713 730.2705179773078 697.0003124909506
387.0 32.92599271573054 740.4081249532302 707.4821322374997
390.0 31.04160331883934 767.0834826414592 736.0418793226199
393.0 30.88625582407748 770.9532974554373 740.0670416313598
396.0 34.27178904058831 722.7825718933312 688.5107828527429
399.0 34.13185120782837 724.175674737069 690.0438235292406
402.0 34.01251602937416 730.99683677456 696.9843207451859
405.0 34.87120476523224 721.35392092887 686.4827161636377
408.0 33.66694322323644 746.2691703916048 712.6022271683684
411.0 35.04398428452902 724.3424931679186 689.2985088833896
414.0 31.97474352953229 766.881219594491 734.9064760649587
417.0 36.17952474472718 704.0449342998016 667.8654095550744
420.0 35.73068671374219 716.9619095365025 681.2312228227603
423.0 36.51743935312064 704.104512197008 667.5870728438874
426.0 36.51552248512849 708.3053378943305 671.789815409202
429.0 36.95589370465556 704.260945069846 667.3050513651905
432.0 34.84642369334304 744.2863726678243 709.4399489744812
435.0 37.28377941601469 701.9216252786556 664.6378458626409
438.0 37.86115289551353 695.9002374930251 658.0390845975115
441.0 38.02947629007174 700.6059505187737 662.576474228702
444.0 37.70214626642341 709.9250069396335 672.2228606732101
447.0 30.68954790717163 777.6065758630198 746.9170279558481
450.0 38.90133507361429 693.5517631261866 654.6504280525723
453.0 38.711969295674 707.7080197148437 668.9960504191697
456.0 39.41488886406252 693.8748356775066 654.4599468134441
459.0 39.07537725465216 708.5236576021184 669.4482803474662
462.0 40.16041800360329 693.2364288323439 653.0760108287406
465.0 36.09562635656397 744.7477326630815 708.6521063065176
468.0 41.46453672114593 680.9762486392072 639.5117119180612
471.0 39.93762222319499 712.7546917498594 672.8170695266644
474.0 41.63316068194454 685.7418835668105 644.108722884866
477.0 42.90879954473322 672.219433365263 629.3106338205298
480.0 43.51382598300626 669.3918913264959 625.8780653434897
483.0 41.81593878245505 701.7241391961372 659.9082004136822
486.0 43.98583072956337 675.6996440535404 631.7138133239771
489.0 44.89902448794599 663.1303366230414 618.2313121350954
492.0 43.17480392461165 699.1353115552435 655.9605076306318
495.0 45.88861018020705 664.2288256871972 618.3402155069902
498.0 46.21568591213515 670.7280805161303 624.5123946039952
501.0 47.6649224468196 653.3879234316343 605.7230009848147
504.0 49.33623188586673 636.7260088147175 587.3897769288507
507.0 49.51004883118383 641.34998936008 591.8399405288962
510.0 50.97124455959697 628.4823865195215 577.5111419599245
513.0 50.11442058785347 653.1759456189286 603.0615250310752
516.0 52.62118453672291 626.2456307258904 573.6244461891675
519.0 54.25600362154536 610.1706742451632 555.9146706236178
522.0 55.46738658097569 605.9997061007805 550.5323195198048
525.0 55.12280873177028 619.7130570804436 564.5902483486733
528.0 57.313938500702 601.2269192929256 543.9129807922236
531.0 59.43149841055362 589.7568496690738 530.3253512585202
534.0 59.36407144369423 599.1572622987143 539.7931908550201
537.0 61.80643536690085 583.4071113472655 521.6006759803647
540.0 59.40413798661157 607.4987022909151 548.0945643043035
543.0 62.96656941687737 583.5128644755384 520.5462950586611
546.0 70.97912857865439 532.4947344277544 461.5156058491
549.0 65.79098065375679 566.0469117837699 500.2559311300131
552.0 89.38442669509008 460.7898589105745 371.4054322154845
555.0 79.88910044133533 499.9314433463444 420.0423429050091
558.0 92.860189230003 448.2889948869251 355.4288056569221
561.0 110.9656769088748 402.9109395012239 291.9452625923491
564.0 106.2589197358849 415.7051632198704 309.4462434839855
567.0 120.0297817397295 379.4530857592934 259.4233040195639
570.0 127.2219583443057 363.4974323013004 236.2754739569947
573.0 126.6594797585341 364.948112967386 238.2886332088519
576.0 129.0590561274258 361.7221369989628 232.6630808715369
579.0 146.351775471055 329.7221343004318 183.3703588293769
582.0 176.594388349163 277.7196672206492 101.1252788714862
585.0 208.9109232325805 233.1716387171161 24.26071548453555
588.0 210.7142699033688 231.6750140584142 20.96074415504543
591.0 230.2857762076916 205.722137 -24.56363920769165
