0.0 2.823151970214488 952.3320627104292 949.5089107402147
3.0 1.115613784851898 951.57855700234 950.4629432174881
6.0 0.4639593380303383 950.1336989638443 949.669739625814
9.0 0.1367279461125981 948.4762770629018 948.3395491167892
12.0 0.01665082338233338 947.2328537950699 947.2162029716875
15.0 0 946.1431280276782 946.1431280276782
18.0 0.09842946373346688 944.4249722688816 944.3265428051481
21.0 0.2618268897559398 943.2664385750022 943.0046116852463
24.0 0.4190420120575302 942.2247776405615 941.805735628504
27.0 0.5826412327461219 941.510796439636 940.9281552068899
30.0 0.7357888729859453 940.1513893032617 939.4156004302757
33.0 0.9363729669786849 939.4678647632451 938.5314917962664
36.0 1.187556841550287 937.6994346558573 936.5118778143071
39.0 1.415584125724574 936.1687592426711 934.7531751169465
42.0 1.633195071917122 936.4778050625626 934.8446099906455
45.0 1.917456881355573 935.0250097375381 933.1075528561825
48.0 2.237346406451959 933.3506765677672 931.1133301613153
51.0 2.52226992206801 932.2113696841229 929.6890997620549
54.0 2.884904024557683 929.8554529522799 926.9705489277222
57.0 3.198266908053211 929.7966364181483 926.5983695100951
60.0 3.431358520750796 928.5626911459152 925.1313326251644
63.0 3.857857236171817 929.0801574863735 925.2223002502016
66.0 4.169714984806359 925.8848574661941 921.7151424813877
69.0 4.699900614886392 925.1625321387038 920.4626315238175
72.0 4.892908521733873 923.7833363407239 918.89042781899
75.0 5.885354967025226 916.4132718557034 910.5279168886782
78.0 5.838234101059729 922.7034842458208 916.8652501447611
81.0 6.477921962437128 918.2780120002043 911.8000900377672
84.0 7.302212497013124 912.4468124582521 905.144599961239
87.0 7.792482891927899 916.615357139234 908.8228742473061
90.0 8.458143836854841 888.5251040429562 880.0669602061014
93.0 8.025751381423081 916.1491585793038 908.1234071978808
96.0 9.865296145411901 885.1275270883039 875.262230942892
99.0 9.113127448991583 915.0987449983667 905.9856175493751
102.0 9.788345535193474 944.6573159359212 934.8689704007277
105.0 11.22296793394594 878.9227792381174 867.6998113041715
108.0 12.34948206709722 871.1704951555859 858.8210130884887
111.0 13.07291794787761 867.0432929203474 853.9703749724698
114.0 12.67523823332508 880.0312414014977 867.3560031681727
117.0 11.81626237055734 896.39615569442 884.5798933238627
120.0 8.602766206325697 934.7112727039286 926.1085064976029
123.0 12.02554865338271 890.5153986402927 878.48984998691
126.0 15.52132857458727 859.5263931144761 844.0050645398889
129.0 15.32607722463654 863.8797869357831 848.5537097111465
132.0 11.9757091161563 901.1908575717204 889.2151484555641
135.0 9.528711728853431 931.6296929640728 922.1009812352193
138.0 10.24202214097423 917.6001855113727 907.3581633703985
141.0 17.46980928513568 852.6529576031962 835.1831483180605
144.0 9.361505836520579 941.6692739071389 932.3077680706184
147.0 13.70307278177652 888.6851653584337 874.9820925766571
150.0 19.37678266023598 833.7247742500924 814.3479915898564
153.0 19.30613332670432 836.7014705593698 817.3953372326655
156.0 9.529683537240173 931.6994331553349 922.1697496180947
159.0 19.93188354932753 832.1530806930972 812.2211971437697
162.0 9.796814000426419 964.1663013167965 954.3694873163701
165.0 20.80429131922667 824.6141713154117 803.809879996185
168.0 19.7573606459674 839.681648350949 819.9242877049816
171.0 21.4921733113591 822.5394875777704 801.0473142664113
174.0 18.87235468121872 843.4483331274933 824.5759784462746
177.0 9.44969825129833 951.9875625508841 942.5378642995857
180.0 18.22972440248401 859.9464095040966 841.7166851016126
183.0 11.20231627185316 1007.666472684239 996.4641564123857
186.0 14.03956655723387 887.6764687283314 873.6369021710975
189.0 14.98709041105768 881.6718933561666 866.684802945109
192.0 23.79237254395076 810.8308078431187 787.0384352991679
195.0 19.41067309001886 849.185421442359 829.7747483523401
198.0 23.11270271947663 820.7043472527098 797.5916445332332
201.0 21.63157590320105 839.4307861759768 817.7992102727758
204.0 24.5675154850977 815.9612264621882 791.3937109770905
207.0 24.58373810094512 811.9416646434411 787.3579265424959
210.0 25.78869730628106 799.2015506890582 773.4128533827771
213.0 24.32608002548927 813.8693232749931 789.5432432495038
216.0 9.850297917718604 923.7158529418802 913.8655550241616
219.0 11.72168703448905 903.7109408181838 891.9892537836948
222.0 17.27395355955522 867.5882155525253 850.31426199297
225.0 24.55836498616094 816.0235557053577 791.4651907191968
228.0 25.34731635113288 810.7735281465356 785.4262117954027
231.0 27.36549010176691 790.2540166742671 762.8885265725001
234.0 27.93398027388633 787.7970640141589 759.8630837402726
237.0 26.49982715578818 804.9091449706534 778.4093178148652
240.0 23.0693204434222 832.6351717139887 809.5658512705665
243.0 26.97145841649634 800.0249414771542 773.0534830606579
246.0 27.64475013433385 793.792678358495 766.1479282241612
249.0 26.70900266587916 800.4290026886406 773.7200000227614
252.0 26.16309095994306 812.4154945192012 786.2524035592581
255.0 25.52292162597473 817.9092156012623 792.3862939752876
258.0 10.99998351003645 909.7221226437872 898.7221391337508
261.0 29.26406331814949 785.38375359364 756.1196902754905
264.0 28.30666813077054 791.8237064635601 763.5170383327896
267.0 28.14051997490677 797.0524346277406 768.9119146528338
270.0 29.07953817990553 781.8911926650542 752.8116544851486
273.0 19.29717508372849 855.7051754510047 836.4080003672762
276.0 30.60496120306903 770.8740747367492 740.2691135336801
279.0 22.74752694288363 835.5443539659728 812.7968270230892
282.0 29.92897518984507 780.9870317235269 751.0580565336818
285.0 21.69671412681035 841.4174801439155 819.7207660171051
288.0 29.66139120007453 783.4836194754391 753.8222282753645
291.0 31.03890085004892 771.494842643368 740.4559417933191
294.0 30.19045479464645 781.0994122090749 750.9089574144285
297.0 22.39956034654982 837.6076203094989 815.2080599629491
300.0 26.97748516628699 810.6132629648282 783.6357777985412
303.0 32.54863684614128 756.2447012230164 723.6960643768752
306.0 29.33070067912177 789.9047265199633 760.5740258408415
309.0 23.10142091865874 833.6855243058478 810.5841033871891
312.0 32.17432909261172 759.3025333800408 727.128204287429
315.0 30.65559353880072 777.2173415008595 746.5617479620588
318.0 32.5275562462597 760.1184626749841 727.5909064287244
321.0 30.97987205812193 774.5224019580334 743.5425298999115
324.0 32.445133802305 763.6134134252809 731.1682796229759
327.0 31.20529671994794 783.0681961099543 751.8628993900063
330.0 32.33229462378885 769.2096970744856 736.8774024506968
333.0 22.05305191930896 839.7162279103828 817.6631759910739
336.0 32.49819235354352 766.1567260961599 733.6585337426164
339.0 33.76248799758859 749.9486988192748 716.1862108216862
342.0 21.70521552579071 841.7184016179446 820.0131860921539
345.0 34.24159622242156 747.1164129101401 712.8748166877185
348.0 34.25330683771745 746.1706779273433 711.9173710896259
351.0 35.05487542020458 737.4185541640818 702.3636787438772
354.0 34.12146461901535 749.3819285672322 715.2604639482169
357.0 34.34215222317474 750.9691420547466 716.6269898315718
360.0 34.64974013896244 746.1883707673827 711.5386306284203
363.0 34.3943069449776 749.1366881198834 714.7423811749058
366.0 34.87324905307195 744.5306934382321 709.6574443851601
369.0 35.07254677534182 745.5822328075748 710.509686032233
372.0 34.38531966433243 756.9883224152813 722.6030027509489
375.0 35.65922653744605 736.5256874997189 700.8664609622729
378.0 36.16959849545672 734.6267199082971 698.4571214128404
381.0 36.14753806380379 736.38556340825 700.2380253444462
384.0 36.38156386602898 733.5447198982627 697.1631560322337
387.0 35.89863448481943 744.2605078674645 708.3618733826451
390.0 33.65913666329705 769.1386958177775 735.4795591544805
393.0 33.45360157340464 772.7758799477717 739.3222783743671
396.0 37.49166373651591 726.1169164993125 688.6252527627966
399.0 37.33344801994002 727.3016670418555 689.9682190219155
402.0 37.12043658898375 734.7745764921662 697.6541399031825
405.0 38.11181668582749 725.4902920081376 687.3784753223102
408.0 36.57354774002105 750.0656904579402 713.4921427179191
411.0 38.24249198224622 729.3604791075878 691.1179871253415
414.0 34.6120549017246 768.1535886375369 733.5415337358123
417.0 39.6670580791534 707.0056802861177 667.3386222069643
420.0 39.0388750822374 721.0586010807661 682.0197259985287
423.0 40.00725657177877 707.2501200801962 667.2428635084174
426.0 39.94702581079147 712.1088083492166 672.1617825384251
429.0 40.44616169238227 707.8710107434658 667.4248490510836
432.0 37.7999837772688 747.1086772131807 709.3086934359119
435.0 40.81196570702044 704.9632969375908 664.1513312305703
438.0 41.47330238955855 699.0877492496612 657.6144468601026
441.0 41.57640292324608 704.81583757362 663.2394346503739
444.0 41.12411883068337 714.2586010177299 673.1344821870465
447.0 33.18123990676708 777.6718089987985 744.4905690920314
450.0 42.55539070031812 696.9572977943029 654.4019070939847
453.0 42.17165719377337 712.5763750783556 670.4047178845822
456.0 43.07017759740119 697.4549334821809 654.3847558847797
459.0 42.53294277180232 712.8118662255644 670.2789234537621
462.0 43.82811775947392 697.6142372409472 653.7861194814733
465.0 39.07551475430593 745.2398059783075 706.1642912240015
468.0 45.30897923218143 684.9940935815772 639.6851143493958
471.0 43.35845601669967 716.0260734907731 672.6676174740734
474.0 45.42233992100967 689.1599958404976 643.7376559194879
477.0 46.88780848290507 675.6949829717927 628.8071744888876
480.0 47.53232020223981 673.5999993188469 626.0676791166071
483.0 45.40915286752146 704.0401486802387 658.6309958127172
486.0 47.93300229978869 679.2675898050243 631.3345875052356
489.0 49.02465992378405 665.9355598087642 616.9108998849802
492.0 46.82186725439732 700.9707154442803 654.148848189883
495.0 50.01129831192654 667.2432149108564 617.2319165989299
498.0 50.25449652535026 674.4046510176953 624.150154492345
501.0 51.94955399032284 656.4255412966085 604.4759873062857
504.0 53.85796947366591 639.5403041984454 585.6823347247795
507.0 53.97632948609662 643.8900393087519 589.9137098226553
510.0 55.62482996196232 630.5249204226637 574.9000904607014
513.0 54.43794748774552 655.4631670242251 601.0252195364796
516.0 57.32160230960428 628.7557183136668 571.4341160040625
519.0 59.1899077354523 611.7637030407809 552.5737953053286
522.0 60.47165170487177 607.3941026186557 546.9224509137839
525.0 59.94485169439358 621.3578335065991 561.4129818122055
528.0 62.40429680839451 602.4521519298605 540.0478551214659
531.0 64.69598705710343 591.0362270894884 526.340240032385
534.0 64.50403718197508 600.8771064820307 536.3730693000557
537.0 67.1831959053809 584.6449644983014 517.4617685929205
540.0 64.44493807024147 608.0920697199998 543.6471316497584
543.0 68.36051995964766 584.1970923685888 515.8365724089412
546.0 77.13276093098459 532.9171494269732 455.7843884959886
549.0 71.44963776839608 566.0992742477028 494.6496364793067
552.0 96.69698648748872 460.9014047896918 364.2044183022031
555.0 86.57736236970969 500.02236303133 413.4450006616203
558.0 100.3781374493544 448.3605598799985 347.9824224306441
561.0 119.2986527876414 402.9858950260159 283.6872422383745
564.0 114.3676673455409 415.70905150442 301.3413841588791
567.0 128.7805969505224 379.4825766474385 250.7019796969162
570.0 136.2700631778027 363.5118793423776 227.2418161645749
573.0 135.6816922863572 364.9696890130887 229.2879967267315
576.0 138.15363359604 361.7221369994323 223.5685034033923
579.0 156.0792124181181 329.7221351354787 173.6429227173606
582.0 187.3777512469951 277.7200207362396 90.34226948924451
585.0 220.6810358049214 233.1873291046091 12.50629329968767
588.0 222.5268256220304 231.6790157284003 9.152190106369909
591.0 242.6828365303932 205.722137 -36.96069953039326
