0.0 2.801701595609299 957.3357774254289 954.5340758298196
3.0 1.088332582599292 956.5107209403702 955.4223883577709
6.0 0.4410228516647297 955.2806991536271 954.8396763019624
9.0 0.1224675385979915 953.5513124310171 953.4288448924191
12.0 0.009469673302964367 952.3195271487783 952.3100574754754
15.0 0 951.1121757447215 951.1121757447215
18.0 0.109963294489226 949.3936667538881 949.2837034593989
21.0 0.2813875945347999 948.34628515589 948.0648975613552
24.0 0.4463653229017579 947.252428741425 946.8060634185233
27.0 0.6152019226696573 946.6422866079068 946.0270846852371
30.0 0.7783134071889595 945.1659970132981 944.3876836061092
33.0 0.9846356002449067 944.4331206670296 943.4484850667847
36.0 1.248282201596847 942.7786109929365 941.5303287913396
39.0 1.487378033275927 941.2749285892112 939.7875505559352
42.0 1.704424528423183 941.5707893399467 939.8663648115235
45.0 1.99977982697604 940.0912689415526 938.0914891145765
48.0 2.3314542522942 938.6942932072304 936.3628389549362
51.0 2.626179777661047 937.306237381795 934.6800576041339
54.0 3.005453344949601 935.1473424377084 932.1418890927588
57.0 3.321444454501384 934.9935467371059 931.6721022826045
60.0 3.564707679973562 933.4885420033849 929.9238343234113
63.0 3.988992493340071 934.5074825584814 930.5184900651413
66.0 4.32477640495536 930.7854576781692 926.4606812732139
69.0 4.861348494534347 930.5494526281027 925.6881041335683
72.0 5.066267787777188 928.5774241288597 923.5111563410825
75.0 6.107579118730861 922.55424269284 916.4466635741092
78.0 6.024956389626524 927.2545713967341 921.2296150071076
81.0 6.695703198057705 923.1704420183178 916.4747388202601
84.0 7.556335919188367 919.335467285636 911.7791313664477
87.0 8.013640741546328 926.493132538105 918.4794917965587
90.0 8.888215079397962 889.9156823797942 881.0274673003963
93.0 8.269636761637615 920.140853457394 911.8712166957563
96.0 10.32402224717256 887.0795975156236 876.755575268451
99.0 9.374264206053582 917.8899100999234 908.5156458938698
102.0 9.824317624146506 960.2048376809349 950.3805200567884
105.0 11.73163034746754 880.2513074920889 868.5196771446213
108.0 12.91451193791933 872.4707311521272 859.5562192142079
111.0 13.66874732616909 868.3279775467549 854.6592302205858
114.0 13.18602395211603 881.3688849095343 868.1828609574183
117.0 12.218851035358 897.4227848079038 885.2039337725458
120.0 8.744406300282538 935.0447325238157 926.3003262235331
123.0 12.46849961228174 891.0088127662003 878.5403131539186
126.0 16.18138138678384 860.4742567695195 844.2928753827356
129.0 15.95721502813971 864.8544746204737 848.897259592334
132.0 12.35178153233914 901.3442453812392 888.9924638489001
135.0 9.696747175023457 931.6647893335349 921.9680421585114
138.0 10.50347738977316 917.6416983379818 907.1382209482086
141.0 18.18570617742361 853.6222874577005 835.4365812802769
144.0 9.464896431803037 941.6907967999176 932.2259003681146
147.0 14.16909442067781 888.918774682129 874.7496802614512
150.0 20.22510630228165 834.5849185050741 814.3598122027925
153.0 20.13458454106651 837.7379581731775 817.603373632111
156.0 9.697371770707069 931.7086299889478 922.0112582182407
159.0 20.79403531940639 832.9037027443101 812.1096674249037
162.0 9.742213592914636 969.6948771750938 959.9526635821792
165.0 21.71964487753846 825.4032292794134 803.6835844018749
168.0 20.56967590569758 840.7479874066085 820.178311500911
171.0 22.42490647010739 823.3673504982965 800.9424440281891
174.0 19.65739467668503 843.8278419058434 824.1704472291584
177.0 9.467675354558384 958.4739948415139 949.0063194869555
180.0 18.90617317246384 860.3059400993109 841.3997669268471
183.0 10.899034561502 1007.699812295977 996.8007777344753
186.0 14.51483801143928 887.6915460381148 873.1767080266755
189.0 15.50642001189003 881.6882969842795 866.1818769723895
192.0 24.81350102024491 811.7838215214201 786.9703205011751
195.0 20.16334162026742 849.3851675064777 829.2218258862102
198.0 24.06718183813236 821.5776905056024 797.5105086674701
201.0 22.45936487733708 839.8668585317611 817.407493654424
204.0 25.56034916946487 817.1156455667562 791.5552963972913
207.0 25.6026450230683 812.9501428108785 787.3474977878102
210.0 26.8963793004632 800.0936567656177 773.1972774651545
213.0 25.33239028797467 814.4876332088052 789.1552429208305
216.0 10.07064273256548 923.7180154390096 913.6473727064441
219.0 12.08068048805119 903.7143055572031 891.6336250691519
222.0 17.89698832512052 867.6205134453677 849.7235251202471
225.0 25.55286606497835 816.5249608595914 790.972094794613
228.0 26.37946574643158 811.4691506954329 785.0896849490013
231.0 28.54102035316536 790.7859359367328 762.2449155835674
234.0 29.12797461978298 788.553901202355 759.425926582572
237.0 27.57698779528956 805.4360834644328 777.8590956691432
240.0 23.95002406449177 832.848713953333 808.8986898888412
243.0 28.08219300002982 800.6703351674974 772.5881421674676
246.0 28.79916433413619 794.4666154470871 765.6674511129509
249.0 27.81593286812455 800.9436435468022 773.1277106786777
252.0 27.19052201114863 812.9467186718823 785.7561966607336
255.0 26.51202832502552 818.2688256356633 791.7567973106377
258.0 11.31631503200517 909.7221300836794 898.4058150516742
261.0 30.48083008063528 786.4328062542325 755.9519761735972
264.0 29.47787186085419 792.4591087588541 762.9812368979999
267.0 29.27672257920072 797.9365331115553 768.6598105323546
270.0 30.31865048313352 782.5123411063934 752.1936906232598
273.0 20.00843724687082 855.7105525108962 835.7021152640254
276.0 31.92291143497403 771.7017079635788 739.7787965286047
279.0 23.60830471168529 835.5895832222782 811.9812785105929
282.0 31.1777723902832 782.051631927559 750.8738595372758
285.0 22.51355111029204 841.4803958042293 818.9668446939372
288.0 30.89378128730407 784.1991260191922 753.3053447318881
291.0 32.35505119492258 772.5121319323553 740.1570807374327
294.0 31.44084234639364 781.9588300845682 750.5179877381745
297.0 23.24510192841421 837.6388763049576 814.3937743765434
300.0 28.02243304948815 810.8561413772778 782.8337083277896
303.0 33.97120312068473 757.2062072509429 723.2350041302582
306.0 30.5203976136071 790.585473004592 760.0650753909849
309.0 23.97633428814281 833.6972167558435 809.7208824677007
312.0 33.57534521797122 760.1980380997276 726.6226928817564
315.0 31.93383630518224 777.983667131763 746.0498308265808
318.0 33.92477655519163 761.2816226144305 727.3568460592388
321.0 32.27714576629771 775.321856503472 743.0447107371743
324.0 33.81981324638211 764.7302003713553 730.9103871249732
327.0 32.44949436833108 783.9601277623183 751.5106333939872
330.0 33.66989412791014 770.6002290776868 736.9303349497767
333.0 22.88312973374031 839.7184815257129 816.8353517919726
336.0 33.85690425458338 767.326775989046 733.4698717344626
339.0 35.23238501350959 750.9872157047075 715.7548306911979
342.0 22.52040178254742 841.7198170579029 819.1994152753555
345.0 35.73218137509812 748.248430214874 712.5162488397759
348.0 35.74994900083398 747.3086779084957 711.5587289076617
351.0 36.61221653225493 738.5128687011534 701.9006521688985
354.0 35.59736265469745 750.3759509830872 714.7785883283898
357.0 35.80786543207076 752.437703188537 716.6298377564663
360.0 36.1487560218036 747.3292289903845 711.1804729685809
363.0 35.8728014204932 750.3471645949856 714.4743631744924
366.0 36.3842454218473 745.6553221177025 709.2710766958552
369.0 36.57674089529964 747.144753755999 710.5680128606993
372.0 35.81349774022238 758.3415736111878 722.5280758709654
375.0 37.22605065280614 737.6195010826878 700.3934504298816
378.0 37.75060497245424 736.0601235950377 698.3095186225835
381.0 37.71767142363086 737.6827518421331 699.9650804185022
384.0 37.97089986623307 734.9376353729883 696.9667355067552
387.0 37.41648201658008 745.8013147512838 708.3848327347037
390.0 35.0077991861693 769.8395605661341 734.8317613799648
393.0 34.77826104029952 773.3665471752102 738.5882861349107
396.0 39.13510723376242 727.5085104065312 688.3734031727688
399.0 38.96863107585365 728.6171782963509 689.6485472204972
402.0 38.7062474218462 736.2853251958319 697.5790777739857
405.0 39.76206712145207 727.2214059046764 687.4593387832244
408.0 38.05948411516222 751.4025069283989 713.3430228132367
411.0 39.86796176447406 731.420721404602 691.5527596401279
414.0 35.9740414048867 768.5329586427938 732.5589172379071
417.0 41.44581758672488 708.2770538144439 666.8312362277191
420.0 40.72323856457969 722.7398884625203 682.0166498979407
423.0 41.78642916671289 708.5793991367499 666.792969970037
426.0 41.69412448157244 713.7167223925226 672.0225979109501
429.0 42.22363673498516 709.3654237365596 667.1417870015744
432.0 39.31380635136938 748.0203143329457 708.7065079815764
435.0 42.61103286845127 706.1935385098694 663.5825056414181
438.0 43.31341542059268 700.4447288434139 657.1313134228212
441.0 43.37966659503939 706.5359243063116 663.1562577112722
444.0 42.86473112160016 715.9513730257072 673.0866419041071
447.0 34.47504066936791 777.687982383308 743.2129417139401
450.0 44.41570972097837 698.3567657904028 653.9410560694244
453.0 43.92898887260662 714.4445309729308 670.5155421003241
456.0 44.93041069801021 698.9135434626665 653.9831327646563
459.0 44.29197496826468 714.3969708196624 670.1049958513977
462.0 45.69113490981557 699.3827538714853 653.6916189616697
465.0 40.61182940771659 745.3749846450292 704.7631552373126
468.0 47.26167553486875 686.6743710173457 639.412695482477
471.0 45.10387573273367 717.134410559153 672.0305348264194
474.0 47.35033917513834 690.5282546319903 643.177915456852
477.0 48.91017696412646 677.1503390011627 628.2401620370363
480.0 49.57082811295872 675.4429437582537 625.8721156452949
483.0 47.24457239937368 704.8363593554926 657.5917869561189
486.0 49.93954212788192 680.6526394595342 630.7130973316523
489.0 51.12338647929822 667.0918516759174 615.9684651966191
492.0 48.68636256743036 701.5592700496914 652.872907482261
495.0 52.1078478964079 668.4383668438695 616.3305189474616
498.0 52.30651030949161 675.8054214919184 623.4989111824268
501.0 54.12683323516225 657.6600098635185 603.5331766283563
504.0 56.15445253619783 640.7549579273956 584.6005053911977
507.0 56.2464838346839 644.9486168023174 588.7021329676335
510.0 57.99078243894384 631.3856646566844 573.3948822177406
513.0 56.63831130373759 656.3151790604144 599.6768677566768
516.0 59.70886252995752 629.8218863609503 570.1130238309928
519.0 61.69791807693149 612.4549788621008 550.7570607851693
522.0 63.01580308854528 607.9831757887982 544.9673727002529
525.0 62.39688321619614 622.0312233390094 559.6343401228133
528.0 64.9922607382248 602.9659527391906 537.9736920009658
531.0 67.37072425103067 591.5839557718824 524.2132315208517
534.0 67.11463051724453 601.595467594925 534.4808370776804
537.0 69.91427698405108 585.1698130678097 515.2555360837586
540.0 67.01100369877764 608.3200044773403 541.3090007785627
543.0 71.10266954377878 584.4830099480813 513.3803404043025
546.0 80.25582681678382 533.1105662390702 452.8547394222864
549.0 74.32692158932296 566.1212278629316 491.7943062736086
552.0 100.4009479110926 460.9508767162045 360.5499288051119
555.0 89.9692591139484 500.0647148072757 410.0954556933273
558.0 104.1849663060592 448.3940013163227 344.2090350102635
561.0 123.5129840118081 403.0199519962165 279.5069679844085
564.0 118.4702098859845 415.7106147473725 297.240404861388
567.0 133.2040561695596 379.4958134318489 246.2917572622893
570.0 140.8422345005588 363.5186023819156 222.6763678813568
573.0 140.2408837718743 364.979910517154 224.7390267452796
576.0 142.7491079061229 361.7221369995776 218.9730290934547
579.0 160.9911164639334 329.7221354450049 168.7310189810715
582.0 192.8176166852894 277.7201750331438 84.90255834785436
585.0 226.6142047285072 233.1947534509343 6.580548722427078
588.0 228.4812707063691 231.6808512012952 3.199580494926093
591.0 248.9295522675217 205.722137 -43.20741526752173
