0.0 2.794509224041161 958.9725817811973 956.1780725571561
3.0 1.079304434532133 958.1194272070757 957.0401227725435
6.0 0.4331448293483841 956.9589400445655 956.5257952152171
9.0 0.1175691257153596 955.2133006794834 955.095731553768
12.0 0.00691736169645752 953.9839316270673 953.9770142653708
15.0 0 952.7411829354152 952.7411829354152
18.0 0.1137941282827259 951.030826467413 950.9170323391303
21.0 0.2877388107717956 950.0198786466449 949.7321398358731
24.0 0.4553776330734929 948.9085800215847 948.4532023885112
27.0 0.6258122064574653 948.3341190008188 947.7083067943613
30.0 0.7924024314508428 946.8229730848769 946.030570653426
33.0 1.000722505784775 946.0643624834528 945.063639977668
36.0 1.268347148189751 944.4572152120782 943.1888680638884
39.0 1.511089398755942 942.9655191949649 941.4544297962089
42.0 1.727985506581325 943.2461578344441 941.5181723278628
45.0 2.027076616174874 941.7573496019238 939.7302729857489
48.0 2.362275256021399 940.4608286394897 938.0985533834683
51.0 2.660623849579959 938.9866166510821 936.3259928015021
54.0 3.045144771816641 936.9060779743808 933.8609332025642
57.0 3.362166672869129 936.7090362233675 933.3468695504983
60.0 3.609187783161018 935.121196675263 931.512008892102
63.0 4.032071515133457 936.2834671677463 932.2513956526128
66.0 4.37654459939846 932.4003783513861 928.0238337519876
69.0 4.914574165920036 932.3207051628515 927.4061309969315
72.0 5.124238087033038 930.185794205389 925.0615561183559
75.0 6.179866149960177 924.6556361643318 918.4757700143716
78.0 6.087902269839224 928.6766415181042 922.588739248265
81.0 6.768500523586481 924.717774231928 917.9492737083416
84.0 7.638098561771136 921.7508706473993 914.1127720856281
87.0 8.080408209945645 929.7784398571678 921.6980316472221
90.0 9.036612835338771 890.3389238348553 881.3023109995165
93.0 8.352428810147408 921.3726060620549 913.0201772519075
96.0 10.48120113761227 887.6804230993496 877.1992219617373
99.0 9.464553615551234 918.6879146712603 909.223361055709
102.0 9.823025969080108 964.4498646461677 954.6268386770876
105.0 11.90630374527685 880.6585586750053 868.7522549297284
108.0 13.10801146880673 872.8699525590331 859.7619410902263
111.0 13.87253020634606 868.7247904162031 854.8522602098571
114.0 13.36141147352786 881.7686570694127 868.4072455958848
117.0 12.35861874456145 897.7138688974807 885.3552501529193
120.0 8.798112835072445 935.1327041840507 926.3345913489782
123.0 12.62241370817088 891.152538645364 878.5301249371931
126.0 16.40704542612323 860.7582412325388 844.3511958064155
129.0 16.17320362473954 865.1471550308096 848.9739514060701
132.0 12.48386238176152 901.3841591540928 888.9002967723313
135.0 9.75963384953034 931.6730785004186 921.9134446508883
138.0 10.59749526631782 917.6519543769342 907.0544591106164
141.0 18.42995595464846 853.9128050064537 835.4828490518052
144.0 9.506251673443773 941.6957264707443 932.1894747973005
147.0 14.33105072477755 888.9827021775499 874.6516514527723
150.0 20.51363165441371 834.8499116091169 814.3362799547032
153.0 20.4162391356395 838.0613681579247 817.6451290222852
156.0 9.760174364867011 931.7107492857736 921.9505749209066
159.0 21.08732197013021 833.1331110720963 812.0457891019661
162.0 9.723732011515369 971.2272022058409 961.5034701943255
165.0 22.03060287659521 825.6502812022816 803.6196783256864
168.0 20.84591942201686 841.0760589742209 820.230139552204
171.0 22.74160829585597 823.6245117584801 800.8829034626242
174.0 19.92548318760031 843.941706725409 824.0162235378087
177.0 9.47161668735378 960.5528799498445 951.0812632624907
180.0 19.13810387577089 860.4070647509322 841.2689608751613
183.0 10.80482215680198 1007.705617153558 996.9007949967561
186.0 14.68016064248211 887.6953205899721 873.0151599474899
189.0 15.68642701434258 881.6924157992419 866.0059887848993
192.0 25.15949090210009 812.0835584364692 786.9240675343691
195.0 20.42088431381949 849.4432131750007 829.0223288611812
198.0 24.39107742207039 821.8450985551278 797.4540211330574
201.0 22.74164033562796 839.9905471539427 817.2489068183147
204.0 25.89666403090517 817.4608491734809 791.5641851425757
207.0 25.94783194379305 813.2598173702259 787.3119854264329
210.0 27.27130454409355 800.3737691194787 773.1024645753851
213.0 25.67391032443782 814.6757645529826 789.0018542285448
216.0 10.15100593244825 923.718550774395 913.5675448419468
219.0 12.20725833888434 903.7151738285482 891.5079154896639
222.0 18.11154254684622 867.6293048345476 849.5177622877013
225.0 25.89061167828769 816.6752272104309 790.7846155321432
228.0 26.72949786295073 811.6789126279019 784.9494147649511
231.0 28.93906214438582 790.9485566550194 762.0094945106336
234.0 29.53185596603702 788.7913794288255 759.2595234627885
237.0 27.94225662759753 805.5916585925906 777.649401964993
240.0 24.25022992928332 832.909082646899 808.6588527176157
243.0 28.45848504630126 800.8664590316391 772.4079739853379
246.0 29.18997472584939 794.6730293638738 765.4830546380244
249.0 28.1911353460715 801.098800346272 772.9076650002005
252.0 27.5392127820813 813.1012784713381 785.5620656892568
255.0 26.84817769761959 818.3702558581902 791.5220781605707
258.0 11.42867647709233 909.7221315622346 898.2934550851423
261.0 30.89191389142701 786.7557428139543 755.8638289225273
264.0 29.87433765148214 792.6500447879023 762.7757071364202
267.0 29.66118854933671 798.2014980232448 768.5403094739081
270.0 30.73776356987223 782.7034124804287 751.9656489105565
273.0 20.25243551085963 855.7119149730746 835.459479462215
276.0 32.36801750800634 771.9598027850776 739.5917852770712
279.0 23.90209033436885 835.6016851230677 811.6995947886989
282.0 31.59951205076105 782.3792991522504 750.7797871014894
285.0 22.79266558650512 841.4980493685372 818.7053837820321
288.0 31.31053477875217 784.4142540847959 753.1037193060437
291.0 32.79930309940336 772.8269153753602 740.0276122759568
294.0 31.86340182120769 782.2171625200654 750.3537606988577
297.0 23.53382693280231 837.6471251927962 814.1132982599939
300.0 28.37735179336549 810.9231220862295 782.545770292864
303.0 34.45099441085658 757.5084181296557 723.0574237187992
306.0 30.92297574147336 790.7852623797465 759.8622866382731
309.0 24.27487508083339 833.7001606096725 809.4252855288391
312.0 34.04804981901552 760.4759310092987 726.4278811902832
315.0 32.36580545948438 778.2142684217179 745.8484629622336
318.0 34.39585301692824 761.6417729970149 727.2459199800867
321.0 32.71541229993796 775.5633892649164 742.8479769649785
324.0 34.28345090107086 765.0695806980212 730.7861297969504
327.0 32.86997374188073 784.213687912548 751.3437141706672
330.0 34.12080964992432 771.0187584696453 736.897948819721
333.0 23.16673720515365 839.7190141907138 816.5522769855601
336.0 34.31515608469096 767.6776042380299 733.3624481533389
339.0 35.7278620840979 751.3057403086655 715.5778782245676
342.0 22.79904642322143 841.7201515111463 818.9211050879249
345.0 36.23442627858234 748.5965213968076 712.3620951182252
348.0 36.25419908250409 747.6617750219394 711.4075759394353
351.0 37.13675423479146 738.8550481446692 701.7182939098777
354.0 36.09490734928642 750.6770113020345 714.582103952748
357.0 36.30136710402445 752.8872112306837 716.5858441266592
360.0 36.65380593946099 747.6763356814683 711.0225297420073
363.0 36.37091027279581 750.7191591237037 714.3482488509079
366.0 36.89330711668369 745.9995333761078 709.1062262594241
369.0 37.08293337271903 747.6279972248947 710.5450638521756
372.0 36.29466576506069 758.7438151053925 722.4491493403318
375.0 37.75375555532859 737.9586035996077 700.2048480442791
378.0 38.28257198677832 736.5062592891375 698.2236873023592
381.0 38.24621658954255 738.0771480199667 699.8309314304241
384.0 38.50569976150508 735.3705826926416 696.8648829311366
387.0 37.92727602231581 746.266372504729 708.3390964824132
390.0 35.46335156726122 770.038679323204 734.5753277559428
393.0 35.22596402197102 773.530601800896 738.304637778925
396.0 39.68795215766178 727.936896612403 688.2489444547412
399.0 39.51882123410141 729.0247501241026 689.5059288900012
402.0 39.23973629699709 736.7413174148354 697.5015811178383
405.0 40.31672089867568 727.75402893064 687.4373080319643
408.0 38.55995474697653 751.7848957889704 713.2249410419939
411.0 40.41392228748014 732.0470432881636 691.6331210006835
414.0 36.43446823073613 768.6347643604701 732.2002961297339
417.0 42.0439215366277 708.6736298710473 666.6297083344196
420.0 41.28933916542062 723.2526252664835 681.9632861010629
423.0 42.38459737752067 708.9909616127866 666.606364235266
426.0 42.28122288270783 714.2143839570629 671.9331610743551
429.0 42.82102353867903 709.8230937114487 667.0020701727697
432.0 39.82414839644354 748.2724432025642 708.4482948061206
435.0 43.21598046667258 706.5671470541498 663.3511665874772
438.0 43.9318561497164 700.8667666680731 656.9349105183567
441.0 43.98535148788444 707.0585623153087 663.0732108274242
444.0 43.44958631351336 716.456397801179 673.0068114876657
447.0 34.91320508157243 777.692013092805 742.7788080112326
450.0 45.04084123902138 698.7845736370106 653.7437323979892
453.0 44.51919089081097 714.9972265830645 670.4780356922536
456.0 45.55543605053657 699.3581355300814 653.8026994795449
459.0 44.88313414058626 714.8592228331203 669.976088692534
462.0 46.31667582643059 699.9182826629119 653.6016068364813
465.0 41.13068092636205 745.4100834468193 704.2794025204573
468.0 47.91721345689085 687.1914231667962 639.2742097099053
471.0 45.69115083288025 717.4464908431438 671.7553400102635
474.0 47.99808056171526 690.9424528410506 642.9443722793353
477.0 49.58924231971774 677.599160047264 628.0099177275463
480.0 50.25472905308985 676.0211932348159 625.766464181726
483.0 47.8622504703792 705.0634188006829 657.2011683303037
486.0 50.61345254904941 681.0655861378999 630.4521335888505
489.0 51.82831379056606 667.4466512057989 615.6183374152328
492.0 49.31401551155068 701.7216814978652 652.4076659863145
495.0 52.81200901200078 668.7984025289964 615.9863935169956
498.0 52.99556488780572 676.219059679246 623.2234947914403
501.0 54.85784461552005 658.0355488457448 603.1777042302247
504.0 56.9252074555005 641.134278167595 584.2090707120945
507.0 57.00868370202263 645.2746940154805 588.2660103134579
510.0 58.78518091634649 631.6521580066382 572.8669770902917
513.0 57.37755005572595 656.5655672327783 599.1880171770523
516.0 60.51008308231391 630.1526281903571 569.6425451080432
519.0 62.5398942334311 612.6719605382499 550.1320663048188
522.0 63.86996984827345 608.1659206207825 544.295950772509
525.0 63.22023363362591 622.2373954527897 559.0171618191638
528.0 65.8611348954181 603.1249001447268 537.2637652493087
531.0 68.26847442277726 591.7546375036943 523.4861630809171
534.0 67.9907717773578 601.8165480720837 533.8257762947259
537.0 70.83084083685361 585.3327035415312 514.5018627046776
540.0 67.87297178427709 608.3877886530966 540.5148168688195
543.0 72.02324877150958 584.5713332216732 512.5480844501636
546.0 81.30349965399902 533.172575804799 451.8690761508
549.0 75.2929039015219 566.1280694815446 490.8351655800227
552.0 101.6424514840838 460.9665269645532 359.3240754804694
555.0 91.10675038183377 500.0783980103764 408.9716476285426
558.0 105.4607805678406 448.4048277809311 342.9440472130905
561.0 124.924631786917 403.0308407473667 278.1062089604498
564.0 119.8446395725093 415.7110886210294 295.8664490485201
567.0 134.6854419968939 379.5000222597441 244.8145802628502
570.0 142.3731999202858 363.5207743210291 221.1475744007433
573.0 141.7675176935398 364.9832385075913 223.2157208140515
576.0 144.287850289056 361.7221369996169 217.4342867105609
579.0 162.6353354250331 329.722135535563 167.0868001105299
582.0 194.6378225666352 277.7202234995953 83.0824009329601
585.0 228.5988350135274 233.197169723336 4.598334709808592
588.0 230.4730008149372 231.6814403486291 1.208439533691844
591.0 251.0187084594702 205.722137 -45.29657145947018
