0.0 2.746939613951174 973.3474988163447 970.6005592023935
3.0 1.017965225023969 972.1599540342485 971.1419888092245
6.0 0.3762690639568781 971.5364211359247 971.1601520719679
9.0 0.08885299914463939 969.8212778924308 969.7324248932861
12.0 0 968.5962548595905 968.5962548595905
15.0 0.01960730709473585 967.1528668100728 967.133259502978
18.0 0.1669544186075927 965.7176045784614 965.5506501598538
21.0 0.3612228227920603 964.9707147458313 964.6094919230393
24.0 0.5552574430269602 963.7287329160415 963.1734754730146
27.0 0.7371665055578758 963.4568967933517 962.7197302877938
30.0 0.9385025762501704 961.8127967954076 960.8742942191574
33.0 1.16962265379977 960.5876326873786 959.4180100335789
36.0 1.468267309275196 959.6114752677974 958.1432079585222
39.0 1.743421193728664 958.2881401361286 956.5447189424
42.0 1.961789490609543 958.2487250527122 956.2869355621027
45.0 2.296863151332711 956.6424105826241 954.3455474312914
48.0 2.654731384236557 956.2625011930959 953.6077698088593
51.0 2.99490626791742 954.1170403258978 951.1221340579804
54.0 3.419268575915892 952.9213430582492 949.5020744823333
57.0 3.751057394152074 952.2367020569769 948.4856446628248
60.0 4.039857430786787 950.124135275061 946.0842778442742
63.0 4.440275341695793 951.8693592174207 947.4290838757249
66.0 4.879279446976373 946.8854104120854 942.006130965109
69.0 5.415521728624515 948.2562585720699 942.8407368434454
72.0 5.677911757171931 945.7957356639948 940.1178239068229
75.0 6.816365422329094 944.8515095215359 938.0351440992068
78.0 6.725468045324513 939.7968517966625 933.071383751338
81.0 7.48575872548969 936.8977579770215 929.4119992515319
84.0 8.320225405923892 946.4396635148735 938.1194381089497
87.0 8.579087124054717 955.789544281096 947.2104571570413
90.0 10.56262842316663 893.5131674793413 882.9505390561746
93.0 9.194474333596952 930.7032390847108 921.5087647511138
96.0 12.07301510747912 892.2654854866361 880.192470379157
99.0 10.42197295739429 923.795633916685 913.3736609592907
102.0 9.704061274948229 984.7303741325802 975.026312857632
105.0 13.67852776026477 883.7729614021073 870.0944336418425
108.0 15.05666348278398 875.9189432708638 860.8622797880798
111.0 15.91701403891191 871.8063350586724 855.8893210197605
114.0 15.14227975818215 884.6464940756259 869.5042143174438
117.0 13.81809219451666 899.5716395921839 885.7535473976673
120.0 9.470951395917134 935.6273461125718 926.1563947166547
123.0 14.22500363804158 892.1469490298987 877.9219453918571
126.0 18.66697828072407 862.8077619607964 844.1407836800723
129.0 18.34196957715882 867.2767445876317 848.9347750104729
132.0 13.89177236629056 901.5976500537329 887.7058776874423
135.0 10.5240331841138 931.709919692708 921.1858865085942
138.0 11.65229414006959 917.7014725245842 906.0491783845146
141.0 20.86277604499532 856.012657936058 835.1498818910627
144.0 10.06991355552491 941.7164167643193 931.6465032087944
147.0 16.01578047008758 889.3644930999276 873.34871262984
150.0 23.36093675676326 836.8922737063085 813.5313369495453
153.0 23.19367947546792 840.6278277213018 817.4341482458339
156.0 10.52418200211584 931.7196949457267 921.1955129436109
159.0 23.98247225527202 834.8682090661451 810.8857368108731
162.0 9.617173280712909 979.748540418191 970.1313671374781
165.0 25.08830488284786 827.6341268234089 802.545821940561
168.0 23.57312805636626 843.5815331095753 820.0084050532091
171.0 25.85231241258865 825.6444652031784 799.7921527905898
174.0 22.59580672173406 844.7782616454297 822.1824549236957
177.0 9.50438504288714 975.795746196604 966.2913611537168
180.0 21.47284971610185 861.0434871638886 839.5706374477868
183.0 10.10321927777765 1007.721064235072 997.6178449572943
186.0 16.40089721756638 887.7139613457207 871.3130641281543
189.0 17.54419335588694 881.7129000946976 864.1687067388106
192.0 28.53923139173112 814.5043341835006 785.9651027917695
195.0 22.9977967615448 849.8427469111437 826.8449501495989
198.0 27.56852304832465 823.8733656881164 796.3048426397917
201.0 25.54439134747639 840.7834581408284 815.239066793352
204.0 29.18437146317949 819.9119186313597 790.7275471681802
207.0 29.32022453063521 815.6133481157092 786.293123585074
210.0 30.92296195265133 802.6288118765596 771.7058499239083
213.0 29.02290696218778 816.0953976143363 787.0724906521485
216.0 11.07900654743249 923.721126282102 912.6421197346696
219.0 13.56657045280554 903.7197307320425 890.153160279237
222.0 20.29136855516414 867.6809663501745 847.3895977950104
225.0 29.20797752781336 817.7720841134675 788.5641065856541
228.0 30.15633290191956 813.2209721630883 783.0646392611687
231.0 32.81777056052944 792.1830667725092 759.3652962119797
234.0 33.45764014766063 790.7090502170601 757.2514100693995
237.0 31.51635530771556 806.6856429099661 775.1692876022505
240.0 27.22536642720316 833.2937298771343 806.0683634499311
243.0 32.1313528859558 802.3417800318987 770.2104271459429
246.0 32.99728647528676 796.2459838367659 763.2486973614792
249.0 31.85759892874101 802.2410037317225 770.3834048029815
252.0 30.95896007863878 814.1485523509358 783.189592272297
255.0 30.15557711457191 819.0124804555734 788.8569033410015
258.0 12.65536279554336 909.722136385077 897.0667735895336
261.0 34.87804739897784 789.2279295526953 754.3498821537174
264.0 33.73624378945725 794.0454503045789 760.3092065151216
267.0 33.40490940862139 800.1109414323751 766.7060320237537
270.0 34.81044373076419 784.1805806435509 749.3701369127867
273.0 22.70763896979918 855.7188215449367 833.0111825751376
276.0 36.67690456534603 774.0122012157162 737.3352966503702
279.0 26.82117934279986 835.6705717343146 808.8493923915148
282.0 35.68467657666527 784.8886027578426 749.2039261811773
285.0 25.57433395291831 841.6087764974726 816.0344425445543
288.0 35.35968569449607 785.9905343750722 750.6308486805761
291.0 37.09545645983369 775.2757351474044 738.1802786875707
294.0 35.96304913308017 784.1055737430852 748.142524610005
297.0 26.40597832663815 837.6926273846715 811.2866490580334
300.0 31.86278542108731 811.3290247842258 779.4662393631384
303.0 39.07929952297138 759.9538778130518 720.8745782900804
306.0 34.84173082139901 792.1705226324901 757.3287918110911
309.0 27.23903502927076 833.7149631770031 806.4759281477324
312.0 38.61294051881177 762.6552057405867 724.0422652217749
315.0 36.55560065713961 779.9089093709735 743.3533087138339
318.0 38.93834024369789 764.4371812927338 725.4988410490359
321.0 36.96291958043515 777.3546868885226 740.3917673080875
324.0 38.75911785119156 767.6036860925791 728.8445682413875
327.0 36.95232802689905 785.8393579499134 748.8870299230143
330.0 38.47149052588653 774.0504668864751 735.5789763605886
333.0 25.99168628953532 839.7213776552585 813.7296913657232
336.0 38.74022250456477 770.2048010689361 731.4645785643713
339.0 40.50215081255045 753.7332947499132 713.2311439373628
342.0 25.57768820157835 841.7216411135547 816.1439529119764
345.0 41.06914833748958 751.2660766621344 710.1969283246448
348.0 41.10676491024244 750.4284292094311 709.3216642991886
351.0 42.17931822874457 741.5816657192625 699.402347490518
354.0 40.89048061425754 752.9123806898314 712.0219000755739
357.0 41.04584389983566 756.2837262233136 715.237882323478
360.0 41.51526135946302 750.2751319928676 708.7598706334045
363.0 41.16487738307769 753.5779500589256 712.4130726758479
366.0 41.7921457467926 748.620624644968 706.8284788981754
369.0 41.94225383635911 751.3657198625536 709.4234660261945
372.0 40.92958761560096 761.5959961383633 720.6664085227623
375.0 42.82640891661146 740.630729567252 697.8043206506405
378.0 43.38534646985162 740.0158714408631 696.6305249710115
381.0 43.32291634688713 741.0167566170037 697.6938402701166
384.0 43.63608715482792 738.7818468054811 695.1457596506532
387.0 42.83261000964679 749.6678676124012 706.8352576027544
390.0 39.87723701879797 771.3365907225114 731.4593537037134
393.0 39.56980828025185 774.545474606597 734.9756663263451
396.0 44.98777965869174 731.2269609169366 686.2391812582449
399.0 44.79522798460088 732.2267815390933 687.4315535544925
402.0 44.35766005797365 740.078195612677 695.7205355547033
405.0 45.62431636442891 731.8224440372526 686.1981276728237
408.0 43.37837322882339 754.2784138926824 710.900040663859
411.0 45.63332290631604 736.6552339930481 691.0219110867321
414.0 40.90223065170235 769.2211309394221 728.3189002877198
417.0 47.7682649229738 711.8201027921265 664.0518378691527
420.0 46.70614052361525 727.085541330338 680.3794008067228
423.0 48.10861506666324 712.1960109089895 664.0873958423262
426.0 47.89425824421337 718.0826513986466 670.1883931544332
429.0 48.53437304519914 713.2809783484662 664.7466053032671
432.0 44.74595305669557 749.8132252985745 705.067272241879
435.0 49.0076129030002 709.3481309435559 660.3405180405557
438.0 49.84381620925641 704.2011690305625 654.3573528213061
441.0 49.77109156082111 710.9150897010333 661.1439981402122
444.0 49.04348718848033 720.0457213460755 671.0022341575952
447.0 39.18044677561009 777.71208766235 738.5316408867399
450.0 51.01579840063676 702.0146011647544 650.9988027641176
453.0 50.1595289122094 718.8501173197813 668.6905884075719
456.0 51.52804389603507 702.7006054473158 651.1725615512807
459.0 50.54065020670466 717.9937228441 667.4530726373953
462.0 52.2867394589411 703.8574495896997 651.5707101307586
465.0 46.14878291739235 745.599212073007 699.4504291556146
468.0 54.1677366167599 691.1466108236447 636.9788742068848
471.0 51.32589363933393 719.414646762955 668.0887531236211
474.0 54.1856852159599 694.0145298374477 639.8288446214878
477.0 56.06518671765747 681.0640121985871 624.9988254809297
480.0 56.76315896603109 680.6318066994701 623.868647733439
483.0 53.78696141331484 706.5591008442534 652.7721394309385
486.0 57.04626167723054 684.0119165105043 626.9656548332738
489.0 58.55416636742947 670.1667584661071 611.6125920986777
492.0 55.3376574545487 702.7080935533038 647.3704360987551
495.0 59.53114974485764 671.4342347742275 611.9030850293698
498.0 59.57022078544917 679.0930392529025 619.5228184674534
501.0 61.82583893777539 660.8392778589496 599.0134389211742
504.0 64.26252479788191 644.141731177488 579.8792063796061
507.0 64.27150495948177 647.789766532709 583.5182615732272
510.0 66.3536385570071 633.733648703845 567.3800101468379
513.0 64.43422119870263 658.307033369922 593.8728121712194
516.0 68.13642874053881 632.7367635490949 564.6003348085561
519.0 70.55642222895598 614.4270844411909 543.8706622122349
522.0 72.00370926363147 609.6033732391529 537.5996639755214
525.0 71.06459000448116 623.8117428245274 552.7471528200462
528.0 74.1343378537581 604.3684567725125 530.2341189187544
531.0 76.81000860292113 593.1059027610327 516.2958941581115
534.0 76.32647851758818 603.5078707821575 527.1813922645693
537.0 79.54875811136972 586.6109183239235 507.0621602125537
540.0 76.09025860969301 608.8690478597242 532.7787892500312
543.0 80.78539262897371 585.2593560835469 504.4739634545732
546.0 91.25390577868685 533.6971331124132 442.4432273337263
549.0 84.48609111557327 566.1835985761317 481.6975074605585
552.0 113.406349417009 461.0948629004905 347.6885134834815
555.0 101.9000075897828 500.1964254128625 398.2964178230797
558.0 117.5453210610921 448.4988599047063 330.9535388436142
561.0 138.2769662610389 403.1224826018467 264.8455163408078
564.0 132.8505884148055 415.7145995571842 282.8640111423787
567.0 148.6892968040322 379.5349544897261 230.8456576856939
570.0 156.8399824541818 363.5395233612188 206.699540907037
573.0 156.1937584860193 365.0125283051931 208.8187698191738
576.0 158.8274254377653 361.7221369998429 202.8947115620776
579.0 178.1593586291664 329.722136153469 151.5627775243026
582.0 211.8043859309798 277.7206140430679 65.91622811208815
585.0 247.299796871299 233.2184203624382 -14.08137650886081
588.0 249.2404056588218 231.6864438345354 -17.55396182428642
591.0 270.6954791589925 205.722137 -64.97334215899253
