0.0 2.715237713979562 984.2536342994589 981.5383965854794
3.0 0.9798653108982759 982.7704620723269 981.7905967614287
6.0 0.3354382126314902 982.4171401219861 982.0817019093547
9.0 0.07014187842573845 980.8694556459979 980.7993137675721
12.0 0 979.6376381673699 979.6376381673699
15.0 0.043613295235432 978.2321730424771 978.1885597472417
18.0 0.2135671030667976 977.2295260169154 977.0159589138486
21.0 0.4224849085081568 976.5638078009467 976.1413228924386
24.0 0.6406774634362553 975.256600945515 974.6159234820787
27.0 0.8286438175337329 975.1378355213876 974.3091917038539
30.0 1.059024239595051 973.6887911991279 972.6297669595328
33.0 1.319047704613813 971.8398739730398 970.520826268426
36.0 1.633046678590074 971.5590066526034 969.9259599740133
39.0 1.933223292360828 970.3732372546427 968.4400139622818
42.0 2.158389881168713 970.0498556235491 967.8914657423804
45.0 2.526731439853244 968.2622886613328 965.7355572214796
48.0 2.892774756681074 968.277259736672 965.384484979991
51.0 3.275142272123367 966.0699143129669 962.7947720408435
54.0 3.720419449047172 965.5252924725933 961.8048730235461
57.0 4.071577348129377 964.5420225235356 960.4704451754063
60.0 4.400358534588876 962.4545558151338 958.0541972805449
63.0 4.782232119084657 963.6297109069811 958.8474787878964
66.0 5.31479479277832 958.1405664043253 952.825771611547
69.0 5.824679788384355 961.161616996627 955.3369372082427
72.0 6.122909640729343 959.9358064598244 953.8128968190951
75.0 7.27424342588872 961.2510698587862 953.9768264328975
78.0 7.341948619133944 946.7607235666205 939.4187749474866
81.0 8.158935541148062 944.168878142132 936.0099426009839
84.0 8.741575100793725 966.8145811695354 958.0730060687417
87.0 8.906569347273394 968.6682249158134 959.76165556854
90.0 12.04629048278598 895.4152395660961 883.3689490833101
93.0 10.01360883555208 936.1220334947257 926.1084246591736
96.0 13.59446338201546 895.0449149105811 881.4504515285656
99.0 11.40159684552943 926.0577709492972 914.6561741037677
102.0 9.651997808431011 988.5405840525341 978.888586244103
105.0 15.3732997487279 885.7121614302773 870.3388616815494
108.0 16.90373534516712 877.788261639184 860.8845262940169
111.0 17.84517315917203 873.7638974226314 855.9187242634594
114.0 16.84934417620515 886.2591715776385 869.4098274014333
117.0 15.2645854284663 900.4041949310418 885.1396095025755
120.0 10.25902161173595 935.8176309051799 925.558609293444
123.0 15.80300970831414 892.6852588223049 876.8822491139908
126.0 20.79502445455121 863.9524392448176 843.1574147902664
129.0 20.39064684604897 868.4902696995078 848.0996228534588
132.0 15.31298395210106 901.6662436736461 886.3532597215451
135.0 11.39544939924547 931.7180980098035 920.3226486105581
138.0 12.77248871305483 917.7144180716794 904.9419293586246
141.0 23.13834238715152 857.1896410002842 834.0512986131327
144.0 10.76941414484361 941.7204607286223 930.9510465837787
147.0 17.67224549879553 889.5184949074373 871.8462494086418
150.0 25.99117120830968 838.1694002210917 812.178229012782
153.0 25.75640659201796 842.3060237918302 816.5496171998122
156.0 11.39550241695144 931.7214385741418 920.3259361571904
159.0 26.65810154659142 835.9174399698915 809.2593384233001
162.0 9.659971223519706 982.2765014654543 972.6165302419346
165.0 27.89875130302121 828.9686725408578 801.0699212378366
168.0 26.09474480273459 845.0999901981804 819.0052453954458
171.0 28.70824222518803 826.9440426966759 798.2358004714879
174.0 25.09049867793838 845.273530730734 820.1830320527956
177.0 9.572937073030546 982.4882703574709 972.9153332844404
180.0 23.68346464825549 861.3220635456037 837.6385988973482
183.0 9.718288840995901 1007.722023260681 998.0037344196849
186.0 18.09217208027434 887.7190228958979 869.6268508156235
189.0 19.35290414973828 881.7185570242547 862.3656528745164
192.0 31.61976214610255 816.1283992074682 784.5086370613656
195.0 25.41823758908581 850.0571273449937 824.6388897559079
198.0 30.48230406109258 825.1004715167152 794.6181674556226
201.0 28.15426511533976 841.143135333143 812.9888702178033
204.0 32.18903006565228 821.205100587998 789.0160705223458
207.0 32.3969409844144 817.0287658819868 784.6318248975724
210.0 34.23887424463047 804.1366011439925 769.897726899362
213.0 32.09155960532893 816.9645731526441 784.8730135473151
216.0 12.09094166063716 923.7217810423704 911.6308393817332
219.0 14.94818025792601 903.7211274625982 888.7729472046722
222.0 22.37577266304509 867.7008343969355 845.3250617338904
225.0 32.25406212224181 818.4091279779431 786.1550658557013
228.0 33.29059279069666 814.1146078937432 780.8240151030466
231.0 36.34285295197062 792.9381641259121 756.5953111739415
234.0 37.01294220272673 792.010862438333 754.9979202356063
237.0 34.78296939565514 807.2769195017164 772.4939501060613
240.0 29.98766226595657 833.4660687548569 803.4784064889004
243.0 35.47693568256078 803.239898515848 767.7629628332872
246.0 36.45672134971318 797.2124894155038 760.7557680657907
249.0 35.20229828717781 802.9058786618557 767.7035803746779
252.0 34.09426601459745 814.672544516473 780.5782785018755
255.0 33.19979395930896 819.2969326444656 786.0971386851566
258.0 13.92333729378956 909.7221368966119 895.7987996028223
261.0 38.47907955628982 790.7372162284738 752.258136672184
264.0 37.24534167096872 794.8487659659292 757.6034242949605
267.0 36.80661908190914 801.1645437878575 764.3579247059484
270.0 38.49829570753487 785.1205514628294 746.6222557552946
273.0 25.02856328493993 855.7208069548916 830.6922436699516
276.0 40.55907797418642 775.3704384433137 734.8113604691272
279.0 29.53907096513692 835.6958006356336 806.1567296704966
282.0 39.3700828340317 786.4238287032254 747.0537458691937
285.0 28.17391413825002 841.656889253412 813.482975115162
288.0 39.026920600996 786.9066234555718 747.8797028545758
291.0 40.96202197577926 776.8253849229417 735.8633629471624
294.0 39.6696868776074 785.1937409260796 745.5240540484722
297.0 29.08389285918457 837.7081881556647 808.6242952964801
300.0 35.0624061534474 811.4964145713295 776.4340084178821
303.0 43.22954168276847 761.6142261753852 718.3846844926167
306.0 38.40037893018589 792.9010795878947 754.5007006577088
309.0 29.9961339931438 833.719202005606 803.7230680124622
312.0 42.71321302190327 764.0558017866037 721.3425887647005
315.0 40.34183821202134 780.8980821844272 740.5562439724059
318.0 43.0116341188791 766.1853987329513 723.1737646140722
321.0 40.7972269007418 778.4174055395167 737.6201786387749
324.0 42.77943440955723 769.1073759122169 726.3279415026597
327.0 40.64958164264908 786.571627197736 745.922045555087
330.0 42.37945903578582 775.7250126915374 733.3455536557516
333.0 28.62958037814383 839.721894680603 811.0923143024592
336.0 42.71829764705114 771.5959374072748 728.8776397602237
339.0 44.77932393852378 755.2199048577913 710.4405809192675
342.0 28.17589761565308 841.7219733907984 813.5460757751453
345.0 45.39479236701218 752.9192125143612 707.524420147349
348.0 45.44582694373931 752.2030597041573 706.757232760418
351.0 46.68133289022818 743.3739131693843 696.6925802791561
354.0 45.18892179959293 754.2312236910555 709.0423018914625
357.0 45.28526121126167 758.3182558041631 713.0329945929014
360.0 45.86536059745555 751.8231975645984 705.9578369671428
363.0 45.45297465605794 755.3645058403407 709.9115311842828
366.0 46.17348705955969 750.2357200924725 704.0622330329128
369.0 46.2748856840554 753.6844293160758 707.4095436320205
372.0 45.08381094375029 763.1415709400257 718.0577599962755
375.0 47.35500769826684 742.3901338334065 695.0351261351397
378.0 47.92897223567957 742.2637636109346 694.334791375255
381.0 47.85334107532175 742.7442770957854 694.8909360204636
384.0 48.20445599087336 740.9974461786249 692.7929901877516
387.0 47.21096082406573 751.5933308236058 704.38236999954
390.0 43.86198758430942 771.9638259939842 728.1018384096747
393.0 43.49833698165819 774.9869880096954 731.4886510280372
396.0 49.70394852377415 733.2651484373584 683.5611999135843
399.0 49.49149426009512 734.3185084542096 684.8270141941145
402.0 48.91900427849845 741.9717908763084 693.0527865978099
405.0 50.33732995715193 734.2997813522536 683.9624513951016
408.0 47.69621237275635 755.4499416194035 707.7537292466471
411.0 50.26585366312519 739.235769846561 688.9699161834358
414.0 44.94210510324745 769.4446605272385 724.5025554239911
417.0 52.84909059138104 713.8823292055376 661.0332386141565
420.0 51.51669634584302 729.3301401130164 677.8134437671734
423.0 53.18902843940649 714.2282529803535 661.039224540947
426.0 52.87087477499407 720.5233329113429 667.6524581363488
429.0 53.60351239167991 715.3453793868564 661.7418669951765
432.0 49.1641914267748 750.469283314193 701.3050918874182
435.0 54.15286974532555 710.9828426759292 656.8299729306036
438.0 55.08298079147639 706.384923165867 651.3019423743906
441.0 54.89822748093191 713.1042935926296 658.2060661116977
444.0 54.01072022722919 721.9753205138809 667.9646002866517
447.0 43.05442371449533 777.7178660690513 734.663442354556
450.0 56.31202487872954 703.9550032129883 647.6429783342588
453.0 55.16402638419497 720.8556699578877 665.6916435736928
456.0 56.82087025589399 704.704733651456 647.883863395562
459.0 55.56925984653783 719.5633450743131 663.9940852277753
462.0 57.5707692815786 706.1055487326198 648.5347794510412
465.0 50.66465819145834 745.6625495202492 694.9978913287909
468.0 59.69034719027139 693.5663569112456 633.8760097209742
471.0 56.35009348641995 720.2850311931245 663.9349377067046
474.0 59.66662856700927 695.8240972207805 636.1574686537712
477.0 61.78695519490419 683.2329744623851 621.4460192674809
480.0 62.49660433177885 683.6134685184796 621.1168641867007
483.0 59.06421615205135 707.3009931067281 648.2367769546767
486.0 62.7401966564445 685.6259455617576 622.8857489053131
489.0 64.50000602087079 671.8667991329253 607.3667931120545
492.0 60.70652291787557 703.1189302615922 642.4124073437166
495.0 65.47364750705743 672.9481687742883 607.4745212672309
498.0 65.38751461281902 680.5768157275929 615.1893011147739
501.0 67.97905525766982 662.4926175668707 594.5135623092008
504.0 70.72790257408204 646.0946978285815 575.3667952544994
507.0 70.68021791641804 649.3666156307519 578.6863977143338
510.0 73.02974788781955 635.0679903191439 562.0382424313244
513.0 70.67813983329142 659.2297281758598 588.5515883425684
516.0 74.85558073960727 634.3782399689067 559.5226592292995
519.0 77.62023899256179 615.6256296789661 538.0053906864043
522.0 79.17276817652649 610.5403491446848 531.3675809681583
525.0 77.98424453641682 624.7899135008683 546.8056689644514
528.0 81.42558737501005 605.1740105789832 523.7484232039732
531.0 84.32972906643884 593.9876094377327 509.6578803712938
534.0 83.66590138408949 604.5379715628319 520.8720701787424
537.0 87.22075105185013 587.4343326112008 500.2135815593506
540.0 83.34425934921776 609.1287516227237 525.784492273506
543.0 88.50319384690331 585.6996789484793 497.196485101576
546.0 99.9919504459003 534.0781914640696 434.0862410181693
549.0 92.58172212221847 566.2232417888659 473.6415196666474
552.0 123.7044509014948 461.1835489781775 337.4790980766827
555.0 111.3662075068106 500.2850842160164 388.9188767092059
558.0 128.1186700595345 448.5705760801532 320.4519060206187
561.0 149.9370638891731 403.1886758569274 253.2516119677544
564.0 144.2150290710103 415.7166345016835 271.5016054306732
567.0 160.9086440724203 379.5595749923041 218.6509309198839
570.0 169.4563416709134 363.5536517423317 194.0973100714183
573.0 168.7752097050044 365.0353301984117 196.2601204934072
576.0 171.5064475363803 361.7221369999248 190.2156894635445
579.0 191.6821933393751 329.7221364619892 138.0399431226141
582.0 226.7351069085144 277.7208757360545 50.9857688275401
585.0 263.5454120585046 233.2349549746533 -30.31045708385132
588.0 265.5432108886398 231.6901094150125 -33.8531014736273
591.0 287.7778117297353 205.722137 -82.05567472973536
