0.0 117.3766477829353 732.5910569382756 615.2144091553403
3.0 107.568669859998 699.7283708766457 592.1597010166477
6.0 109.9329008553482 709.1556008858729 599.2227000305247
9.0 109.8122542893314 709.3858291973448 599.5735749080134
12.0 105.6066105913263 693.9537834331152 588.3471728417889
15.0 107.2734745989387 700.8199023607468 593.5464277618081
18.0 107.1989346026733 701.4816291293276 594.2826945266543
21.0 105.9631371088978 696.9786548968079 591.0155177879102
24.0 99.74262942369013 676.0438309767717 576.3012015530816
27.0 105.2208513503588 695.8151027670117 590.5942514166529
30.0 101.7211822540834 681.8146533631367 580.0934711090534
33.0 104.9951976777161 696.1785157450302 591.1833180673141
36.0 101.0572050475055 679.9802571034083 578.9230520559029
39.0 102.6405891455703 687.3690207546183 584.728431609048
42.0 102.2962109345501 684.6305346042118 582.3343236696617
45.0 102.0915418076398 685.0474308099895 582.9558890023497
48.0 102.6538444740172 688.082148542402 585.4283040683847
51.0 96.53445918824294 665.7282460560986 569.1937868678557
54.0 98.47165057402712 671.8910972080403 573.4194466340131
57.0 98.3560373946619 672.5338183526523 574.1777809579904
60.0 100.0747803015047 679.3390180754388 579.2642377739341
63.0 99.78237866653528 679.0387274773233 579.2563488107881
66.0 98.39860410791965 672.6688707514923 574.2702666435727
69.0 98.16697721077346 673.1451045925532 574.9781273817797
72.0 97.52356776394599 670.9415262406159 573.4179584766699
75.0 99.40294314278558 677.4514944854604 578.0485513426748
78.0 98.32393775413709 673.1001397116956 574.7762019575585
81.0 91.99367810951207 651.7241477650254 559.7304696555133
84.0 98.19771913293823 673.0172943143621 574.8195751814239
87.0 97.01683993579947 669.0097054299489 571.9928654941495
90.0 96.84030601413604 669.2413749351879 572.4010689210519
93.0 94.56354080643808 660.051992790315 565.4884519838769
96.0 95.82185347001008 664.4432032870429 568.6213498170328
99.0 94.10155174044343 659.9769164385998 565.8753646981563
102.0 96.44168697203437 666.7022880545443 570.2606010825099
105.0 94.58073899461273 659.8695629038201 565.2888239092074
108.0 95.4050825629726 663.951459081611 568.5463765186384
111.0 95.22970423435192 661.8726831464848 566.6429789121329
114.0 95.19267554935161 662.2647770472359 567.0721014978843
117.0 96.12166906313388 667.4675873275525 571.3459182644186
120.0 95.01146293814746 662.4276518291688 567.4161888910214
123.0 96.59387236883985 669.3004654133764 572.7065930445366
126.0 95.7745333894184 664.502908650475 568.7283752610566
129.0 96.38929359225316 666.8365952624547 570.4473016702015
132.0 95.4060657594432 663.9281944436549 568.5221286842117
135.0 97.03364548824148 668.8546478416146 571.8210023533731
138.0 95.21309556425371 662.0607336071842 566.8476380429305
141.0 95.21837820914477 664.6971513188765 569.4787731097318
144.0 91.34480171495639 649.7304716115488 558.3856698965924
147.0 95.2527138993362 664.403037577981 569.1503236786448
150.0 88.75082174705714 641.7253272706488 552.9745055235917
153.0 91.34271962994173 649.7681083657852 558.4253887358435
156.0 92.35505101248258 654.6643032215533 562.3092522090707
159.0 95.18177356126689 662.3581519246236 567.1763783633568
162.0 88.09473600574634 639.8453836414863 551.7506476357399
165.0 89.39938660235795 643.7243226286764 554.3249360263185
168.0 89.38424603236716 643.914585517969 554.5303394856018
171.0 93.09974284495588 657.08462858608 563.9848857411241
174.0 86.80529033339011 635.729104617666 548.9238142842759
177.0 90.74089174625638 650.3129588781238 559.5720671318674
180.0 92.20916149669104 655.6080176390851 563.398856142394
183.0 84.17340566923649 628.0802616984376 543.9068560292011
186.0 88.58353808361667 642.8926011327553 554.3090630491386
189.0 84.83240983654984 630.0498259286018 545.217416092052
192.0 83.56318859927593 625.7308078021123 542.1676192028364
195.0 79.02548392285806 611.7234280711248 532.6979441482668
198.0 83.99020895532296 628.3502299863929 544.36002103107
201.0 82.25868520631569 621.8542988002662 539.5956135939505
204.0 80.3219981282599 615.7227169628872 535.4007188346273
207.0 85.16921946474283 633.0698931138376 547.9006736490948
210.0 80.75285459066188 618.2883265203937 537.5354719297319
213.0 86.71418512313311 636.6238427845815 549.9096576614484
216.0 82.91132192456402 623.7991548480127 540.8878329234487
219.0 81.38468427273833 620.4918153219855 539.1071310492472
222.0 79.45575179611192 614.2974998945661 534.8417480984542
225.0 84.8299048884189 630.1599774352726 545.3300725468537
228.0 78.3409709013211 610.0416613197894 531.7006904184683
231.0 80.48389378963203 617.9323210125344 537.4484272229023
234.0 83.27462055901416 626.907227314955 543.6326067559409
237.0 80.32091686630841 615.7474995022891 535.4265826359807
240.0 80.65852182290522 618.85149742487 538.1929756019648
243.0 78.25450644486771 610.4841706141948 532.2296641693271
246.0 77.67749187434907 608.2270320821227 530.5495402077737
249.0 77.86313707715353 610.021257995954 532.1581209188005
252.0 79.12237105300955 614.4127444167187 535.2903733637092
255.0 69.95188553168251 583.7221799749398 513.7702944432573
258.0 77.49419538817906 608.5195696007748 531.0253742125957
261.0 76.98054134453785 606.7989137877228 529.818372443185
264.0 74.02250974923967 597.7268608838626 523.7043511346229
267.0 77.53248466932267 609.1602303650164 531.6277456956937
270.0 72.94805426419244 594.5014161890309 521.5533619248384
273.0 69.95030745153406 583.7584116501083 513.8081041985742
276.0 72.51541921383504 592.1215030755924 519.6060838617574
279.0 72.5216241916069 592.0359941214407 519.5143699298338
282.0 68.00222810423173 577.809684563718 509.8074564594863
285.0 71.24210906632243 587.8360079609579 516.5938988946355
288.0 71.37495836628623 590.1052350188883 518.7302766526021
291.0 68.40059089462022 580.6306896641133 512.230098769493
294.0 65.41619986397033 569.7224035512025 504.3062036872322
297.0 67.35844351553783 575.7576403799659 508.3991968644281
300.0 68.42370383633957 580.4925308189403 512.0688269826008
303.0 67.96787002363926 578.2630422542248 510.2951722305855
306.0 68.74050180427234 582.5250421710313 513.7845403667589
309.0 62.08505454332018 560.245711065475 498.1606565221548
312.0 62.9784047007111 564.0181878165879 501.0397831158768
315.0 62.8857851661757 564.5451274469655 501.6593422807898
318.0 62.77309766101721 562.235751188693 499.4626535276757
321.0 58.28122737353017 547.8755282340299 489.5943008604997
324.0 61.51640806155271 557.9482608331541 496.4318527716014
327.0 62.59168873798567 564.4607291035646 501.8690403655789
330.0 60.70668046556836 558.454565642556 497.7478851769876
333.0 56.97866410515544 543.9465800667053 486.9679159615498
336.0 54.40527672009914 535.7430691014606 481.3377923813614
339.0 57.38200337774439 546.7174442806664 489.335440902922
342.0 54.40596688563411 535.7296021676084 481.3236352819743
345.0 57.67778023535628 549.4839091690327 491.8061289336764
348.0 56.02357060795785 542.9932208755247 486.9696502675668
351.0 55.01526893690036 538.2499230334225 483.2346540965222
354.0 51.07946641596392 526.2557424239363 475.1762760079724
357.0 53.80749763670205 536.2553057392874 482.4478081025854
360.0 53.92564951420854 537.3417082288705 483.416058714662
363.0 49.66142200343035 522.2938810536677 472.6324590502374
366.0 47.92662344200918 515.9445433152537 468.0179198732445
369.0 50.91779612457887 527.1157072733804 476.1979111488016
372.0 50.4144051003113 524.9776266583653 474.563221558054
375.0 47.36941133262537 509.7515959923837 462.3821846597583
378.0 49.6195578767076 522.8625621836233 473.2430043069157
381.0 49.94617150222864 525.7453730701844 475.7992015679558
384.0 47.63773056407243 516.904134046233 469.2664034821606
387.0 46.28937195640811 512.8445706397514 466.5551986833433
390.0 46.93051679247235 515.5440075598663 468.6134907673939
393.0 46.19451332783883 512.8124909005405 466.6179775727017
396.0 46.66327943903557 514.2093872565226 467.546107817487
399.0 44.06771790806625 501.3685771573151 457.3008592492489
402.0 42.26448803724023 494.0838529354886 451.8193648982484
405.0 43.48863866583259 501.3996006464878 457.9109619806553
408.0 44.68330535307269 508.4526363565782 463.7693310035055
411.0 43.21545178067243 500.0700536338704 456.854601853198
414.0 40.8943435574161 490.7428138441697 449.8484702867536
417.0 37.39019497240278 477.925542246277 440.5353472738742
420.0 38.92218146581329 484.768023476557 445.8458420107437
423.0 30.96564753522339 453.7224456575802 422.7567981223568
426.0 38.53230868346821 484.6193650501041 446.0870563666359
429.0 36.21919376388254 474.0431957531621 437.8240019892796
432.0 35.88423853962063 475.0714675810321 439.1872290414115
435.0 32.82004780155823 462.5182815726712 429.698233771113
438.0 33.97133269421716 466.3090141533383 432.3376814591211
441.0 32.13689766134492 460.7480294021498 428.6111317408049
444.0 32.85364579940739 462.7438490273126 429.8902032279052
447.0 25.46593455257933 427.7538637798179 402.2879292272386
450.0 31.78104560025601 459.4155486082413 427.6345030079852
453.0 26.50408870023011 435.1330960490182 408.6290073487881
456.0 21.16968434729562 406.2748076671697 385.1051233198741
459.0 21.93446901494028 410.3913372780693 388.4568682631291
462.0 24.66385033525185 424.199040416213 399.5351900809611
465.0 23.33282187464259 419.6875745923677 396.3547527177251
468.0 20.7048814835643 405.4384652234131 384.7335837398488
471.0 17.38967575173242 386.0048857615889 368.6152100098565
474.0 17.39489713601259 385.970184768981 368.5752876329685
477.0 17.38451917555273 386.1801516243078 368.795632448755
480.0 13.1153903152334 359.998425834964 346.8830355197306
483.0 14.83927787816074 372.9223441971143 358.0830663189536
486.0 13.37510610383368 362.3078033847977 348.932697280964
489.0 15.89828207207986 385.9306320839116 370.0323500118318
492.0 11.46145727686386 355.3908916212732 343.9294343444094
495.0 11.22676295574779 350.697185047143 339.4704220913952
498.0 8.502487776985812 324.577783592577 316.0752958155912
501.0 8.65725837913406 323.4204080305548 314.7631496514207
504.0 7.646872203995029 319.5616908801505 311.9148186761555
507.0 5.839164775520481 301.6649323218398 295.8257675463193
510.0 7.474457578746612 321.0934446157191 313.6189870369725
513.0 4.836130033918425 273.5371709231118 268.7010408891933
516.0 5.176978118292533 301.936390846896 296.7594127286035
519.0 3.791723935110438 280.0176932802467 276.2259693451362
522.0 3.514974059146957 275.9927152143766 272.4777411552297
525.0 3.105449128306061 279.3205503454584 276.2151012171523
528.0 2.73472140321597 273.69964901938 270.9649276161641
531.0 2.150006903165311 268.7734483645844 266.6234414614191
534.0 1.785238774627376 269.3208252317023 267.535586457075
537.0 1.490953565896602 266.8213409527372 265.3303873868406
540.0 1.152696127262149 263.5833083170147 262.4306121897526
543.0 0.8066008462581408 262.1367895315213 261.3301886852631
546.0 0.6017517011397898 259.9653707979077 259.3636190967679
549.0 0.341701174213169 256.6407382431287 256.2990370689155
552.0 0.1855947779858459 255.0228010953024 254.8372063173165
555.0 0.06064834357988338 251.636803680914 251.5761553373341
558.0 0.02354646820492393 249.4339367728838 249.4103903046789
561.0 0 246.8669389171482 246.8669389171482
564.0 0.06642469197258802 243.9024071102692 243.8359824182967
567.0 0.1939148471983335 241.4262539964705 241.2323391492722
570.0 0.4024194380158404 239.4481525794536 239.0457331414378
573.0 0.7184990595820497 235.7422565101049 235.0237574505228
576.0 1.123566341970903 234.693216532358 233.5696501903871
579.0 1.710893554619193 230.3514559250694 228.6405623704502
582.0 2.523689186816162 227.9732768200646 225.4495876332485
585.0 3.327475601720529 212.5014157541247 209.1739401524042
588.0 4.524217436740477 216.1978953444312 211.6736779076907
591.0 5.63842481295802 205.722137 200.083712187042
