0.0 116.0127882935499 732.6172083801084 616.6044200865585
3.0 106.2904565668538 699.7290368257849 593.4385802589311
6.0 108.6284032078573 709.1889118285721 600.5605086207147
9.0 108.5064323242485 709.4309098453776 600.9244775211291
12.0 104.3425267574251 693.9685854636322 589.6260587062072
15.0 105.9900669519516 700.845331403479 594.8552644515273
18.0 105.9127530377206 701.5288550277743 595.6161019900536
21.0 104.6891117742155 697.0120250704052 592.3229132961897
24.0 98.52327804268492 676.054596198744 577.5313181560591
27.0 103.948354968578 695.8673984705755 591.9190435019974
30.0 100.4877575054015 681.8217642797551 581.3340067743536
33.0 103.7205238904658 696.2255443614276 592.5050204709618
36.0 99.82811413958729 679.9937445087638 580.1656303691765
39.0 101.3898984116724 687.4069596353243 586.0170612236519
42.0 101.0543998705716 684.6736430301924 583.6192431596208
45.0 100.8474253593021 685.0892038964057 584.2417785371036
48.0 101.4005179302142 688.1402011407105 586.7396832104963
51.0 95.34151528195897 665.7289661966336 570.3874509146747
54.0 97.26299630095335 671.9032868528665 574.6402905519131
57.0 97.14455108059811 672.5548249523332 575.4102738717351
60.0 98.84437187224895 679.3799638648823 580.5355919926333
63.0 98.55199714539665 679.0809748435537 580.528977698157
66.0 97.186732952608 672.7124414567908 575.5257085041828
69.0 96.95249330250515 673.1802123125845 576.2277190100794
72.0 96.31488971177959 670.9695343041255 574.6546445923459
75.0 98.17704438807674 677.494630395659 579.3175860075822
78.0 97.11016910286845 673.1540036085159 576.0438345056474
81.0 90.8358711155506 651.7244107249422 560.8885396093916
84.0 96.98381803867332 673.0556467408374 576.0718287021641
87.0 95.81342881215802 669.0508408336435 573.2374120214855
90.0 95.63538591292683 669.2789232496487 573.6435373367219
93.0 93.38432426208644 660.0690473583672 566.6847230962807
96.0 94.63097428872819 664.4768692302755 569.8458949415473
99.0 92.92090825313989 659.9887361021915 567.0678278490516
102.0 95.24470391681507 666.7454702615275 571.5007663447124
105.0 93.40227440221167 659.8808156958614 566.4785412936498
108.0 94.21451778315778 663.9655817019242 569.7510639187665
111.0 94.04621038395053 661.884734472996 567.8385240890455
114.0 94.00756352251453 662.2902842193785 568.282720696864
117.0 94.92067451251393 667.5007847808634 572.5801102683495
120.0 93.82509273087136 662.4426485769964 568.617555846125
123.0 95.38784830538665 669.3215080050334 573.9336596996467
126.0 94.58327327873486 664.5276032133478 569.9443299346129
129.0 95.19162741601014 666.8742500808994 571.6826226648893
132.0 94.21559498314493 663.9401430731635 569.7245480900185
135.0 95.83088085786754 668.8912480705072 573.0603672126397
138.0 94.02882874659662 662.0798657586113 568.0510370120147
141.0 94.02433328579653 664.7210926822935 570.696759396497
144.0 90.19198675698348 649.7312985853328 559.5393118283494
147.0 94.05990447411499 664.4183270556654 570.3584225815504
150.0 87.618098630896 641.7256700498755 554.1075714189795
153.0 90.18975237824774 649.7715632513907 559.581810873143
156.0 91.18764382039396 654.6783677759586 563.4907239555646
159.0 93.99626436119255 662.3891213756912 568.3928570144986
162.0 86.96654351557602 639.8530170415897 552.8864735260136
165.0 88.26164962808211 643.7246024484146 555.4629528203325
168.0 88.24572906205332 643.9242970319197 555.6785679698664
171.0 91.92607046429504 657.1224022461892 565.1963317818942
174.0 85.68760598251328 635.7299590217933 550.0423530392801
177.0 89.58364308831202 650.3293833811026 560.7457402927906
180.0 91.03766708480033 655.6446108025337 564.6069437177334
183.0 83.07432590856649 628.0934303733434 545.0191044647769
186.0 87.44580272933933 642.9238929571278 555.4780902277885
189.0 83.72846180723097 630.064264146001 546.33580233877
192.0 82.47058913224776 625.7316585100094 543.2610693777617
195.0 77.96804542000481 611.7235787495455 533.7555333295406
198.0 82.889453976969 628.359420712869 545.4699667359
201.0 81.17562169930145 621.8625270721211 540.6869053728196
204.0 79.25452470541655 615.7227940131813 536.4682693077648
207.0 84.0552894044922 633.0948050624649 549.0395156579727
210.0 79.67744454433492 618.2941150810923 538.6166705367574
213.0 85.59277812735228 636.6584829303716 551.0657048030193
216.0 81.82346462957709 623.8051931346022 541.9817285050252
219.0 80.30342148977294 620.5070283475973 540.2036068578244
222.0 78.3903423430997 614.3037518102662 535.9134094671665
225.0 83.72551899422463 630.185108914155 546.4595899199304
228.0 77.28721583161083 610.0522337980413 532.7650179664305
231.0 79.40880091240623 617.9414018060004 538.5326008935941
234.0 82.17653624488936 626.9327191832799 544.7561829383906
237.0 79.25334327915182 615.7498382674029 536.496494988251
240.0 79.58064571257924 618.8707286940178 539.2900829814386
243.0 77.19877542315894 610.5011727447765 533.3023973216175
246.0 76.62799526714542 608.246075301965 531.6180800348196
249.0 76.80768873477403 610.0290656053184 533.2213768705443
252.0 78.05526426049409 614.4361651491482 536.3809008886541
255.0 68.96472321702394 583.7221874476868 514.7574642306629
258.0 76.44293408369006 608.5375416606972 532.0946075770071
261.0 75.93371489546058 606.8421173657344 530.9084024702738
264.0 72.99846267200046 597.7273554584285 524.728892786428
267.0 76.47894352743685 609.2016102137598 532.722666686323
270.0 71.93197240529935 594.5133347522326 522.5813623469332
273.0 68.96299878405451 583.7616827315445 514.79868394749
276.0 71.50654924442375 592.1433210237205 520.6367717792968
279.0 71.51310201629573 592.0538747835446 520.5407727672488
282.0 67.02976971063136 577.8149076577455 510.7851379471141
285.0 70.24444699081545 587.8447899405565 517.6003429497411
288.0 70.36935813453413 590.1172554187303 519.7478972841962
291.0 67.41911469414967 580.64826048169 513.2291457875403
294.0 64.46417643150291 569.7224489977538 505.2582725662509
297.0 66.39121740422987 575.7609248791619 509.3697074749321
300.0 67.442826302471 580.5102207765709 513.0673944740999
303.0 66.99355693960872 578.2921096797874 511.2985527401787
306.0 67.75323329524586 582.5539695911095 514.8007362958636
309.0 61.15582816267413 560.2568829170566 499.1010547543825
312.0 62.03848655730952 564.0304476093788 501.9919610520693
315.0 61.94354665406786 564.5682094054885 502.6246627514207
318.0 61.8390201994566 562.2561475466468 500.4171273471902
321.0 57.38380997056809 547.8850259834781 490.50121601291
324.0 60.59359212214897 557.9640892829879 497.3704971608389
327.0 61.64867577605696 564.4816020219018 502.8329262458448
330.0 59.77895776331133 558.4814370346973 498.7024792713859
333.0 56.09099345194454 543.9586180539569 487.8676246020124
336.0 53.53852875551882 535.7449107728464 482.2063820173276
339.0 56.48552281677351 546.7400621707172 490.2545393539437
342.0 53.53927325874863 535.7304777805271 482.1912045217785
345.0 56.77211851046206 549.5107359607117 492.7386174502496
348.0 55.13586898776074 543.0184894233049 487.8826204355442
351.0 54.14142721270548 538.2794746360375 484.138047423332
354.0 50.23557640432486 526.2678328791303 476.0322564748054
357.0 52.93660447906745 536.270088218446 483.3334837393785
360.0 53.05112757025773 537.3747914078405 484.3236638375827
363.0 48.826987842037 522.3000243820653 473.4730365400283
366.0 47.10931290531875 515.9559079439419 468.8465950386232
369.0 50.07007879752526 527.1462753684794 477.0761965709541
372.0 49.57271308193723 525.0321685592874 475.4594554773502
375.0 46.57303904103473 509.7556872999595 463.1826482589248
378.0 48.78280060914131 522.8992729082517 474.1164722991103
381.0 49.09992185105485 525.7828293739902 476.6829075229354
384.0 46.81575476759139 516.9316552777285 470.1159005101371
387.0 45.47746718105829 512.869535245492 467.3920680644337
390.0 46.11092105680558 515.5954203516688 469.4844992948632
393.0 45.38232179723194 512.8665178500893 467.4841960528574
396.0 45.84753458596541 514.3213013799906 468.4737667940252
399.0 43.29003097101443 501.4710937347784 458.181062763764
402.0 41.50728993082216 494.1120555430093 452.6047656121871
405.0 42.70871690250986 501.4855682092274 458.7768513067176
408.0 43.88155086296658 508.5821122707527 464.7005614077861
411.0 42.43938436947593 500.1928985421409 457.753514172665
414.0 40.14444819627516 490.7790245118241 450.634576315549
417.0 36.67491986711637 477.9390196223134 441.2640997551971
420.0 38.18716736487998 484.7932872554937 446.6061198906137
423.0 30.31640652537275 453.7225044302215 423.4060979048488
426.0 37.79640275067083 484.6425911677 446.8461884170291
429.0 35.5139734947812 474.0632214389598 438.5492479441786
432.0 35.17394462270355 475.0979850588136 439.92404043611
435.0 32.14499664568748 462.5386543078292 430.3936576621418
438.0 33.28645286018849 466.3451359823912 433.0586831222027
441.0 31.46588531093629 460.7670304679821 429.3011451570458
444.0 32.17784254063846 462.7855946136279 430.6077520729894
447.0 24.89268415201811 427.7581411582031 402.865457006185
450.0 31.11356597632469 459.4851830921839 428.3716171158592
453.0 25.90721322309236 435.181447710651 409.2742344875587
456.0 20.66018233509699 406.3057620595542 385.6455797244572
459.0 21.41249935935424 410.4349176302215 389.0224182708673
462.0 24.10074724908543 424.2433554646831 400.1426082155977
465.0 22.78144772515922 419.7748465151335 396.9933987899743
468.0 20.19663443888614 405.5371630956053 385.3405286567191
471.0 16.94141106060795 386.0292396407806 369.0878285801727
474.0 16.94676814873739 386.001564829272 369.0547966805346
477.0 16.93554175347899 386.2280808208164 369.2925390673374
480.0 12.74780518178515 360.0278893257757 347.2800841439906
483.0 14.42999833050029 373.0118736008505 358.5818752703502
486.0 12.99982799923341 362.3829313861665 349.3831033869331
489.0 15.44457072587892 386.0551161885484 370.6105454626695
492.0 11.10465071860436 355.5221185223635 344.4174678037592
495.0 10.88643509184219 350.8709852040772 339.984550112235
498.0 8.24922317611346 324.6434540983015 316.394230922188
501.0 8.4081721105659 323.8657581026957 315.4575859921298
504.0 7.408479968281576 319.9403903548025 312.5319103865209
507.0 5.660553360683586 302.0208673967164 296.3603140360328
510.0 7.229203391483178 321.7614086950815 314.5322053035983
513.0 4.753447576514524 276.5178813772466 271.7644338007321
516.0 4.994465930501914 302.5294949369763 297.5350290064743
519.0 3.683462413380414 281.6802007726598 277.9967383592794
522.0 3.419996019744122 277.9946768472531 274.574680827509
525.0 2.997023079613074 281.0786744839025 278.0816514042894
528.0 2.644394065524758 276.2091192812418 273.564725215717
531.0 2.076918963527671 270.6955874953413 268.6186685318136
534.0 1.708735363550795 271.2493458329665 269.5406104694157
537.0 1.422378777381424 268.8890544254664 267.4666756480849
540.0 1.095052497620256 265.5711030314776 264.4760505338574
543.0 0.7528930607752639 264.1942210983577 263.4413280375824
546.0 0.5554594713707762 261.9637764657848 261.408316994414
549.0 0.3067731147196635 258.6485502012927 258.341777086573
552.0 0.1559519778669909 257.1048476127994 256.9488956349324
555.0 0.04311812716680272 253.7180613694604 253.6749432422936
558.0 0.01417509140023537 251.4548329374818 251.4406578460816
561.0 0 248.9244759613323 248.9244759613323
564.0 0.07776079261003019 245.915254823541 245.837494030931
567.0 0.2148686861859289 243.4658706384406 243.2510019522547
570.0 0.4314042437807356 241.5357258926406 241.1043216488599
573.0 0.7625477298640002 237.7539426667494 236.9913949368854
576.0 1.173168084883625 236.6257260398489 235.4525579549653
579.0 1.779331887908012 231.9897780707004 230.2104461827924
582.0 2.602877156863485 230.2038462196661 227.6009690628026
585.0 3.469030639866252 213.6690560011821 210.2000253613159
588.0 4.653351383071777 218.8704357958447 214.2170844127729
591.0 5.815940416213721 205.722137 199.9061965837863
