0.0 112.422846135006 732.6909116407146 620.2680655057087
3.0 102.9293781768407 699.7311550206674 596.8017768438266
6.0 105.1966326920452 709.2810274775732 604.0843947855279
9.0 105.0709014684362 709.5586828137234 604.4877813452873
12.0 101.0188562478306 694.0124596358037 592.9936033879731
15.0 102.6146708723742 700.9184936043021 598.3038227319278
18.0 102.5295565541306 701.6626948467349 599.1331382926043
21.0 101.3385860562419 697.1078677047916 595.7692816485497
24.0 95.31897813362556 676.0847669254182 580.7657887917926
27.0 100.6015694596675 696.0124757222909 595.4109062626234
30.0 97.24599012835036 681.8433732271365 584.5973830987862
33.0 100.3680294811345 696.355961427364 595.9879319462295
36.0 96.59778561710853 680.033121900205 583.4353362830965
39.0 98.10152045879189 687.513766589657 589.4122461308651
42.0 97.78959246614465 684.7982118004287 587.008619334284
45.0 97.5764986685346 685.2090932785517 587.6325946100171
48.0 98.10474708995802 688.300898211232 590.196151121274
51.0 92.20782065800826 665.7313064209745 573.5234857629662
54.0 94.08718552035194 671.9401000601136 577.8529145397617
57.0 93.96103541824218 672.6134676810372 578.652432262795
60.0 95.61002385806237 679.4952884700891 583.8852646120267
63.0 95.31769553653245 679.2002453205044 583.8825497839719
66.0 94.0017596913429 672.8375138475674 578.8357541562245
69.0 93.76072113912526 673.278639016427 579.5179178773017
72.0 93.13872870950427 671.0488480442437 577.9101193347395
75.0 94.95467943911522 677.6166446777876 582.6619652386724
78.0 93.919946272536 673.3075057709018 579.3875594983658
81.0 87.79588410936652 651.725284991992 563.9294008826254
84.0 93.7935320780576 673.165186691381 579.3716546133234
87.0 92.65107109360717 669.1664236739586 576.5153525803515
90.0 92.4690702835489 669.3846129201995 576.9155426366506
93.0 90.2869274174476 660.1185132420276 569.83158582458
96.0 91.50216402471901 664.5740792781709 573.0719152534518
99.0 89.81980658863917 660.0227073417323 570.2029007530931
102.0 92.09943864944841 666.8696803631037 574.7702417136553
105.0 90.30698711829889 659.9149284167441 569.6079412984452
108.0 91.08691121460334 664.0074186430099 572.9205074284065
111.0 90.9374956665839 661.9214129843521 570.9839173177682
114.0 90.89428808664406 662.3635169866597 571.4692289000156
117.0 91.76491537474346 667.5923140675956 575.8273986928522
120.0 90.70865894646745 662.4860275533921 571.7773686069246
123.0 92.21889886506597 669.3800215581534 577.1611226930874
126.0 91.45362128061689 664.5977253447468 573.14410406413
129.0 92.0446514670892 666.9807862322653 574.9361347651761
132.0 91.08828201606526 663.9752119364804 572.8869299204152
135.0 92.67033031696654 668.9943869472314 576.3240566302649
138.0 90.91792303511251 662.1359118607641 571.2179888256515
141.0 90.88727387507523 664.7878461912938 573.9005723162185
144.0 87.16530080571304 649.7339026590122 562.5686018532991
147.0 90.92629785501611 664.4615105299685 573.5352126749524
150.0 84.64500050084906 641.7267622899985 557.0817617891494
153.0 87.16260969111759 649.7820090582715 562.6193993671539
156.0 88.12180212765523 654.7173673090548 566.5955651813996
159.0 90.88182340496606 662.4789639226624 571.5971405176963
162.0 84.00538803548219 639.8754884910271 555.8701004555449
165.0 85.2751823493267 643.7255269751559 558.4503446258292
168.0 85.25700343642031 643.9524900692113 558.695486632791
171.0 88.84308229459517 657.2275765691473 568.3844942745522
174.0 82.75460073898861 635.7327485308254 552.9781477918368
177.0 86.544842320976 650.3762081747757 563.8313658537997
180.0 87.96051271477327 655.7454477965177 567.7849350817445
183.0 80.19070431593895 628.1306945969616 547.9399902810226
186.0 84.45876849448212 643.0105066812537 558.5517381867715
189.0 80.83183365245866 630.1053247919585 549.2734911394998
192.0 79.60447738567766 625.7343280245618 546.1298506388841
195.0 75.19571008170325 611.7240648111816 536.5283547294783
198.0 80.00143998233209 628.3852945616088 548.3838545792768
201.0 78.33479886052779 621.886734250392 543.5519353898642
204.0 76.45543103769956 615.7230500481132 539.2676190104136
207.0 81.13185478873812 633.1634566360974 552.0316018473593
210.0 76.85708150525023 618.3101185798394 541.4530370745892
213.0 82.64921688196233 636.7563273515974 554.1071104696351
216.0 78.96989802634623 623.8235359961751 544.8536379698289
219.0 77.46727445639381 620.549873368574 543.0825989121802
222.0 75.59663905824628 614.3210221982239 538.7243831399776
225.0 80.82751470823698 630.2587401982621 549.4312254900251
228.0 74.52450976733232 610.0818382161946 535.5573284488623
231.0 76.5892187210834 617.9676172826452 541.3783985615618
234.0 79.29534407278508 627.0035432571621 547.7081991843771
237.0 76.45393788004092 615.7571278352425 539.3031899552016
240.0 76.7534584269151 618.9239953822757 542.1705369553606
243.0 74.43068538799283 610.5475849030971 536.1168995151042
246.0 73.87648621107787 608.2998266382466 534.4233404271687
249.0 74.04051827186373 610.0510197872741 536.0105015154104
252.0 75.25671353047315 614.5021546108634 539.2454410803902
255.0 66.37979392564198 583.7222140325349 517.3424201068929
258.0 73.68673656754136 608.5889602157444 534.9022236482031
261.0 73.18887641781442 606.9638548658106 533.7749784479962
264.0 70.31516426808232 597.7289332755821 527.4137690074998
267.0 73.71623852603864 609.3168365730179 535.6005980469793
270.0 69.26970501347609 594.5462566475084 525.2765516340323
273.0 66.37761503338899 583.7718008292012 517.3941857958122
276.0 68.86331894699635 592.2067905084905 523.3434715614942
279.0 68.87087186873588 592.1064328462403 523.2355609775045
282.0 64.48395137747692 577.8302419475652 513.3462905700883
285.0 67.63134780924879 587.8714036875179 520.2400558782691
288.0 67.73503580332825 590.1515241219965 522.4164883186682
291.0 64.84902312828531 580.6972710091169 515.8482478808316
294.0 61.97295001831696 569.7226096740793 507.7496596557623
297.0 63.85938658215343 575.7711639950652 511.9117774129118
300.0 64.87432205446242 580.5613878754331 515.6870658209707
303.0 64.44234043557562 578.3767547499849 513.9344143144093
306.0 65.16747854427691 582.636407675842 517.468929131565
309.0 58.72518955411445 560.2876287547029 501.5624392005885
312.0 59.57931182613467 564.0654257632123 504.4861139370776
315.0 59.47798645919398 564.632689723915 505.154703264721
318.0 59.39526810079956 562.3143020346705 502.9190339338709
321.0 55.03801926049424 547.9129406935755 492.8749214330813
324.0 58.17994786714323 558.011474284399 499.8315264172558
327.0 59.18108779557368 564.5408448508137 505.35975705524
330.0 57.35203171752575 558.55765743288 501.2056257153543
333.0 53.771146225622 543.9938341653293 490.2226879397073
336.0 51.27466834018678 535.750605483217 484.4759371430302
339.0 54.14199012370738 546.8038551801624 492.661865056455
342.0 51.2755762536701 535.7333171922075 484.4577409385374
345.0 54.40402755634198 549.585547839163 495.181520282821
348.0 52.81570025003774 543.0890191317361 490.2733188816984
351.0 51.85812315336363 538.3660573448301 486.5079341914664
354.0 48.03248317485049 526.3014745831516 478.2689914083011
357.0 50.6614473291468 536.3127244597071 485.6512771305604
360.0 50.76595482588985 537.4684468548218 486.7024920289319
363.0 46.64922010667073 522.3171474383809 475.6679273317102
366.0 44.97710669970244 515.988827353811 471.0117206541086
369.0 47.85643667677005 527.2316012514107 479.3751645746406
372.0 47.37468300849707 525.187296971343 477.8126139628459
375.0 44.49679878302532 509.7694426610827 465.2726438780574
378.0 46.59825795705671 523.0052711518926 476.4070131948359
381.0 46.89006351193726 525.8880059035634 478.9979423916261
384.0 44.67080619833091 517.0103015454177 472.3394953470868
387.0 43.35942558589539 512.9401111479626 469.5806855620672
390.0 43.97187727000718 515.7405591080567 471.7686818380495
393.0 43.26297740706965 513.0180969725772 469.7551195655076
396.0 43.71766831580341 514.6276032297732 470.9099349139698
399.0 41.26174513913527 501.7724100270668 460.5106648879316
402.0 39.53504670382485 494.1985670611436 454.6635203573188
405.0 40.67478751431122 501.7382807809802 461.0634932666689
408.0 41.78866089092152 508.9389152148856 467.1502543239641
411.0 40.41503028321161 500.553626877892 460.1385965946804
414.0 38.19153976168833 490.8855090707072 452.6939693090188
417.0 34.81476380375001 477.9792136827513 443.1644498790013
420.0 36.27415852686346 484.8656351037451 448.5914765768817
423.0 28.63259959900731 453.7227187237938 425.0901191247864
426.0 35.88105311890606 484.7093482346875 448.8282951157814
429.0 33.68050562981306 474.1225803303352 440.4420747005221
432.0 33.32683793789094 475.17253875102 441.845700813129
435.0 30.39198481922996 462.5959653610956 432.2039805418657
438.0 31.50691801786765 466.4520087951906 434.9450907773229
441.0 29.72366878134492 460.8205908114792 431.0969220301343
444.0 30.4224215887899 462.9045106308555 432.4820890420656
447.0 23.41143226843074 427.772380755409 404.3609484869783
450.0 29.37982469557441 459.681885776705 430.3020610811306
453.0 24.36215058415849 435.3170765727039 410.9549259885454
456.0 19.34842580899794 406.3960114507097 387.0475856417118
459.0 20.06724403992152 410.5651216415987 390.4978776016771
462.0 22.64576838521005 424.3811326754316 401.7353642902216
465.0 21.35697066821217 420.0270175177159 398.6700468495037
468.0 18.88693211983872 405.8262413968254 386.9393092769867
471.0 15.79306175924238 386.1050070828937 370.3119453236513
474.0 15.79861929655806 386.1053362653017 370.3067169687436
477.0 15.78480832324938 386.3821212794318 370.5973129561824
480.0 11.81449132669968 360.1220224886351 348.3075311619354
483.0 13.38433501234548 373.2873086464405 359.902973634095
486.0 12.04505218277283 362.631625024949 350.5865728421762
489.0 14.27984929012181 386.4083422368875 372.1284929467657
492.0 10.19818645083662 355.9022177156346 345.704031264798
495.0 10.02302140121402 351.3973548480979 341.3743334468839
498.0 7.619929409205027 324.8837106723233 317.2637812631183
501.0 7.782507294259844 325.289678740814 317.5071714465541
504.0 6.81285346002822 321.1042543824145 314.2914009223862
507.0 5.224591161154322 303.169526760092 297.9449355989377
510.0 6.609986673636378 323.7111645596611 317.1011778860248
513.0 4.521586482052258 285.6792560435382 281.1576695614859
516.0 4.543494049497371 304.3933717687115 299.8498777192141
519.0 3.411464214172922 286.3260683287603 282.9146041145874
522.0 3.177586577741392 283.4660447150875 280.2884581373461
525.0 2.724311975688841 285.6256180828153 282.9013061071264
528.0 2.406782957560084 282.6320707284626 280.2252877709025
531.0 1.893938210918872 276.0542133204828 274.160275109564
534.0 1.517591212555561 276.3524250080688 274.8348337955132
537.0 1.249942796825232 274.3412424677295 273.0912996709043
540.0 0.9522078152862039 271.064818719523 270.1126109042368
543.0 0.6205434826140198 269.5546587348046 268.9341152521906
546.0 0.4436558909068014 267.2433290839501 266.7996731930433
549.0 0.2249348846342796 263.993962450744 263.7690275661097
552.0 0.08716622160663809 262.5705908529981 262.4834246313914
555.0 0.006429542274701827 259.2388534635722 259.2324239212975
558.0 0 256.8983731881239 256.8983731881239
561.0 0.0103694972450116 254.4143140003822 254.4039445031372
564.0 0.119226134580733 251.2673407937618 251.1481146591811
567.0 0.2814815622585163 248.8928554342149 248.6113738719563
570.0 0.5185224640435016 247.09845739056 246.5799349265165
573.0 0.8917833103635076 242.9702902644114 242.0785069540479
576.0 1.318145827776229 241.7608430493093 240.4426972215331
579.0 1.980431756286947 236.1947680117701 234.2143362554832
582.0 2.822083276471474 235.9425459610882 233.1204626846167
585.0 3.875289759558937 216.2117175272395 212.3364277676805
588.0 5.013857512416748 222.1908900134424 217.1770325010257
591.0 6.336819065571043 205.722137 199.3853179344289
