0.0 106.3252122901427 732.8353845359544 626.5101722458118
3.0 97.23403391783913 699.7364071042609 602.5023731864217
6.0 99.37538630141644 709.455091439712 610.0797051382956
9.0 99.24211926790884 709.8118983873226 610.5697791194137
12.0 95.38788070895207 694.1072145459555 598.7193338370035
15.0 96.89246005484421 701.0686453639733 604.1761853091291
18.0 96.79220646251723 701.9280911874013 605.135884724884
21.0 95.65932687195099 697.3032063773729 601.6438795054219
24.0 89.8973093965257 676.1431188831516 586.2458094866259
27.0 94.92774498475536 696.2874841137559 601.3597391290005
30.0 91.75891497388341 681.8924808103549 590.1335658364715
33.0 94.68457030988733 696.6037848928302 601.9192145829429
36.0 91.13029240764121 680.1159894119898 588.9856970043486
39.0 92.53080039931915 687.7228660447823 595.1920656454631
42.0 92.25959315382703 685.0540552361615 592.7944620823345
45.0 92.03593117117178 685.4524175545306 593.4164863833588
48.0 92.51982289695339 688.6045887249042 596.0847658279508
51.0 86.91038997342298 665.7373704224153 578.8269804489923
54.0 88.71512946118371 672.0227126186222 583.3075831574385
57.0 88.57503702820592 672.7265888817996 584.1515518535936
60.0 90.13364360484791 679.7210697770751 589.5874261722272
63.0 89.84129268190044 679.4344434091243 589.5931507272238
66.0 88.61148278074047 673.0906377560902 584.4791549753497
69.0 88.35928263425322 673.4695035911141 585.1102209568609
72.0 87.76506017700916 671.2060398120155 583.4409796350063
75.0 89.4990858797746 677.8580190239649 588.3589331441903
78.0 88.51979089627139 673.6138293444859 585.0940384482145
81.0 82.66248388169174 651.7276574384477 569.0651735567559
84.0 88.39436261009647 673.3856184973938 584.9912558872973
87.0 87.30067733874135 669.3912183366706 582.0905409979293
90.0 87.11198971827214 669.591080283314 582.4790905650419
93.0 85.05181392131958 660.2209535461867 575.1691396248671
96.0 86.21086206772599 664.7734769656704 578.5626148979444
99.0 84.57861668456163 660.0918439833019 575.5132272987402
102.0 86.77866333060051 667.1224698222766 580.3438064916761
105.0 85.07591635783039 659.9919814803544 574.916065122524
108.0 85.79910153084751 664.0977404971052 578.2986389662577
111.0 85.68285412168781 662.0047420016844 576.3218878799966
114.0 85.63079788967319 662.511946217256 576.8811483275828
117.0 86.42671179099389 667.7640096162284 581.3372978252345
120.0 85.44038746066102 662.5759521221346 577.1355646614735
123.0 86.85840070146102 669.4920130144 582.6336123129389
126.0 86.16156933566955 664.7373677787342 578.5757984430646
129.0 86.72138194804416 667.1905538039928 580.4691718559486
132.0 85.80117427617617 664.0494525891304 578.2482783129542
135.0 87.32340088407603 669.195980921564 581.872580037488
138.0 85.65898473720465 662.2541155660349 576.5951308288302
141.0 85.58237961951781 664.9155856147221 579.3332059952043
144.0 82.05513025986057 649.7402424036058 567.6851121437453
147.0 85.62800876327181 664.5467200614698 578.918711298198
150.0 79.62865084429807 641.7294819265022 562.1008310822041
153.0 82.05143196242878 649.80548195428 567.7540499918512
156.0 82.94222507719292 654.7917018859078 571.8494768087149
159.0 85.61584483088882 662.6648730772072 577.0490282463184
162.0 79.00938240630336 639.923273726636 560.9138913203326
165.0 80.23544035078191 643.7280018863768 563.4925615355949
168.0 80.21261088354103 644.0109973346254 563.7983864510843
171.0 83.63186881387948 657.4286244193061 573.7967556054266
174.0 77.80836301394691 635.7400246230626 557.9316616091157
177.0 81.41236180693996 650.4700469028124 569.0576850958724
180.0 82.75964298427647 655.934279404442 573.1746364201655
183.0 75.33003714619808 628.2041570985246 552.8741199523265
186.0 79.4159463828623 643.1738500086351 563.7579036257728
189.0 75.94830570939268 630.1868305460678 554.2385248366751
192.0 74.77531018320251 625.740775916358 550.9654657331555
195.0 70.53071243960998 611.7253012257326 541.1945887861227
198.0 75.13337251400673 628.436196906098 553.3028243920913
201.0 73.54933071915285 621.9381004289613 548.3887697098085
204.0 71.74361270677292 615.723742214783 543.9801295080101
207.0 76.20077720931199 633.2920726781055 557.0912954687935
210.0 72.10765675747396 618.3406417806703 546.2329850231964
213.0 77.68214646413565 636.9480864569816 559.2659399928459
216.0 74.1622634003659 623.8651010471765 549.7028376468106
219.0 72.6895527456224 620.6337062064821 547.9441534608597
222.0 70.89383901956649 614.3537548149964 543.4599157954299
225.0 75.94069723899229 630.4139560271248 554.4732587881325
228.0 69.87564489264277 610.1390128115499 540.2633679189071
231.0 71.8408817996472 618.0215012135505 546.1806194139033
234.0 74.43812273853046 627.1383543172701 552.7002315787397
237.0 71.74137855261687 615.7745312214088 544.0331526687919
240.0 71.9911793223328 619.0250562238469 547.0338769015141
243.0 69.77201515305236 610.6326241087278 540.8606089556754
246.0 69.24660789754809 608.4051161282109 539.1585082306628
249.0 69.3840261525233 610.094013119161 540.7099869666377
252.0 70.54420987776313 614.6310242628385 544.0868143850754
255.0 62.04277005576786 583.7222963580548 521.6795263022869
258.0 69.04868916463238 608.6929988675169 539.6443097028845
261.0 68.56898540570081 607.2008124775148 538.631827071814
264.0 65.80595014381671 597.7328836629767 531.92693351916
267.0 69.06527531149347 609.5367239694781 540.4714486579847
270.0 64.79653623175255 594.6084147742781 529.8118785425255
273.0 62.03951752077512 583.7955305078688 521.7560129870936
276.0 64.42263349375179 592.3386108773867 527.9159773836349
279.0 64.43220071818105 592.2181354411924 527.7859347230114
282.0 60.21497315802991 577.8627067050988 517.6477335470689
285.0 63.24430941221695 587.9314042989062 524.6870948866892
288.0 63.31070782736462 590.2205279053872 526.9098200780226
291.0 60.53675731546071 580.7914201873283 520.2546628718676
294.0 57.799901881275 569.7231006030437 511.9231987217687
297.0 59.61500051538136 575.7956179522465 516.1806174368651
300.0 60.56472714289103 580.6674282541675 520.1027011112765
303.0 60.16212999882915 578.5530803727627 518.3909503739335
306.0 60.82692999461221 582.8015187142532 521.9745887196409
309.0 54.6574279761746 560.3451377878011 505.6877098116265
312.0 55.46147599892771 564.1355046332128 508.6740286342851
315.0 55.34826782295284 564.7566666349698 509.408398812017
318.0 55.30383646103048 562.4308836791812 507.1270472181507
321.0 51.11876136241615 547.9720715344886 496.8533101720724
324.0 54.14141251992588 558.1157380896705 503.9743255697446
327.0 55.04792193569192 564.6587900051361 509.6108680694442
330.0 53.28960222825093 558.7085466045871 505.4189443763361
333.0 49.89710204583315 544.0680815464208 494.1709795005876
336.0 47.49935858674084 535.7639896293723 488.2646310426315
339.0 50.22581828805148 546.92916212641 496.7033438383585
342.0 47.5006270556264 535.740637724015 488.2400106683886
345.0 50.44462517291956 549.7295012830785 499.284876110159
348.0 48.94026595159511 543.2249391244233 494.2846731728282
351.0 48.04669368594778 538.5487309156778 490.50203722973
354.0 44.36284437779986 526.3660344462847 482.0031900684848
357.0 46.86543337962898 536.4004615177033 489.5350281380743
360.0 46.95115688327862 537.6539114487257 490.7027545654471
363.0 43.02430521169487 522.3504648877922 479.3261596760973
366.0 41.43150417182428 516.0567213668798 474.6252171950555
369.0 44.16705670353251 527.3963412618873 483.2292845583548
372.0 43.7108351507183 525.495176687244 481.7843415365257
375.0 41.04956425564394 509.8075051895695 468.7579409339256
378.0 42.95919803700229 523.2229464974701 480.2637484604678
381.0 43.20679895659547 526.0931916828981 482.8863927263026
384.0 41.10175434327352 517.1693617025345 476.0676073592609
387.0 39.83768712561524 513.0797757353036 473.2420886096883
390.0 40.41153159462131 516.0252037928121 475.6136721981908
393.0 39.7369700266497 513.3118300826454 473.5748600559957
396.0 40.16962235671622 515.191328694469 475.0217063377528
399.0 37.8910158515876 502.4070291364726 464.516013284885
402.0 36.26785404081038 494.39911038884 458.1312563480296
405.0 37.29543886966007 502.2716739809302 464.9762351112701
408.0 38.30405279903977 509.6026058023343 471.2985530032945
411.0 37.0496516897562 501.3110575938856 464.2614059041294
414.0 34.95775092084114 491.1160419099819 456.1582909891407
417.0 31.74502706299404 478.0673022195668 446.3222751565727
420.0 33.11115208640755 485.0134465861543 451.9022944997467
423.0 25.8725335909787 453.7234140450788 427.8508804541001
426.0 32.7140829733978 484.8472670231509 452.1331840497531
429.0 30.65697461877225 474.2512158514799 443.5942412327077
432.0 30.27914556569546 475.3187634347147 445.0396178690192
435.0 27.50938834715763 462.7083428451118 435.1989544979542
438.0 28.57652824916874 466.681664439245 438.1051361900762
441.0 26.86005249911147 460.9264215179523 434.0663690188408
444.0 27.53403972439176 463.1421456431441 435.6081059187524
447.0 21.00541793824218 427.8109495339037 406.8055315956615
450.0 26.52747598108312 460.0667458128818 433.5392698317986
453.0 21.84152960058676 435.5803465081535 413.7388169075667
456.0 17.23711980381206 406.5849997289258 389.3478799251137
459.0 17.89618720105792 410.8515190902425 392.9553318891846
462.0 20.28233659565739 424.707201384017 404.4248647883596
465.0 19.04427898982958 420.5455009244214 401.5012219345918
468.0 16.77404651240166 406.4354509967016 389.6614044843
471.0 13.96793559779391 386.287405565258 372.3194699674641
474.0 13.97286976026538 386.3838039785592 372.4109342182938
477.0 13.95317579316964 386.774456598701 372.8212808055314
480.0 10.36509003707206 360.3596431403004 349.9945531032284
483.0 11.73343075756403 373.9342709474524 362.2008401898884
486.0 10.55339118119342 363.2977152283995 352.7443240472061
489.0 12.41930252128334 387.112224520554 374.6929219992706
492.0 8.788693792312778 356.6913896520624 347.9026958597496
495.0 8.684435050075683 352.5869916603767 343.9025566103011
498.0 6.697128588153189 325.6889781701241 318.991849581971
501.0 6.833925912376695 328.7547884056324 321.9208624932557
504.0 5.92498070572318 323.8446286519985 317.9196479462753
507.0 4.614438370159314 306.2033496016669 301.5889112315076
510.0 5.662925527233598 327.7157067175423 322.0527811903087
513.0 4.079029129953333 302.0706044905326 297.9915753605793
516.0 3.888754894763389 308.8551528408051 304.9663979460417
519.0 3.006706653333416 295.355434514669 292.3487278613356
522.0 2.807784297112886 293.5897109071443 290.7819266100314
525.0 2.326928591663068 293.6779245178355 291.3509959261725
528.0 2.033659397345179 292.9628924959 290.9292330985548
531.0 1.628557538749581 286.2554166972527 284.6268591585031
534.0 1.250214940721486 285.2936595638566 284.0434446231351
537.0 1.008122304357538 283.7416919622184 282.7335696578609
540.0 0.7558714080155327 281.2015289778931 280.4456575698775
543.0 0.4522191557693515 278.6516974856922 278.1994783299228
546.0 0.3113609347100241 276.4325413738273 276.1211804391172
549.0 0.1430277483414547 273.351381159429 273.2083534110875
552.0 0.02740005647228708 271.8453109876197 271.8179109311474
555.0 0 268.8167026641689 268.8167026641689
558.0 0.03306303812790148 266.5602216136014 266.5271585754735
561.0 0.0858496168008018 264.1060174670051 264.0201678502043
564.0 0.2531966552811054 260.6014152058299 260.3482185505488
567.0 0.4578058236444486 258.3362456359825 257.8784398123381
570.0 0.7281618030175628 256.6653881553126 255.937226352295
573.0 1.185509282389726 251.6928692581618 250.507359975772
576.0 1.638143678191916 250.743432468379 249.1052887901871
579.0 2.422867413293787 243.2885333502617 240.8656659369679
582.0 3.263815038617801 245.1394776850738 241.875662646456
585.0 4.722868435724401 219.4539999306488 214.7311314949244
588.0 5.787052954332053 224.3638641843506 218.5768112300186
591.0 7.434959953282153 205.722137 198.2871770467178
