0.0 84.80935992652427 733.642124422942 648.8327644964177
3.0 77.26679347031232 699.7966898158693 622.529896345557
6.0 78.90216000971858 710.3442598794968 631.4420998697783
9.0 78.72278292372687 711.2587556671893 632.5359727434624
12.0 75.64455815193561 694.8073516576818 619.1627935057462
15.0 76.79355811707742 702.0710400905348 625.2774819734574
18.0 76.61640221870684 703.4602966844299 626.843894465723
21.0 75.71474967966753 698.5390710478531 622.8243213681855
24.0 70.95705040751824 676.4522550429191 605.4952046354009
27.0 74.99522733090088 697.6554351872261 622.6602078563252
30.0 72.56928010412975 682.3294705220786 609.7601904179488
33.0 74.71958319683997 697.8780223676996 623.1584391708597
36.0 72.00902021200036 680.7110450695493 608.7020248575489
39.0 72.99749342643328 688.8922825213297 615.8947890948964
42.0 72.86792295269924 686.6533383152598 613.7854153625606
45.0 72.60766296498084 686.9327500550153 614.3250870900344
48.0 72.91885379968062 690.1156872419982 617.1968334423176
51.0 68.44908660447217 665.8194731711867 597.3703865667145
54.0 69.95313504990176 672.7175987323561 602.7644636824543
57.0 69.75929339771756 673.3601516077959 603.6008582100784
60.0 70.95443480515892 680.9785643448238 610.0241295396649
63.0 70.66057697553081 680.7253122738839 610.0647352983531
66.0 69.75114359184288 674.5791020915475 604.8279584997046
69.0 69.47103449794862 674.5000001366105 605.0289656386619
72.0 68.98674038647934 672.1238167273214 603.137076340842
75.0 70.39446493380507 679.2594389943822 608.8649740605772
78.0 69.6132257469544 675.3379292836708 605.7247035367164
81.0 64.82329163814139 651.765606994048 586.9423153559066
84.0 69.50633529218228 674.7134701458886 605.2071348537063
87.0 68.59945848610836 670.5990436706549 601.9995851845465
90.0 68.38845672369712 670.7178282130291 602.3293714893319
93.0 66.80703764845534 660.8973725634907 594.0903349150354
96.0 67.73435425149672 666.017335561539 598.2829813100423
99.0 66.31823294827665 660.527333877286 594.2091009290094
102.0 68.18070600326642 668.6487613219866 600.4680553187202
105.0 66.84882924774849 660.6491359587077 593.8003067109592
108.0 67.35589201741641 664.7653803722341 597.4094883548177
111.0 67.3650200150017 662.7092837898172 595.3442637748155
114.0 67.27059046912458 663.4061872094074 596.1355967402828
117.0 67.7833226569399 668.599947957008 600.8166253000681
120.0 67.07236311840335 663.1867005409302 596.1143374225268
123.0 68.13995140310214 670.0869965330117 601.9470451299096
126.0 67.69544313613243 665.5603198219427 597.8648766858102
129.0 68.125172842553 668.3303813305383 600.2052084879853
132.0 67.36498422186796 664.5593552101398 597.1943709882719
135.0 68.63951063488539 670.2766021682694 601.637091533384
138.0 67.32020358205386 663.0527682065538 595.7325646245
141.0 67.07217596270237 665.5578526432354 598.485676680533
144.0 64.30292484747301 649.8096592985263 585.5067344510533
147.0 67.14905861626248 665.0414745141712 597.8924158979087
150.0 62.23263739891688 641.7614207410261 579.5287833421092
153.0 64.29150221390244 650.0036955048719 585.7121932909694
156.0 64.91554188770047 655.1889980127754 590.273456125075
159.0 67.23746958051752 663.8442045106867 596.6067349301692
162.0 61.68090660440431 640.2511717871467 578.5702651827423
165.0 62.75080951490391 643.7651955300465 581.0143860151426
168.0 62.69902181901083 644.3965083072266 581.6974864882158
171.0 65.46299463326871 658.4592628234252 592.9962681901565
174.0 60.67618301153197 635.8370264067712 575.1608433952392
177.0 63.55919182340366 651.0239119191146 587.464720095711
180.0 64.63344817133598 656.8391262458752 592.2056780745392
183.0 58.51038059453107 628.6119962675688 570.1016156730377
186.0 61.89227929792985 643.9630807097804 582.0708014118505
189.0 59.04060184283671 630.6362619741206 571.5956601312839
192.0 58.08691537840796 625.8087170024611 567.7218016240531
195.0 54.46525811353488 611.7402754330146 557.2750173194797
198.0 58.28962740115933 628.7386760387455 570.4490486375862
201.0 57.01722862194989 622.2839519088322 565.2667232868823
204.0 55.50104244164483 615.7343575165464 560.2333150749016
207.0 59.10618581901464 633.9151590625648 574.8089732435502
210.0 55.71719283337422 618.5164663151227 562.7992734817485
213.0 60.43818765941042 637.9701447262221 577.5319570668116
216.0 57.54693077143868 624.2198664735073 566.6729357020686
219.0 56.18208473437449 621.0933527104409 564.9112679760664
222.0 54.67971258178273 614.5278514059792 559.8481388241965
225.0 59.00295481444243 631.4504507152134 572.447495900771
228.0 53.86122262365169 610.4417913756144 556.5805687519627
231.0 55.44920865552758 618.3682897919469 562.9190811364193
234.0 57.62137690465321 627.8230821618455 570.2017052571923
237.0 55.49140096168191 615.954057675747 560.4626567140651
240.0 55.53977262211376 619.5441586930558 564.004386070942
243.0 53.71700107904603 611.0065392382591 557.2895381592131
246.0 53.2950008219504 608.9723798451991 555.6773790232487
249.0 53.34289178179285 610.3445045171911 557.0016127353982
252.0 54.27555249464733 615.3200889674152 561.0445364727679
255.0 47.21927469575819 583.7243355876133 536.5050608918551
258.0 53.06472255082193 609.337510665207 556.2727881143851
261.0 52.63202940550236 608.4107483299701 555.7787189244678
264.0 50.32940023201048 597.7813618432271 547.4519616112166
267.0 53.01453042695545 610.6321845290539 557.6176541020984
270.0 49.44659177828617 594.9283621607483 545.4817703824622
273.0 47.20574164746748 584.0184760027782 536.8127343553107
276.0 49.17967417862716 593.1739035300918 543.9942293514647
279.0 49.19963525491656 592.9975415383945 543.7979062834779
282.0 45.64213611978705 578.0853691207832 532.4432330009962
285.0 48.21687160984104 588.4322455112243 540.2153739013833
288.0 48.14273148476456 590.6593359086591 542.5166044238945
291.0 45.78992140659277 581.2874213630097 535.4974999564169
294.0 43.59697538394243 569.734503520051 526.1375281361086
297.0 45.13542044830929 576.0482242344882 530.9128037861789
300.0 45.82256598654854 581.3868242366838 535.5642582501353
303.0 45.51717840483376 579.6899021583873 534.1727237535535
306.0 45.95782540712396 583.7785078079754 537.8206824008514
309.0 40.84332123176891 560.6287856191502 519.7854643873813
312.0 41.45417430042932 564.5457713783543 523.091597077925
315.0 41.28728680912525 565.3969140469246 524.1096272377994
318.0 41.38716685131486 563.1306600964547 521.7434932451399
321.0 37.86423653152997 548.3704028999947 510.5061663684648
324.0 40.42376703850157 558.9191145588132 518.4953475203116
327.0 40.97314345092765 565.3600910791683 524.3869476282406
330.0 39.47714748812721 559.549727033358 520.0725795452308
333.0 36.81029255511154 544.5844044911091 507.7741119359976
336.0 34.79877493839509 535.8959223335131 501.097147395118
339.0 36.97183348360953 547.6359294262856 510.6640959426761
342.0 34.80262607326457 535.8369927310841 501.0343666578195
345.0 37.02425950887634 550.5054116414712 513.4811521325948
348.0 35.83913431061636 543.9650994442184 508.125965133602
351.0 35.17402518243607 539.780965764324 504.606940581888
354.0 32.05391036127617 526.723971959606 494.6700615983299
357.0 34.07170043164167 536.9838353424588 502.9121349108171
360.0 34.06899553376634 538.7242493597677 504.6552538260014
363.0 30.88997131379595 522.5655920405666 491.6756207267706
366.0 29.59024646929024 516.4873079392782 486.8970614699879
369.0 31.76465147000083 528.3085540287506 496.5439025587498
372.0 31.37809547804643 527.1791163487348 495.8010208706884
375.0 29.58008949681403 510.4291282712987 480.8490387744846
378.0 30.73370347747152 524.5899024748652 493.8561989973937
381.0 30.81961686097897 527.2418493454887 496.4222324845097
384.0 29.15333975843919 518.173409706892 489.0200699484528
387.0 28.07339552761762 513.9117648573781 485.8383693297605
390.0 28.47551040294255 517.5645239161795 489.0890135132369
393.0 27.9304051450381 514.8476675243189 486.9172623792808
396.0 28.24052450724332 517.6777885242465 489.4372640170031
399.0 26.59738793737075 506.2448101562457 479.6474222188749
402.0 25.44191891221384 496.2705179328266 470.8285990206128
405.0 25.98830274692196 505.5715787138763 479.5832759669544
408.0 26.59822778631936 512.5312975146268 485.9330697283074
411.0 25.75383299212696 505.7560596452184 480.0022266530914
414.0 24.25421143929218 493.1101704353419 468.8559589960497
417.0 21.69817926834113 478.7899936593395 457.0918143909984
420.0 22.69980538099992 486.1011573343067 463.4013519533068
423.0 17.01860034880698 453.7434102698144 436.7248099210074
426.0 22.28862941773554 485.9348075465823 463.6461781288468
429.0 20.77591844085593 475.2809298929126 454.5050114520566
432.0 20.30811254072307 476.205578268174 455.8974657274509
435.0 18.17020142158109 463.375161047532 445.2049596259509
438.0 19.0276490583232 468.3077132086821 449.2800641503589
441.0 17.59327847091222 461.594577222768 444.0012987518558
444.0 18.14843287306135 464.5442672962956 446.3958344232343
447.0 13.4783365753626 428.3889159387345 414.9105793633719
450.0 17.25438386251092 462.0816851751839 444.827301312673
453.0 13.8452795674135 437.0434891968328 423.1982096294193
456.0 10.79850629586124 407.9321244239959 397.1336181281347
459.0 11.20473476149587 413.1452873258253 401.9405525643294
462.0 12.84390840841273 427.7677185249504 414.9238101165376
465.0 11.77869662579302 423.803582631047 412.024886005254
468.0 10.24093335084014 410.5299348142972 400.289001463457
471.0 8.596375373512538 388.6455504469712 380.0491750734586
474.0 8.557653192450446 390.4389405129498 381.8812873204994
477.0 8.488286929995386 391.7309511676049 383.2426642376095
480.0 6.390377887884862 363.9817191081145 357.5913412202297
483.0 6.899305152737487 380.5301184320495 373.630813279312
486.0 6.278355671767506 371.981158309369 365.7028026376015
489.0 6.831212999508363 391.4359626583324 384.6047496588241
492.0 4.873095068191759 362.6051110059498 357.7320159377581
495.0 4.913792650087269 362.9917826832391 358.0779900331518
498.0 4.336609263763386 346.9884047553738 342.6517954916105
501.0 4.039327684135716 353.0459360551545 349.0066083710188
504.0 3.429135595486481 348.5125535033514 345.0834179078649
507.0 2.943800764095722 339.3291350611739 336.3853342970782
510.0 2.923435382189985 349.0705252252713 346.1470898430813
513.0 2.257705844589751 338.2727466018757 336.0150407572859
516.0 2.009884164687888 337.9943897628564 335.9845055981685
519.0 1.591027276496427 332.8006198304185 331.209592553922
522.0 1.423672243779627 332.887411274797 331.4637390310174
525.0 1.101235167542902 328.9728928181038 327.8716576505609
528.0 0.8180789898546752 326.9748044676259 326.1567254777712
531.0 0.630712563634633 325.6094357747995 324.9787232111649
534.0 0.4274214901032383 321.7537200338456 321.3262985437424
537.0 0.2637688731630299 319.9875474171567 319.7237785439936
540.0 0.109283926657104 317.7646873264164 317.6554033997593
543.0 0.02437421209061721 314.1259640496771 314.1015898375865
546.0 0 312.4064352886512 312.4064352886512
549.0 0.008934835645464739 309.3367374829053 309.3278026472599
552.0 0.0307488932711541 306.5591536565567 306.5284047632856
555.0 0.1559474364591321 304.3273579687149 304.1714105322558
558.0 0.3223868617857287 302.0318945372855 301.7095076754998
561.0 0.520938612976189 299.8028408867648 299.2819022737886
564.0 0.9413454396769753 296.6849207910703 295.7435753513934
567.0 1.304928908238106 294.0902009423604 292.7852720341222
570.0 1.738515172122124 291.3128485545362 289.5743333824141
573.0 2.480901045739974 290.7646041881188 288.2837031423788
576.0 3.108996988643501 283.7515483760819 280.6425513874384
579.0 4.380316418180381 283.7902583632144 279.409941945034
582.0 5.405683904118639 268.6750776579767 263.269393753858
585.0 9.187692883894907 226.2516164636256 217.0639235797307
588.0 10.10837694168611 228.304114436951 218.1957374952649
591.0 13.18748713731013 205.722137 192.5346498626898
