0.0 77.73598207491247 734.0875518115939 656.3515697366814
3.0 70.76145581195004 699.8545595468674 629.0931037349173
6.0 72.20142443890422 710.8191565991445 638.6177321602403
9.0 71.9952729824727 712.0569123319025 640.0616393494298
12.0 69.20717787560942 695.2887646124038 626.0815867367944
15.0 70.22328467789738 702.7265635194815 632.5032788415841
18.0 70.01034347275885 704.3203748042504 634.3100313314916
21.0 69.19603574516136 699.2930037229337 630.0969679777723
24.0 64.81588757742912 676.6177702983301 611.801882720901
27.0 68.48062059538539 698.3401401636905 629.8595195683051
30.0 66.33485468791391 682.6855840165616 616.3507293286477
33.0 68.19450361898343 698.5448500368564 630.3503464178729
36.0 65.79656686138384 681.1359108382645 615.3393439768807
39.0 66.62839003497515 689.5413459090188 622.9129558740436
42.0 66.54112475026994 687.5924269001596 621.0513021498897
45.0 66.27015835347999 687.7848033416383 621.5146449881583
48.0 66.52064609295418 690.8744391845093 624.3537930915551
51.0 62.48299430745068 665.9090655308656 603.4260712234149
54.0 63.86700635013802 673.2442359604927 609.3772296103547
57.0 63.65660030626149 673.743039109683 610.0864388034215
60.0 64.71074879105648 681.674441716964 616.9636929259076
63.0 64.41603175024233 681.4167910864627 617.0007593362203
66.0 63.61759816001811 675.3982725571539 611.7806743971358
69.0 63.33587374896399 675.0570718048687 611.7211980559047
72.0 62.89244680662776 672.6549110513726 609.7624642447448
75.0 64.17460026788654 680.058099301952 615.8834990340655
78.0 63.45948933587895 676.2468208971093 612.7873315612304
81.0 59.08124113954312 651.812090948039 592.7308498084958
84.0 63.36517312985094 675.4881162361406 612.1229431062896
87.0 62.52838952228813 671.2398861344365 608.7114966121484
90.0 62.31070860991924 671.320196606199 609.0094879962798
93.0 60.90774039517096 661.3363808767824 600.4286404816114
96.0 61.74212825012751 666.7469047017145 605.004776451587
99.0 60.41803237307457 660.8015525032072 600.3835201301326
102.0 62.14028398840932 669.5049317852105 607.3646477968012
105.0 60.95519099517761 661.1498741511985 600.1946831560209
108.0 61.38525553496393 665.2207174190654 603.8354618841015
111.0 61.43807286862248 663.2271120656081 601.7890391969856
114.0 61.32657828672871 663.9229539955483 602.5963757088196
117.0 61.73995690121212 669.0096808803758 607.2697239791637
120.0 61.13007373634248 663.5829099539902 602.4528362176478
123.0 62.07328557898936 670.4084116889827 608.3351261099934
126.0 61.71477178682842 666.0353333502371 604.3205615634087
129.0 62.093126471766 668.9138559754469 606.8207295036809
132.0 61.40024254496881 664.8843190530117 603.4840765080429
135.0 62.57707300437145 670.8300781413639 608.2530051369925
138.0 61.38506359944332 663.549218664666 602.1641550652227
141.0 61.07978847722872 665.8702472993976 604.7904588221689
144.0 58.59146939678869 649.8743898989516 591.2829205021629
147.0 61.16971671857068 665.3279295170983 604.1582127985276
150.0 56.64970153919101 641.7928107246147 585.1431091854237
153.0 58.57476229439323 650.1561482562049 591.5813859618117
156.0 59.10024954250918 655.4096884990902 596.309438956581
159.0 61.28159399647819 664.532421154908 603.2508271584298
162.0 56.11674646024246 640.4572854038784 584.340538943636
165.0 57.1359103453526 643.8082797494483 586.6723694040957
168.0 57.06742878766635 644.6401289434408 587.5727001557744
171.0 59.5861699823518 658.9831746008848 599.397004618533
174.0 55.18625514040469 635.9374924533512 580.7512373129465
177.0 57.80316943234815 651.3386126517639 593.5354432194158
180.0 58.77452442907393 657.2678848126461 598.4933603835722
183.0 53.12766812306387 628.830949587239 575.7032814641752
186.0 56.25125690069333 644.3376714156329 588.0864145149396
189.0 53.62568601808244 630.8703049973616 577.2446189792792
192.0 52.75688617963094 625.8696436613645 573.1127574817335
195.0 49.35970951343722 611.7547255151686 562.3950160017314
198.0 52.8998514810286 628.9226712307136 576.022819749685
201.0 51.73830498583921 622.494447027702 570.7561420418628
204.0 50.33207660803605 615.7467671068723 565.4146904988362
207.0 53.62162620707111 634.2201590549789 580.5985328479078
210.0 50.49220503090005 618.627751211091 568.1355461801909
213.0 54.89304268242931 638.4876142719923 583.594571589563
216.0 52.23732581897629 624.4884284927232 572.2511026737469
219.0 50.91040829010599 621.3384994086282 570.4280911185222
222.0 49.51814113002513 614.6245732645334 565.1064321345083
225.0 53.56579036659311 632.0797429543596 578.5139525877665
228.0 48.76905396791615 610.6037515291703 561.8346975612542
231.0 50.22060428249982 618.5822463466966 568.3616420641968
234.0 52.23517030733089 628.1730342053961 575.9378638980652
237.0 50.31607714706037 616.1142443288749 565.7981671818145
240.0 50.28728302575663 619.8148642349407 569.5275812091841
243.0 48.60957349246657 611.1708424021983 562.5612689097317
246.0 48.22082185348159 609.2677230355994 561.0469011821178
249.0 48.24181864088239 610.496266789845 562.2544481489626
252.0 49.08565372728847 615.6757047601509 566.5900510328624
255.0 42.55924162779335 583.7275712143688 541.1683295865755
258.0 47.97690367488258 609.7226370711658 561.7457333962832
261.0 47.5527475080943 608.9847137390031 561.4319662309088
264.0 45.43416972512562 597.8308866758644 552.3967169507388
267.0 47.896315370772 611.1597389564722 563.2634235857002
270.0 44.59232406870512 595.1015825405074 550.5092584718023
273.0 42.53737497598686 584.1975934894112 541.6602185134244
276.0 44.35412745718022 593.6588034701861 549.3046760130059
279.0 44.37820028651203 593.4973432358484 549.1191429493364
282.0 41.06780210901754 578.2280227526677 537.1602206436502
285.0 43.47362507964893 588.8022241297511 545.3285990501022
288.0 43.35097336545106 590.9428313433903 547.5918579779392
291.0 41.14883819918136 581.5502722119845 540.4014340128032
294.0 39.15914316398369 569.751676891913 530.5925337279293
297.0 40.59314968866729 576.2736691899186 535.6805195012513
300.0 41.17805001086431 581.8530399945228 540.6749899836585
303.0 40.90035132176125 580.3624744400416 539.4621231182804
306.0 41.26392416329184 584.3371769110675 543.0732527477756
309.0 36.54035731552219 560.7766647332256 524.2363074177034
312.0 37.07944677963122 564.779051164526 527.6996043848947
315.0 36.88976667705534 565.7209295057712 528.8311628287159
318.0 37.0395105761346 563.5471456151431 526.5076350390085
321.0 33.75928678935613 548.6159971952764 514.8567104059203
324.0 36.14441819571643 559.4745436144139 523.3301254186975
327.0 36.56881885294404 565.7739870792382 529.2051682262942
330.0 35.16494443754141 559.9972766408738 524.8323322033324
333.0 32.76300008712524 544.9250698837574 512.1620697966322
336.0 30.89696107628929 536.0113042302515 505.1143431539622
339.0 32.86195747554313 548.0313665387403 515.1694090631971
342.0 30.90230936504649 535.9388463202027 505.0365369551562
345.0 32.85367517558575 550.9294783164323 518.0758031408465
348.0 31.78349993759348 544.3800847439814 512.5965848063879
351.0 31.19037516298768 540.5403510233889 509.3499758604012
354.0 28.28890839500453 526.9362994463962 498.6473910513917
357.0 30.12827252209975 537.3645097234395 507.2362372013398
360.0 30.08587790632306 539.3249654604799 509.2390875541569
363.0 27.18977012927762 522.7235739721805 495.5338038429029
366.0 25.99144391888718 516.7471176280376 490.7556737091504
369.0 27.95634871757313 528.8262901641508 500.8699414465777
372.0 27.58212767203803 528.0374591311479 500.4553314591099
375.0 26.1067163412358 511.1574190604291 485.0507027191933
378.0 26.9801447353068 525.3908046250092 498.4106598897024
381.0 27.0126488567606 527.8829878304141 500.8703389736535
384.0 25.50537002894031 518.7947789980179 493.2894089690776
387.0 24.49484606129355 514.415426885803 489.9205808245094
390.0 24.82415318306263 518.3596015214794 493.5354483384168
393.0 24.3258116597978 515.6232548433514 491.2974431835536
396.0 24.57874933175089 518.7422138436932 494.1634645119423
399.0 23.13682354546176 508.1487784060552 485.0119548605935
402.0 22.17561870416311 497.7570968476072 475.5814781434441
405.0 22.53138320847911 507.2641983697866 484.7328151613074
408.0 23.01001333062563 513.7410339175535 490.7310205869279
411.0 22.28355859324526 507.8478978038258 485.5643392105805
414.0 21.02889004442735 494.7402403300919 473.7113502856646
417.0 18.73537785323348 479.3865440314285 460.651166178195
420.0 19.59884112650992 486.992486353084 467.3936452265741
423.0 14.49804072577323 453.7784185087334 439.2803777829601
426.0 19.18196599841724 486.8760768694298 467.6941108710126
429.0 17.8661853980595 476.1253261203782 458.2591407223187
432.0 17.3707646196485 476.8091493658665 459.438384746218
435.0 15.46383218634471 463.8044329051329 448.3406007187882
438.0 16.22758426427533 469.359711057264 453.1321267929887
441.0 14.91240722227557 462.0590917116497 447.1466844893742
444.0 15.41236561008101 465.3817443717405 449.9693787616595
447.0 11.41977663156292 429.031760098212 417.6119834666491
450.0 14.54999214664858 463.0917283081971 448.5417361615485
453.0 11.60639907258066 437.9102867878839 426.3038877153033
456.0 9.117313091312417 408.9530862725145 399.8357731812021
459.0 9.413543100121993 414.8509895508029 405.4374464506809
462.0 10.76801523542707 430.0908617969003 419.3228465614733
465.0 9.768663182887906 425.7210143803345 415.9523511974466
468.0 8.476477854218905 413.0551368047593 404.5786589505404
471.0 7.26471116202072 391.5166432726829 384.2519321106622
474.0 7.173571848519718 394.547954634165 387.3743827856453
477.0 7.070090869391003 396.2885777473632 389.2184868779722
480.0 5.519798244680307 369.1555694521662 363.6357712074859
483.0 5.679006577713046 385.8510797729615 380.1720731952484
486.0 5.210019259036496 379.049905478289 373.8398862192525
489.0 5.401397264430982 394.1504511791232 388.7490539146922
492.0 3.998649140711925 367.5863464620428 363.5876973213309
495.0 4.002776893522446 370.6978624906875 366.695085597165
498.0 3.656977368923122 363.5787570307762 359.9217796618531
501.0 3.284307424765608 364.0357691219414 360.7514616971758
504.0 2.742197162908734 360.7666157583814 358.0244185954727
507.0 2.409296093022397 354.6636832893241 352.2543871963017
510.0 2.244287003758665 358.7516070802936 356.5073200765349
513.0 1.765218842774965 350.8352883578604 349.0700695150855
516.0 1.526656905484821 349.6274074235514 348.1007505180666
519.0 1.200591068724042 345.3172809645267 344.1166898958027
522.0 1.025032424162405 345.5843279325947 344.5592955084323
525.0 0.7686549490321744 342.6604452238815 341.8917902748494
528.0 0.5385936348226905 339.2719641435823 338.7333705087597
531.0 0.3708219541960354 338.322652935276 337.9518309810799
534.0 0.2414443609688265 334.8880813639202 334.6466370029514
537.0 0.1149267249873155 332.8905560792122 332.7756293542249
540.0 0.01202769911024276 330.0317614979751 330.0197337988649
543.0 0 326.6408388139262 326.6408388139262
546.0 0.006732839646925781 325.4356022443406 325.4288694046937
549.0 0.08543774672024645 322.0016064075639 321.9161686608436
552.0 0.1644819371004519 319.5298541931255 319.3653722560251
555.0 0.341430714931965 317.1937842640883 316.8523535491563
558.0 0.565912611333999 314.4349300860118 313.8690174746778
561.0 0.822860914233723 311.5204439318086 310.6975830175748
564.0 1.30121481283001 310.2123166541053 308.9111018412753
567.0 1.737301665317885 306.6854832165585 304.9481815512406
570.0 2.230090682637541 304.9789276881901 302.7488370055526
573.0 2.971317721245138 306.9774650454655 304.0061473242204
576.0 3.813262477191512 295.8528442422701 292.0395817650786
579.0 5.021167154014036 303.3293618946813 298.3081947406673
582.0 6.561248728199427 272.4621803915814 265.900931663382
585.0 11.36221734310037 227.6748246566367 216.3126073135363
588.0 12.26572646946952 229.081441254807 216.8157147853375
591.0 15.90382409064429 205.722137 189.8183129093557
