0.0 77.00872444012167 734.1414442631915 657.1327198230699
3.0 70.09448810394399 699.8628014230861 629.7683133191421
6.0 71.51335331857464 710.8769709362135 639.3636176176389
9.0 71.30396902284655 712.1527843097625 640.848815286916
12.0 68.5468065143121 695.3507143613022 626.80390784699
15.0 69.54869825439119 702.8098819174249 633.2611836630337
18.0 69.33174133587287 704.4243779278818 635.0926365920089
21.0 68.52675584443735 699.3865349912131 630.8597791467757
24.0 64.18711940673551 676.6378993494907 612.4507799427552
27.0 67.8118789292707 698.4212813606188 630.6094024313481
30.0 65.69600286098709 682.7340648123313 617.0380619513442
33.0 67.5246785822345 698.6248092578723 631.1001306756377
36.0 65.15994173435557 681.1920164418743 616.0320747075187
39.0 65.97500257113248 689.6201035496884 623.6451009785559
42.0 65.89181203146001 687.7070544828364 621.8152424513764
45.0 65.61983403970547 687.8881534788237 622.2683194391182
48.0 65.86406221971143 690.9642658072003 625.1002035874889
51.0 61.87274381434326 665.9223669988381 604.0496231844949
54.0 63.24354254738359 673.3136655463542 610.0701229989706
57.0 63.03159169538702 673.791899095454 610.7603074000669
60.0 64.07050262441356 681.7588831639452 617.6883805395317
63.0 63.77570559242485 681.4994372066782 617.7237316142534
66.0 62.98879120552844 675.4962837221235 612.507492516595
69.0 62.70723198380414 675.124421241691 612.4171892578868
72.0 62.26813604095234 672.7201948438654 610.452058802913
75.0 63.5367273017604 680.155250922947 616.6185236211866
78.0 62.82844758847576 676.3539967579639 613.5255491694881
81.0 58.49463321775761 651.819241389306 593.3246081715484
84.0 62.73561332682225 675.5829763701399 612.8473630433177
87.0 61.90638861981506 671.3166843275892 609.4102957077742
90.0 61.68805429672905 671.3923203396564 609.7042660429274
93.0 60.30406695686642 661.3925563325095 601.0884893756431
96.0 61.12830563666013 666.8358929033105 605.7075872666504
99.0 59.81448200195688 660.8364314549784 601.0219494530215
102.0 61.52123129858536 669.6074004244623 608.0861691258769
105.0 60.35202386419807 661.2158786629158 600.8638547987178
108.0 60.77405101336983 665.2788803461757 604.5048293328059
111.0 60.83138112363352 663.2941434889467 602.4627623653131
114.0 60.71810649083162 663.986120426364 603.2680139355324
117.0 61.12117377052644 669.0577623143911 607.9365885438646
120.0 60.5219337729957 663.632816930758 603.1108831577623
123.0 61.45215817270351 670.4472544322968 608.9950962595933
126.0 61.10249524791608 666.0933895192268 604.9908942713108
129.0 61.47531346660529 668.9820306680578 607.5067172014525
132.0 60.78983372884096 664.9249888304951 604.1351551016541
135.0 61.95609834544974 670.8949951289094 608.9388967834596
138.0 60.77754895488412 663.6106105269639 602.8330615720798
141.0 60.46649740561439 665.9064767415661 605.4399793359517
144.0 58.00805913163498 649.8835186786724 591.8754595470374
147.0 60.55782406879408 665.3631434701601 604.805319401366
150.0 56.07986497428104 641.7973180058878 585.7174530316068
153.0 57.99068017590528 650.1764510192992 592.1857708433939
156.0 58.50571123305817 655.4367230517437 596.9310118186855
159.0 60.67165380263763 664.6156564060212 603.9440026033835
162.0 55.54866030499566 640.4829207259484 584.9342604209528
165.0 56.56269204812514 643.8147666153872 587.2520745672621
168.0 56.49219424668073 644.6707760982214 588.1785818515407
171.0 58.9847700034722 659.0450106774665 600.0602406739943
174.0 54.62611346323236 635.9519808510127 581.3258673877804
177.0 57.21474924151248 651.3767886273543 594.1620393858418
180.0 58.17513496610421 657.3174015855497 599.1422666194454
183.0 52.578669214153 628.8571121763132 576.2784429621602
186.0 55.67487302250084 644.3810060372193 588.7061330147184
189.0 53.07327922211557 630.8979262995267 577.8246470774111
192.0 52.21363168813558 625.8781119980947 573.6644803099591
195.0 48.84014766974846 611.7567677515787 562.9166200818302
198.0 52.35014983394582 628.945759320218 576.5956094862722
201.0 51.20023939673384 622.5202512134731 571.3200118167392
204.0 49.80584163824849 615.7486421922922 565.9428005540437
207.0 53.06179839296012 634.2560102710624 581.1942118781023
210.0 49.95994348310616 618.6420507554423 568.6821072723361
213.0 54.326566620137 638.548145849633 584.221579229496
216.0 51.69594610559122 624.5237299732766 572.8277838676853
219.0 50.37306386830784 621.3677455392035 570.9946816708956
222.0 48.99257642694998 614.6364187551385 565.6438423281885
225.0 53.01052424519508 632.1566861126859 579.1461618674908
228.0 48.25071107569333 610.623366461273 562.3726553855797
231.0 49.68782951264868 618.6088794998766 568.921049987228
234.0 51.68563596289858 628.2146757085336 576.529039745635
237.0 49.78897241609086 616.1364963160938 566.347523900003
240.0 49.75192526016855 619.8472256988685 570.0953004386999
243.0 48.08962576308152 611.1896549551635 563.100029192082
246.0 47.70420298611236 609.3027444165665 561.5985414304541
249.0 47.72254867913759 610.5154009379058 562.7928522587682
252.0 48.5567771168513 615.7177106835926 567.1609335667413
255.0 42.08659123607112 583.7281096386077 541.6415184025365
258.0 47.45872687671956 609.7700332843916 562.311306407672
261.0 47.03524408599584 609.0501805361015 562.0149364501056
264.0 44.93669795521194 597.8380708633051 552.9013729080931
267.0 47.3747695421254 611.2206826472581 563.8459131051327
270.0 44.09900804969019 595.1227717123385 551.0237636626483
273.0 42.06361194715783 584.2214836328663 542.1578716857085
276.0 43.86343231927149 593.7174402120194 549.8540078927479
279.0 43.88791111515901 593.5597309353516 549.6718198201926
282.0 40.6039902866848 578.2459847587941 537.6419944721093
285.0 42.99172847072481 588.8504105088759 545.8586820381511
288.0 42.86408817953445 590.9790538842085 548.114965704674
291.0 40.67784845418493 581.5818725993218 540.9040241451369
294.0 38.70986223400553 569.7544788528618 531.0446166188563
297.0 40.1325933974022 576.3049671685487 536.1723737711465
300.0 40.70642603600325 581.9117257733651 541.2052997373618
303.0 40.43138228165957 580.4442310787852 540.0128487971256
306.0 40.78698995570788 584.4050825242791 543.6180925685713
309.0 36.10510656962986 560.7946639600986 524.6895573904687
312.0 36.63653081863225 564.8075334665211 528.1710026478888
315.0 36.44433936219892 565.7590784699237 529.3147391077248
318.0 36.59920328400508 563.598883312617 526.9996800286119
321.0 33.3447508473108 548.6463706314418 515.301619784131
324.0 35.71111208338088 559.5454017722639 523.834289688883
327.0 36.12255080395387 565.8251282202138 529.70257741626
330.0 34.72833783252222 560.0504228349892 525.322085002467
333.0 32.3544049897788 544.96837895292 512.6139739631412
336.0 30.50397106347144 536.0273235615763 505.5233524981049
339.0 32.44671095834113 548.079499377254 515.6327884189129
342.0 30.50949253852826 535.9537598251958 505.4442672866676
345.0 32.43200208178344 550.980886596939 518.5488845151555
348.0 31.37393611084604 544.4310661646097 513.0571300537636
351.0 30.78793953920876 540.6337580389588 509.8458184997501
354.0 27.91019812333159 526.9630827617624 499.0528846384308
357.0 29.73055753633419 537.4130256936401 507.6824681573059
360.0 29.68371014148299 539.397583444878 509.713873303395
363.0 26.8179466493349 522.7450006662782 495.9270540169433
366.0 25.63016791090681 516.7793416980905 491.1491737871837
369.0 27.57268630098169 528.8898516685498 501.3171653675682
372.0 27.19934114583352 528.137593909618 500.9382527637845
375.0 25.75796527020612 511.2656107041654 485.5076454339593
378.0 26.60188006568637 525.488116121421 498.8862360557347
381.0 26.62896984914908 527.9608199627228 501.3318501135738
384.0 25.1384448223502 518.8723485201548 493.7339036978046
387.0 24.13538170106 514.478508415121 490.343126714061
390.0 24.45666648027052 518.4531652107952 493.9964987305247
393.0 23.96327361241538 515.7142815316652 491.7510079192498
396.0 24.20984638603314 518.8613718924712 494.651525506438
399.0 22.78804121458376 508.3619856859857 485.5739444714019
402.0 21.84769808105144 497.9523961710577 476.1046980900062
405.0 22.18324146788134 507.4559702280651 485.2727287601838
408.0 22.64868049318228 513.8740901529024 491.2254096597202
411.0 21.93353759248649 508.077208807823 486.1436712153365
414.0 20.70507772757745 494.9580722810158 474.2529945534383
417.0 18.44057501365478 479.4702565050088 461.0296814913541
420.0 19.28909267394787 487.1174319694318 467.8283392954839
423.0 14.25055107345169 453.7844917762412 439.5339407027895
426.0 18.87154461474708 487.0092044558147 468.1376598410676
429.0 17.5766307151224 476.2438812338739 458.6672505187515
432.0 17.07864441084264 476.8905246921417 459.8118802812991
435.0 15.19626476416827 463.8608156979948 448.6645509338266
438.0 15.9493437465547 469.4926238920661 453.5432801455114
441.0 14.6474718024828 462.1214363863057 447.4739645838229
444.0 15.14114425030499 465.4876610941536 450.3465168438486
447.0 11.22007617629653 429.1264076960632 417.9063315197667
450.0 14.28191085773073 463.2109733134342 448.9290624557035
453.0 11.3874724236318 438.0205219434504 426.6330495198186
456.0 8.956845858986667 409.0944306697477 400.137584810761
459.0 9.240604250413959 415.076200013597 405.835595763183
462.0 10.56431005032348 430.3889966028775 419.824686552554
465.0 9.572475909521981 425.9557216550491 416.3832457455271
468.0 8.305341712839297 413.3664274444374 405.0610857315981
471.0 7.13835509963056 391.9594481314429 384.8210930318123
474.0 7.04018132128029 395.1110666999633 388.070885378683
477.0 6.932581864320417 396.8902112275257 389.9576293632052
480.0 5.4385737246054 369.992941624077 364.5543678994716
483.0 5.561407121041401 386.5271214950541 380.9657143740127
486.0 5.106196205373001 379.9229758516991 374.8167796463261
489.0 5.265208840631667 394.4937932081531 389.2285843675214
492.0 3.917675670777596 368.2877123401679 364.3700366693903
495.0 3.914644535064658 371.6614280476507 367.746783512586
498.0 3.583020199097593 365.2510435331092 361.6680233340116
501.0 3.209051038169717 365.2306207116983 362.0215696735286
504.0 2.672927797885509 361.9935769563409 359.3206491584554
507.0 2.352451120078612 356.1866569004019 353.8342057803232
510.0 2.178541354423332 359.8279867932741 357.6494454388507
513.0 1.715582355497683 352.2067303996336 350.4911480441359
516.0 1.479293784708254 350.8805630324456 349.4012692477373
519.0 1.161936586497834 346.6570234909392 345.4950869044414
522.0 0.9854119870608493 346.911864671187 345.9264526841261
525.0 0.734847641112902 344.0603616906241 343.3255140495112
528.0 0.5118634199163531 340.5863124203773 340.0744490004609
531.0 0.3458113528220635 339.6426803343815 339.2968689815595
534.0 0.223689102706117 336.2523974606905 336.0287083579844
537.0 0.1013220655673169 334.2408811141434 334.139559048576
540.0 0.004570016564032636 331.3313804268755 331.3268104103115
543.0 0 327.9488637599788 327.9488637599788
546.0 0.009353192156504292 326.7955165181391 326.7861633259826
549.0 0.09586273954585522 323.3240253220305 323.2281625824847
552.0 0.1804994781422842 320.8925372498552 320.7120377717129
555.0 0.3630111406429493 318.548085399087 318.1850742584441
558.0 0.5941225382398491 315.7569893370088 315.1628667987689
561.0 0.8581885216087221 312.7432303021771 311.8850417805684
564.0 1.340240610513102 311.6620905237254 310.3218499132123
567.0 1.785208958854425 308.02385608517 306.2386471263156
570.0 2.282694258150332 306.4656930897522 304.1829988316019
573.0 3.020884618426039 308.6984868728078 305.6776022543817
576.0 3.889428861890732 297.4507273792983 293.5612985174076
579.0 5.083197580165964 305.1536009773252 300.0704033971593
582.0 6.696599063704408 272.7541966306914 266.057597566987
585.0 11.6073364118739 227.8049644568373 216.1976280449634
588.0 12.50980134678996 229.1505227880087 216.6407214412188
591.0 16.20763840945449 205.722137 189.5144985905455
