0.0 74.50645843483614 734.3423672538363 659.8359088190002
3.0 67.80405143397734 699.8959350437982 632.0918836098209
6.0 69.1481659783407 711.0938111924357 641.945645214095
9.0 68.92679013795479 712.5085711091855 643.5817809712307
12.0 66.27847889804905 695.5881704315378 629.3096915334887
15.0 67.23023253269452 703.1272884852167 635.8970559525221
18.0 66.99886942689236 704.8115544291791 637.8126850022867
21.0 66.22668818356062 699.7388653315554 633.5121771479948
24.0 62.03017262063827 676.7134770085428 614.6833043879045
27.0 65.51393467579276 698.721709365998 633.2077746902052
30.0 63.50322565721993 682.9249624316007 619.4217367743808
33.0 65.22296000377115 698.9221210016529 633.6991609978818
36.0 62.97482421907154 681.410139341313 618.4353151222414
39.0 63.73083329210992 689.9142487901315 626.1834154980216
42.0 63.66125720911401 688.1354699163026 624.4742127071886
45.0 63.38594521971232 688.2732480718679 624.8873028521556
48.0 63.60851575706569 691.2964323377665 627.6879165807008
51.0 59.78071912994512 665.9769229909145 606.1962038609694
54.0 61.10424719239271 673.5823409275046 612.4780937351119
57.0 60.88727255127834 673.9794712720931 613.0921987208147
60.0 61.87222536510469 682.0743083070491 620.2020829419445
63.0 61.57718736425148 681.8058242295144 620.2286368652629
66.0 60.83031506657473 675.8594627632906 615.0291476967159
69.0 60.54987856139402 675.3758351291005 614.8259565677065
72.0 60.12597371512966 672.9654787553812 612.8395050402516
75.0 61.34652781081813 680.5179180277154 619.1713902168973
78.0 60.66199326407029 676.7483772305117 616.0863839664414
81.0 56.48547333409168 651.8490626625638 595.3635893284721
84.0 60.57454792585032 675.9382269262555 615.3636790004051
87.0 59.77211175040553 671.6020824270414 611.8299706766359
90.0 59.55157522507385 671.6600582064728 612.108482981399
93.0 58.23428799241161 661.6078141991799 603.3735262067683
96.0 59.02242871794153 667.1683105455951 608.1458818276536
99.0 57.74552406559611 660.9698076616673 603.2242835960712
102.0 59.3968168238749 669.9864613715843 610.5896445477094
105.0 58.28383033441316 661.4711256158469 603.1872952814337
108.0 58.67787963049823 665.5007337034021 606.8228540729038
111.0 58.75083948685029 663.5509073063976 604.8000678195473
114.0 58.6314210521932 664.2226608784965 605.5912398263033
117.0 58.99867952725743 669.2348034786737 610.2361239514163
120.0 58.43664252548679 663.8219227902945 605.3852802648077
123.0 59.32161864615287 670.5921208243027 611.2705021781499
126.0 59.0025858055378 666.3106395823411 607.3080537768033
129.0 59.35585924595707 669.231805982463 609.8759467365059
132.0 58.69677039703894 665.078732675712 606.381962278673
135.0 59.82563477994487 671.133391339738 611.3077565597931
138.0 58.69424353845459 663.841167041473 605.1469235030184
141.0 58.36343955106219 666.0389968794206 607.6755573283584
144.0 56.0100573650857 649.9200203844199 593.9099630193343
147.0 58.45966881217173 665.4954051111486 607.0357362989769
150.0 54.12945740757511 641.8155063377588 587.6860489301837
153.0 55.99012327148757 650.2555093281853 594.2653860566977
156.0 56.46844404157972 655.5382587194328 599.0698146778531
159.0 58.57947370212673 664.9249076522423 606.3454339501156
162.0 53.60399987120377 640.5795521864872 586.9755523152834
165.0 54.60040947145682 643.841512340697 589.2411028692401
168.0 54.52242147048746 644.7870860380866 590.2646645675991
171.0 56.92287021409063 659.2729925994408 602.3501223853502
174.0 52.70944984113533 636.0103817584673 583.3009319173319
177.0 55.1986969853211 651.5191427027661 596.320445717445
180.0 56.1204972298599 657.4982199821605 601.3777227523006
183.0 50.70080936475579 628.9540770285909 578.2532676638351
186.0 53.70086405229702 644.5394872841347 590.8386232318377
189.0 51.18346722104929 630.9997420616301 579.8162748405808
192.0 50.35618821362406 625.9117260333803 575.5555378197563
195.0 47.06574834836041 611.7649306444315 564.6991822960711
198.0 50.4698797072929 629.0333668204135 578.5634871131206
201.0 49.36064994786265 622.6167931605256 573.2561432126629
204.0 48.00808880144031 615.7563910734698 567.7483022720295
207.0 51.14586572773638 634.3881831842739 583.2423174565375
210.0 48.14087163884188 618.6969677662423 570.5560961274004
213.0 52.38692683357858 638.7702795764776 586.383352742899
216.0 49.8445737129973 624.6600866100146 574.8155128970173
219.0 48.53593964550296 621.4760655907226 572.9401259452197
222.0 47.19699136177634 614.6809022504879 567.4839108887116
225.0 51.10981252837436 632.4439009680421 581.3340884396678
228.0 46.48026281686634 610.6967327887129 564.2164699718465
231.0 47.86674057573086 618.7093724590782 570.8426318833474
234.0 49.80562457153788 628.3690212527522 578.5633966812144
237.0 47.98779573313667 616.2247761329805 568.2369803998439
240.0 47.92169780313084 619.9673343288401 572.0456365257093
243.0 46.31357971104332 611.2584107948497 564.9448310838064
246.0 45.93951550614802 609.4321782810849 563.4926627749369
249.0 45.94886066223687 610.5882507066394 564.6393900444025
252.0 46.74906342114804 615.8726384898068 569.1235750686587
255.0 40.47640970648857 583.7304419561863 543.2540322496978
258.0 45.68835749685393 609.9478283094134 564.2594708125595
261.0 45.26692884335301 609.2875499785591 564.0206211352061
264.0 43.23951635156495 597.8671717530505 554.6276554014855
267.0 45.59238168566871 611.4431342851082 565.8507525994395
270.0 42.41612432967089 595.2024258757763 552.7863015461054
273.0 40.44910606358087 584.3143310082458 543.8652249446649
276.0 42.18905130278911 593.9354493554087 551.7463980526196
279.0 42.21487408786848 593.7949899733467 551.5801158854782
282.0 39.02442763342319 578.3141804414286 539.2897528080055
285.0 41.34831251377116 589.03569176403 547.6873792502589
288.0 41.20343368598356 591.1176026002728 549.9141689142892
291.0 39.07292164514229 581.6995409498396 542.6266193046974
294.0 37.18142959855599 569.7664893694607 532.5850597709047
297.0 38.56416750460339 576.4290643683313 537.864896863728
300.0 39.09878153854469 582.1339858811077 543.035204342563
303.0 38.83262549820027 580.7487897237023 541.9161642255021
306.0 39.16060314236503 584.6584515572469 545.4978484148819
309.0 34.62550904830386 560.8623145747148 526.2368055264109
312.0 35.1299163838214 564.9142587575486 529.7843423737272
315.0 34.92876760310056 565.8996306528166 530.9708630497161
318.0 35.10129515901061 563.7942588690775 528.6929637100669
321.0 31.93743109026199 548.7606033435005 516.8231722532385
324.0 34.23735475438439 559.8152343782937 525.5778796239094
327.0 34.60379264694755 566.0176075313225 531.4138148843749
330.0 33.24336910945456 560.2467284861531 527.0033593766985
333.0 30.96763806677966 545.1334110176185 514.1657729508389
336.0 29.17231207223273 536.0909635977537 506.918651525521
339.0 31.03658575793307 548.2595688196962 517.2229830617631
342.0 29.17845629489939 536.0144500452188 506.8359937503194
345.0 30.99932576483612 551.1728749575584 520.1735491927223
348.0 29.98364603456409 544.6228306037327 514.6391845691686
351.0 29.42183504367015 540.9834869759852 511.561651932315
354.0 26.62832924932868 527.0652117646938 500.4368825153651
357.0 28.38177500818274 537.5982882926191 509.2165132844364
360.0 28.31892291137607 539.6678865687462 511.3489636573701
363.0 25.56027128615194 522.8294960525937 497.2692247664418
366.0 24.4092233309726 516.9009450535877 492.4917217226151
369.0 26.27282459316914 529.128571893008 502.8557472998389
372.0 25.90191085440911 528.5043218854097 502.6024110310006
375.0 24.57938859806031 511.7062981405864 487.1269095425261
378.0 25.32030862635338 525.8506867122214 500.5303780858681
381.0 25.3287971844399 528.2513687493186 502.9225715648787
384.0 23.89690522155865 519.1653752947266 495.2684700731679
387.0 22.92021553530241 514.7176407450558 491.7974252097534
390.0 23.21289819006078 518.7973569375075 495.5844587474467
393.0 22.73687110435754 516.0491020174253 493.3122309130678
396.0 22.96069052447703 519.2907166438167 496.3300261193397
399.0 21.6076637430728 509.1248228512736 487.5171591082008
402.0 20.74050224708991 498.7027414498663 477.9622392027764
405.0 21.00547245926686 508.1455704996335 487.1400980403666
408.0 21.42578658336171 514.3494942773743 492.9237076940126
411.0 20.74856504162909 508.8897214566887 488.1411564150596
414.0 19.61183060989679 495.8010132605861 476.1891826506893
417.0 17.45129611843506 479.8064694086522 462.3551732902171
420.0 18.24673447094672 487.616971124526 469.3702366535793
423.0 13.42832129557265 453.81148857778 440.3831672822073
426.0 17.82667452783191 487.5424655606697 469.7157910328378
429.0 16.60506471590131 476.7201465547294 460.115081838828
432.0 16.09881241705089 477.212578487496 461.1137660704451
435.0 14.30284117614764 464.0812047423937 449.778363566246
438.0 15.01718477441219 469.9991203806197 454.9819356062075
441.0 13.76314406357512 462.3671614746271 448.604017411052
444.0 14.23403842989689 465.8935293690527 451.6594909391558
447.0 10.56343471350089 429.5117162196584 418.9482815061575
450.0 13.3855948383717 463.6527321650456 450.2671373266739
453.0 10.66331671544053 438.4437326559751 427.7804159405346
456.0 8.436663077056005 409.6603535342658 401.2236904572098
459.0 8.67527357951851 415.9500833119872 407.2748097324687
462.0 9.890021309828702 431.5212253245663 421.6312040147376
465.0 8.925689434817737 426.8354023661646 417.9097129313469
468.0 7.744848690477254 414.5340016390034 406.7891529485261
471.0 6.731728586462167 393.7914015362707 387.0596729498085
474.0 6.607036857504771 397.2949460031693 390.6879091456645
477.0 6.48443883914697 399.1788850493348 392.6944462101878
480.0 5.182204626391127 373.5037516878855 368.3215470614944
483.0 5.181708224530609 389.0585563892867 383.8768481647561
486.0 4.771285489380307 383.148083254326 378.3767977649457
489.0 4.826402401485072 395.7997624825358 390.9733600810507
492.0 3.665253610206583 371.0758979467589 367.4106443365523
495.0 3.632957963469466 375.2454689043144 371.6125109408449
498.0 3.340033701866844 370.8494652219367 367.5094315200699
501.0 2.968868104490572 369.4744835722581 366.5056154677676
504.0 2.453650088235567 366.1789361713631 363.7252860831275
507.0 2.171540878918641 361.4047118454569 359.2331709665383
510.0 1.973626328985573 363.6818544789269 361.7082281499413
513.0 1.56207872392124 357.0415105040613 355.47943178014
516.0 1.335676718014993 355.3472720017332 354.0115952837182
519.0 1.047345049761987 351.4101278523566 350.3627828025947
522.0 0.8678168615944234 351.565495486045 350.6976786244506
525.0 0.6366057416262862 348.877018604787 348.2404128631607
528.0 0.4395317742057289 345.2209396471046 344.7814078728989
531.0 0.2795615925730907 344.2417313517797 343.9621697592066
534.0 0.1820677066506004 341.00625050712 340.8241828004694
537.0 0.07443577909928861 338.9566188298592 338.8821830507599
540.0 0 335.8959842299877 335.8959842299877
543.0 0.0213903512066497 332.5441519566293 332.5227616054227
546.0 0.03913501794136748 331.5283374622165 331.4892024442751
549.0 0.1535515123908818 327.9474357837496 327.7938842713588
552.0 0.2570909013137029 325.6463570652355 325.3892661639218
555.0 0.4592251591122852 323.2692617712882 322.8100366121759
558.0 0.7139828565467505 320.4050494158133 319.6910665592665
561.0 1.004742528453532 317.0252410615643 316.0204985331107
564.0 1.495726222385525 316.7622839808106 315.2665577584251
567.0 1.973573003629391 312.7880246671123 310.8144516634829
570.0 2.485034223157288 311.7022115882433 309.217177365086
573.0 3.208389484310539 314.8133755464639 311.6049860621533
576.0 4.169618606468779 304.0359781365926 299.8663595301238
579.0 5.314533590848489 310.9316573889875 305.617123798139
582.0 7.209745923464684 273.6500309963204 266.4402850728557
585.0 12.50717953056272 228.2345293471332 215.7273498165705
588.0 13.40701968247416 229.3760440831539 215.9690244006797
591.0 17.31509396847905 205.722137 188.4070430315209
