0.0 55.89950521245828 736.9896603779278 681.0901551654695
3.0 50.94743693851665 700.7292479570478 649.7818110185311
6.0 51.62691265800351 714.2743424096913 662.6474297516878
9.0 51.26769384608909 716.9354905377016 665.6677966916125
12.0 49.51594957489241 699.5051606223436 649.9892110474511
15.0 50.03862075229936 707.9586782918967 657.9200575395973
18.0 49.68094014556002 709.7372161717817 660.0562760262217
21.0 49.17566103330831 704.6802875348362 655.5046265015278
24.0 46.22873489044566 677.9566907947968 631.7279559043511
27.0 48.5054836857387 702.6905006509933 654.1850169652546
30.0 47.35198161911429 686.8648559717431 639.5128743526288
33.0 48.18474003601648 702.8624878484658 654.6777478124493
36.0 46.87774374807624 685.5223878936485 638.6446441455723
39.0 47.15225781888992 693.9194250133651 646.7671671944752
42.0 47.14372980382417 693.7653410553742 646.62161125155
45.0 46.86000990996398 693.215028392603 646.355018482639
48.0 46.92965904840349 695.546781487628 648.6171224392245
51.0 44.49581068402177 667.5859384652107 623.090127781189
54.0 45.35745448003362 678.1567675002328 632.7993130201992
57.0 45.1337261675237 677.3815906610455 632.2478644935218
60.0 45.65282841553396 686.3582316305491 640.7054032150151
63.0 45.36382976057458 685.7164618315682 640.3526320709936
66.0 44.91773228870481 680.437652768007 635.5199204793022
69.0 44.68085847046423 678.8799833018413 634.199124831377
72.0 44.3788191786021 676.4809876813653 632.1021685027632
75.0 45.17715672567351 685.2221300141829 640.0449732885094
78.0 44.67995480706242 681.4020366334962 636.7220818264337
81.0 41.87731858445617 652.8388987576991 610.961580173243
84.0 44.63860461443044 680.6788533825209 636.0402487680905
87.0 44.07778423277892 675.3995919520591 631.3218077192802
90.0 43.84731813484597 675.1493014909087 631.3019833560628
93.0 43.06825068785359 665.2503039508497 622.1820532629961
96.0 43.53840582924342 671.5043574963634 627.96595166712
99.0 42.62148270775841 663.2462053492037 620.6247226414453
102.0 43.75536060044627 674.4716080668042 630.716247466358
105.0 43.11356086625076 665.6760264166993 622.5624655504486
108.0 43.3036299601503 668.8666626715351 625.5630327113848
111.0 43.48698017458737 667.4467211303355 623.9597409557482
114.0 43.33389112417614 667.4576263089773 624.1237351848011
117.0 43.44163771965729 671.4265997065082 627.9849619868509
120.0 43.16549756775376 666.5354821271311 623.3699845593773
123.0 43.70861705856897 672.5420541783957 628.8334371198267
126.0 43.60770233117795 669.2033459556848 625.5956436245069
129.0 43.80173508870875 672.0620165248728 628.2602814361641
132.0 43.37739228459534 667.294247457299 623.9168551727036
135.0 44.1859477984677 673.9096705490463 629.7237227505786
138.0 43.42696902875857 666.9067340402702 623.4797650115117
141.0 42.97942694270494 667.5800179457967 624.6005910030918
144.0 41.49203141841613 650.7624435758663 609.2704121574502
147.0 43.10896207278999 667.355678115122 624.246716042332
150.0 40.0013365942452 642.2778692048089 602.2765326105637
153.0 41.43451407950518 651.7310701963412 610.296556116836
156.0 41.61609757720843 657.0085263927886 615.3924288155802
159.0 43.21844333446866 668.6611519697239 625.4427086352553
162.0 39.49457820405152 641.9611928235974 602.4666146195459
165.0 40.37083904381686 644.6210048632474 604.2501658194305
168.0 40.20235096256995 646.573916720523 606.3715657579531
171.0 41.8334276815915 662.023480183089 620.1900525014975
174.0 38.83020229051516 637.3518681418586 598.5216658513435
177.0 40.50342690487003 653.373790345445 612.870363440575
180.0 41.10820005856598 659.5511738667358 618.4429738081698
183.0 37.12842500631073 630.1891935469297 593.060768540619
186.0 39.34007812022056 646.4054266054544 607.0653484852338
189.0 37.51431841236974 632.2737090027737 594.759390590404
192.0 36.96493550627918 626.6381388818433 589.6732033755642
195.0 34.35168988595833 611.9517842103118 577.6000943243535
198.0 36.877377412726 630.3881955412341 593.5108181285081
201.0 36.09350420214006 623.8997277686147 587.8062235664746
204.0 35.1065213997569 615.994242388962 580.8877209892051
207.0 37.25669376802621 636.0522228655886 598.7955290975624
210.0 35.04974417321958 619.6396895655004 584.5899453922808
213.0 38.2792023295345 641.3737698603302 603.0945675307957
216.0 36.46014168614947 626.9208667594548 590.4607250733053
219.0 35.2854667019352 622.8488376382691 587.5633709363339
222.0 34.3002918199824 615.3347476637039 581.0344558437215
225.0 37.28635049216338 636.0100822047517 598.7237317125884
228.0 33.77361518276864 611.7590460143629 577.9854308315942
231.0 34.74424958101546 620.1491517459695 585.404902164954
234.0 36.19452352264991 630.3867544465639 594.192230923914
237.0 35.01948463466725 618.0694341518033 583.049949517136
240.0 34.72144529134884 621.5307791897407 586.8093338983918
243.0 33.56596867368434 612.1581081891719 578.5921395154876
246.0 33.26111341831325 611.0683233815625 577.8072099632492
249.0 33.21419650677674 611.7690977793516 578.5549012725749
252.0 33.71812095248202 617.7820532291625 584.0639322766805
255.0 29.07845335222687 583.8344090821279 554.755955729901
258.0 32.94410374679293 612.3322906322595 579.3881868854666
261.0 32.52946231248334 611.8099686211639 579.2805063086806
264.0 31.13102168248129 598.5984183224419 567.4673966399606
267.0 32.74443577288334 613.9515310980586 581.2070953251753
270.0 30.40671161634326 596.4040462004534 565.9973345841101
273.0 28.97723645526727 585.9229226280215 556.9456861727543
276.0 30.20132990138393 596.6584798914317 566.4571499900477
279.0 30.22634969835929 597.0110095095607 566.7846598112015
282.0 27.8452633932732 579.3926277320527 551.5473643387795
285.0 29.60839650542926 591.9904049670483 562.3820084616191
288.0 29.34515828517081 593.357471907217 564.0123136220462
291.0 27.67469571464605 583.3139191377565 555.6392234231104
294.0 26.43002407749513 570.2482478871863 543.8182238096912
297.0 27.44042008704147 578.9792431981908 551.5388231111493
300.0 27.63638033228342 585.2805831181376 557.6442027858542
303.0 27.41868936141234 584.5443698827273 557.1256805213149
306.0 27.54220694899464 587.925152461974 560.3829455129793
309.0 24.24641370703891 561.9425672860046 537.6961535789657
312.0 24.52110965716754 566.4479376612208 541.9268280040533
315.0 24.2400036686817 567.6414204019394 543.4014167332577
318.0 24.52579378541002 566.685984536237 542.160190750827
321.0 22.12006995460193 550.3915777837208 528.2715078291188
324.0 23.82497384927813 563.77154113258 539.9465672833018
327.0 23.86473764412247 568.7336006323532 544.8688629882308
330.0 22.77982574133234 562.6573586781877 539.8775329368554
333.0 21.2910187853566 547.7022129253793 526.4111941400227
336.0 19.97141535301756 537.5090273813552 517.5376120283377
339.0 21.17238575218045 550.7700213181193 529.5976355659389
342.0 19.98008529855159 537.6182217028793 517.6381364043277
345.0 20.95118251417154 553.7806621472672 532.8294796330956
348.0 20.27126001606186 547.4309813664354 527.1597213503735
351.0 19.8502130598624 545.479802540872 525.6295894810097
354.0 17.81487198390949 528.7962157142859 510.9813437303764
357.0 18.999281615824 540.5704127718097 521.5711311559857
360.0 18.78792126193372 543.1202880380855 524.3323667761518
363.0 16.9412783780913 524.6621660743443 507.720887696253
366.0 16.0779665117785 518.77745515124 502.6994886394615
369.0 17.2672657104052 532.4995448763022 515.232279165897
372.0 16.88429772536154 532.6900817492026 515.8057840238411
375.0 16.40555698687716 520.9905739550621 504.5850169681849
378.0 16.42234806054722 530.416767898178 513.9944198376308
381.0 16.30513073270801 532.0907212344008 515.7855905016928
384.0 15.33571354817817 523.3395278948342 508.003814346656
387.0 14.587581003143 518.3458310805336 503.7582500773906
390.0 14.62935596484828 522.8778129916266 508.2484570267783
393.0 14.29406654414372 520.1208485102567 505.826781966113
396.0 14.3168424628633 523.7636825652907 509.4468401024274
399.0 13.42630640019617 516.0588290679492 502.632522667753
402.0 13.07509604292393 508.9978351093049 495.922739066381
405.0 12.86256164380255 514.5939602589621 501.7313986151596
408.0 12.9834527054445 518.9951584672081 506.0117057617636
411.0 12.52588870016093 515.7942011373395 503.2683124371786
414.0 12.01880707774054 507.3502768674887 495.3314697897482
417.0 10.83185567323595 488.2219128604536 477.3900571872177
420.0 11.13930705604196 497.8777991661437 486.7384921101018
423.0 8.305669150073448 455.6924142144376 447.3867450643641
426.0 10.6865321504364 498.1229504626397 487.4364183122033
429.0 10.05334450888434 488.0928650362629 478.0395205273785
432.0 9.568612709579845 485.0458723991557 475.4772596895758
435.0 8.51957605401846 469.7412948254449 461.2217187714265
438.0 8.821970843156032 479.0330423808601 470.2110715377041
441.0 8.037502109643506 468.6552336518395 460.617731542196
444.0 8.268858978642292 474.1833527560272 465.9144937773849
447.0 6.571314243275811 439.7235991208503 433.1522848775745
450.0 7.524341942889367 470.6263826731014 463.102040730212
453.0 6.157893380468111 446.7480562013122 440.5901628208441
456.0 5.426962626131094 425.0457893730319 419.6188267469008
459.0 5.239767292490925 431.8357190115787 426.5959517190878
462.0 5.555699026181546 446.4731144251165 440.917415398935
465.0 4.897307755260642 439.367891683679 434.4705839284183
468.0 4.306884799796219 430.3487067623049 426.0418219625087
471.0 4.077345075849848 425.5296725022561 421.4523274264062
474.0 3.814339897516148 424.4287003135165 420.6143604160004
477.0 3.601587958375591 424.5408269726314 420.9392390142558
480.0 3.138864219893688 420.0646496613216 416.9257854414279
483.0 2.791567248149517 416.2276928310391 413.4361255828896
486.0 2.549987161217452 415.7241801968616 413.1741930356441
489.0 2.277462384176216 414.9938508121845 412.7163884280083
492.0 1.985052897278922 409.6146110977212 407.6295582004423
495.0 1.740404215176815 409.8601661016869 408.1197618865101
498.0 1.537659571980059 408.9380585454133 407.4003989734332
501.0 1.324976109170714 405.700693139172 404.3757170300013
504.0 1.049363379039281 401.3503788857671 400.3010155067278
507.0 0.8578076242276825 400.6267498916203 399.7689422673926
510.0 0.686761187114419 398.3577129280568 397.6709517409424
513.0 0.5133866854453499 395.3452870793444 394.831900393899
516.0 0.3771171503970549 394.2581663727526 393.8810492223555
519.0 0.2762795358544903 391.1730186292563 390.8967390934018
522.0 0.1456755209250385 388.8335528402265 388.6878773193014
525.0 0.08491339116654106 385.6806105538416 385.5956971626751
528.0 0.04560669516507168 384.2181614675492 384.1725547723841
531.0 0 380.8565967874932 380.8565967874932
534.0 0.0473400954486925 379.2114105402337 379.164070444785
537.0 0.08518943626927333 375.9029225134639 375.8177330771946
540.0 0.1995697909480227 372.9731113105984 372.7735415196504
543.0 0.3749591189820495 371.882938557643 371.507979438661
546.0 0.5192175003301773 367.7332441824204 367.2140266820902
549.0 0.8366193447067039 365.5542511226272 364.7176317779205
552.0 1.088975734407431 362.6867047236896 361.5977289892821
555.0 1.46161282356432 360.2207378718264 358.759125048262
558.0 1.911556616908961 356.8935835743082 354.9820269573993
561.0 2.483310776708383 352.0731292243067 349.5898184475984
564.0 2.869915887608594 355.5431399060718 352.6732240184632
567.0 3.560144120901062 353.9421686149111 350.38202449401
570.0 4.268024387197323 346.9760320220846 342.7080076348873
573.0 4.609920477045501 355.3510645778968 350.7411441008513
576.0 5.654789942203266 358.9480517106635 353.2932617684603
579.0 7.763867327686351 328.2513690380384 320.4875017103521
582.0 12.65443638900395 276.780480683315 264.1260442943111
585.0 21.09986495167391 230.5635059101789 209.463640958505
588.0 22.02386775257777 230.5333231344237 208.5094553818459
591.0 27.66019655418824 205.722137 178.0619404458117
