0.0 52.22952896920742 737.9304516633181 685.7009226941107
3.0 47.66749604386642 701.2363345367225 653.5688384928561
6.0 48.18309124867477 715.565001612867 667.3819103641922
9.0 47.78525769648181 718.4157930392473 670.6305353427655
12.0 46.22642381496084 701.1912078180995 654.9647840031386
15.0 46.64976061014808 709.8339482871554 663.1841876770073
18.0 46.26680813768528 711.4043985184886 665.1375903808034
21.0 45.8169856791933 706.4997423671702 660.6827566879769
24.0 43.17135894581286 678.5972181147217 635.4258591689088
27.0 45.16516506542323 704.174413419789 659.0092483543657
30.0 44.19048256677194 688.8374472175419 644.6469646507699
33.0 44.83857270955965 704.3009072014169 659.4623344918572
36.0 43.7271541670676 687.4571828489351 643.7300286818675
39.0 43.90359743188235 695.421634617336 651.5180371854536
42.0 43.89404659020029 695.729280645741 651.8352340555407
45.0 43.61517471132117 694.9200572680045 651.3048825566833
48.0 43.65798928094898 697.0639792216637 653.4059899407147
51.0 41.54295464526003 668.6450373856327 627.1020827403727
54.0 42.27907144315523 680.0946217455671 637.8155503024119
57.0 42.06410214399938 679.0087749407364 636.944672796737
60.0 42.47865706209663 687.941800179885 645.4631431177883
63.0 42.1951732119336 687.1043487414467 644.9091755295131
66.0 41.8075672347872 682.0418332952652 640.234266060478
69.0 41.58848627480095 680.2513529496359 638.662866674835
72.0 41.3123188005733 677.8638239973415 636.5515051967682
75.0 42.01092263138786 686.8340260385809 644.823103407193
78.0 41.55538141127372 682.9200920211473 641.3647106098736
81.0 39.07663596255833 653.525352186398 614.4487162238396
84.0 41.52162767494223 682.3403526015779 640.8187249266357
87.0 41.02071818551728 676.8142873183172 635.7935691327999
90.0 40.79135757486962 676.416514306621 635.6251567317513
93.0 40.12326997057552 666.8441276053901 626.7208576348146
96.0 40.52225194830981 673.0102318740261 632.4879799257163
99.0 39.69906452461179 664.2854376444566 624.5863731198448
102.0 40.70571245242767 675.8786856166287 635.172973164201
105.0 40.16331985352741 667.3474071500033 627.1840872964759
108.0 40.31849561446827 670.163022496821 629.8445268823527
111.0 40.52062984447367 668.9172132824985 628.3965834380248
114.0 40.3671724317397 668.6503820155058 628.2832095837661
117.0 40.42966076187116 672.1962629548493 631.7666021929782
120.0 40.20921753209562 667.5397525735314 627.3305350414358
123.0 40.68644891758575 673.261862236166 632.5754133185802
126.0 40.62376219090416 670.2262434121785 629.6024812212743
129.0 40.78561773972323 672.9471708533973 632.1615531136741
132.0 40.41532765347292 668.1360410058074 627.7207133523345
135.0 41.15167769924781 674.8046586978512 633.6529809986034
138.0 40.46898383508661 667.9636888600909 627.4947050250043
141.0 40.01082417777515 668.0955618368647 628.0847376590896
144.0 38.71349131361842 651.2239409389043 612.5104496252859
147.0 40.14362375953883 668.0619517337724 627.9183279742335
150.0 37.31040554657688 642.553131860759 605.2427263141821
153.0 38.64187926532518 652.4270346294555 613.7851553641303
156.0 38.76102184319227 657.5953702804684 618.8343484372761
159.0 40.23544352795277 669.8322496918076 629.5968061638549
162.0 36.79969314466879 642.4991695099402 605.6994763652714
165.0 37.65428966603966 645.106826680435 607.4525370143953
168.0 37.45800424120686 647.3090431846031 609.8510389433963
171.0 38.91705050616037 662.9264683127877 624.0094178066273
174.0 36.18329591998611 638.0395421704334 601.8562462504473
177.0 37.67912898447168 654.0254414709158 616.3463124864441
180.0 38.21492347973488 660.2059939098182 621.9910704300834
183.0 34.55045759290248 630.6305620216913 596.0801044287888
186.0 36.58770293697111 647.0393360014103 610.4516330644392
189.0 34.9151948573748 632.7411410785764 597.8259462212016
192.0 34.42929082389592 627.019591071254 592.5903002473581
195.0 31.96701006146298 612.056236128317 580.089226066854
198.0 34.29316169848741 630.9488326777196 596.6556709792322
201.0 33.58038436168691 624.3682545873847 590.7878702256978
204.0 32.68086902036852 616.1531317484003 583.4722627280318
207.0 34.60687634885738 636.6452259872892 602.0383496384319
210.0 32.57671509197667 620.0626404353517 587.485925343375
213.0 35.57462861055911 642.2257963563224 606.6511677457633
216.0 33.91147801600676 627.8480483722338 593.9365703562271
219.0 32.77523618098041 623.3354947090918 590.5602585281114
222.0 31.87211965609147 615.6086542614318 583.7365346053404
225.0 34.63413987707555 637.1402475058862 602.5061076288107
228.0 31.38220060942816 612.1958284912334 580.8136278818052
231.0 32.26035910228589 620.6985614183353 588.4382023160494
234.0 33.60080304370177 631.1236522329804 597.5228491892786
237.0 32.56271513458408 618.9717193677092 586.4090042331251
240.0 32.22007006575375 622.0976065600574 589.8775364943036
243.0 31.16743215851024 612.5316510028931 581.3642188443829
246.0 30.87099506164035 611.6535355740056 580.7825405123653
249.0 30.81529443478739 612.2821735244079 581.4668790896205
252.0 31.25014598288903 618.4414671118006 587.1913211289116
255.0 26.97651402269092 583.9180280610162 556.9415140383253
258.0 30.53288850114776 613.172501463931 582.6396129627832
261.0 30.12002979749591 612.5693145279469 582.449284730451
264.0 28.8699068837754 599.0128656752654 570.14295879149
267.0 30.31096044848655 614.7479480551446 584.4369876066581
270.0 28.16318308558419 596.9133608350039 568.7501777494197
273.0 26.84462723412475 586.6101380964853 559.7655108623605
276.0 27.94962821813432 597.5738613354756 569.6242331173413
279.0 27.96931047537063 598.1423655849943 570.1730551096237
282.0 25.78070561727569 579.8685298941555 554.0878242768798
285.0 27.40560858107228 593.1673506523563 565.761742071284
288.0 27.12367647962956 594.2893269321118 567.1656504524823
291.0 25.558575120042 583.9448227188654 558.3862475988234
294.0 24.46183172382785 570.6093570814613 546.1475253576334
297.0 25.3716320587867 580.1941877326725 554.8225556738858
300.0 25.49241437067326 586.4138640761862 560.9214497055129
303.0 25.2804544933928 585.7855396637228 560.50508517033
306.0 25.36448158405155 589.0346244891987 563.6701429051472
309.0 22.35306199317908 562.4465925859158 540.0935305927367
312.0 22.57466599648743 567.0746520327497 544.4999860362623
315.0 22.27531483894405 568.2625624607645 545.9872476218205
318.0 22.57338553115315 567.8289304895296 545.2555449583765
321.0 20.34241078481392 551.0421640439835 530.6997532591696
324.0 21.8980263322224 565.2283209908533 543.3302946586309
327.0 21.879554702873 569.7475014982884 547.8679467954154
330.0 20.85749575828878 563.4828965936327 542.6254008353439
333.0 19.53400340321137 548.7535669985965 529.2195635953852
336.0 18.32595569486331 538.2745397516951 519.9485840568318
339.0 19.37638997347211 551.7452504873722 532.3688605139001
342.0 18.33237371017234 538.5633897829742 520.2310160728019
345.0 19.1152177020354 554.7491269872967 535.6339092852613
348.0 18.50457647364048 548.5497431322559 530.0451666586154
351.0 18.10008341207862 546.9785875956051 528.8785041835265
354.0 16.25025627438428 529.600382497949 513.3501262235647
357.0 17.30099980957443 541.8169723337424 524.5159725241679
360.0 17.05574396393506 544.3056465334447 527.2499025695096
363.0 15.41605054995199 525.6357082242968 510.2196576743448
366.0 14.61563075072673 519.6114608808926 504.9958301301659
369.0 15.64713658893554 533.7833278404503 518.1361912515147
372.0 15.25670368481681 534.021342475259 518.7646387904422
375.0 14.90286753143289 524.6274279273608 509.7245603959279
378.0 14.81601814297125 531.94065829441 517.1246401514387
381.0 14.67767343263121 533.4474721307906 518.7697986981594
384.0 13.80341624123861 524.8861975584067 511.0827813171681
387.0 13.10844928446528 519.7926528773939 506.6842035929286
390.0 13.09521937551718 524.2172319550666 511.1220125795494
393.0 12.78955235751782 521.5222325291499 508.732680171632
396.0 12.76782563634045 525.1063048320318 512.3384791956914
399.0 11.9589861865967 517.8173723412147 505.858386154618
402.0 11.68254028452167 512.1085706550735 500.4260303705518
405.0 11.40695665221033 516.2605261212887 504.8535694690784
408.0 11.47703371835037 520.3173318988581 508.8402981805077
411.0 11.05134510537695 517.4415971542547 506.3902520488778
414.0 10.63258309454996 510.5969460417416 499.9643629471917
417.0 9.661921171445653 492.5714172098029 482.9094960383573
420.0 9.854576110024481 501.9876775581574 492.1331014481329
423.0 7.520991834365721 457.822276390111 450.3012845557452
426.0 9.393668184476875 502.1307544941619 492.7370863096851
429.0 8.869627212837181 493.343656320655 484.4740291078179
432.0 8.423404926173893 489.2319540194815 480.8085490933076
435.0 7.553448977917681 473.5799285237772 466.0264795458596
438.0 7.7408475843396 483.4027944770621 475.6619468927225
441.0 7.07751061928796 472.7043198048927 465.6268091856048
444.0 7.24002558406636 478.7444779663767 471.5044523823104
447.0 5.937547675334502 446.1749987388632 440.2374510635287
450.0 6.536062260820122 474.2114064623923 467.6753442015722
453.0 5.442178721739118 451.3932204281419 445.9510417064028
456.0 4.944308485805505 434.1991267542374 429.2548182684319
459.0 4.681550675360368 439.0322248737935 434.3506741984331
462.0 4.831951784771291 451.6244511587134 446.7924993739421
465.0 4.25435569716325 444.3860337056329 440.1316780084697
468.0 3.763106327095873 436.193299023115 432.4301926960191
471.0 3.573722949650026 433.8535825498282 430.2798596001781
474.0 3.327569019903283 431.8102392033052 428.4826701834019
477.0 3.114037115248311 431.4268440740329 428.3128069587846
480.0 2.689121332840669 428.643782625174 425.9546612923334
483.0 2.392832547753998 423.763088211786 421.370255664032
486.0 2.151024139023484 423.7183126898192 421.5672885507958
489.0 1.892684828037463 421.7258001824601 419.8331153544227
492.0 1.64817036916072 418.5600960726932 416.9119257035324
495.0 1.40567008118148 417.5443074575751 416.1386373763936
498.0 1.212365139383974 416.5102242982561 415.2978591588722
501.0 1.035838144333407 413.4900536559556 412.4542155116222
504.0 0.8048146938701828 410.1110954979036 409.3062808040334
507.0 0.6241178848666765 408.6548258278711 408.0307079430044
510.0 0.4800520389509707 406.250869466103 405.770817427152
513.0 0.3403941770986483 403.4636901521278 403.1232959750292
516.0 0.215700862251792 402.3531376573218 402.13743679507
519.0 0.1508571697256377 399.4424156298647 399.2915584601391
522.0 0.05057229424319687 396.6320186405768 396.5814463463336
525.0 0.0260598462310124 393.8268552682972 393.8007954220662
528.0 0.002917511902531866 392.5446739311104 392.5417564192079
531.0 0 388.961643597638 388.961643597638
534.0 0.06748357142457556 387.409053195227 387.3415696238024
537.0 0.1485540303375172 383.8437817395199 383.6952277091824
540.0 0.2998402642168657 381.0237029339395 380.7238626697226
543.0 0.4881821673722161 380.3279635878107 379.8397814204385
546.0 0.690216867395087 375.4956478992033 374.8054310318082
549.0 1.035511125424617 373.7777976178417 372.7422864924171
552.0 1.328915257134768 370.5172411172313 369.1883258600965
555.0 1.734112484089669 368.4849458636945 366.7508333796049
558.0 2.231262901822078 365.1879595573622 362.9566966555402
561.0 2.875368836432226 359.2319564084374 356.3565875720051
564.0 3.223665512731161 362.7332560165697 359.5095905038385
567.0 3.948059210515262 359.9697734435542 356.021714233039
570.0 4.761938103877105 351.2964340327236 346.5344959288464
573.0 5.011138356179159 358.5312823960303 353.5201440398511
576.0 6.034123667069584 360.5766510195693 354.5425273524998
579.0 8.556410079118307 328.8671139203935 320.3107038412752
582.0 14.14690007559952 277.0093067403998 262.8624066648003
585.0 23.26805896092512 230.8787339828026 207.6106750218775
588.0 24.20491487364277 230.6822715311378 206.477356657495
591.0 30.21885652834598 205.722137 175.503280471654
