0.0 51.63075762286243 738.1058756280692 686.4751180052068
3.0 47.13423482293166 701.3453710305686 654.211136207637
6.0 47.62155515503779 715.8143191242476 668.1927639692098
9.0 47.21708132871139 718.6881436845496 671.4710623558382
12.0 45.69009706353393 701.5199691590153 655.8298720954814
15.0 46.09666777645221 710.187802438583 664.0911346621308
18.0 45.70978416970318 711.7111614888669 666.0013773191637
21.0 45.26900066871434 706.8403753019277 661.5713746332133
24.0 42.67502186214168 678.733005468384 636.0579836062423
27.0 44.62064827566663 704.4561143785133 659.8354661028467
30.0 43.67510286442618 689.232881657442 645.5577787930158
33.0 44.29314418257091 704.5715643564452 660.2784201738743
36.0 43.2136548483641 687.8395692322719 644.6259143839078
39.0 43.37433414670628 695.7068519589487 652.3325178122424
42.0 43.36405759713858 696.0928163592092 652.7287587620706
45.0 43.0863137852734 695.2363176339011 652.1500038486277
48.0 43.12488154676732 697.3483441842496 654.2234626374823
51.0 41.06347547386521 668.8753301837521 627.8118547098869
54.0 41.77762614837941 680.468412452536 638.6907863041566
57.0 41.56448027656121 679.3339053388516 637.7694250622904
60.0 41.96171204782581 688.2402318699079 646.2785198220821
63.0 41.67939470029182 687.3649317688122 645.6855370685204
66.0 41.30126962568847 682.3422082030203 641.0409385773318
69.0 41.08542648436283 680.5150986258115 639.4296721414487
72.0 40.8135571518561 678.1295184334294 637.3159612815733
75.0 41.49528227191488 687.1310207757486 645.6357385038337
78.0 41.04680265739469 683.1992792058458 642.1524765484511
81.0 38.62300723174081 653.6762327484677 615.0532255167269
84.0 41.01413266343574 682.6474657177128 641.6333330542771
87.0 40.52349721628561 677.0827600943422 636.5592628780566
90.0 40.29450929403078 676.6555579835324 636.3610486895016
93.0 39.64448532083419 667.1541740029501 627.5096886821159
96.0 40.0317522448305 673.2893415526621 633.2575893078316
99.0 39.22473208643833 664.4917833686048 625.2670512821664
102.0 40.20976867132522 676.1334671363279 635.9236984650027
105.0 39.6835866323645 667.6620019004908 627.9784152681263
108.0 39.83341513432044 670.4073361359259 630.5739210016055
111.0 40.03846674880679 669.1926669447013 629.1542001958945
114.0 39.8852918924921 668.8748623001245 628.9895704076324
117.0 39.94076661761776 672.3407917923077 632.40002517469
120.0 39.72931380531527 667.7280797613913 627.998765956076
123.0 40.19591617769378 673.3978462592563 633.2019300815625
126.0 40.13922924928789 670.4165050370011 630.2772757877132
129.0 40.29590195814028 673.1085199866904 632.8126180285501
132.0 39.93465864123065 668.2954144187292 628.3607557774985
135.0 40.65892155138554 674.9688550773011 634.3099335259155
138.0 39.98873912371495 668.1583891795569 628.1696500558419
141.0 39.52947753862799 668.1918348822086 628.6623573435806
144.0 38.26386543443467 651.3194719194395 613.0556064850048
147.0 39.66257787355823 668.1960330820223 628.533455208464
150.0 36.87561897928332 642.6115627076086 605.7359437283252
153.0 38.18961341860553 652.5658303820896 614.376216963484
156.0 38.29849807278991 657.7086458884914 619.4101478157015
159.0 39.75090096429298 670.0430900486835 630.2921890843905
162.0 36.36393057632677 642.6025960631964 606.2386654868696
165.0 37.21495736211965 645.2101106925979 607.9951533304783
168.0 37.01374701720141 647.4514377667306 610.4376907495292
171.0 38.44393381465855 663.0918234048114 624.6478895901528
174.0 35.75532590206397 638.1776770829723 602.4223511809083
177.0 37.22166399678093 654.146916390716 616.9252523939351
180.0 37.74596337247782 660.3260602461991 622.5800968737213
183.0 34.13430655914759 630.7139836032546 596.579677044107
186.0 36.14224639481315 647.1578877982191 611.0156414034059
189.0 34.49548180210201 632.8309066256105 598.3354248235085
192.0 34.02025280134876 627.0979230915012 593.0776702901525
195.0 31.58348925164831 612.0782268735984 580.4947376219501
198.0 33.87581299618303 631.0575291449028 597.1817161487198
201.0 33.17500617314738 624.4572749125769 591.2822687394295
204.0 32.29044535039085 616.1878783112788 583.8974329608879
207.0 34.17856192621078 636.7567623702299 602.5782004440191
210.0 32.17806753097452 620.1461814916107 587.9681139606362
213.0 35.13687336365838 642.3827238704154 607.245850506757
216.0 33.49959792832499 628.0251660037727 594.5255680754477
219.0 32.37031890138943 623.4270954230097 591.0567765216203
222.0 31.48113804691588 615.662758572834 584.1816205259181
225.0 34.20477954821226 637.3434771060932 603.138697557881
228.0 30.99714042040077 612.2811409334128 581.284000513012
231.0 31.85975082948964 620.8029559326626 588.9432051031729
234.0 33.18165739397378 631.2626499461532 598.0809925521794
237.0 32.16616416816805 619.1511353114677 586.9849711432996
240.0 31.81652766532767 622.2046368043588 590.3881091390312
243.0 30.7812617254082 612.606028432533 581.8247667071248
246.0 30.48597256753833 611.764036828967 581.2780642614287
249.0 30.42888822653928 612.3829247927563 581.9540365662171
252.0 30.85205818612881 618.5645442762577 587.7124860901289
255.0 26.64014023333255 583.9371072266041 557.2969669932715
258.0 30.14403769160292 613.3284208933704 583.1843832017675
261.0 29.73158472059775 612.7072305722523 582.9756458516546
264.0 28.50657869123131 599.0989534517296 570.5923747604983
267.0 29.9184589553774 614.8939609787661 584.9755020233887
270.0 27.80267712466793 597.0134786927611 569.2108015680932
273.0 26.50238655292962 586.7432627208126 560.240876167883
276.0 27.58727196907118 597.7429335556783 570.1556615866071
279.0 27.60579579755535 598.3515910028751 570.7457952053198
282.0 25.45006715555338 579.9635049399817 554.5134377844283
285.0 27.05106405127786 593.3908809661104 566.3398169148325
288.0 26.76631741113585 594.4687338299068 567.7024164187709
291.0 25.21915488620096 584.0667073127664 558.8475524265655
294.0 24.1473799512042 570.6898928979505 546.5425129467463
297.0 25.03935152602637 580.433350600365 555.3939990743386
300.0 25.14774109105242 586.6240776683699 561.4763365773174
303.0 24.93661268580011 586.0118974398159 561.0752847540158
306.0 25.01421653212768 589.2384448250005 564.2242282928728
309.0 22.05091791813348 562.5488180583599 540.4979001402264
312.0 22.26352666057195 567.1973071032831 544.9337804427112
315.0 21.96115113835887 568.380400512209 546.4192493738502
318.0 22.26061037215423 568.0473793152516 545.7867689430974
321.0 20.05937378378772 551.1687972366793 531.1094234528916
324.0 21.58911868132914 565.4993831402825 543.9102644589534
327.0 21.56148679878645 569.938270471339 548.3767836725525
330.0 20.55014221058048 563.6369827707698 543.0868405601893
333.0 19.25390383968406 548.956540914931 529.7026370752469
336.0 18.0647839994431 538.4324702639774 520.3676862645343
339.0 19.08989201438347 551.9327058561534 532.8428138417699
342.0 18.07058653554726 538.7614410144829 520.6908544789357
345.0 18.82207415587647 554.9322586890817 536.1101845332052
348.0 18.22278340306637 548.7645652860478 530.5417818829815
351.0 17.8206057875519 547.2527587981265 529.4321530105746
354.0 16.00251951461013 529.7619679937528 513.7594484791427
357.0 17.03044117788499 542.0582477681705 525.0278065902855
360.0 16.77963871235346 544.525211839761 527.7455731274075
363.0 15.17465141179564 525.8352267623472 510.6605753505516
366.0 14.38490278621076 519.7790855762055 505.3941827899948
369.0 15.38956871583743 534.0270403370661 518.6374716212287
372.0 14.9978553456074 534.265167715609 519.2673123700016
375.0 14.6620171947906 525.278335463947 510.6163182691564
378.0 14.56047341832353 532.2205420305308 517.6600686122073
381.0 14.41880626009531 533.6996707354244 519.2808644753291
384.0 13.56016692563814 525.1760267777497 511.6158598521115
387.0 12.87417241546657 520.0688588661074 507.1946864506409
390.0 12.8519336762061 524.4638713392427 511.6119376630366
393.0 12.55111795608762 521.7838200042577 509.2327020481701
396.0 12.52206516264678 525.3500673081259 512.8280021454791
399.0 11.72635659549463 518.1266744666761 506.4003178711814
402.0 11.46073946716497 512.6489700172269 501.1882305500619
405.0 11.17638908084327 516.5545496387294 505.3781605578861
408.0 11.23840361652637 520.5553099625356 509.3169063460093
411.0 10.8176551605537 517.7282086857301 506.9105535251764
414.0 10.41171346601412 511.1455190594539 500.7338055934398
417.0 9.475495915547069 493.410558897597 483.93506298205
420.0 9.649466408703314 502.7244606456039 493.0749942369006
423.0 7.401292104435713 458.3589067668371 450.9576146624014
426.0 9.18735751958759 502.8383120933113 493.6509545737237
429.0 8.679887014249324 494.3073066657443 485.627419651495
432.0 8.241280008461129 490.050447185082 481.8091671766209
435.0 7.401422771045028 474.4101236010476 467.0087008300026
438.0 7.569164690462864 484.2611191772319 476.6919544867691
441.0 6.926268497298106 473.5634053923895 466.6371368950914
444.0 7.076746553442835 479.6669455357317 472.5901989822889
447.0 5.83747861331827 447.5689864847743 441.731507871456
450.0 6.380766246424298 474.9521981188555 468.5714318724312
453.0 5.330885062033296 452.3763822212694 447.0454971592361
456.0 4.866135886748541 436.0552229536388 431.1890870668902
459.0 4.59344913913111 440.4411105056534 435.8476613665223
462.0 4.718944654693639 452.6024816534248 447.8835369987311
465.0 4.1549178689679 445.3614789411111 441.2065610721432
468.0 3.679215194828479 437.304809705812 433.6255945109835
471.0 3.49391310165275 435.252342593226 431.7584294915732
474.0 3.251518617778658 433.1142792790422 429.8627606612635
477.0 3.038399344956697 432.6661831720979 429.6277838271412
480.0 2.618122254452433 430.0387687949022 427.4206465404497
483.0 2.331229770316409 425.1044663870901 422.7732366167737
486.0 2.089003743330007 425.0725364883759 422.9835327450459
489.0 1.834344701187581 422.9371836168333 421.1028389156457
492.0 1.595527334625533 420.0139699754935 418.418442640868
495.0 1.354776279604144 418.8287096776213 417.4739333980172
498.0 1.163215014881663 417.7633934068455 416.6001783919638
501.0 0.9924379026946143 414.784187203691 413.7917493009964
504.0 0.7676539833744841 411.5736226295288 410.8059686461543
507.0 0.5896929531438712 409.981907616479 409.3922146633351
510.0 0.4502363452311078 407.5721045230086 407.1218681777775
513.0 0.3159326579955926 404.8222932172777 404.5063605592821
516.0 0.1932820540353888 403.6759552638883 403.4826732098529
519.0 0.1341905110651371 400.809152581656 400.6749620705909
522.0 0.03949637826363925 397.9292801939046 397.889783815641
525.0 0.02057873091228424 395.1915399842076 395.1709612532953
528.0 0 393.9085671292241 393.9085671292241
531.0 0.00438437370172412 390.3165581118933 390.3121737381916
534.0 0.07517258701563431 388.7579244355167 388.682751848501
537.0 0.1636888364144267 385.1748997436449 385.0112109072305
540.0 0.3210164135432461 382.3644487976674 382.0434323841242
543.0 0.5111168671397968 381.7088467409571 381.1977298738173
546.0 0.7234768713566909 376.8080622815517 376.084585410195
549.0 1.072910905120745 375.150279170369 374.0773682652482
552.0 1.373614033737562 371.8305924232681 370.4569783895305
555.0 1.783696907573043 369.8753350792935 368.0916381717205
558.0 2.288493215372208 366.6636478581799 364.3751546428077
561.0 2.9463746769889 360.3715921439589 357.42521746697
564.0 3.288236136728399 363.8871883732918 360.5989522365634
567.0 4.020049524976664 360.8076870722005 356.7876375472238
570.0 4.853490673099008 351.9008187591295 347.0473280860305
573.0 5.088678940534064 358.9236612463697 353.8349823058356
576.0 6.109824411844928 360.7324265373373 354.6226021254924
579.0 8.701916584718688 328.9399673744162 320.2380507896975
582.0 14.4094521749815 277.0408124863834 262.6313603114019
585.0 23.64312329231278 230.9267773465369 207.2836540542241
588.0 24.58231342221168 230.7048338791135 206.1225204569018
591.0 30.65936179785903 205.722137 175.0627752021409
