0.0 50.15156082711616 738.5702925735888 688.4187317464726
3.0 45.81937662400976 701.6575311049688 655.838154480959
6.0 46.23474368443469 716.4866836914413 670.2519400070066
9.0 45.81349160302591 719.4045012602801 673.5910096572542
12.0 44.36556410725514 702.4104627633973 658.0448986561422
15.0 44.73002063657309 711.1288295071124 666.3988088705393
18.0 44.33376149945165 712.5176086580095 668.1838471585579
21.0 43.9152507844853 707.7432918879373 663.828041103452
24.0 41.45222017590422 679.1203132905862 637.668093114682
27.0 43.27609804209367 705.2090557887867 661.932957746693
30.0 42.402291052921 690.3170287331882 647.9147376802672
33.0 42.94642329034169 705.2915950071105 662.3451717167688
36.0 41.94568077544438 688.8806377087593 646.9349569333149
39.0 42.06788438384733 696.4696545932509 654.4017702094036
42.0 42.05509821354087 697.0510185767564 654.9959203632156
45.0 41.78060401899097 696.0717191399864 654.2911151209954
48.0 41.80883938123989 698.1033755934328 656.2945362121929
51.0 39.88190325812899 669.536914627966 629.655011369837
54.0 40.53989088048335 681.4743058647668 640.9344149842835
57.0 40.3317225181621 680.2249810078847 639.8932584897226
60.0 40.68594328558647 689.0346295823211 648.3486862967346
63.0 40.40689183988903 688.058097009958 647.651205170069
66.0 40.05210505027275 683.1400712455709 643.0879661952982
69.0 39.84467404463674 681.2253505717549 641.3806765271182
72.0 39.58353279859044 678.8446170531206 639.2610842545302
75.0 40.22280722312125 687.912123331494 647.6893161083727
78.0 39.79214389045739 683.9339314046561 644.1417875141987
81.0 37.50682031283884 654.112274122384 616.6054538095451
84.0 39.76192659068673 683.4560699734477 643.694143382761
87.0 39.29730839139794 677.8004914892273 638.5031830978293
90.0 39.06952755367058 677.2927689542919 638.2232414006213
93.0 38.46398629560811 667.9915230826155 629.5275367870074
96.0 38.82228717163183 674.0260588590847 635.2037716874528
99.0 38.05631241202712 665.0563650326487 627.0000526206215
102.0 38.98693194959308 676.7981877026323 637.8112557530392
105.0 38.50070376921316 668.4965917226995 629.9958879534863
108.0 38.63780748728165 671.05689206908 632.4190845817983
111.0 38.84987034600177 669.9228455478484 631.0729752018466
114.0 38.69786603155304 669.4720483832129 630.7741823516599
117.0 38.73654248793655 672.7254526832419 633.9889101953053
120.0 38.54716471520677 668.2281163689232 629.6809516537165
123.0 38.98767255186332 673.7605809428925 634.7729083910292
126.0 38.94549348745738 670.919594979791 631.9741014923336
129.0 39.08948204230832 673.5313421599352 634.4418601176268
132.0 38.7508581997997 668.7207727754297 629.96991457563
135.0 39.44487209865273 675.4004466901977 635.9555745915449
138.0 38.80568878957538 668.6704064069888 629.8647176174134
141.0 38.34456731356267 668.4476631452813 630.1030958317186
144.0 37.15823719008617 651.5868128547982 614.428575664712
147.0 38.47806727457156 668.554513654947 630.0764463803755
150.0 35.80743601026474 642.7774643601559 606.9700283498912
153.0 37.07699043978934 652.9464783152029 615.8694878754136
156.0 37.16047912248256 658.0143998489625 620.8539207264799
159.0 38.55697155066594 670.5909749729011 632.0340034222351
162.0 35.29290677211392 642.8814245733592 607.5885178012452
165.0 36.13498205011048 645.5029621959853 609.3679801458748
168.0 35.9211232237095 647.8362364927443 611.9151132690348
171.0 37.27897420288641 663.5255169470948 626.2465427442084
174.0 34.70344727062259 638.5571624041336 603.853715133511
177.0 36.09622794726519 654.4687244243256 618.3724964770604
180.0 36.59180745434382 660.6416496311317 624.0498421767879
183.0 33.11250083857885 630.9370270852838 597.824526246705
186.0 35.04685646156774 647.4729097227534 612.4260532611857
189.0 33.46470790220271 633.0732399796549 599.6085320774522
192.0 33.01625874539328 627.3163654091139 594.3001066637206
195.0 30.64381921914046 612.1405355295273 581.4967163103868
198.0 32.85077323771601 631.3514007476272 598.5006275099112
201.0 32.1800793972364 624.6960485298398 592.5159691326034
204.0 31.33339279031278 616.2881757693706 584.9547829790578
207.0 33.12609062355027 637.0537172907626 603.9276266672123
210.0 31.20000993570731 620.3742728476386 589.1742629119313
213.0 34.06039106137846 642.7959771691877 608.7355861078093
216.0 32.48760311795152 628.4993453229003 596.0117422049488
219.0 31.37652345840149 623.6712890696607 592.2947656112592
222.0 30.52251950154189 615.8109657511898 585.288446249648
225.0 33.14887610522335 637.8709263213942 604.7220502161708
228.0 30.0530368631819 612.5130010352466 582.4599641720647
231.0 30.87660789587803 621.0822878601197 590.2056799642416
234.0 32.15185447193676 631.6330285109091 599.4811740389724
237.0 31.19245146160577 619.6412515173101 588.4488000557043
240.0 30.8260265470726 622.4902952952964 591.6642687482238
243.0 29.83447967621812 612.8106203573777 582.9761406811596
246.0 29.54173895128226 612.0590998809919 582.5173609297097
249.0 29.48127484458315 612.6571765284388 583.1759016838556
252.0 29.87504972825839 618.8909425279625 589.0158927997041
255.0 25.81836115123228 583.9934132285086 558.1750520772763
258.0 29.18982338410385 613.7401472911251 584.5503239070212
261.0 28.7785563130053 613.0682067019378 584.2896503889325
264.0 27.61678365640971 599.3401099350352 571.7233262786254
267.0 28.95521235624197 615.2777716789776 586.3225593227356
270.0 26.91981942359974 597.286460444761 570.3666410211612
273.0 25.66489070506315 587.1027476673956 561.4378569623324
276.0 26.69917466935612 598.1888564276978 571.4896817583417
279.0 26.71443561815478 598.9028528988468 572.188417280692
282.0 24.64192144518204 580.2249169266093 555.5829954814273
285.0 26.18198265680255 593.9876418733597 567.8056592165571
288.0 25.89059975640075 594.95119118616 569.0605914297592
291.0 24.38881403790676 584.3961440948181 560.0073300569113
294.0 23.37981146997397 570.9242942441764 547.5444827742024
297.0 24.22576406430761 581.0827571519979 556.8569930876902
300.0 24.30347410032468 587.1785530394505 562.8750789391258
303.0 24.09428578927699 586.6043511566172 562.5100653673402
306.0 24.15603358985991 589.7736140363748 565.6175804465149
309.0 21.31393550861335 562.8325215270811 541.5185860184677
312.0 21.50387608593145 567.5312769221618 546.0274008362304
315.0 21.19399462447492 568.6961996010942 547.5022049766193
318.0 21.49599442785411 568.6330615695305 547.1370671416764
321.0 19.36994346316771 551.5128539964614 532.1429105332937
324.0 20.83370664476964 566.2151844560152 545.3814778112456
327.0 20.78390337525004 570.445491366978 549.6615879917279
330.0 19.79968386167358 564.045950230301 544.2462663686274
333.0 18.57111351996428 549.5040301074139 530.9329165874497
336.0 17.42970160484936 538.8734981800442 521.4437965751948
339.0 18.39125099597361 552.4377237137648 534.0464727177912
342.0 17.43357799311472 539.3183369273289 521.8847589342142
345.0 18.10686846765148 555.4209477436992 537.3140792760477
348.0 17.53565307133186 549.3421239488715 531.8064708775396
351.0 17.13875117774568 547.9714234348138 530.8326722570681
354.0 15.40100075758181 530.2077296890653 514.8067289314835
357.0 16.37114743057384 542.7091632512322 526.3380158206584
360.0 16.10670532271291 545.1048335696075 528.9981282468945
363.0 14.58861140689347 526.3899590822641 511.8013476753706
366.0 13.82584742509448 520.2425191180423 506.4166716929478
369.0 14.76274137609519 534.6784749573312 519.9157335812361
372.0 14.36784838807221 534.9056331096574 520.5377847215852
375.0 14.07336013925972 526.9493114781753 512.8759513389156
378.0 13.93839531947811 532.9560038193931 519.017608499915
381.0 13.78866768737515 534.3660445769689 520.5773768895938
384.0 12.9687220315532 525.9447751298277 512.9760530982745
387.0 12.30526989058058 520.8084656145792 508.5031957239986
390.0 12.26080442927336 525.1132984336313 512.8524940043579
393.0 11.97197047760785 522.4774583857189 510.505487908111
396.0 11.92478374828356 525.9877315737713 514.0629478254877
399.0 11.16132858208914 518.924110628732 507.7627820466429
402.0 10.920729292408 514.0241362750113 503.1034069826033
405.0 10.6166517401816 517.3138409123628 506.6971891721812
408.0 10.6590058433267 521.1753789342349 510.5163730909082
411.0 10.25018932012977 518.46320150047 508.2130121803403
414.0 9.873998539008781 512.521375202074 502.6473766630653
417.0 9.021049633487317 495.6403062695859 486.6192566360985
420.0 9.149390141142121 504.6134971088464 495.4641069677042
423.0 7.115984360577306 460.0220993738647 452.9061150132874
426.0 8.684568948436895 504.6393688752782 495.9547999268413
429.0 8.216151718203581 496.795193450113 488.5790417319095
432.0 7.797745357815645 492.2399155490085 484.4421701911928
435.0 7.032770457980136 476.7611422183719 469.7283717603918
438.0 7.151341682249088 486.5704015954921 479.4190599132431
441.0 6.559350499312809 475.970708538665 469.4113580393522
444.0 6.679271163483144 482.1822482286325 475.5029770651494
447.0 5.593304522889228 451.5330978659824 445.9397933430932
450.0 6.004874371321295 477.0096460878261 471.0047717165048
453.0 5.062621206042426 455.1536960759908 450.0910748699483
456.0 4.672695030160741 441.120011609093 436.4473165789323
459.0 4.379430264351749 444.257484554363 439.8780542900112
462.0 4.446708801419467 455.2343892060322 450.7876804046127
465.0 3.916586493076396 448.0070720330019 444.0904855399255
468.0 3.478550192687349 440.2863389875699 436.8077887948826
471.0 3.301200205305071 438.8053169212639 435.5041167159588
474.0 3.068906878477701 436.4975428483923 433.4286359699146
477.0 2.85735301701816 435.9072599519422 433.049906934924
480.0 2.447579239273757 433.5274737450249 431.0798945057512
483.0 2.184415154252872 428.5738520823861 426.3894369281332
486.0 1.941201687675244 428.489905320336 426.5487036326608
489.0 1.69686319653285 426.069516740852 424.3726535443192
492.0 1.470415968166159 423.6159546052331 422.145538637067
495.0 1.235450650167906 422.0520533595865 420.8166027094186
498.0 1.048549379500316 420.8975038249683 419.848954445468
501.0 0.8917848537158447 418.0191767912993 417.1273919375834
504.0 0.6811346764030513 415.2124509769572 414.5313163005542
507.0 0.5112038578784477 413.2900927229094 412.7788888650309
510.0 0.3832907571055566 410.8806555981293 410.4973648410237
513.0 0.2620338103708387 408.227836270555 407.9658024601842
516.0 0.1448888608394456 406.9523187445653 406.8074298837259
519.0 0.0997483146348748 404.2145405894286 404.1147922747937
522.0 0.01962334625571968 401.17333685932 401.1537135130643
525.0 0.01408964518422881 398.6052993506503 398.5912097054661
528.0 0 397.2847447203026 397.2847447203026
531.0 0.02265443519125357 393.7015929318355 393.6789384966442
534.0 0.1018122604145434 392.1011673444819 391.9993550840673
537.0 0.2090277683497307 388.5099431530126 388.3009153846628
540.0 0.381402009474542 385.7090352630109 385.3276332535363
543.0 0.575601055444606 385.1253733007465 384.5497722453019
546.0 0.8142577993938124 380.1150020939529 379.3007442945591
549.0 1.173564750965191 378.5785698072797 377.4050050563145
552.0 1.49300208507862 375.1312891415621 373.6382870564835
555.0 1.914641471122941 373.3533496674473 371.4387081963244
558.0 2.437489912063458 370.5100026075755 368.072512695512
561.0 3.133271560300639 363.138663500167 360.0053919398664
564.0 3.458861587559123 366.7192176976889 363.2603561101298
567.0 4.212310595491743 362.71385316165 358.5015425661582
570.0 5.096611824992028 353.2815978406841 348.1849860156921
573.0 5.298661461533301 359.7721438816776 354.4734824201443
576.0 6.317220110290211 361.0338111799499 354.7165910696597
579.0 9.084433966418873 329.0949888532833 320.0105548868645
582.0 15.08490852901358 277.1127335648684 262.0278250358548
585.0 24.59970972550779 231.0417441122178 206.44203438671
588.0 25.54495648070605 230.7586803595273 205.2137238788212
591.0 31.77996685164841 205.722137 173.9421701483516
