0.0 44.52808943670286 730.9982395357867 686.4701500990838
3.0 41.63974652062753 704.2461491699489 662.6064026493214
6.0 41.62208139186679 720.5014397812392 678.8793583893724
9.0 41.07602043472056 721.5306638307481 680.4546433960275
12.0 39.98450942525409 707.751640400636 667.767130975382
15.0 40.0592238056959 713.9363008234681 673.8770770177722
18.0 39.77869121315038 716.5234362978341 676.7447450846837
21.0 38.74952912129455 696.4444120417426 657.6948829204481
24.0 37.57472806251248 682.5390404616429 644.9643123991304
27.0 38.8382537776144 709.4189768590122 670.5807230813978
30.0 37.80905148307839 690.7068513934926 652.8977999104142
33.0 38.46984499899295 709.0495919274017 670.5797469284087
36.0 37.77672477487445 695.3135526602655 657.536827885391
39.0 37.76056783268822 700.9554644113283 663.1948965786401
42.0 37.74866528953918 702.243622203442 664.4949569139028
45.0 37.48083264085419 700.8153724694592 663.334539828605
48.0 37.41967447224194 701.7776467392695 664.3579722670276
51.0 36.0746098404206 674.8805485992652 638.8059387588446
54.0 36.36130442777996 686.4096654753822 650.0483610476022
57.0 34.66928904972032 660.0887564204479 625.4194673707276
60.0 36.38099005594304 691.524138610785 655.143148554842
63.0 36.05539995413363 689.6309009406033 653.5755009864697
66.0 35.9202963073867 687.4368811057768 651.5165847983901
69.0 35.71087384369578 685.2243958606231 649.5135220169274
72.0 35.48721618279875 683.0801061939302 647.5928900111314
75.0 35.89393937161489 689.9266190690789 654.032679697464
78.0 35.53802694276241 686.9626561283676 651.4246291856052
81.0 33.98073170673595 658.0569487926244 624.0762170858885
84.0 35.31255598160742 682.3527737994474 647.04021781784
87.0 34.56377546957605 669.3001174981994 634.7363420286233
90.0 34.46477302468048 669.5788037189198 635.1140306942393
93.0 34.66943198096828 673.3471627103594 638.6777307293911
96.0 34.58478648823897 675.3915149294592 640.8067284412202
99.0 34.25861351936602 669.5948007932996 635.3361872739336
102.0 34.80677310390572 678.6229692704726 643.8161961665669
105.0 34.66722326605383 673.2562751763065 638.5890519102527
108.0 33.35806943887603 652.9353011353164 619.5772316964404
111.0 34.64879006328896 671.5525279824913 636.9037379192023
114.0 34.80034986852783 672.9122275949863 638.1118777264585
117.0 34.63679122764843 672.9817570112986 638.3449657836502
120.0 34.73995112413128 671.7920231997462 637.0520720756149
123.0 34.91649330416487 674.7062967040902 639.7898033999253
126.0 35.03963979249145 673.1952301041309 638.1555903116395
129.0 35.23565107475788 676.3242611245545 641.0886100497966
132.0 34.68976840559649 669.1654106297111 634.4756422241146
135.0 35.47207489561915 677.5740411384661 642.101966242847
138.0 34.43833546166148 665.4607725705652 631.0224371089037
141.0 34.23158860987506 666.11199226149 631.8804036516149
144.0 33.71811073189687 653.6704594214297 619.9523486895328
147.0 34.30945568057175 666.1857913727642 631.8763356921925
150.0 32.50582971800388 644.3203196032943 611.8144898852904
153.0 33.57869333459 655.7927811792279 622.2140878446379
156.0 33.58329942603484 660.2568504479911 626.6735510219562
159.0 34.44149034302505 671.1402471250185 636.6987567819935
162.0 31.98612701324314 644.5075450484762 612.5214180352331
165.0 32.79744853299239 647.4083909764235 614.6109424434311
168.0 32.48557969601444 650.5514382973841 618.0658586013696
171.0 32.4424228994745 651.5681668282573 619.1257439287828
174.0 31.46090427997412 640.7101621027033 609.2492578227292
177.0 32.53572916298409 656.8509598013119 624.3152306383278
180.0 32.87789905663665 662.6002847607851 629.7223857041485
183.0 29.968132234458 632.4403278791914 602.4721956447334
186.0 31.51751760369334 649.3957869959915 617.8782693922982
189.0 30.30329164764471 634.5112640489995 604.2079724013548
192.0 29.91772257852014 629.4453332063934 599.5276106278732
195.0 27.81322084991871 612.6680943442048 584.8548734942861
198.0 24.36591759331144 589.7963627625219 565.4304451692105
201.0 29.09261161070612 626.758535021935 597.6659234112288
204.0 28.38530809028379 618.1952354894377 589.8099273991539
207.0 29.56465435578279 637.4580197941601 607.8933654383773
210.0 28.22905185665123 621.595031931038 593.3659800743867
213.0 29.76926766426499 635.7101303752344 605.9408627109694
216.0 29.1283759744433 630.6604139089782 601.5320379345349
219.0 28.33485939120335 625.2495167025449 596.9146573113415
222.0 27.58693864775931 617.2204739691668 589.6335353214075
225.0 29.0551134173347 631.8465950062725 602.7914815889378
228.0 27.07525705545901 614.9748571414266 587.8996000859676
231.0 27.70477755472608 623.0711941200479 595.3664165653218
234.0 28.35057596847719 628.2640060417551 599.913430073278
237.0 26.44488502285273 609.3578544808954 582.9129694580427
240.0 27.77242048011892 624.44577814697 596.673357666851
243.0 26.94675110045228 614.5114726775754 587.5647215771231
246.0 26.66028062297814 613.8986009951005 587.2383203721224
249.0 26.57883996233037 614.5346622725528 587.9558223102224
252.0 26.27364623726855 613.9648948252787 587.6912485880102
255.0 23.34541215545522 585.3734993455461 562.0280871900909
258.0 26.15951862381493 616.0340300280204 589.8745114042055
261.0 25.73067751776869 615.2387594861374 589.5080819683687
264.0 24.93768096450886 601.1969865569264 576.2593055924175
267.0 25.55540530158427 613.6126283701358 588.0572230685515
270.0 24.18336970888696 599.8411290176274 575.6577593087404
273.0 23.04623689048222 590.0887707112868 567.0425338208046
276.0 23.97001034688588 601.1291054221642 577.1590950752783
279.0 23.22841603896838 593.2523616284724 570.023945589504
282.0 22.25836182852488 581.8631511646516 559.6047893361267
285.0 23.40733696644352 596.8054613897777 573.3981244233342
288.0 23.1344767848416 598.6916554185792 575.5571786337376
291.0 21.71501837175885 585.7372946971604 564.0222763254016
294.0 21.04750445005266 574.3251223282373 553.2776178781846
297.0 21.47353581245534 584.5625249564228 563.0889891439675
300.0 21.64739792968288 590.1065983122821 568.4592003825992
303.0 20.99625130119574 583.8936795693696 562.8974282681738
306.0 21.38557824135712 592.4620874349 571.0765091935429
309.0 19.1659806921956 565.0030909815205 545.8371102893249
312.0 19.25556084114801 569.97230492581 550.716744084662
315.0 18.85852824742853 570.4549085109719 551.5963802635433
318.0 19.19657760922132 572.4234002486652 553.2268226394439
321.0 17.38601009387998 553.6992480653208 536.3132379714408
324.0 17.90588300242529 562.3752851117702 544.469402109345
327.0 18.15272200099952 571.2953706774017 553.1426486764021
330.0 17.46302795396067 566.3289252687321 548.8658973147715
333.0 16.47388669195831 553.122860899648 536.6489742076897
336.0 15.63786433935916 541.6463165952427 526.0084522558835
339.0 16.23920800348567 555.7473601152105 539.5081521117248
342.0 14.56547090822618 534.4552075718829 519.8897366636567
345.0 15.88565073644366 558.1943538320916 542.308703095648
348.0 15.08893633524702 548.1262960650455 533.0373597297985
351.0 15.03162217718563 551.2925585989861 536.2609364218004
354.0 13.63738416066302 533.6562663905394 520.0188822298763
357.0 14.07416174118173 543.0043947160179 528.9302329748362
360.0 13.98031849735551 547.9944171298754 534.0140986325199
363.0 12.78042131112429 530.1704626956128 517.3900413844885
366.0 12.17289343824332 524.743098616948 512.5702051787046
369.0 12.53641310565893 533.4866307191688 520.9502176135099
372.0 12.10457007215225 531.4762974944382 519.3717274222859
375.0 11.7528079898961 524.9074850180055 513.1546770281094
378.0 11.86953975098711 535.0401623058236 523.1706225548365
381.0 11.62698234298887 533.4085045227354 521.7815221797465
384.0 10.81376467427163 522.4420414585548 511.6282767842831
387.0 10.57731721044768 525.3941099779512 514.8167927675036
390.0 10.37131053847696 526.6550763238422 516.2837657853652
393.0 10.09673127608574 524.4980771546528 514.4013458785671
396.0 9.962199879341904 527.0080156430505 517.0458157637086
399.0 9.478123627206083 522.9554034472341 513.477279820028
402.0 9.200214118063693 519.6410611753091 510.4408470572454
405.0 8.876414434998408 520.6978790170535 511.8214645820551
408.0 8.817554985758427 523.0587603843267 514.2412053985682
411.0 8.352590276751176 517.891908268705 509.5393179919538
414.0 8.140559608988749 517.2662348781753 509.1256752691865
417.0 7.609433010523575 506.2507603670024 498.6413273564788
420.0 7.602864055000144 512.9455672314149 505.3427031764147
423.0 6.24967429083949 470.8718604957905 464.622186204951
426.0 7.048468351900399 509.7026313745358 502.6541630226354
429.0 6.777646650685901 507.0248676029074 500.2472209522215
432.0 6.408421379318154 502.2896460964503 495.8812247171322
435.0 5.859545271334483 488.7465890645581 482.8870437932236
438.0 5.813977198569519 496.0388250961491 490.2248478975795
441.0 5.397977380889431 487.7685563494826 482.3705789685932
444.0 5.421671199266865 493.8050467132731 488.3833755140062
447.0 4.760433744846912 470.6025907804695 465.8421570356226
450.0 4.81726723352448 486.8906981146365 482.0734308811121
453.0 4.181003446316856 468.7856975496125 464.6046941032957
456.0 3.94810187642681 462.2357569754571 458.2876550990303
459.0 3.627823701764391 460.9080216887613 457.2801979869969
462.0 3.58754311543868 466.7865898801673 463.1990467647286
465.0 3.16679774264484 459.6710231125764 456.5042253699316
468.0 2.841744274654356 453.0931363758868 450.2513921012324
471.0 2.669419580559574 452.3050500826581 449.6356305020985
474.0 2.46436697891623 450.0949711388739 447.6306041599577
477.0 2.272974156013262 448.9133250195266 446.6403508635133
480.0 1.903628858225744 446.0004332877872 444.0968044295615
483.0 1.706552744476924 442.0067388716888 440.3001861272119
486.0 1.479426907211012 440.6870724337808 439.2076455265698
489.0 1.276280899939713 437.6605121611817 436.384231261242
492.0 1.076486434070475 435.8919878851119 434.8155014510414
495.0 0.8790281040478661 433.2561926902904 432.3771645862426
498.0 0.7099548571041996 431.7885204052907 431.0785655481865
501.0 0.596035870331018 429.1934876941249 428.5974518237939
504.0 0.4221948542978476 427.3041908391335 426.8819959848356
507.0 0.2895461933552163 424.5267064902977 424.2371602969425
510.0 0.2030769381140683 422.103812280549 421.9007353424349
513.0 0.1213355817211285 419.849275615574 419.7279400338529
516.0 0.02850162906346751 417.8612303627142 417.8327287336507
519.0 0.02687463864859413 415.6287277519589 415.6018531133103
522.0 0 412.2056601445198 412.2056601445198
525.0 0.03511550388894144 410.1033264575031 410.0682109536142
528.0 0.04547672298959352 408.4210710589274 408.3755943359378
531.0 0.1280769201530089 405.1093152703186 404.9812383501656
534.0 0.2394338681370285 403.0870579043285 402.8476240361914
537.0 0.4066756444753468 399.9361405078676 399.5294648633923
540.0 0.6323284419354029 396.8860234288768 396.2536949869414
543.0 0.8393130954415835 396.3494153559361 395.5101022604945
546.0 1.167362783524225 391.5722941352541 390.4049313517299
549.0 1.557918313706464 390.0560315908292 388.4981132771228
552.0 1.943478981382416 386.592723147576 384.6492441661936
555.0 2.400329337300393 384.9270463757042 382.5267170384038
558.0 2.956863354711648 385.5737761565381 382.6169128018265
561.0 3.841092534580577 371.5364420692419 367.6953495346613
564.0 4.105918416085693 375.8323690599328 371.7264506438471
567.0 4.968493753255063 367.321041260172 362.3525475069169
570.0 6.049182210411367 356.7978425175574 350.748660307146
573.0 6.15779485693 361.6403750525934 355.4825801956634
576.0 7.184991125349572 361.5160903178241 354.3310991924746
579.0 10.55037311795992 329.4205215730862 318.8701484551262
582.0 17.54894508137833 277.2988285524874 259.7498834711091
585.0 28.01789533710889 231.383384985752 203.3654896486431
588.0 28.98587010163702 230.9175120139728 201.9316419123357
591.0 35.75981712218719 205.722137 169.9623198778128
