0.0 43.9838535639827 731.2772141863016 687.2933606223189
3.0 41.14288121089303 704.6004952691825 663.4576140582895
6.0 41.0928094248269 720.9090420311166 679.8162326062897
9.0 40.54362499761626 721.9293754411209 681.3857504435047
12.0 39.47718403470441 708.3065308956806 668.8293468609762
15.0 39.53978858894 714.4531853370648 674.9133967481248
18.0 39.2536369443582 716.956692138232 677.7030551938738
21.0 38.26206492325438 697.1655674241622 658.9035025009078
24.0 37.11284946949231 682.9821841504806 645.8693346809883
27.0 38.32544696456825 709.8598800250851 671.5344330605169
30.0 37.33121127736469 691.3404035552131 654.0091922778484
33.0 37.95707242088878 709.457680655033 671.5006082341443
36.0 37.28963695820047 695.9703355708429 658.6806986126424
39.0 37.2624289037245 701.4123299596072 664.1499010558827
42.0 37.24788598371331 702.7560715900524 665.5081856063391
45.0 36.98241047222694 701.2773941643936 664.2949836921667
48.0 36.91926237470143 702.1947014742086 665.2754390995072
51.0 35.62477766474295 675.5231430209654 639.8983653562225
54.0 35.8891995982808 686.9702413039908 651.08104170571
57.0 34.24634229495029 660.4558818577847 626.2095395628344
60.0 35.89886345866898 691.9762243434874 656.0773608848184
63.0 35.5764372604561 690.0349961476797 654.4585588872236
66.0 35.44537667773483 687.8916211436788 652.446244465944
69.0 35.23996267560985 685.6529982388305 650.4130355632207
72.0 35.0201302273718 683.5017333701452 648.4816031427734
75.0 35.41403151597388 690.3666333992277 654.9526018832538
78.0 35.06337516153357 687.331248141318 652.2678729797845
81.0 33.5603421882142 658.5382849592417 624.9779427710275
84.0 34.8465273043671 682.8157816291131 647.969254324746
87.0 34.12212804330228 669.8448819072445 635.7227538639423
90.0 34.02241699669307 670.0805310712039 636.0581140745108
93.0 34.21994780691691 673.8918201200209 639.6718723131039
96.0 34.13124543333149 675.7585828491241 641.6273374157926
99.0 33.81591542604065 669.9955090417924 636.1795936157518
102.0 34.34729490804106 678.9433769054526 644.5960819974116
105.0 34.2179971693554 673.7177000714796 639.4997029021242
108.0 32.94674926256193 653.2889405176307 620.3421912550687
111.0 34.20303813351384 671.8897031437986 637.6866650102848
114.0 34.35218570667839 673.2596292848228 638.9074435781444
117.0 34.18826973115947 673.2219978682001 639.0337281370407
120.0 34.2939337972377 672.0988762033962 637.8049424061585
123.0 34.46513322743567 674.9122733445754 640.4471401171397
126.0 34.59144766531107 673.4830100938091 638.891562428498
129.0 34.78166272020637 676.5765337101426 641.7948709899363
132.0 34.24895953168968 669.3854906828213 635.1365311511316
135.0 35.0160804126795 677.8178274878398 642.8017470751603
138.0 34.00434840994128 665.7245248433611 631.7201764334199
141.0 33.7959493767276 666.3214259901565 632.5254766134289
144.0 33.30614046275761 653.9265014880672 620.6203610253095
147.0 33.87377331527539 666.4472218459175 632.5734485306421
150.0 32.11010611199977 644.507468382149 612.3973622701492
153.0 33.16217989372533 656.0955656271847 622.9333857334593
156.0 33.15799478557394 660.4838485693435 627.3258537837695
159.0 33.99621993279788 671.4018866066951 637.4056666738972
162.0 31.58897975423803 644.7125453087168 613.1235655544787
165.0 32.39607813965649 647.6843172184396 615.2882390787831
168.0 32.07734111801091 650.8256349846931 618.7482938666822
171.0 32.03205838708482 651.8611706159309 619.8291122288461
174.0 31.07017973950447 640.9990106889195 609.928830949415
177.0 32.11513053962561 657.0598175197613 624.9446869801357
180.0 32.44657950226679 662.7798886248506 630.3333091225838
183.0 29.59100569119939 632.6024343217089 603.0114286305095
186.0 31.10973936222717 649.5813261880543 618.4715868258271
189.0 29.9226910147252 634.6972145913379 604.7745235766127
192.0 29.54639315566065 629.6656228432478 600.1192296875871
195.0 27.47120902658146 612.739107200681 585.2678981740995
198.0 24.06258425362417 589.8048378288607 565.7422535752365
201.0 28.72502003568077 626.9411102320603 598.2160901963795
204.0 28.03335978810803 618.3530759897577 590.3197162016497
207.0 29.17675742609822 637.6125617577872 608.435804331689
210.0 27.87002317156145 621.7633932419266 593.8933700703652
213.0 29.38516480876355 635.953250043795 606.5680852350315
216.0 28.75303328892845 630.9086811239634 602.155647835035
219.0 27.96876935963616 625.4239629062581 597.455193546622
222.0 27.23536526080558 617.3534033146074 590.1180380538019
225.0 28.67724229406412 632.1195662856543 603.4423239915902
228.0 26.72709005633711 615.1488329704515 588.4217429141144
231.0 27.341771850664 623.2391417445778 595.8973698939138
234.0 27.97845116212569 628.5120997101842 600.5336485480585
237.0 26.10666837941526 609.495216613037 583.3885482336217
240.0 27.40678867048546 624.641923519636 597.2351348491505
243.0 26.59924222506581 614.6936306546094 588.0943884295436
246.0 26.31340315334735 614.0980439831357 587.7846408297884
249.0 26.23053304559264 614.7373620415215 588.5068289959288
252.0 25.92580937507052 614.2237104806985 588.297901105628
255.0 23.04875659201387 585.4698694254657 562.4211128334518
258.0 25.80737282852993 616.2608657941569 590.453492965627
261.0 25.37929638301577 615.428940355562 590.0496439725463
264.0 24.61260280722532 601.4253251040046 576.8127222967793
267.0 25.2068564159966 613.8554893492756 588.648632933279
270.0 23.8595043098084 600.0517756069208 576.1922712971124
273.0 22.73947325924737 590.3253985352645 567.5859252760171
276.0 23.64309449985664 601.4056895640148 577.7625950641582
279.0 22.915666561162 593.5484481456371 570.6327815844751
282.0 21.96640158338337 582.0838536323327 560.1174520489493
285.0 23.08785066313778 597.1304949483166 574.0426442851788
288.0 22.81071717399515 598.997082826866 576.1863656528708
291.0 21.4142903656798 585.9428040441296 564.5285136784498
294.0 20.76804947851609 574.6207277577555 553.8526782792394
297.0 21.17453168627788 584.9008610422611 563.7263293559833
300.0 21.33775153524473 590.4099978524629 569.0722463172182
303.0 20.6976428334093 584.2167137948061 563.5190709613968
306.0 21.07076298448869 592.7304653986953 571.6597024142066
309.0 18.90134448124161 565.2717095808046 546.370365099563
312.0 18.9812264656368 570.2374486351109 551.2562221694741
315.0 18.58249871830668 570.6655171509501 552.0830184326434
318.0 18.91713242505027 572.8099132698862 553.8927808448359
321.0 17.14030678690349 553.9688043995146 536.8284976126111
324.0 17.64389721416368 562.7127820465412 545.0688848323775
327.0 17.87355857688549 571.5661952707781 553.6926366938926
330.0 17.1923844854279 566.5820642293252 549.3896797438973
333.0 16.22742877657552 553.4801067893568 537.2526780127813
336.0 15.41253550554412 542.0302592475849 526.6177237420408
339.0 15.98709849144736 556.0715636688518 540.0844651774045
342.0 14.35242400463822 534.7201609617977 520.3677369571594
345.0 15.62800246433568 558.4889746515613 542.8609721872256
348.0 14.84965276680997 548.4895842744274 533.6399315076174
351.0 14.78590949153901 551.6756251259211 536.8897156343821
354.0 13.42398645233625 534.0159209967483 520.591934544412
357.0 13.84300706480432 543.4044048797879 529.5613978149836
360.0 13.73913964137239 548.3098075952987 534.5706679539263
363.0 12.57221854111893 530.5619414729517 517.9897229318328
366.0 11.97426905431275 525.1382276134442 513.1639585591314
369.0 12.32112145569811 533.888488143037 521.5673666873389
372.0 11.89234827912111 531.9464949397478 520.0541466606267
375.0 11.55277614180501 525.5503700569174 513.9975939151124
378.0 11.6498610074226 535.4139013822326 523.76404037481
381.0 11.40999350781691 533.8544602846795 522.4444667768626
384.0 10.61685300245387 522.9977055970558 512.3808525946019
387.0 10.37418953465649 525.8254266222519 515.4512370875954
390.0 10.16529936911628 527.0528388022533 516.8875394331371
393.0 9.894436113265827 524.922653320969 515.0282172077032
396.0 9.754685172896877 527.3938064777984 517.6391213049016
399.0 9.277684032566062 523.3608275382856 514.0831435057195
402.0 9.005657265558991 520.2006286987718 511.1949714332128
405.0 8.679294924550188 521.074946278485 512.3956513539348
408.0 8.615653345235605 523.4068507857126 514.791197440477
411.0 8.159845548533758 518.4307428903187 510.270897341785
414.0 7.948650981542232 517.7915860886575 509.8429351071153
417.0 7.437842166801229 507.3044799855728 499.8666378187716
420.0 7.418254030666769 513.6932000816819 506.2749460510151
423.0 6.144853728499115 472.81826652907 466.6734128005709
426.0 6.869153351008203 510.5009184229751 503.6317650719669
429.0 6.602919411753217 508.0198370085924 501.4169175968392
432.0 6.242317527505164 503.3442306903459 497.1019131628408
435.0 5.71878062822121 490.3042148341942 484.585434205973
438.0 5.658985501107082 497.2292118485165 491.5702263474094
441.0 5.258273756097203 489.2907089204115 484.0324351643143
444.0 5.27017035671004 495.1657383595528 489.8955680028428
447.0 4.652445190442051 473.2797773777762 468.6273321873341
450.0 4.678373883801846 488.1928243361364 483.5144504523346
453.0 4.076200036045764 470.7372299310751 466.6610298950293
456.0 3.85511987226617 464.9215723837743 461.0664525115081
459.0 3.537352296268226 463.0879019850211 459.5505496887529
462.0 3.48582282556564 468.4464250066052 464.9606021810395
465.0 3.078346215347752 461.3733186941713 458.2949724788235
468.0 2.765598977389861 454.9213335297379 452.1557345523481
471.0 2.594527089218769 454.1019866379493 451.5074595487305
474.0 2.393460592886826 451.8917667702444 449.4983061773576
477.0 2.204088621859643 450.6569346436708 448.4528460218112
480.0 1.839963964279398 447.5757860580966 445.7358220938172
483.0 1.650318630030679 443.7001102455239 442.0497916154932
486.0 1.425527527229844 442.2155666137209 440.790039086491
489.0 1.228032775047802 439.1509862346822 437.9229534596344
492.0 1.031382062518472 437.3549365243557 436.3235544618372
495.0 0.8388515908608843 434.6391600797548 433.8003084888939
498.0 0.6724122227254647 433.1184665429049 432.4460543201794
501.0 0.56341405017983 430.5345961800342 429.9711821298543
504.0 0.3929294719250447 428.6973151464772 428.3043856745522
507.0 0.2656047029420764 425.8549433201427 425.5893386172006
510.0 0.183776181673533 423.4360011365064 423.2522249548328
513.0 0.1063069848952209 421.2292970532945 421.1229900683993
516.0 0.01735206187632218 419.1288073571727 419.1114552952964
519.0 0.0200895403282822 416.9673339029844 416.9472443626561
522.0 0 413.5113320891749 413.5113320891749
525.0 0.03932593873390003 411.447479072708 411.4081531339741
528.0 0.05311610261650054 409.7004692334164 409.6473531307999
531.0 0.1424176550829163 406.4362539462745 406.2938362911916
534.0 0.2580873259716587 404.3418030617221 404.0837157357505
537.0 0.4318401368924576 401.2784072190038 400.8465670821114
540.0 0.6640574778171655 398.1747941567027 397.5107366788855
543.0 0.8725200116881728 397.6387856209445 396.7662656092563
546.0 1.210643826426828 392.9387984036524 391.7281545772256
549.0 1.605037993603844 391.3723995982398 389.767361604636
552.0 1.998190108853719 387.9726840652872 385.9744939564334
555.0 2.459327203052576 386.2358919341263 383.7765647310737
558.0 3.015027929766348 387.5493565107531 384.5343285809867
561.0 3.930001469742257 372.4159280343468 368.4859265646046
564.0 4.186669971870748 376.8584191192023 372.6717491473315
567.0 5.068461557328995 367.7606257860057 362.6921642286767
570.0 6.17234369984563 357.1131980619015 350.9408543620559
573.0 6.271712233640859 361.7884112035648 355.5166989699239
576.0 7.301319480734044 361.5428088368112 354.2414893560771
579.0 10.73720300429766 329.4448778858876 318.70767488159
582.0 17.85331764101008 277.3160028608168 259.4626852198067
585.0 28.43434568053429 231.4191034848002 202.9847578042659
588.0 29.4051901975712 230.9340165846864 201.5288263871151
591.0 36.2427109830705 205.722137 169.4794260169295
