0.0 39.76982053436134 733.9787093661499 694.2088888317886
3.0 37.29862071757694 708.6360688859112 671.3374481683343
6.0 36.98856309579905 724.7783013099778 687.7897382141787
9.0 36.41570402012635 725.6030842955794 689.187380275453
12.0 35.53681863695315 713.5728007270202 678.035982090067
15.0 35.50607201925341 719.2594984555609 683.7534264363075
18.0 35.18209532534219 720.8854802446059 685.7033849192637
21.0 34.46643902221802 704.1672460828855 669.7008070606675
24.0 33.54042584497947 688.0597182155497 654.5192923705702
27.0 34.35064826090699 713.976205838165 679.6255575772581
30.0 33.61855354820478 697.7013145042452 664.0827609560404
33.0 33.98525429976717 713.2445651724077 679.2593108726405
36.0 33.50382154311838 702.0602604176279 668.5564388745095
39.0 33.40355583542395 705.7103844242244 672.3068285888005
42.0 33.3647201685652 707.3515733571601 673.9868531885949
45.0 33.12156403581281 705.4954282661751 672.3738642303623
48.0 33.04561739872294 706.0668886443604 673.0212712456375
51.0 32.13345189272556 682.3545915434597 650.2211396507341
54.0 32.23015103062446 692.290564119514 660.0604130888896
57.0 30.9907893153564 664.9454762391599 633.9546869238035
60.0 32.16829337202611 696.258403665251 664.0901102932248
63.0 31.87498306914183 693.8669139612768 661.991930892135
66.0 31.77257875838721 692.1417763510707 660.3691975926835
69.0 31.60072694516644 689.7617716687331 658.1610447235666
72.0 31.41205253367849 687.5457120700128 656.1336595363343
75.0 31.70330291038865 694.3264581336244 662.6231552232358
78.0 31.39952452094743 690.7696738237553 659.3701493028078
81.0 30.31743816923345 663.8404984619504 633.523060292717
84.0 31.2445806000652 687.0696723107029 655.8250917106377
87.0 30.70747325263392 675.1090993420066 644.4016260893727
90.0 30.60573842277993 674.8964497864806 644.2907113637007
93.0 30.74418790427505 678.8567701025633 648.1125821982882
96.0 30.63629781203841 679.2020492422595 648.5657514302211
99.0 30.40463089146796 673.8321984622294 643.4275675707614
102.0 30.80876952370723 681.9026813292454 651.0939118055382
105.0 30.7512763601812 677.8312129470321 647.0799365868509
108.0 29.78794657729299 657.113045145223 627.32509856793
111.0 30.77253238978113 675.0925819139886 644.3200495242075
114.0 30.90195491038474 676.4872488500841 645.5852939396994
117.0 30.74323720780996 675.5166643951517 644.7734271873418
120.0 30.86427993994243 674.9085864136219 644.0443064736794
123.0 31.00006731296608 676.888452221687 645.8883849087209
126.0 31.14559996498097 676.1667457792838 645.0211458143028
129.0 31.29252339284656 678.8765628679611 647.5840394751146
132.0 30.86692454658458 671.5440599557787 640.6771354091941
135.0 31.51142148081824 680.0626768191873 648.551255338369
138.0 30.67383450782183 668.2209655164316 637.5471310086098
141.0 30.45661849080202 668.2869901262537 637.8303716354517
144.0 30.15087093368249 656.633661800508 626.4827908668255
147.0 30.52988241025976 668.9204834916343 638.3906010813745
150.0 29.09018041626798 646.5825445111024 617.4923640948344
153.0 29.967680869939 659.0877923513567 629.1201114814177
156.0 29.89951745474545 662.6947344674819 632.7952170127364
159.0 30.57631801074431 673.7451424421019 643.1688244313576
162.0 28.55715574245751 646.7834839088324 618.2263281663749
165.0 29.32345022655646 650.6895376593738 621.3660874328173
168.0 28.95175320608083 653.4640923238841 624.5123391178033
171.0 28.88831008584297 654.6148967934935 625.7265867076505
174.0 28.08292955374408 643.8888996019194 615.8059700481753
177.0 28.8962940620163 658.994577734967 630.0982836729507
180.0 29.14428201348734 664.4394278961623 635.295145882675
183.0 26.72302193397455 634.2148045289287 607.4917825949541
186.0 27.99498635131577 651.3569207996209 623.3619344483051
189.0 27.02459346744798 636.6178770248874 609.5932835574394
192.0 26.71948103480771 631.9594253148435 605.2399442800358
195.0 24.89089108947417 613.5787179626743 588.6878268732001
198.0 21.7973055524173 589.9210194451299 568.1237138927126
201.0 25.9317502675593 628.7371260847387 602.8053758171794
204.0 25.36635256839733 620.075459301383 594.7091067329856
207.0 26.22350647075294 639.0943031925989 612.870796721846
210.0 25.14604260572823 623.4863817846945 598.3403391789663
213.0 26.45552386766231 638.2244340022828 611.7689101346205
216.0 25.89283986946921 633.2684877743732 607.375647904904
219.0 25.18826503050976 627.1198462381414 601.9315812076317
222.0 24.5738598200154 618.7379578376573 594.1640980176419
225.0 25.79515500136113 634.6574025864304 608.8622475850692
228.0 24.09000964656916 616.8407185014998 592.7507088549307
231.0 24.58659768625329 624.8469734517066 600.2603757654533
234.0 25.14427619622365 630.8221744048178 605.6778982085941
237.0 23.55143401155848 610.9663314700915 587.414897458533
240.0 24.62834715126431 626.521494487191 601.8931473359266
243.0 23.96615186459478 616.5814879249937 592.6153360603989
246.0 23.68462877929063 616.0298671487411 592.3452383694505
249.0 23.58978709775393 616.7509048130908 593.1611177153369
252.0 23.2851519248084 616.6235531553711 593.3384012305627
255.0 20.82927237224608 586.5513141873345 565.7220418150884
258.0 23.13479138823559 618.35548182554 595.2206904373045
261.0 22.71572322972979 617.1797314959268 594.464008266197
264.0 22.15486715081865 603.830570074978 581.6757029241594
267.0 22.56199937972911 616.0623023060734 593.5003029263443
270.0 21.41373394447362 602.1284008383317 580.7146668938581
273.0 20.42883521204795 592.5782907512092 572.1494555391612
276.0 21.16854314313501 603.9482462374847 582.7797030943497
279.0 20.55233653586378 596.3795056806233 575.8271691447595
282.0 19.77412238842629 584.4397935599071 564.6656711714808
285.0 20.66853377747308 600.1981191190855 579.5295853416125
288.0 20.35920956015836 601.7951122423391 581.4359026821807
291.0 19.15380308128718 588.0135302934583 568.8597272121711
294.0 18.66944305841081 577.765493796449 559.0960507380382
297.0 18.9180379493642 588.0891678960356 569.1711299466714
300.0 18.99938279067451 593.1771293133192 574.1777465226447
303.0 18.44586392229708 587.2002775240477 568.7544136017507
306.0 18.69384820229422 595.1607157236207 576.4668675213265
309.0 16.92360295501435 568.1288599200479 551.2052569650336
312.0 16.92695581656691 572.9130233706727 555.9860675541058
315.0 16.51926170789703 572.7732936868087 556.2540319789117
318.0 16.81356431638342 576.4046113659562 559.5910470495728
321.0 15.3143439957478 556.7650996586553 541.4507556629075
324.0 15.68296190980527 566.0183990249307 550.3354371151254
327.0 15.78105533286051 574.1328034051417 558.3517480722812
330.0 15.169393893057 568.992080039437 553.82268614638
333.0 14.3894158902002 556.9249682372733 542.5355523470731
336.0 13.73959236721508 546.0744363328876 532.3348439656725
339.0 14.10642451670149 559.2159982235802 545.1095737068787
342.0 12.78690160712631 537.7001984339504 524.9132968268241
345.0 13.70575272142478 561.2784954215083 547.5727427000835
348.0 13.06835597379556 552.0271611327176 538.9588051589221
351.0 12.9528161128587 555.1782035905928 542.2253874777341
354.0 11.84912798451265 537.7001721633654 525.8510441788527
357.0 12.12402426428441 547.2528024800104 535.128778215726
360.0 11.94744894301808 551.214585075824 539.2671361328059
363.0 11.03641671002629 534.5405893206297 523.5041726106034
366.0 10.51498303320385 529.1242095892337 518.6092265560298
369.0 10.72885024345309 537.7653671509014 527.0365169074483
372.0 10.32041973026595 536.2457293743488 525.9253096440829
375.0 10.06439095444774 531.5210942545949 521.4567033001471
378.0 10.02543478951657 538.8915844148957 528.8661496253791
381.0 9.80202007287705 537.8918453970523 528.0898253241753
384.0 9.160703923531879 528.0937108801956 518.9330069566637
387.0 8.877797349463883 529.8122340123785 520.9344366629147
390.0 8.648685759087363 530.6888135063741 522.0401277472867
393.0 8.405328645884003 528.8294304503523 520.4241018044683
396.0 8.22740783890535 530.841878511173 522.6144706722676
399.0 7.80544519421353 526.9975668250753 519.1921216308618
402.0 7.570521257052651 524.888794885484 517.3182736284313
405.0 7.235586278350916 524.4934248733823 517.2578385950314
408.0 7.136128631721672 526.5241945852299 519.3880659535082
411.0 6.741571530231216 522.7967431439515 516.0551716137203
414.0 6.53763461410062 522.1167653816175 515.5791307675169
417.0 6.153939664785031 515.4256099880177 509.2716703232327
420.0 6.051749076364208 519.4419727324824 513.3902236561182
423.0 5.305529130829012 492.3742791498614 487.0687500190324
426.0 5.541244508995143 516.6705659923543 511.1293214833591
429.0 5.300262229464773 515.3108071531149 510.0105449236502
432.0 5.001812337619255 511.5338814251743 506.532069087555
435.0 4.640754780566824 503.169259401445 498.5285046208782
438.0 4.496096224589451 506.7601472099522 502.2640509853627
441.0 4.192184413369178 501.726057218009 497.5338728046398
444.0 4.124851509425853 505.717197312322 501.5923458028962
447.0 3.760277117561277 494.2217154006986 490.4614382831373
450.0 3.632307918358117 499.2897596306176 495.6574517122595
453.0 3.25129348685983 487.8514559067609 484.6001624199011
456.0 3.083331112118267 485.9608738732303 482.877542761112
459.0 2.813223340714612 481.6726512420184 478.8594279013038
462.0 2.705454712729749 483.5164865517355 480.8110318390058
465.0 2.399240545151846 477.1444053213248 474.745164776173
468.0 2.175323925985785 471.8426510879957 469.6673271620099
471.0 2.018539726208201 470.4621221729621 468.4435824467539
474.0 1.849779667206496 468.1759256212523 466.3261459540458
477.0 1.681335040663923 466.342154218277 464.6608191776131
480.0 1.373714540452375 461.5045488374894 460.130834297037
483.0 1.235669899354055 458.4452077410301 457.2095378416761
486.0 1.041970934965403 455.557821267634 454.5158503326686
489.0 0.8922618362082876 452.2029441070048 451.3106822707965
492.0 0.7250998191755409 449.7854582498837 449.0603584307082
495.0 0.576839020529914 446.5725830360953 445.9957440155654
498.0 0.4360315958476673 444.474962882942 444.0389312870943
501.0 0.366480252310453 441.8266553239405 441.46017507163
504.0 0.2220582887655124 439.8827616865067 439.6607033977412
507.0 0.140567337858626 436.7497524350529 436.6091850971942
510.0 0.09616475301760632 434.2477866249008 434.1516218718832
513.0 0.04965528171792671 432.3770833904202 432.3274281087023
516.0 0 429.346557122638 429.346557122638
519.0 0.03306928820931174 427.6491340332195 427.6160647450102
522.0 0.06901462232131714 424.0327804188079 423.9637657964865
525.0 0.1402006517313996 422.1135364903885 421.9733358386571
528.0 0.1863707886026558 419.7955458942481 419.6091751056454
531.0 0.3255821119865128 416.9633045314758 416.6377224194893
534.0 0.4817767811069642 414.1347774180713 413.6530006369643
537.0 0.7000538561201548 412.0006214841227 411.3005676280025
540.0 0.9899003929640579 408.2361223325086 407.2462219395445
543.0 1.209762917824637 407.7797270967107 406.5699641788861
546.0 1.621845806003039 403.8764424648236 402.2545966588205
549.0 2.053147199637564 401.432052862852 399.3789056632144
552.0 2.498891658321961 399.1947799590454 396.6958883007234
555.0 3.004080612885661 396.0403943283228 393.0363137154372
558.0 3.497809058405233 403.9316452872171 400.4338362288119
561.0 4.745554580311091 378.6393695055312 373.8938149252201
564.0 4.923784560724794 384.7396407687982 379.8158562080734
567.0 6.003284806843753 370.5736699699363 364.5703851630926
570.0 7.300610069369527 359.0912898577776 351.7906797884081
573.0 7.33665824991125 362.6525114067909 355.3158531568797
576.0 8.392863029123288 361.6617217548406 353.2688587257173
579.0 12.39270830485025 329.5787561232025 317.1860478183523
582.0 20.44946309446821 277.4275409668597 256.9780778723915
585.0 31.9258091909982 231.6760227979494 199.7502136069512
588.0 32.92089299068843 231.0521535275475 198.131260536859
591.0 40.26809821121872 205.722137 165.4540387887813
