0.0 33.97605056184 739.719559658062 705.743509096222
3.0 31.96736778663995 719.778118093034 687.810750306394
6.0 31.31695402082489 732.5417198124078 701.224765791583
9.0 30.71952742926726 732.68000552171 701.9604780924428
12.0 30.05645095960641 723.9141432027707 693.8576922431643
15.0 29.91047122568015 728.2736462093724 698.3631749836923
18.0 29.56123353477047 728.1871702886503 698.6259367538798
21.0 29.13907165813426 717.5497813298192 688.410709671685
24.0 28.55752255418412 702.1336525352983 673.5761299811141
27.0 28.85956385884587 721.9590927673894 693.0995289085436
30.0 28.42267852512905 710.7756826067183 682.3530040815892
33.0 28.50934101558734 720.5787873278312 692.0694463122439
36.0 28.22538987440032 713.2864301105806 685.0610402361803
39.0 28.07171242498555 714.2167258793177 686.1450134543321
42.0 27.99581163444674 715.6595293965563 687.6637177621096
45.0 27.79334874321204 713.4553881344823 685.6620393912702
48.0 27.70799379309285 713.5752798916139 685.8672860985211
51.0 27.22704300511945 697.6788729178873 670.4518299127678
54.0 27.15224141504778 702.7611283173702 675.6088869023224
57.0 26.47116155941793 679.304086465173 652.832924905755
60.0 27.02120648706326 704.7315964751195 677.7103899880563
63.0 26.78281143276707 701.6686932205082 674.8858817877411
66.0 26.71052448812337 700.4825244050654 673.771999916942
69.0 26.58820856325191 698.1635712729593 671.5753627097074
72.0 26.44585150717325 695.8967252906679 669.4508737834946
75.0 26.60119026221186 701.5760190239946 674.9748287617827
78.0 26.37625596261036 697.5821452366077 671.2058892739974
81.0 25.81113850962193 677.1259638546417 651.3148253450197
84.0 26.28775514270928 695.0250767850193 668.73732164231
87.0 25.98036167636496 685.6883592051006 659.7079975287357
90.0 25.89057579859529 684.6057600592571 658.7151842606619
93.0 25.94935466390399 687.7778777437562 661.8285230798522
96.0 25.85487385297481 686.1138087006664 660.2589348476916
99.0 25.72898652243616 681.6679999112967 655.9390133888606
102.0 25.98200610773253 687.6972081230983 661.7152020153657
105.0 25.99712939690162 685.1403752803608 659.1432458834592
108.0 25.45854996100557 666.7709651653834 641.3124152043779
111.0 26.09062215966923 681.6173306589126 655.5267084992434
114.0 26.1935833120971 682.7678699663318 656.5742866542347
117.0 26.06924748992343 680.3532479725273 654.2840004826038
120.0 26.19965055764212 680.3307350186964 654.1310844610543
123.0 26.30770818600021 681.0851167817001 654.7774085956999
126.0 26.46064693289275 681.4372217421385 654.9765748092457
129.0 26.55886937248419 683.2991140920275 656.7402447195433
132.0 26.28632539867972 676.2738327349642 649.9875073362845
135.0 26.75676319926708 684.4175574796294 657.6607942803623
138.0 26.15895750650629 673.3325400249977 647.1735825184914
141.0 25.94635568756255 672.3709902175225 646.4246345299599
144.0 25.87033620884751 663.3161554805924 637.4458192717449
147.0 25.99694479727582 673.925732353539 647.9287875562632
150.0 25.02237389408191 652.347279167911 627.3249052738291
153.0 25.62838754161306 665.5525412913612 639.9241537497481
156.0 25.49525275086023 667.4828959671838 641.9876432163236
159.0 25.94277962043629 678.0274411699172 652.084661549481
162.0 24.47971981163641 651.7170684200657 627.2373486084293
165.0 25.14844565334481 658.3052346913407 633.1567890379959
168.0 24.72559548231447 658.9764784467479 634.2508829644334
171.0 24.63451849427927 660.1147483636171 635.4802298693379
174.0 24.04421083423054 650.2150326634638 626.1708218292333
177.0 24.56175001331969 662.8379755155571 638.2762255022375
180.0 24.69875839126258 667.7310359483723 643.0322775571097
183.0 22.89786926973066 638.056851075849 615.1589818061183
186.0 23.8129123469133 655.1398536605275 631.3269413136142
189.0 23.14291109386543 641.4106033304799 618.2676922366145
192.0 22.92680233663536 637.5936660345236 614.6668636978883
195.0 21.49984404149727 616.4605091026691 594.9606650611718
198.0 18.89014167635333 590.4675548074362 571.5774131310828
201.0 22.20841473048747 632.8941778643441 610.6857631338567
204.0 21.82016779389454 624.8496248048504 603.0294570109559
207.0 22.28335049548204 642.2754842682552 619.9921337727732
210.0 21.52312054299644 627.6453514149683 606.1222308719718
213.0 22.52505329127391 642.8093620329476 620.2843087416737
216.0 22.05856664384136 638.0887006972818 616.0301340534404
219.0 21.48825398558884 630.8630760273398 609.374822041751
222.0 21.05108228235013 622.3355213164334 601.2844390340833
225.0 21.92610055274139 639.5453173410483 617.6192167883069
228.0 20.59595424466267 620.626673667967 600.0307194233044
231.0 20.92685641113773 628.3085930786932 607.3817366675555
234.0 21.35057130633526 635.3800304486251 614.0294591422899
237.0 20.1767307107044 614.9407931848897 594.7640624741853
240.0 20.92623659582962 630.5200401003549 609.5938035045253
243.0 20.4670273733872 621.2276086742211 600.7605813008339
246.0 20.19482196606283 620.2696481561971 600.0748261901343
249.0 20.07870510154737 621.2860915406392 601.2073864390918
252.0 19.76707549200553 621.3217476252453 601.5546721332398
255.0 17.94908427480892 589.8954693532918 571.9463850784828
258.0 19.5806670490031 622.4705467584758 602.8898797094727
261.0 19.18536081426261 620.6652941177579 601.4799333034953
264.0 18.88867004243689 609.7155384993308 590.826868456894
267.0 19.04517850614639 620.2873428150923 601.2421643089459
270.0 18.18087133624093 606.8029263331797 588.6220549969388
273.0 17.38666083730644 597.3835741987824 579.9969133614759
276.0 17.88504166990591 608.8947214167764 591.0096797468705
279.0 17.41615687255573 602.2184390540129 584.8022821814572
282.0 16.88836705501561 590.5922958469825 573.7039287919669
285.0 17.44569817856718 606.3268795301517 588.8811813515846
288.0 17.10198773095379 607.0619143747547 589.9599266438009
291.0 16.18561785083177 592.8876977793051 576.7020799284734
294.0 15.89112517077474 585.569832169234 569.6787069984593
297.0 15.92587055853774 594.3929620397385 578.4670914812007
300.0 15.90568977705233 598.4116095991297 582.5059198220773
303.0 15.46830746677141 593.0046264013811 577.5363189346097
306.0 15.55575603922191 599.7298646941221 584.1741086549002
309.0 14.32890403213928 575.3437318239393 561.0148277918
312.0 14.23402645118556 579.1316062790285 564.8975798278429
315.0 13.833469677032 577.726408190626 563.892938513594
318.0 14.02964339021977 583.3344770980659 569.3048337078461
321.0 12.94099252796086 563.7894785134792 550.8484859855183
324.0 13.10674938420464 573.1123063208437 560.005556936639
327.0 13.04353993604184 579.3761863443052 566.3326464082634
330.0 12.53591534061431 574.0524659517036 561.5165506110893
333.0 11.98657391125267 564.1819696895385 552.1953957782858
336.0 11.54287393663234 555.7040626090679 544.1611886724356
339.0 11.65160807976453 565.9225375829974 554.2709295032328
342.0 10.77193509922234 546.2032828021329 535.4313477029105
345.0 11.20563731617736 566.9736206714677 555.7679833552904
348.0 10.74349784356929 559.4940677200738 548.7505698765045
351.0 10.56163816082598 561.858850145243 551.297211984417
354.0 9.80823438024532 546.355332854816 536.5470984745706
357.0 9.880358475324967 555.1301533487919 545.2497948734669
360.0 9.63346069292607 556.9216056947105 547.2881450017844
363.0 9.043599456842371 543.5675763436587 534.5239768868163
366.0 8.630965348085487 538.3313776758821 529.7004123277966
369.0 8.665336763072694 545.834020129119 537.1686833660463
372.0 8.280402647529338 544.2998307168622 536.0194280693329
375.0 8.094166141414972 542.2800705632788 534.1859044218639
378.0 7.933016072804799 545.7298546392274 537.7968385664226
381.0 7.719973829084946 545.2894374055023 537.5694635764174
384.0 7.262105171355899 537.5876888721133 530.3255837007574
387.0 6.95449567218538 537.4685933995564 530.514097727371
390.0 6.708278506895263 537.6145931840601 530.9063146771648
393.0 6.495583103464923 536.2755459447005 529.7799628412355
396.0 6.279630064865757 537.2196922001279 530.9400621352621
399.0 5.930361473251012 533.7768754388966 527.8465139656455
402.0 5.725965047042865 532.5921652568468 526.866200209804
405.0 5.407145787403548 530.9939762768496 525.5868304894461
408.0 5.266743979409087 532.3603466606113 527.0936026812022
411.0 4.934090857449279 529.6601107272977 524.7260198698484
414.0 4.740331279763003 529.0352508901297 524.2949196103667
417.0 4.455955666668685 525.7113946551061 521.2554389884374
420.0 4.291393290748584 527.2417113595464 522.9503180687978
423.0 3.913486398819501 518.0619854787947 514.1484990799752
426.0 3.826827016685332 524.8336719704145 521.0068449537291
429.0 3.603630597345498 523.9693471219805 520.365716524635
432.0 3.366042687811428 521.6609403880368 518.2948977002253
435.0 3.120803985053906 518.4083398428914 515.2875358578374
438.0 2.93548657973324 518.5934545251586 515.6579679454254
441.0 2.701352938723278 516.4145081578778 513.7131552191545
444.0 2.574959879656308 517.7235493788656 515.1485894992093
447.0 2.354097046790059 514.2098886718546 511.8557916250645
450.0 2.189688443596063 513.6729872058461 511.4832987622501
453.0 1.971214110903348 509.1512035831045 507.1799894722011
456.0 1.823620243082839 508.3957649752916 506.5721447322087
459.0 1.638247858527031 505.1322794268947 503.4940315683677
462.0 1.516740048887771 504.7989353202319 503.2821952713441
465.0 1.323545905212745 500.6576093785517 499.334063473339
468.0 1.189229168316583 497.5948232267063 496.4055940583897
471.0 1.066911024730413 495.7738689681236 494.7069579433932
474.0 0.9464816946786735 493.5226879899021 492.5762062952234
477.0 0.8252264613339582 490.9855816471962 490.1603551858623
480.0 0.6370852163133901 485.2037331811073 484.5666479647939
483.0 0.5580041797840649 482.6529481073173 482.0949439275332
486.0 0.4405772689129376 478.6851238295352 478.2445465606223
489.0 0.3659368261851473 475.196166176547 474.8302293503619
492.0 0.2642157888395808 471.5165107755227 471.2522949866831
495.0 0.1895518800852508 467.9697652344917 467.7802133544065
498.0 0.1070885543808354 464.5343351811815 464.4272466268007
501.0 0.09927633807229275 461.5440550306405 461.4447786925682
504.0 0.01034080429231646 458.0485236039467 458.0381827996544
507.0 0 454.6422292900271 454.6422292900271
510.0 0.01682960617087337 451.4993446107099 451.482515004539
513.0 0.0109571476294586 449.4537356883477 449.4427785407182
516.0 0.04068758286953109 445.4085455584874 445.3678579756179
519.0 0.1124445128132575 443.4884345111952 443.375989998382
522.0 0.2306920818086275 439.8860716146172 439.6553795328085
525.0 0.3487737798879324 437.6607400169305 437.3119662370425
528.0 0.4573999265826704 434.5058655457174 434.0484656191348
531.0 0.6562097773218339 432.2860895515878 431.629879774266
534.0 0.8944465652701191 428.0872923978338 427.1928458325637
537.0 1.14765796115426 427.5142336271235 426.3665756659692
540.0 1.543646751775563 422.4040383775867 420.8603916258112
543.0 1.776123395574199 422.1109290336477 420.3348056380735
546.0 2.272797687244256 419.2031942881018 416.9303966008575
549.0 2.795210177880341 414.20007753468 411.4048673567997
552.0 3.267504914206959 415.0973904949163 411.8298855807094
555.0 3.897640449994758 407.914064680793 404.0164242307982
558.0 4.127720727315488 423.5236389363147 419.3959182089992
561.0 6.126297192233117 385.3728383111376 379.2465411189044
564.0 6.135058493237221 394.8405285558403 388.705470062603
567.0 7.641612319756976 373.1616121379369 365.5199998181799
570.0 9.236546747448066 360.7714280952652 351.5348813478171
573.0 9.205777968299745 363.3223434758091 354.1165655075094
576.0 10.31560155440217 361.7085925520744 351.3929909976723
579.0 15.12545041052643 329.6641960928668 314.5387456823404
582.0 24.53438606872399 277.5309178899707 252.9965318212467
585.0 37.29394472013779 231.9706547924105 194.6767100722727
588.0 38.32725710135862 231.1862598323655 192.8590027310069
591.0 46.40998724805815 205.722137 159.3121497519418
