0.0 27.0849401058153 751.7985677281832 724.7136276223679
3.0 25.43019027929964 744.0191065500509 718.5889162707513
6.0 24.51953134382422 747.2250829769777 722.7055516331535
9.0 23.91865612618406 746.1436902481136 722.2250341219295
12.0 23.42565099248435 741.9103667149321 718.4847157224478
15.0 23.18505575726323 743.5697136504556 720.3846578931923
18.0 22.86001785932303 741.4937102216831 718.63369236236
21.0 22.63025738581435 737.6623414827842 715.0320840969699
24.0 22.37226725137582 730.6664488537591 708.2941816023833
27.0 22.30264991653233 736.5951386502539 714.2924887337216
30.0 22.0816714270852 731.8466490154598 709.7649775883746
33.0 21.99639293864719 734.3406092099055 712.3442162712583
36.0 21.85065716042476 731.3958380573979 709.5451808969731
39.0 21.70404177580619 730.0423947409245 708.3383529651183
42.0 21.60072432925364 730.1647876574252 708.5640633281715
45.0 21.45782998519958 728.040097913189 706.5822679279895
48.0 21.37435769879916 727.6327324417299 706.2583747429308
51.0 21.18450785541354 722.0370466091589 700.8525387537454
54.0 21.0574139833181 721.0860954955295 700.0286815122114
57.0 20.84363596640722 711.9994558846384 691.1558199182311
60.0 20.90703635177515 720.2376077922054 699.3305714404303
63.0 20.7578433152927 716.9947680715976 696.2369247563049
66.0 20.71314309331537 716.0649108843487 695.3517677910333
69.0 20.64969086675374 714.1978616384947 693.548170771741
72.0 20.56815813116959 712.1235053469395 691.5553472157699
75.0 20.60342928685696 714.6410879148603 694.0376586280033
78.0 20.48830849416152 710.9410205701491 690.4527120759876
81.0 20.33362408335681 702.3225801188259 681.9889560354691
84.0 20.45921599661821 709.0955330661346 688.6363170695164
87.0 20.35396464578118 704.1170485245186 683.7630838787374
90.0 20.30854230367303 702.1425761896788 681.8340338860058
93.0 20.31314366652147 702.5666344184096 682.2534907518881
96.0 20.28566227398947 699.897889856724 679.6122275827345
99.0 20.26611623342611 696.8826180943927 676.6165018609666
102.0 20.4008836809408 699.2660949145605 678.8652112336197
105.0 20.47195254493705 697.8823236055921 677.410371060655
108.0 20.35076748171625 687.5352736526866 667.1845061709703
111.0 20.6717923320051 694.6421245375009 673.9703322054958
114.0 20.75697553531229 694.7616598464202 674.0046843111079
117.0 20.72333585491184 691.008994909617 670.2856590547051
120.0 20.85304102125667 691.2155690193122 670.3625279980556
123.0 20.96443706774031 690.5078664843611 669.5434294166208
126.0 21.095635690134 691.7401052694697 670.6444695793357
129.0 21.16218051541083 692.2034833923116 671.0413028769007
132.0 21.06857841170917 686.8533374085287 665.7847589968195
135.0 21.33559554341496 693.081813876855 671.74621833344
138.0 21.02054525800851 684.1400150362493 663.1194697782408
141.0 20.8523542449539 681.7179596354997 660.8656053905458
144.0 20.95642171859405 678.7958758767084 657.8394541581144
147.0 20.84443218262575 683.9826140855846 663.1381819029589
150.0 20.40924422507323 668.2630556159365 647.8538113908633
153.0 20.66900618704626 678.7479993018584 658.0789931148122
156.0 20.51398518662389 678.0672213187341 657.5532361321102
159.0 20.69512245474034 685.9832214840461 665.2880990293058
162.0 19.91277851513388 664.3071490081393 644.3943704930054
165.0 20.34309899255937 674.7061631114715 654.3630641189121
168.0 19.95945738199736 670.4687419626975 650.5092845807002
171.0 19.83850168441671 671.0347749507145 651.1962732662978
174.0 19.49483545163173 663.2460397892037 643.751204337572
177.0 19.7227922590686 671.044400531695 651.3216082726264
180.0 19.73527744227991 674.6975015717388 654.9622241294589
183.0 18.71623415158857 648.8429006523023 630.1266665007137
186.0 19.17525197462158 663.7399668138209 644.5647148391993
189.0 18.8410814778654 654.0599031982009 635.2188217203355
192.0 18.7121083102784 651.5147662118793 632.8026579016009
195.0 17.9043316537505 629.2092136692885 611.304882015538
198.0 16.09186102201927 594.880761641408 578.7889006193887
201.0 18.15426891797992 643.924941859486 625.7706729415061
204.0 17.95276934453132 639.0829498296492 621.1301804851179
207.0 17.99670589514786 649.8144484904601 631.8177425953122
210.0 17.60570975937137 638.4443291179327 620.8386193585613
213.0 18.19817691737569 652.4762581650478 634.2780812476721
216.0 17.85333219086931 648.0051048159135 630.1517726250442
219.0 17.49578103416465 639.9697934602103 622.4740124260457
222.0 17.28104353170053 633.1314545453188 615.8504110136183
225.0 17.68158485792212 648.7337275618504 631.0521427039283
228.0 16.87434701063933 630.2916784744623 613.4173314638229
231.0 17.00362967545794 636.6334414445076 619.6298117690497
234.0 17.21572243886868 644.410905206526 627.1951827676573
237.0 16.58615482836767 626.6831304863542 610.0969756579866
240.0 16.92624306892723 639.5330466916809 622.6068036227536
243.0 16.69433016060851 632.9288063003176 616.2344761397091
246.0 16.46307963650997 630.450050966831 613.986971330321
249.0 16.30723109078928 631.7794133538956 615.4721822631063
252.0 15.99770814326973 630.6651386822241 614.6674305389544
255.0 15.02885295090264 602.8167337596056 587.7878808087029
258.0 15.78434256929219 630.9900953843109 615.2057528150187
261.0 15.44468469432989 628.2455995820555 612.8009148877256
264.0 15.38083396612973 623.3039003314512 607.9230663653215
267.0 15.29661163275896 628.8545361029094 613.5579244701505
270.0 14.77516929693432 617.8784654328697 603.1032961359354
273.0 14.23239195242928 608.8971931384833 594.664801186054
276.0 14.41952425609307 618.9026669685838 604.4831427124907
279.0 14.10671273913485 614.2274400034013 600.1207272642664
282.0 13.85961054237715 606.5917559787238 592.7321454363466
285.0 14.01594127334451 618.1052772422007 604.0893359688562
288.0 13.66799337845644 616.8519955205458 603.1840021420893
291.0 13.12070411876623 604.9457304810313 591.825026362265
294.0 12.95496923617726 602.9107232661695 589.9557540299922
297.0 12.80051047477323 606.4986760327636 593.6981655579904
300.0 12.68954850509079 608.503422502503 595.8138739974122
303.0 12.38082934384734 604.462174217885 592.0813448740376
306.0 12.30722247399184 608.6049284997792 596.2977060257873
309.0 11.65657053512109 592.4164877331555 580.7599171980344
312.0 11.4845733004352 593.4851205163882 582.000547215953
315.0 11.14331958767697 590.1764134898469 579.03309390217
318.0 11.16377508704424 596.1986151045233 585.0348400174791
321.0 10.56283061933708 581.7210141617673 571.1581835424302
324.0 10.4945117532753 587.7432403890298 577.2487286357545
327.0 10.29700691917003 590.2479537276504 579.9509468084804
330.0 9.929983665475758 585.2171904408289 575.2872067753531
333.0 9.600305534491088 579.2614384425259 569.6611329080348
336.0 9.325215749497608 575.4279768211535 566.1027610716559
339.0 9.219091399664516 579.8528541665322 570.6337627668677
342.0 8.790142261041014 568.351695201841 559.5615529408
345.0 8.759729659859496 578.7146174439271 569.9548877840676
348.0 8.459536251911101 574.371712619084 565.9121763671729
351.0 8.231845959943132 574.6245097387634 566.3926637788203
354.0 7.832279055403429 565.2356593663242 557.4033803109208
357.0 7.69716710122532 570.0693155903953 562.37214848917
360.0 7.439574432558884 568.6324652475764 561.1928908150176
363.0 7.130450181656399 562.0088854188816 554.8784352372252
366.0 6.843060129352072 558.2284203371402 551.3853602077881
369.0 6.710426064919397 561.6562088512541 554.9457827863347
372.0 6.374156470389537 559.0192772045342 552.6451207341446
375.0 6.205168746394767 559.0654671239531 552.8602983775583
378.0 5.996132948602383 558.9814625325077 552.9853295839053
381.0 5.78918681089045 558.4060045714249 552.6168177605344
384.0 5.498141397352395 553.8997705380468 548.4016291406944
387.0 5.217318465193507 551.7872525397319 546.5699340745384
390.0 4.976103839693336 550.8187516429554 545.8426478032621
393.0 4.787556686051481 550.0214655678917 545.2339088818403
396.0 4.561987081490368 549.3230579206316 544.7610708391413
399.0 4.294155871505354 546.58009498206 542.2859391105546
402.0 4.111542791457398 545.7549143158209 541.6433715243635
405.0 3.842390799804868 543.5023445112443 539.6599537114395
408.0 3.674414212193903 543.6835277505673 540.0091135383734
411.0 3.403889927936387 541.3909147926208 537.9870248646844
414.0 3.222565913638017 540.7411154146369 537.5185495009989
417.0 3.00089931413181 538.8784656793293 535.8775663651975
420.0 2.814886313937206 538.6664474251326 535.8515611111954
423.0 2.571270956031447 535.9587891341233 533.3875181780919
426.0 2.4085812833242 536.1062071774848 533.6976258941606
429.0 2.206166094516869 535.0385146882138 532.8323485936969
432.0 2.014095432787284 533.5913960058998 531.5773005731125
435.0 1.820480319253871 532.2333759577488 530.4128956384949
438.0 1.647621334874861 531.1924057787397 529.5447844438648
441.0 1.453831421462829 529.8235622304057 528.3697308089428
444.0 1.313552516336868 529.4733363582321 528.1597838418952
447.0 1.148549998442218 528.0454584165114 526.8969084180692
450.0 1.005678408700683 527.113142191605 526.1074637829043
453.0 0.8600337221023788 525.473902514152 524.6138687920497
456.0 0.732076533629003 524.5718167888699 523.8397402552409
459.0 0.6059356514981275 523.1290258124038 522.5230901609057
462.0 0.4996443243142814 522.3122116462642 521.8125673219499
465.0 0.3845390478720252 520.4443430003424 520.0598039524704
468.0 0.3043852365446982 519.2170320447493 518.9126468082046
471.0 0.2259616065357747 517.8627277704755 517.6367661639397
474.0 0.1579074525122091 516.3473620740193 516.1894546215071
477.0 0.09981461565584251 514.5421275562269 514.4423129405711
480.0 0.03655549686237558 511.6998297877097 511.6632742908473
483.0 0.02019115748001568 509.9415688359767 509.9213776784967
486.0 0 507.4204553400595 507.4204553400595
489.0 0.008570768656072009 505.3187946572088 505.3102238885527
492.0 0.01071018771787299 502.3105616869412 502.2998514992233
495.0 0.02961627178237858 499.6546329051179 499.6250166333355
498.0 0.05601920369997598 496.1997174933757 496.1436982896757
501.0 0.1340687995392151 493.6489337693076 493.5148649697684
504.0 0.1713358953621683 489.1618730693865 488.9905371740243
507.0 0.2677754428637995 485.5812028367082 485.3134273938444
510.0 0.3906204943655738 481.9560500264632 481.5654295320976
513.0 0.4718591486313793 478.0151800864401 477.5433209378087
516.0 0.6280466145270116 473.9069368653543 473.2788902508273
519.0 0.7880526503815607 469.884679823915 469.0966271735335
522.0 1.012099521981746 466.6778271506661 465.6657276286843
525.0 1.220304416739309 462.8315182944426 461.6112138777033
528.0 1.442472443625681 458.5548765793789 457.1124041357532
531.0 1.709955648031067 456.2600338254285 454.5500781773974
534.0 2.099240223235828 451.121061782192 449.0218215589562
537.0 2.369927108807476 450.20356728649 447.8336401776825
540.0 2.935146953929832 445.3960594608411 442.4609125069113
543.0 3.207615117022868 442.574766163718 439.3671510466952
546.0 3.805474923148466 439.179437910993 435.3739629878446
549.0 4.533368786486546 432.4053176020606 427.871948815574
552.0 4.970537755760636 432.6343050896902 427.6637673339295
555.0 5.874355934468861 425.0571856112284 419.1828296767596
558.0 5.655250410349988 436.6960890189628 431.0408386086128
561.0 8.970451964274747 391.4654800930986 382.4950281288238
564.0 8.635961075791964 404.9261559997311 396.2901949239391
567.0 10.95489803575788 375.2600065253794 364.3051084896216
570.0 12.97843045593182 361.9207449840959 348.9423145281641
573.0 12.88255268887585 363.7926643843608 350.910111695485
576.0 14.08041680658054 361.7201092239 347.6396924173195
579.0 19.98098565516794 329.70379969449 309.722814039322
582.0 31.21150090788871 277.6101755862373 246.3986746783485
585.0 45.69453289231776 232.265739611629 186.5712067193112
588.0 46.78417771976297 231.3186196578971 184.5344419381341
591.0 55.86223152602834 205.722137 149.8599054739716
