0.0 23.89407376723098 759.8691426365164 735.9750688692854
3.0 22.29411416333319 756.5695481738507 734.2754340105175
6.0 21.35146258150697 756.1767317160113 734.8252691345043
9.0 20.76097408483028 754.6977858403976 733.9368117555673
12.0 20.31183538835484 751.908599470078 731.5967640817231
15.0 20.05250715043728 752.3408936195629 732.2883864691256
18.0 19.75736559144441 749.8082417004417 730.0508761089973
21.0 19.56703715544839 747.6775183045329 728.1104811490845
24.0 19.38164004553085 744.0797252346725 724.6980851891416
27.0 19.2599886212212 745.4808258585538 726.2208372373326
30.0 19.09177919709743 742.5067788609804 723.414999663883
33.0 18.98496066692979 742.9369699752721 723.9520093083423
36.0 18.87096499836881 741.1947519041419 722.3237869057731
39.0 18.74523824254131 739.5157684375109 720.7705301949696
42.0 18.64413311053903 738.9124264194805 720.2682933089414
45.0 18.52920675354816 736.9904823660737 718.4612756125256
48.0 18.45230858313482 736.3481174383219 717.895808855187
51.0 18.32193360240464 733.2442250095434 714.9222914071387
54.0 18.21581825586787 731.3219087283666 713.1060904724988
57.0 18.09455049099036 726.9719755102373 708.877425019247
60.0 18.08382338076558 729.4546045907207 711.3707812099551
63.0 17.97839398108648 726.5346643280592 708.5562703469728
66.0 17.94734261873568 725.5206582254176 707.5733156066819
69.0 17.90900925100868 723.863384109475 705.9543748584663
72.0 17.85588152460582 721.9437200569558 704.08783853235
75.0 17.86698705886814 722.8001243537045 704.9331372948364
78.0 17.80176673317591 719.5686601158843 701.7668933827084
81.0 17.74099292366628 714.8830116540697 697.1420187304034
84.0 17.80027946379439 717.5882203142575 699.7879408504631
87.0 17.75447311367196 714.2421532887858 696.4876801751138
90.0 17.73890995563088 712.1357626582175 694.3968527025866
93.0 17.74747413975149 711.2526829535721 693.5052088138206
96.0 17.75780255122696 708.8237499893715 691.0659474381445
99.0 17.77858090814649 706.3328175669295 688.554236658783
102.0 17.89278285145267 707.0487422231949 689.1559593717422
105.0 17.98401162728727 705.8151690797048 687.8311574524176
108.0 17.98436034665542 699.3674187657256 681.3830584190701
111.0 18.23137455963866 703.0591192941157 684.827744734477
114.0 18.32137783387439 702.453697343011 684.1323195091366
117.0 18.34377612345671 698.6754401090577 680.331663985601
120.0 18.47339632657308 698.7092191107283 680.2358227841552
123.0 18.60094170526633 697.5038914743918 678.9029497691254
126.0 18.71629238630657 698.5886105246363 679.8723181383297
129.0 18.78159927346515 698.450005170005 679.6684058965398
132.0 18.75664185744092 694.3905717099452 675.6339298525043
135.0 18.94640183552739 699.0594464790352 680.1130446435078
138.0 18.74749760562873 691.7806081022208 673.0331104965921
141.0 18.61658020100047 688.8943779665261 670.2777977655257
144.0 18.74262548643774 688.9277859120722 670.1851604256345
147.0 18.5774325954874 690.6974019434046 672.1199693479172
150.0 18.33440653015429 679.726172233144 661.3917657029898
153.0 18.46440791179142 687.1475918073196 668.6831838955282
156.0 18.3246325626615 685.5387390158665 667.214106453205
159.0 18.40659323928936 691.2731045900843 672.8665113507949
162.0 17.90354087244288 673.9464053067462 656.0428644343033
165.0 18.18500074107938 684.1172531188215 665.9322523777421
168.0 17.87195105847166 678.2946277421332 660.4226766836615
171.0 17.74497403841126 678.2631634820517 660.5181894436404
174.0 17.50244522248258 671.7501234379289 654.2476782154463
177.0 17.63611447448981 677.168008703558 659.5318942290682
180.0 17.60161493097358 679.818088419002 662.2164734880284
183.0 16.921586188439 658.2485722862963 641.3269860978573
186.0 17.18637946969758 670.2018526912132 653.0154732215156
189.0 16.96833411071146 663.6136341561334 646.645300045422
192.0 16.87212072820251 661.442966764668 644.5708460364654
195.0 16.35958149701764 642.9843390637801 626.6247575667625
198.0 15.06819261322323 604.0851591739577 589.0169665607344
201.0 16.42564835344713 653.0817828634832 636.6561345100361
204.0 16.27638374628822 650.4400744092912 634.163690663003
207.0 16.20032509236033 655.8744638389341 639.6741387465738
210.0 15.95364146033892 647.1031582409369 631.149516780598
213.0 16.35901809346701 659.302571775 642.943553681533
216.0 16.07525945903652 654.8424274421523 638.7671679831158
219.0 15.82916563236811 647.2800098893881 631.45084425702
222.0 15.69802699057637 642.541922140243 626.8438951496666
225.0 15.89593440955971 654.7436017377024 638.8476673281427
228.0 15.33684586991381 638.38834076118 623.0514948912662
231.0 15.38337650780515 643.3684236172751 627.9850471094699
234.0 15.48702404466413 650.4635427102928 634.9765186656287
237.0 15.08637555860119 636.3056388674599 621.2192633088587
240.0 15.26177376755215 646.1832658729881 630.921492105436
243.0 15.11037021894942 641.4851663824093 626.3747961634599
246.0 14.91767247129088 638.3926562904554 623.4749838191646
249.0 14.7416668497043 639.3760903783498 624.6344235286455
252.0 14.45257078844998 637.0762224762113 622.6236516877613
255.0 13.83837654457071 615.7540152827728 601.9156387382021
258.0 14.23337386527605 637.135505927317 622.902132062041
261.0 13.93243934166988 634.0037076062494 620.0712682645795
264.0 13.91638779836252 632.2908186987842 618.3744309004216
267.0 13.77038045957017 634.948885367944 621.1785049083738
270.0 13.38902061740484 626.0727957188987 612.6837751014939
273.0 12.96550998095455 618.0170614954113 605.0515515144568
276.0 13.02149811782457 625.8832659810243 612.8617678631997
279.0 12.76499394316411 622.3374577208668 609.5724637777027
282.0 12.60486406081012 617.7564839815818 605.1516199207717
285.0 12.61999559015035 625.5018299088901 612.8818343187397
288.0 12.2933123207642 623.2233170565115 610.9300047357473
291.0 11.89635943873649 613.9027141555275 602.006354716791
294.0 11.74512328218388 613.4326586749921 601.6875353928083
297.0 11.55593943424202 614.3294316951961 602.773492260954
300.0 11.42116013601959 615.332090521663 603.9109303856434
303.0 11.1615765534975 612.1358383328535 600.974261779356
306.0 11.03705984118119 614.6920580741201 603.6549982329389
309.0 10.58026066831223 603.3952038769751 592.8149432086629
312.0 10.39957599368982 603.2325380858541 592.8329620921642
315.0 10.10590818308293 599.5526521248548 589.4467439417719
318.0 10.0460497177137 604.231017810922 594.1849680932083
321.0 9.619670879130506 594.0306129632152 584.4109420840847
324.0 9.482341367334796 597.1476385036132 587.6652971362784
327.0 9.259223211373709 597.7474999699573 588.4882767585836
330.0 8.957681033297865 593.2665806435258 584.3088996102279
333.0 8.697400813909849 589.1501170359927 580.4527162220829
336.0 8.462592280914873 586.8496933741889 578.3871010932741
339.0 8.308058356268524 588.8549913911945 580.546933034926
342.0 8.007185391185891 582.0738529216277 574.0666675304418
345.0 7.866762965839391 586.6859945576691 578.8192315918297
348.0 7.616273368130226 583.6631391963411 576.0468658282109
351.0 7.389304617192058 582.8994597585955 575.5101551414034
354.0 7.097750569921932 576.8416473126948 569.7438967427729
357.0 6.908263477754658 579.0871937942621 572.1789303165074
360.0 6.675757965455244 576.7536968941633 570.077938928708
363.0 6.438047485317504 572.9699645634635 566.531917078146
366.0 6.194722608914568 570.2174977864366 564.022775177522
369.0 6.026833261083142 571.3446902643717 565.3178570032885
372.0 5.728597908784067 568.2383586497494 562.5097607409654
375.0 5.555551038274161 568.3000088504373 562.7444578121631
378.0 5.350934238288434 567.4625004552013 562.1115662169129
381.0 5.152088959243468 566.5178996309323 561.3658106716888
384.0 4.913629451965036 563.2931777292169 558.3795482772519
387.0 4.66355851431064 560.7758564685099 556.1122979541992
390.0 4.436629025110577 559.3592749115342 554.9226458864236
393.0 4.256759552404267 558.5754113189957 554.3186517665914
396.0 4.04297222771276 557.2756853579732 553.2327131302604
399.0 3.80942857322054 554.8520684747034 551.0426399014829
402.0 3.636609663677685 553.9748251654249 550.3382155017472
405.0 3.39755262309506 551.6539327072114 548.2563800841164
408.0 3.228788973963894 551.2549786920967 548.0261897181328
411.0 2.988231821165865 548.9580891270812 545.9698573059153
414.0 2.814824204189972 548.1615392059354 545.3467150017455
417.0 2.616237702046557 546.4393159178953 543.8230782158487
420.0 2.434759005996377 545.6912069390826 543.2564479330863
423.0 2.223197483117439 543.4887265797363 541.2655290966188
426.0 2.062170445003481 542.8861968259199 540.8240263809164
429.0 1.874191945525071 541.59676711743 539.7225751719049
432.0 1.700118278684422 540.2075748331991 538.5074565545147
435.0 1.523335207440069 538.8638754007409 537.3405401933008
438.0 1.364708477686201 537.652414755934 536.2877062782478
441.0 1.188922793089152 536.1836397866879 534.9947169935987
444.0 1.054971020807239 535.4228486743622 534.3678776535549
447.0 0.9077075136702674 534.0904449221741 533.1827374085038
450.0 0.776766292086218 533.1041850232111 532.3274187311249
453.0 0.6509079039120058 531.724509904711 531.0736020007989
456.0 0.5353229654853746 530.6973309083323 530.1620079428469
459.0 0.4267466108129408 529.4644168856383 529.0376702748253
462.0 0.3321556388317567 528.4858714214849 528.1537157826531
465.0 0.2396339618135521 527.0179051909357 526.7782712291221
468.0 0.1745420541461951 526.0005139704641 525.8259719163179
471.0 0.1138965064199216 524.7779254562758 524.6640289498559
474.0 0.06551154162452927 523.4762942929593 523.4107827513347
477.0 0.03035715969965805 522.0404682775935 522.0101111178938
480.0 0 520.2099798711656 520.2099798711656
483.0 0.006433462957116109 518.8368663063798 518.8304328434227
486.0 0.01719506224193421 517.0875824858993 517.0703874236574
489.0 0.05214759736884325 515.5947208563601 515.5425732589913
492.0 0.09224245067730683 513.4610537190192 513.3688112683419
495.0 0.1456204920266125 511.4826769189905 511.3370564269638
498.0 0.2166669357836961 508.9848260952464 508.7681591594627
501.0 0.3292428946039857 507.035097118327 506.7058542237231
504.0 0.426425817856191 503.6101698690308 503.1837440511746
507.0 0.5727827894303069 500.7337388044969 500.1609560150666
510.0 0.7462386950018595 497.8715697410307 497.1253310460289
513.0 0.8898680359253684 493.7584682578244 492.8686002218991
516.0 1.104019543921436 490.4485302926489 489.3445107487275
519.0 1.330022086241399 486.106574671935 484.7765525856936
522.0 1.601430668978803 483.4239703314933 481.8225396625145
525.0 1.875818119074223 478.8991625562338 477.0233444371596
528.0 2.166556386309114 474.4978402741575 472.3312838878484
531.0 2.475998874194421 471.6648342451796 469.1888353709852
534.0 2.94264042488957 467.33989636389 464.3972559390004
537.0 3.245147213513712 464.3765487635014 461.1314015499877
540.0 3.879009164321546 461.1100454984202 457.2310363340986
543.0 4.218455659632534 455.4322196160988 451.2137639564663
546.0 4.884035701988042 450.8434669541347 445.9594312521467
549.0 5.703899744897554 447.3234707125916 441.6195709676941
552.0 6.197004961003151 439.0990823347088 432.9020773737056
555.0 7.168814866906887 440.8855685221526 433.7167536552458
558.0 6.855991191928756 439.8982828790742 433.0422916871454
561.0 10.90022788146821 393.679669632038 382.7794417505698
564.0 10.351434197866 408.3289822050506 397.9775480071846
567.0 13.16594735634465 376.0024777459175 362.8365303895729
570.0 15.42053327588567 362.2614973205418 346.8409640446562
573.0 15.29689206583204 363.9511683282268 348.6542762623948
576.0 16.54450272257296 361.721339090219 345.176836367646
579.0 23.00779152669089 329.7117155760703 306.7039240493794
582.0 35.1780494521394 277.6356339344953 242.4575844823559
585.0 50.54835560438595 232.3844852213204 181.8361296169344
588.0 51.66873279530674 231.3710678252896 179.7023350299828
591.0 61.26183501468241 205.722137 144.4603019853176
