0.0 21.51988295654502 766.4966536292245 744.9767706726794
3.0 19.92765713261969 764.9901774286688 745.0625202960491
6.0 18.98748987746048 763.2083400108291 744.2208501333686
9.0 18.40758847502969 761.5970659863947 743.189477511365
12.0 17.98053733883395 759.4009184070525 741.4203810682186
15.0 17.7175250550121 759.1564700244056 741.4389449693935
18.0 17.44756221762649 756.5391173440462 739.0915551264197
21.0 17.27475594935522 755.0209637421624 737.7462077928072
24.0 17.11842503836206 752.8087816273284 735.6903565889663
27.0 16.99047844889807 752.5053084066245 735.5148299577265
30.0 16.84867423498795 750.2630920760443 733.4144178410564
33.0 16.74109591939265 749.8346175301571 733.0935216107645
36.0 16.64214336774448 748.5540979550411 731.9119545872967
39.0 16.53364080125456 746.8630995380833 730.3294587368287
42.0 16.44036394489609 745.860108961272 729.4197450163759
45.0 16.34438842203562 744.0949868889463 727.7505984669107
48.0 16.27457942909746 743.2926428234816 727.0180633943841
51.0 16.17160348138464 741.0342197034349 724.8626162220503
54.0 16.08628485868875 739.009033228699 722.9227483700103
57.0 16.00133885932598 736.2866976574851 720.2853587981591
60.0 15.97628739776792 736.633598758469 720.657311360701
63.0 15.90004271143647 734.0238225261041 718.1237798146676
66.0 15.88029488586245 732.913123414113 717.0328285282506
69.0 15.85913555209495 731.3542209459797 715.4950853938847
72.0 15.82599182996907 729.5174688671888 713.6914770372197
75.0 15.83331535172771 729.4194728827053 713.5861575309775
78.0 15.80067769416723 726.5809626119346 710.7802849177674
81.0 15.78073837922516 723.5462104975351 707.7654721183099
84.0 15.82214665311427 724.3595920819945 708.5374454288803
87.0 15.80793810839778 721.7947275171277 705.9867894087299
90.0 15.81531957906741 719.6977364465511 703.8824168674837
93.0 15.837473047677 718.1704079770992 702.3329349294222
96.0 15.87300487252469 716.0263326509111 700.1533277783865
99.0 15.91983686969704 713.7913588568598 697.8715219871628
102.0 16.03283761879359 713.5696737840883 697.5368361652947
105.0 16.1386632432626 712.3096969943007 696.1710337510381
108.0 16.19784842598157 707.9040087621449 691.7061603361633
111.0 16.41713814528826 709.8737905133882 693.4566523680999
114.0 16.51762092185047 708.758499355031 692.2408784331805
117.0 16.58029225830271 705.278151641915 688.6978593836123
120.0 16.71215107656132 705.0836959724133 688.3715448958519
123.0 16.85547951300233 703.6956188446052 686.8401393316028
126.0 16.96220063497118 704.3781431788272 687.4159425438561
129.0 17.03164795142484 703.9094010849007 686.8777531334759
132.0 17.04556626077075 700.8222270228184 683.7766607620476
135.0 17.19298292626669 704.2536029206192 687.0606199943525
138.0 17.06419875846039 698.3631131457785 681.2989143873181
141.0 16.96436262579198 695.3526233570196 678.3882607312276
144.0 17.0827726612754 696.8401280605039 679.7573553992285
147.0 16.90910104639823 696.3473993637038 679.4382983173056
150.0 16.76486582718965 688.7491285956215 671.9842627684319
153.0 16.82777213218954 693.8558000339658 677.0280279017762
156.0 16.70638261165621 691.8781387295716 675.1717561179154
159.0 16.73610580785448 695.820278302132 679.0841724942775
162.0 16.39744340458328 682.2026466705589 665.8052032659756
165.0 16.57743480450824 690.9400812793859 674.3626464748776
168.0 16.32690023737778 684.869011415745 668.5421111783673
171.0 16.20182712890127 684.2874478603155 668.0856207314142
174.0 16.02274082802063 678.7539396733229 662.7311988453022
177.0 16.10671498488061 682.7126682130084 666.6059532281278
180.0 16.0477376208098 684.4306866232018 668.382949002392
183.0 15.57492954249087 666.9549364039597 651.3800068614688
186.0 15.72714846798498 675.9791667153259 660.2520182473409
189.0 15.5667062861778 671.5763659558719 656.0096596696941
192.0 15.49246923631968 669.5314277754729 654.0389585391532
195.0 15.15186300209142 655.755517749558 640.6036547474666
198.0 14.26961660319676 618.6192848188942 604.3496682156974
201.0 15.13241235884505 661.3553570744131 646.2229447155681
204.0 15.00355397993711 659.8743361220208 644.8707821420837
207.0 14.88803156976238 661.5842371912446 646.6962056214822
210.0 14.72337385986056 654.9098759903052 640.1865021304447
213.0 15.00956621530455 665.1785344438043 650.1689682284998
216.0 14.77164895765954 660.7170491578552 645.9454002001957
219.0 14.60138457654734 654.034646577195 639.4332620006477
222.0 14.51108401404087 651.0534857856245 636.5424017715836
225.0 14.59547666466664 659.868997482932 645.2735208182653
228.0 14.19683784046638 645.9658980492656 631.7690602087992
231.0 14.19612101155011 649.6645352139324 635.4684142023823
234.0 14.22894097458149 655.5955284617434 641.3665874871619
237.0 13.9619235386232 644.6192498927616 630.6573263541384
240.0 14.04454235519314 652.0039301687858 637.9593878135927
243.0 13.93575407043668 648.5920208336115 634.6562667631748
246.0 13.77527319910763 645.5042563673533 631.7289831682457
249.0 13.58969386847373 645.8617207762662 632.2720269077925
252.0 13.32773754898165 642.6484199385161 629.3206823895344
255.0 12.90682550396975 627.5808321227951 614.6740066188253
258.0 13.10611171822279 642.6040066489252 629.4978949307024
261.0 12.83729617976114 639.2971658707611 626.459869691
264.0 12.82933258063312 639.394097015793 626.5647644351599
267.0 12.66252735542775 640.3138194925209 627.6512921370931
270.0 12.36517241315508 633.1097933641597 620.7446209510046
273.0 12.01950967033639 626.1808816823903 614.161372012054
276.0 12.0011674301591 631.9245800820506 619.9234126518915
279.0 11.77654609186008 629.1259613390996 617.3494152472395
282.0 11.65389092258525 626.4668844739635 614.8129935513782
285.0 11.59958692386949 631.4586323788205 619.859045454951
288.0 11.29764815635339 628.6053864132561 617.3077382569027
291.0 10.98669324911791 621.4579620083102 610.4712687591923
294.0 10.83666971347942 621.2967701586195 610.4601004451401
297.0 10.64370003718041 620.8104048358575 610.1667047986771
300.0 10.49997724705326 621.1883612697187 610.6883840226654
303.0 10.26939265509407 618.5635515953001 608.294158940206
306.0 10.12184817550701 619.9681593136504 609.8463111381434
309.0 9.766552847094882 611.7351617403168 601.9686088932219
312.0 9.58893015780858 611.0333969143242 601.4444667565156
315.0 9.331972647869958 607.4842119632901 598.1522393154201
318.0 9.227875852433911 610.71478258537 601.4869067329361
321.0 8.892249389740206 603.4290973536314 594.5368479638912
324.0 8.730068130560224 604.644159374523 595.9140912439628
327.0 8.504328670991795 604.1275533926554 595.6232247216636
330.0 8.245719729462257 600.1908875682034 591.9451678387411
333.0 8.021777982428377 597.1073085899922 589.0855306075638
336.0 7.806247326704413 595.3495650204896 587.5433176937852
339.0 7.635495257352056 596.0574609333993 588.4219656760472
342.0 7.390972438005596 591.8007823123111 584.4098098743055
345.0 7.216243138447293 593.3627402643365 586.1464971258892
348.0 6.992257962524015 591.0058676596941 584.0136096971701
351.0 6.774317604277448 589.7033734092941 582.9290558050166
354.0 6.535059437720481 585.5448842901821 579.0098248524617
357.0 6.328162324784885 586.1537119587461 579.8255496339612
360.0 6.119991843170048 583.6509720945156 577.5309802513455
363.0 5.913195414539589 581.2103154758694 575.2971200613298
366.0 5.694036991912054 579.0323241399219 573.3382871480098
369.0 5.519338093875443 578.8850892323586 573.3657511384831
372.0 5.252609261678493 575.6908151620459 570.4382059003674
375.0 5.078473033487826 575.4496362962919 570.3711632628041
378.0 4.8824515322187 574.3381868556114 569.4557353233927
381.0 4.69334435737648 573.1153146534404 568.4219702960639
384.0 4.483734996967963 570.5632748073766 566.0795398104087
387.0 4.25889063855946 568.0120972726704 563.7532066341109
390.0 4.046359634177025 566.3644228903651 562.3180632561881
393.0 3.873648643090474 565.4687267148139 561.5950780717234
396.0 3.673411090136851 563.8938564165986 560.2204453264617
399.0 3.462839554257133 561.6536232722994 558.1907837180423
402.0 3.298219857640246 560.6844374622159 557.3862176045757
405.0 3.08195499245775 558.3791975649536 555.2972425724959
408.0 2.917759718416164 557.6185364964915 554.7007767780754
411.0 2.699872274980514 555.3019086317037 552.6020363567232
414.0 2.534168226437743 554.3404257991079 551.8062575726701
417.0 2.352136833297444 552.6409937591446 550.2888569258472
420.0 2.1786588703989 551.5766254588786 549.3979665884797
423.0 1.988181873490244 549.4941029952315 547.5059211217413
426.0 1.833826052837114 548.576246065296 546.7424200124589
429.0 1.658905710186723 547.1080683412534 545.4491626310666
432.0 1.49832049172577 545.6820142157436 544.1836937240178
435.0 1.334879518437389 544.2305101560443 542.8956306376069
438.0 1.188389634806676 542.9114017882981 541.7230121534914
441.0 1.027494881617044 541.3091466936704 540.2816518120534
444.0 0.9017566784549965 540.3105264894454 539.4087698109904
447.0 0.7676609325943648 538.9369486927864 538.169287760192
450.0 0.646756329034965 537.8202629734461 537.1735066444111
453.0 0.5344719497805902 536.4564495239109 535.9219775741303
456.0 0.4295069343757661 535.3124375885879 534.8829306542122
459.0 0.3332622987136394 534.0619189349131 533.7286566361994
462.0 0.2491377670307657 532.939113820234 532.6899760532033
465.0 0.1710556505024344 531.5676375776385 531.3965819271361
468.0 0.1163890289698898 530.536049189545 530.4196601605752
471.0 0.06838930374977366 529.3197914861947 529.2514021824449
474.0 0.03342290160718718 528.0636462514159 528.0302233498087
477.0 0.01279460262062526 526.7613706035526 526.748576000932
480.0 0 525.2825745157333 525.2825745157333
483.0 0.02056747367172999 524.0737173743196 524.0531499006478
486.0 0.04866426405544332 522.6508643040218 522.6022000399664
489.0 0.09896394987815367 521.3869379038817 521.2879739540035
492.0 0.16028277747061 519.6963006670937 519.5360178896231
495.0 0.233922645951423 518.0607287507779 517.8268061048265
498.0 0.3297538512258076 516.1478401611473 515.8180863099215
501.0 0.462910031494797 514.5496219400594 514.0867119085647
504.0 0.5939780915721539 511.9641543800178 511.3701762884456
507.0 0.7699336999246729 509.7293565494092 508.9594228494846
510.0 0.9728472389295235 507.5561374854224 506.5832902464929
513.0 1.160766370395143 503.9421064740541 502.781340103659
516.0 1.409502212014167 501.3712637943015 499.9617615822873
519.0 1.683183507042883 497.5589917503687 495.8758082433258
522.0 1.984293491027794 495.3728877534802 493.3885942624524
525.0 2.31101918957007 491.0068807977787 488.6958616082086
528.0 2.651267865946272 487.0386558949044 484.3873880289582
531.0 2.996790629426278 483.9577900439929 480.9609994145666
534.0 3.509798637081559 480.8202013669193 477.3104027298377
537.0 3.856728636451867 476.3816832448122 472.5249546083604
540.0 4.528134983014132 473.9660793898524 469.4379444068383
543.0 4.94242946733704 466.899069861508 461.9566403941709
546.0 5.670057790901284 461.5954769075033 455.925419116602
549.0 6.514930873830219 462.2877778452839 455.7728469714536
552.0 7.161589572749224 442.8898059892587 435.7282164165095
555.0 8.060966596540152 456.7433304341796 448.6823638376395
558.0 7.831175229176604 441.5206921041292 433.6895168749526
561.0 12.42845262143622 395.0343702944334 382.6059176729972
564.0 11.70987599517319 410.1988408865536 398.4889648913804
567.0 14.91797144889611 376.4604180717709 361.5424466228748
570.0 17.349494349604 362.4528626695682 345.1033683199642
573.0 17.20649989911507 364.0493797470776 346.8428798479625
576.0 18.49280196704364 361.7217327122182 343.2289307451746
579.0 25.37807889704816 329.7152344687416 304.3371555716934
582.0 38.25298724373803 277.6503333420481 239.3973460983101
585.0 54.28789697195169 232.4619662618532 178.1740692899015
588.0 55.43192229606042 231.4049297550336 175.9730074589732
591.0 65.41178054872703 205.722137 140.310356451273
