0.0 20.32512494167864 769.9380622832241 749.6129373415455
3.0 18.73100015468503 768.9235650999479 750.1925649452628
6.0 17.79645624448896 766.7819713647908 748.9855151203018
9.0 17.22222375472659 765.1473199424053 747.9250961876787
12.0 16.80427068220867 763.1240713365472 746.3198006543385
15.0 16.5418755539157 762.6232054213698 746.0813298674541
18.0 16.28460865844348 760.025793178372 743.7411845199285
21.0 16.11863218502171 758.6676537310906 742.5490215460689
24.0 15.97227686197394 756.8644659388545 740.8921890768806
27.0 15.84664238112251 756.0926724908653 740.2460301097427
30.0 15.71556580871856 754.0850641780614 738.3694983693429
33.0 15.61050594909686 753.3836430539351 737.7731371048383
36.0 15.51760028120321 752.2272801651091 736.7096798839059
39.0 15.4176039608651 750.5680284836615 735.1504245227964
42.0 15.32966853791666 749.4210881743625 734.0914196364459
45.0 15.2425541450118 747.7263993107062 732.4838451656944
48.0 15.17692352110088 746.8491275645043 731.6722040434034
51.0 15.08499729451624 744.8115359174657 729.7265386229494
54.0 15.01010041240427 742.8305166575718 727.8204162451675
57.0 14.9382367778239 740.5281984253216 725.5899616474977
60.0 14.91290839397839 740.2716917424317 725.3587833484533
63.0 14.84999793817864 737.8117537897815 722.9617558516028
66.0 14.83629992740884 736.6528604629009 721.8165605354921
69.0 14.82339243066932 735.1256323540945 720.3022399234252
72.0 14.79995844699933 733.3147732530193 718.51481480602
75.0 14.8088696180204 732.8541165380104 718.04524691999
78.0 14.79093504963641 730.2056224476952 715.4146873980588
81.0 14.78589190290793 727.6805839725972 712.8946920696893
84.0 14.8249446373419 727.8456126297557 713.0206679924138
87.0 14.82382698790682 725.5435787535005 710.7197517655937
90.0 14.84256045754077 723.4719584005129 708.6293979429721
93.0 14.87371278186727 721.7377314735921 706.8640186917249
96.0 14.92070754404951 719.7241193916694 704.8034118476199
99.0 14.97966102887347 717.5806604435734 702.6009994146999
102.0 15.09547327028178 717.003632714731 701.9081594444492
105.0 15.20880823033734 715.7048214721214 700.4960132417841
108.0 15.29014941247549 712.0325032326571 696.7423538201816
111.0 15.5016716207278 713.3879960791643 697.8863244584365
114.0 15.60936059203633 712.0519017497174 696.4425411576811
117.0 15.6906671181558 708.7939635519282 693.1032964337724
120.0 15.82465514410537 708.4653290513864 692.6406739072811
123.0 15.976375018754 707.0538795106421 691.0775044918881
126.0 16.08068187454245 707.4690899431457 691.3884080686033
129.0 16.15340049667523 706.8745063582233 690.721105861548
132.0 16.18291897240863 704.2327162048149 688.0497972324063
135.0 16.31413498584041 707.0731513099186 690.7590163240782
138.0 16.21471624081776 701.8790734055832 685.6643571647655
141.0 16.13066840187422 698.8763658355382 682.745697433664
144.0 16.24038689344253 700.7987474035197 684.5583605100772
147.0 16.0710859974153 699.3535656016202 683.2824796042049
150.0 15.96327071443395 693.2076591955841 677.2443884811501
153.0 16.0016374070833 697.2910360252024 681.2893986181191
156.0 15.89057540566282 695.2284423675104 679.3378669618475
159.0 15.90148660935503 698.2834187679841 682.3819321586291
162.0 15.62983409286477 686.5145780670543 670.8847439741895
165.0 15.7660342580844 694.2578430924734 678.491808834389
168.0 15.54674712794897 688.3343041229441 672.7875569949952
171.0 15.4249329897758 687.4633032109172 672.0383702211414
174.0 15.27355526814387 682.4246949699171 667.1511397017733
177.0 15.33819357710786 685.7743980017845 670.4362044246767
180.0 15.27094374626105 686.9839576407576 671.7130138944965
183.0 14.88453464931565 671.6671296528186 656.7825950035029
186.0 14.99282449805243 679.1393499021781 664.1465254041257
189.0 14.85284863843653 675.6530163129341 660.8001676744975
192.0 14.78920225225008 673.643455535623 658.8542532833729
195.0 14.5149128903323 662.2720918599945 647.7571789696622
198.0 13.82041366698811 628.7269452426031 614.906531575615
201.0 14.47073672014841 665.7878952659961 651.3171585458476
204.0 14.34826709812742 664.6263109158345 650.2780438177071
207.0 14.22710142766249 664.8098185302944 650.5827171026319
210.0 14.09501001960875 659.1411424873266 645.0461324677178
213.0 14.32997306948963 668.3194321922957 653.9894591228061
216.0 14.11493027175452 663.8751938846951 649.7602636129405
219.0 13.97845671269641 657.7731865835428 643.7947298708464
222.0 13.90167051807216 655.5746808622517 641.6730103441795
225.0 13.94345238948144 662.6396591054726 648.6962067159911
228.0 13.61427256186335 650.1550099168486 636.5407373549852
231.0 13.59530603333265 653.1818896606142 639.5865836272816
234.0 13.59816577760048 658.3424940006478 644.7443282230474
237.0 13.38496007155523 648.9380590679932 635.5530989964379
240.0 13.43121966482125 655.1335073576105 641.7022876927892
243.0 13.33887173783281 652.2535250611512 638.9146533233184
246.0 13.19383593558498 649.3452834834547 636.1514475478697
249.0 13.00640482811965 649.2897927316487 636.283387903529
252.0 12.7615518122212 645.6836748963872 632.922123084166
255.0 12.41172337351368 633.6744589705073 621.2627355969936
258.0 12.53906171548387 645.6040464956026 633.0649847801187
261.0 12.28684765101557 642.2586104532091 629.9717628021936
264.0 12.27653138533917 642.9813897072567 630.7048583219175
267.0 12.10570277697798 643.2336836735754 631.1279808965974
270.0 11.84363755149733 636.8268364414817 624.9831988899843
273.0 11.53193188507247 630.5526869567312 619.0207550716587
276.0 11.48536377895974 635.1767253095709 623.6913615306112
279.0 11.27381899891448 632.6993286566591 621.4255096577446
282.0 11.16289150497762 630.7611918320775 619.5983003270999
285.0 11.08455105831299 634.5434012492181 623.4588501909052
288.0 10.7970288493171 631.4873480028486 620.6903191535315
291.0 10.52031735063318 625.3793620196151 614.859044668982
294.0 10.37044936375398 625.1657536205961 614.7953042568422
297.0 10.18039063861264 624.2162683515285 614.0358777129159
300.0 10.03456197448269 624.3325010702901 614.2979390958074
303.0 9.816297387630664 621.9486973960347 612.132400008404
306.0 9.661785820052798 622.8230938141056 613.1613079940528
309.0 9.345764749697966 615.835421237551 606.4896564878531
312.0 9.171424358090417 614.9831037238023 605.8116793657118
315.0 8.931909839662705 611.5959163444205 602.6640065047578
318.0 8.811774097308993 614.070746062605 605.258971965296
321.0 8.51051405996983 607.9847352590433 599.4742211990735
324.0 8.34292985034732 608.4623404141002 600.1194105637529
327.0 8.119965908908321 607.5184931335058 599.3985272245974
330.0 7.88053187963493 603.8695481441957 595.9890162645607
333.0 7.671020723576402 601.1714275266925 593.5004068031161
336.0 7.463483776552362 599.5383811417841 592.0748973652317
339.0 7.289367029941686 599.7429469611465 592.4535799312048
342.0 7.064103257396704 596.3725488887675 589.3084456313708
345.0 6.882956885857715 596.8737590610616 589.9908021752039
348.0 6.669896054712325 594.744736042422 588.0748399877096
351.0 6.458375734235019 593.2527004628908 586.7943247286558
354.0 6.238385589696638 589.8039628004827 583.5655772107861
357.0 6.028900845622012 589.7529294319093 583.7240285862873
360.0 5.833080059549913 587.2987275662482 581.4656475066983
363.0 5.637195164620085 585.2781718980163 579.6409767333962
366.0 5.428107794572526 583.2949940074968 577.8668862129243
369.0 5.254555753177174 582.6884875161989 577.4339317630218
372.0 5.00361519061616 579.5375225555287 574.5339073649125
375.0 4.830384331189116 579.092897390295 574.2625130591059
378.0 4.63957377870334 577.8949072507508 573.2553334720475
381.0 4.456402131975742 576.554171551955 572.0977694199793
384.0 4.258810393680707 574.2474205317079 569.9886101380271
387.0 4.046484939241107 571.7386776458819 567.6921927066408
390.0 3.841967982613081 570.0103820810311 566.1684140984181
393.0 3.673395997180491 569.0324892922332 565.3590932950527
396.0 3.480862260757272 567.3717559065925 563.8908936458352
399.0 3.281101115954304 565.2033947587395 561.9222936427852
402.0 3.120996006710848 564.177993932279 561.0569979255682
405.0 2.916004316743173 561.8962197576748 558.9802154409316
408.0 2.755467113144632 560.9827522446489 558.2272851315043
411.0 2.548979441084433 558.6618850897838 556.1129056486994
414.0 2.38784192955328 557.6075660288153 555.219724099262
417.0 2.214035176102909 555.9102490347268 553.6962138586239
420.0 2.045764545745451 554.7099689127133 552.6642043669679
423.0 1.865460876392739 552.6592925302239 550.7938316538311
426.0 1.715589372924707 551.6177501421491 549.9021607692244
429.0 1.547922598273149 550.0623416001544 548.5144190018813
432.0 1.394285766217548 548.6045158670504 547.2102301008328
435.0 1.23801068455977 547.0866315802613 545.8486208957015
438.0 1.098029742715679 545.7128908624306 544.6148611197149
441.0 0.9451478017120693 544.0391448940482 543.0939970923361
444.0 0.8244332008820616 542.9353869936163 542.1109537927343
447.0 0.6971646166641598 541.5221754026491 540.825010785985
450.0 0.5818875813378396 540.3206019782911 539.7387143969532
453.0 0.4764481139061987 538.9337257387181 538.4572776248119
456.0 0.3772943939481357 537.7246142143444 537.3473198203962
459.0 0.2874174610465362 536.4322073141138 536.1447898530672
462.0 0.2091395437548637 535.2305163399447 535.0213767961899
465.0 0.1380482823810929 533.86467232301 533.7266240406289
468.0 0.08878490133188992 532.7918365917498 532.7030516904179
471.0 0.04717382744170019 531.5543855524517 531.50721172501
474.0 0.01884364243918814 530.2910976338058 530.2722539913666
477.0 0.005088172664006768 529.0142153002674 529.0091271276034
480.0 0 527.6179288266956 527.6179288266956
483.0 0.02711041729379746 526.4517460919991 526.4246356747053
486.0 0.06280813224845481 525.1218799084352 525.0590717761868
489.0 0.120072032858843 523.9134221196075 523.7933500867487
492.0 0.1904868378511571 522.3653806938982 522.1748938560471
495.0 0.2730813844796801 520.8407867892179 520.5677054047382
498.0 0.3792221432106251 519.1353183018002 518.7560961585895
501.0 0.5214178347555388 517.6618093401309 517.1403915053754
504.0 0.6662868262225711 515.4108413244698 514.7445544982473
507.0 0.8545468621105119 513.4548455705842 512.6002987084737
510.0 1.069540675980422 511.5723950199931 510.5028543440126
513.0 1.277187384798312 508.2930566232831 507.0158692384848
516.0 1.540304212906588 506.0528380948349 504.5125338819283
519.0 1.835084710379127 502.6420647715991 500.80698006122
522.0 2.149041281357283 500.6907713232183 498.541730041861
525.0 2.500511190658044 496.6053663356794 494.1048551450214
528.0 2.863197082362914 492.9936522419921 490.1304551596292
531.0 3.22736770646328 489.9036623557778 486.6762946493145
534.0 3.758385861287308 487.4290415136183 483.670655652331
537.0 4.132564251902407 482.557809888515 478.4252456366126
540.0 4.820217709436411 480.2949055605038 475.4746878510674
543.0 5.275525693824908 473.1482079049525 467.8726822111276
546.0 6.036170440000243 467.7766857996066 461.7405153596064
549.0 6.876463997628606 470.3962813740478 463.5198173764191
552.0 7.649348251825805 444.4961857943452 436.8468375425194
555.0 8.460929736486201 464.7767016104335 456.3157718739473
558.0 8.332634609119904 442.1656791393135 433.8330445301936
561.0 13.20719364935737 395.6289452705401 382.4217516211827
564.0 12.40199452598967 410.9527582272935 398.5507637013038
567.0 15.81205659513143 376.663589751519 360.8515331563876
570.0 18.33309627844596 362.5332501633198 344.2001538848739
573.0 18.1807660353326 364.0934707179768 345.9127046826442
576.0 19.4867940132752 361.7218474704407 342.2350534571655
579.0 26.58305384799088 329.7164989517695 303.1334451037786
582.0 39.81024406974935 277.6565755146567 237.8463314449073
585.0 56.17720743206849 232.4974826630979 176.3202752310294
588.0 57.33322834903415 231.4203355758054 174.0871072267713
591.0 67.50659701559278 205.722137 138.2155399844072
