0.0 19.12635915325211 773.4405648676699 754.3142057144177
3.0 17.52823727485906 772.7204781317851 755.192240856926
6.0 16.60080447799859 770.3796960675808 753.7788915895822
9.0 16.03231119557415 768.7411897397326 752.7088785441584
12.0 15.62269302449784 766.8306292838193 751.2079362593214
15.0 15.36216253776857 766.1229908925033 750.7608283547348
18.0 15.11739998389553 763.575235945393 748.4578359614975
21.0 14.95758206641667 762.3091448521322 747.3515627857155
24.0 14.81937708500532 760.779584723289 745.9602076382837
27.0 14.69808596881904 759.7142472881249 745.0161613193059
30.0 14.57664417382731 757.8799230404998 743.3032788666725
33.0 14.4753638785717 756.9808644672448 742.5055005886731
36.0 14.38798312492562 755.8959761361796 741.507993011254
39.0 14.29628660402751 754.2801266388352 739.9838400348077
42.0 14.21437368855734 753.0241719707573 738.8097982822
45.0 14.13576065232017 751.3922085723999 737.2564479200797
48.0 14.07470351637709 750.4434317882397 736.3687282718626
51.0 13.99287627061749 748.5426911678392 734.5498148972217
54.0 13.92807816272082 746.6337259172821 732.7056477545613
57.0 13.86749464492135 744.5898705324115 730.7223758874902
60.0 13.84457374210176 743.9302951215844 730.0857213794826
63.0 13.79421966310211 741.6080415418166 727.8138218787145
66.0 13.78682456521682 740.4037217926641 726.6168972274472
69.0 13.78202334358294 738.8991304682533 725.1171071246704
72.0 13.76818593216521 737.1045534289765 723.3363674968113
75.0 13.7804413130773 736.3546424527594 722.5742011396821
78.0 13.77621355833991 733.8846558034187 720.1084422450788
81.0 13.78374988572561 731.7150198418146 717.931269956089
84.0 13.82351687726164 731.3854166776444 717.5618998003827
87.0 13.83426769796004 729.2755596300175 715.4412919320575
90.0 13.86419239121469 727.2375867214271 713.3733943302124
93.0 13.90527258789848 725.3644507650521 711.4591781771536
96.0 13.96308161514834 723.4596146947568 709.4965330796084
99.0 14.03371499983812 721.3890092226252 707.3552942227871
102.0 14.15405947108905 720.5287449383075 706.3746854672185
105.0 14.27513906232667 719.1825060353814 704.9073669730547
108.0 14.37513416227129 716.0788350079598 701.7037008456885
111.0 14.5818370419902 716.9515211673074 702.3696841253172
114.0 14.69784246122829 715.4255640655673 700.7277216043391
117.0 14.79649932274866 712.4188149882559 697.6223156655072
120.0 14.93336230566181 711.9486698271628 697.015307521501
123.0 15.0934810084049 710.5573797388006 695.4638987303957
126.0 15.19688581994517 710.6822611387544 695.4853753188093
129.0 15.27349300496994 709.9841107705542 694.7106177655842
132.0 15.31632038182049 707.7445157052156 692.4281953233951
135.0 15.43442416203592 710.033458584338 694.5990344223021
138.0 15.3606648084816 705.5136823644994 690.1530175560178
141.0 15.29225556788936 702.5574447211409 687.2651891532516
144.0 15.39143907885278 704.7308784836141 689.3394394047613
147.0 15.23127399980668 702.4739040675375 687.2426300677309
150.0 15.15257027904131 697.5813228608056 682.4287525817643
153.0 15.17159645305393 700.7629590464898 685.5913625934359
156.0 15.0711654765519 698.6713127044199 683.600147227868
159.0 15.0679707346247 700.8723286345842 685.8043578999595
162.0 14.85352868716516 690.878965129019 676.0254364418538
165.0 14.95159452551481 697.5305372747781 682.5789427492633
168.0 14.76237076186027 691.8922605212603 677.1298897594
171.0 14.64537572544209 690.7339947690357 676.0886190435937
174.0 14.51903252999908 686.1910944576719 671.6720619276729
177.0 14.56741546484876 689.006891360308 674.4394758954592
180.0 14.49467882544893 689.6946061045468 675.1999272790978
183.0 14.18306643323351 676.506199435164 662.3231330019305
186.0 14.2557458646513 682.4582737672414 668.2025279025901
189.0 14.13171065850061 679.7293264887545 665.5976158302539
192.0 14.07848260739554 677.7497350640255 663.67125245663
195.0 13.85803373969441 668.5725970153958 654.7145632757014
198.0 13.32767748053259 640.0789747997067 626.7512973191741
201.0 13.79957264953034 670.3213415240351 656.5217688745047
204.0 13.68224245177966 669.3061737912181 655.6239313394385
207.0 13.56287885194203 668.2624051346073 654.6995262826652
210.0 13.45810716647246 663.5277299608594 650.0696227943869
213.0 13.64785723985719 671.5716674661273 657.9238102262701
216.0 13.45553844383152 667.1672081757232 653.7116697318917
219.0 13.34954539738763 661.7070598817178 648.3575144843301
222.0 13.28238296877864 660.16120437839 646.8788214096114
225.0 13.29083365439239 665.5504984072131 652.2596647528207
228.0 13.02328417025612 654.5391137150585 641.5158295448024
231.0 12.98966635613328 656.9084753015268 643.9188089453935
234.0 12.96698605906396 661.2062415600185 648.2392555009546
237.0 12.79933575595299 653.2816241973309 640.4822884413779
240.0 12.81541901352683 658.3798048437555 645.5643858302287
243.0 12.73687644403861 655.9438807719078 643.2070043278692
246.0 12.60603194448587 653.3174356848029 640.711403740317
249.0 12.41909945882546 652.8075099192469 640.3884104604215
252.0 12.19327745809635 648.8834008272228 636.6901233691265
255.0 11.89872825765965 639.6487776234032 627.7500493657436
258.0 11.97011213119063 648.7671128676582 636.7970007364676
261.0 11.73461227412031 645.4187191702534 633.6841068961331
264.0 11.71909790889302 646.5702718380622 634.8511739291692
267.0 11.5474685341895 646.2950773592318 634.7476088250423
270.0 11.31652864287866 640.6316906667966 629.3151620239179
273.0 11.03518370758509 635.0297825637271 623.994598856142
276.0 10.96637590983319 638.5633006666822 627.596924756849
279.0 10.76628124374757 636.3671003238867 625.6008190801392
282.0 10.66367363744639 634.9706709692858 624.3069973318394
285.0 10.56742857714025 637.6926657421888 627.1252371650486
288.0 10.29525827748765 634.4926663548814 624.1974080773938
291.0 10.04739014164082 629.3412296229552 619.2938394813143
294.0 9.898201301049529 628.9929678284901 619.0947665274406
297.0 9.713179213310861 627.7157205893658 618.0025413760549
300.0 9.566565035707083 627.6040886785232 618.0375236428161
303.0 9.359419395943382 625.4237653392018 616.0643459432584
306.0 9.200688693593204 625.8112100269563 616.6105213333631
309.0 8.917755118160823 619.8722547352495 610.9544996170887
312.0 8.747338237239385 618.930103405986 610.1827651687466
315.0 8.524284920341232 615.7412198209596 607.2169349006184
318.0 8.392125903456052 617.4888368053199 609.0967109018639
321.0 8.1192985344395 612.4013107776133 604.2820122431738
324.0 7.949861206298836 612.3005820720648 604.350720865766
327.0 7.731736697012583 611.0186417269174 603.2869050299048
330.0 7.509930478520407 607.6537595012349 600.1438290227145
333.0 7.312998065259346 605.2575663287022 597.9445682634429
336.0 7.112969480306027 603.6835306168946 596.5705611365886
339.0 6.937981771949835 603.4652425951965 596.5272608232467
342.0 6.727805230558265 600.7598477059592 594.0320424754009
345.0 6.545211161641041 600.4736300209574 593.9284188593164
348.0 6.342013566417 598.5114684167709 592.1694548503539
351.0 6.137802470992711 596.8785502653434 590.7407477943507
354.0 5.933669375371391 593.9861930535011 588.0525236781297
357.0 5.724853016509557 593.3881956125932 587.6633425960836
360.0 5.540941891753449 591.0449945602738 585.5040526685204
363.0 5.354094968342428 589.3026929180522 583.9485979497097
366.0 5.154190025747574 587.4549784993901 582.3007884736425
369.0 4.983961205604512 586.4991914496717 581.5152302440672
372.0 4.748443572733652 583.4385181305611 578.6900745578275
375.0 4.577256250005304 582.7780167960279 578.2007605460226
378.0 4.392070022897492 581.5118336770233 577.1197636541258
381.0 4.215418212169019 580.0727712675086 575.8573530553396
384.0 4.028668860564671 577.9573239580726 573.928655097508
387.0 3.828562885602714 575.5153061376196 571.6867432520169
390.0 3.632435950056317 573.7279985872977 570.0955626372414
393.0 3.468475052169525 572.6583045261057 569.1898294739362
396.0 3.284029675957273 570.9400449357828 567.6560152598255
399.0 3.094725005419268 568.8311496480288 565.7364246426095
402.0 2.939450252003016 567.7452002569879 564.8057500049849
405.0 2.745581958840812 565.4952390544965 562.7496570956557
408.0 2.589476982285305 564.4475462848498 561.8580693025645
411.0 2.394394169647055 562.1293015021972 559.7349073325501
414.0 2.238332248357748 560.9797041478262 558.7413718994685
417.0 2.072745547971698 559.282277138742 557.2095315907703
420.0 1.910378696959543 557.9596754358161 556.0492967388566
423.0 1.740099004248568 555.9334321052285 554.19333310098
426.0 1.595338478453974 554.7826908747321 553.1873523962781
429.0 1.435384787427479 553.144581821466 551.7091970340385
432.0 1.288881739466973 551.650223514612 550.361341775145
435.0 1.14013581155766 550.0647626172232 548.9246268056656
438.0 1.006960426206117 548.6358104328237 547.6288500066176
441.0 0.8624747626812434 546.8919026419726 546.0294278792914
444.0 0.747330381716906 545.6905737751335 544.9432433934166
447.0 0.6271255349867847 544.2297931771869 543.6026676422001
450.0 0.517956139289311 542.9358503407298 542.4178942014405
453.0 0.4195234847120036 541.5127785019912 541.0932550172791
456.0 0.3265419092353259 540.2351675897278 539.9086256804925
459.0 0.2432991705788685 538.8867048556119 538.643405685033
462.0 0.1713032035621928 537.6026981845625 537.4313949810003
465.0 0.1072303026986361 536.2218221362326 536.114591833534
468.0 0.06363737507944728 535.0919084815488 535.0282711064693
471.0 0.02856578765144302 533.820109703101 533.7915439154496
474.0 0.006955384395037456 532.5334024308848 532.5264470464898
477.0 0 531.2586089803905 531.2586089803905
480.0 0.002300656150435759 529.8993136608507 529.8970130047002
483.0 0.03578745301523772 528.7525936154063 528.716806162391
486.0 0.07868936090711331 527.4778339592911 527.399144598384
489.0 0.1427030228963888 526.2943951787964 526.1516921559
492.0 0.2215711330704552 524.8429580085006 524.6213868754302
495.0 0.3126205432419692 523.3932925418216 523.0806719985797
498.0 0.4281031364642931 521.8398041745681 521.4117010381038
501.0 0.5787554353713382 520.4580245258259 519.8792690904546
504.0 0.7358030589632276 518.4738440685279 517.7380410095647
507.0 0.9349831651938061 516.7509964512925 515.8160132860987
510.0 1.160631007132411 515.1054287648639 513.9447977577315
513.0 1.386182314202148 512.1614579277061 510.7752756135039
516.0 1.662025763766203 510.2020199541644 508.5399941903982
519.0 1.975663671814526 507.2128745297842 505.2372108579697
522.0 2.30127589940798 505.466013621553 503.164737722145
525.0 2.675745964268186 501.7382930276527 499.0625470633845
528.0 3.058809244892303 498.5266260163943 495.467816771502
531.0 3.441481303120047 495.4971547107547 492.0556734076347
534.0 3.986970951107123 493.6634961236354 489.6765251725283
537.0 4.390031482291808 488.6198476839818 484.22981620169
540.0 5.09359207356259 486.3369101025499 481.2433180289873
543.0 5.589087053020222 479.5729455336071 473.9838584805869
546.0 6.38241674275181 474.3945572393536 468.0121404966018
549.0 7.209125868872693 478.3791694779458 471.1700436090731
552.0 8.143630973190836 445.9353720257048 437.7917410525139
555.0 8.833949243567566 472.1061023883924 463.2721531448248
558.0 8.845581930852406 442.7260607600828 433.8804788292304
561.0 13.99759309282284 396.1746368092112 382.1770437163884
564.0 13.10506018744309 411.6041107543618 398.4990505669187
567.0 16.71981953792019 376.8517388642934 360.1319193263732
570.0 19.33102039631028 362.6053014952806 343.2742810989703
573.0 19.16953491402138 364.1347582910892 344.9652233770678
576.0 20.49551847400002 361.7219288373656 341.2264103633655
579.0 27.80275559208684 329.7175209443474 301.9147653522605
582.0 41.38220187222676 277.6621920575258 236.2799901852991
585.0 58.08106450090569 232.5310524048392 174.4499879039335
588.0 59.24918672620749 231.4348201648853 172.1856334386778
591.0 69.61614642090206 205.722137 136.1059905790979
