0.0 11.69932753893836 795.6768888970767 783.9775613581384
3.0 10.06853036752181 794.8976293372414 784.8290989697196
6.0 9.187510956108366 792.7842024211272 783.5966914650189
9.0 8.65326695569267 791.2059002124566 782.5526332567639
12.0 8.289571676607573 789.4518425038184 781.1622708272108
15.0 8.055434530005924 788.1910170150361 780.1355824850302
18.0 7.878448360285999 786.177088132644 778.298639772358
21.0 7.754641131949165 784.8593870955308 777.1047459635816
24.0 7.653465835113411 783.6504577416035 775.9969919064901
27.0 7.571169986417952 782.3423779735683 774.7712079871503
30.0 7.497448433826733 780.943639752514 773.4461913186873
33.0 7.431499666437422 779.6526501619006 772.2211504954632
36.0 7.377147347700103 778.4871750902836 771.1100277425835
39.0 7.331470960649144 777.1134651196577 769.7819941590085
42.0 7.293069846031713 775.6714893406743 768.3784194946426
45.0 7.261615091579351 774.2537038808927 766.9920887893133
48.0 7.236146006391786 772.9546541084144 765.7185081020226
51.0 7.209780316503487 771.2666163198305 764.056836003327
54.0 7.198702236197315 769.7412813384275 762.5425791022302
57.0 7.195279345752789 768.0511450494433 760.8558657036905
60.0 7.209775796174831 766.6680004838096 759.4582246876348
63.0 7.224801278177152 764.8525859910839 757.6277847129067
66.0 7.260785946886972 763.4347735134599 756.1739875665729
69.0 7.304604525608685 761.9749467874741 754.6703422618654
72.0 7.349293038912753 760.2029268746288 752.8536338357161
75.0 7.402008840805601 758.7491286247209 751.3471197839153
78.0 7.465755210797534 756.995254444612 749.5294992338145
81.0 7.531427911669227 755.3933865554978 747.8619586438286
84.0 7.608622137572427 753.9050199648239 746.2963978272515
87.0 7.681723163323862 752.1082232101327 744.4265000468089
90.0 7.776046041573642 750.3097656938758 742.5337196523022
93.0 7.883129500147858 748.4316154668464 740.5484859666985
96.0 8.001366055161998 746.6793883743342 738.6780223191722
99.0 8.138345501209013 744.8427012656142 736.7043557644052
102.0 8.305604361029324 743.3421957013119 735.0365913402826
105.0 8.479903516382927 741.741315768036 733.2614122516531
108.0 8.656763586811013 739.9747409394705 731.3179773526595
111.0 8.869636369699438 739.4269721497694 730.5573357800699
114.0 9.049974585979341 737.5098349005128 728.4598603145335
117.0 9.226701077405543 735.8727207407979 726.6460196633923
120.0 9.397649013799405 734.5916635774556 725.1940145636562
123.0 9.5994205634436 733.8786216267621 724.2792010633185
126.0 9.728203327789219 732.6346431764964 722.9064398487072
129.0 9.837446551935811 731.5601323778985 721.7226858259627
132.0 9.928999155508129 730.6201923191412 720.6911931636331
135.0 10.01650771543325 730.757594159369 720.7410864439357
138.0 10.03537093866088 729.1319248158289 719.096553877168
141.0 10.05276825738718 726.8031531614013 716.7503849040141
144.0 10.09067248114576 728.058503452413 717.9678309712672
147.0 10.04422251374644 723.9742472030372 713.9300246892907
150.0 10.04815077251549 722.7348895058988 712.6867387333834
153.0 10.02508518465108 722.6142410038354 712.5891558191843
156.0 9.984884247262698 720.9606522746097 710.975768027347
159.0 9.978204529182721 719.4461444959644 709.4679399667817
162.0 9.944867176672866 717.0813813946545 707.1365142179816
165.0 9.931410849581381 717.8181973211175 707.8867864715361
168.0 9.879181200257098 714.8184141582116 704.9392329579545
171.0 9.820128216877878 712.4451465273846 702.6250183105067
174.0 9.793536445611401 710.5286692679464 700.735132822335
177.0 9.790445729816472 711.1221856482822 701.3317399184657
180.0 9.740104070003913 709.2059954484604 699.4658913784565
183.0 9.679739324308634 705.3929823247141 695.7132430004055
186.0 9.67711754801891 705.1094388601496 695.4323213121307
189.0 9.603463826630917 703.7920791923373 694.1886153657064
192.0 9.609527802664808 702.1270468193752 692.5175190167104
195.0 9.550298342907003 699.3409086789008 689.7906103359938
198.0 9.474071908580243 694.1273863025398 684.6533143939596
201.0 9.51991490391164 697.3200908822427 687.800175978331
204.0 9.442879250788528 695.4780407673472 686.0351615165587
207.0 9.405051292763342 692.65559319908 683.2505419063166
210.0 9.387313231491856 691.241727489109 681.8544142576172
213.0 9.425942131360743 693.0640818730441 683.6381397416834
216.0 9.361023957898728 689.582422959516 680.2213990016173
219.0 9.368610448159739 687.6792491647719 678.3106387166121
222.0 9.324370137046459 686.922655700164 677.5982855631175
225.0 9.27643450390533 686.2250386249539 676.9486041210486
228.0 9.231959360605486 682.4831541156797 673.2511947550742
231.0 9.170765006594894 682.1110644304111 672.9402994238162
234.0 9.094817311886718 681.3097452242439 672.2149279123572
237.0 9.0741838269136 679.0345413946106 669.960357567697
240.0 9.003240194761957 679.8234692605887 670.8202290658268
243.0 8.9767885106218 678.6634650163914 669.6866765057696
246.0 8.890772562513017 678.1909414144034 669.3001688518904
249.0 8.757454787801293 675.3758681896479 666.6184134018466
252.0 8.660207278715631 671.7087575716776 663.048550292962
255.0 8.490011710994891 670.4579344679232 661.9679227569283
258.0 8.443118271624794 670.7865880273942 662.3434697557694
261.0 8.302790200423151 668.0622666226158 659.7594764221927
264.0 8.247034620869379 668.6109337376953 660.363899116826
267.0 8.103730080825144 667.2803598292857 659.1766297484605
270.0 7.99587528836213 664.6396612513285 656.6437859629664
273.0 7.835603878071215 661.853742229589 654.0181383515178
276.0 7.728687297653663 661.3618778444892 653.6331905468356
279.0 7.576607618994394 660.0291950454908 652.4525874264964
282.0 7.499639734890696 659.0685452875759 651.5689055526852
285.0 7.378025721491124 658.4803561014015 651.1023303799104
288.0 7.204996912159344 655.3467965626553 648.141799650496
291.0 7.053990357805272 653.407038443094 646.3530480852887
294.0 6.927625678514425 652.224146887911 645.2965212093966
297.0 6.789513133854845 650.5935094078548 643.8039962739999
300.0 6.657941327077521 649.6039869424493 642.9460456153718
303.0 6.50506182375004 647.9122681958818 641.4072063721317
306.0 6.364064087893721 646.4413163222602 640.0772522343665
309.0 6.202809846880622 643.7868731360901 637.5840632892095
312.0 6.060242644272818 642.7309168800983 636.6706742358255
315.0 5.915663140447359 640.6166204397749 634.7009572993276
318.0 5.77644749237064 639.5089745240459 633.7325270316752
321.0 5.60624905919493 637.0984260262402 631.4921769670452
324.0 5.461318868317466 635.8533809909546 630.3920621226371
327.0 5.294217802606203 633.9163551797069 628.6221373771007
330.0 5.152557549577055 631.8555436575057 626.7029861079286
333.0 5.013681385764263 630.1052107513163 625.091529365552
336.0 4.860147070921765 628.4213262829029 623.5611792119811
339.0 4.713614155189253 626.8693672508709 622.1557530956816
342.0 4.556892847097336 625.3527350603866 620.7958422132893
345.0 4.411369175013413 623.6843587544518 619.2729895794384
348.0 4.259761604107867 621.9772210686783 617.7174594645704
351.0 4.108375808189575 620.1395472879688 616.0311714797793
354.0 3.966134006755905 618.4249479251043 614.4588139183484
357.0 3.8006163160921 616.4417379476679 612.6411216315758
360.0 3.672436144990289 614.9801962958563 611.307760150866
363.0 3.530574039849753 613.3843341174101 609.8537600775604
366.0 3.381688786668167 611.6156359465701 608.2339471599019
369.0 3.253237625765132 609.9905572916481 606.7373196658829
372.0 3.09703844102458 607.7889995983709 604.6919611573463
375.0 2.960599523622491 606.1533487611522 603.1927492375297
378.0 2.816501287104146 604.5728042617467 601.7563029746425
381.0 2.686822595385976 602.9045618948199 600.2177392994339
384.0 2.554434220106649 601.207586458767 598.6531522386604
387.0 2.420473106559578 599.224175923787 596.8037028172275
390.0 2.278826578440444 597.3926907844277 595.1138642059872
393.0 2.153765553066041 595.8279064249762 593.6741408719102
396.0 2.021705235991762 594.0552752462924 592.0335700103007
399.0 1.892284141832739 592.1313375527074 590.2390534108747
402.0 1.774131484300288 590.6721175945618 588.8979861102615
405.0 1.64397811097168 588.6873187676102 587.0433406566385
408.0 1.526778810924522 587.1538275875767 585.6270487766522
411.0 1.399837841963223 584.9985353694342 583.598697527471
414.0 1.285232040174224 583.3758907846543 582.0906587444801
417.0 1.170560804945955 581.6587217003304 580.4881608953844
420.0 1.055724190932484 579.8525007172909 578.7967765263584
423.0 0.9447514263127949 577.9553124297143 577.0105610034015
426.0 0.8417264465271297 576.3399898169353 575.4982633704081
429.0 0.7368364758879816 574.3936257662678 573.6567892903798
432.0 0.6388824579973496 572.6645358163629 572.0256533583656
435.0 0.5433276199389524 570.7791892645954 570.2358616446565
438.0 0.458242948373641 569.0511663397524 568.5929233913788
441.0 0.3722554700105493 567.0191885592152 566.6469330892047
444.0 0.3010779249598266 565.3734734174428 565.0723954924829
447.0 0.2307004214575669 563.5863048909405 563.3556044694829
450.0 0.1699298442798452 561.7686519212242 561.5987220769443
453.0 0.120374890368672 560.0338412886682 559.9134663982996
456.0 0.07374850906236811 558.3285795758027 558.2548310667403
459.0 0.039322417176889 556.5636301938593 556.5243077766824
462.0 0.01588840876009442 554.7790311398444 554.7631427310843
465.0 0 553.0774701193105 553.0774701193105
468.0 0.0001165746766371156 551.4602141995855 551.4600976249089
471.0 0.01152696401378588 549.824251804053 549.8127248400392
474.0 0.03695748166993108 548.1795447754229 548.142587293753
477.0 0.07591353169750201 546.5973786852627 546.5214651535652
480.0 0.1263915015641749 544.9544340595865 544.8280425580223
483.0 0.2014888123464446 543.5685037880155 543.367014975669
486.0 0.2890451929797753 542.1183227221869 541.8292775292072
489.0 0.3967616943703326 540.7123870061114 540.3156253117411
492.0 0.5248416963266014 539.2069724848995 538.6821307885729
495.0 0.6661541975268436 537.6792995050618 537.013145307535
498.0 0.832171815175724 536.2258305971521 535.3936587819764
501.0 1.030875399402135 534.8827333784215 533.8518579790194
504.0 1.24567843057605 533.4600479085653 532.2143694779893
507.0 1.496691678063698 532.2107905124437 530.71409883438
510.0 1.773187530733599 530.9915871819276 529.218399651194
513.0 2.079361445252829 529.2513097937929 527.1719483485401
516.0 2.414203700417524 527.9346041275354 525.5204004271178
519.0 2.804287094225043 526.6240838264021 523.819796732177
522.0 3.188888599581262 525.192184265443 522.0032956658617
525.0 3.664387026209184 523.3263622221098 519.6619751959006
528.0 4.132148296336015 521.8879248567023 517.7557765603662
531.0 4.61690873927925 519.4104212578618 514.7935125185825
534.0 5.19564387009989 519.8423604272011 514.6467165571012
537.0 5.75673960327945 516.3728797296081 510.6161401263287
540.0 6.571378180295851 513.7008651743591 507.1294869940633
543.0 7.206079294080152 513.1744956860957 505.9684163920155
546.0 8.150537214057354 510.1300678921965 501.9795306781392
549.0 8.879727281479482 512.6785064679473 503.7987791864678
552.0 11.44230664246383 452.0964107183928 440.654104075929
555.0 10.94528678503511 493.9686966452189 483.0234098601838
558.0 12.34383068850346 444.9933744827995 432.649543794296
561.0 19.20381689546456 398.6887402382541 379.4849233427895
564.0 17.76992404050993 414.0317673475686 396.2618433070586
567.0 22.68451608135961 377.7509985804923 355.0664824991327
570.0 25.86375814833708 362.9212033350062 337.0574451866691
573.0 25.64838632046682 364.3430770357259 338.6946907152591
576.0 27.10170156317391 361.7221074521334 334.6204058889595
579.0 35.70989077748202 329.7207245997181 294.0108338222361
582.0 51.46112942129753 277.6866502115952 226.2255207902977
585.0 70.20372665776188 232.7024833598272 162.4987567020654
588.0 71.44848764954202 231.5072931933016 160.0588055437596
591.0 83.01075513782062 205.722137 122.7113818621794
