0.0 8.503185189602398 805.3920460818213 796.8888608922189
3.0 6.862041164071705 804.4112879910287 797.549246826957
6.0 5.996636793277832 802.4973371861449 796.500700392867
9.0 5.476949260917372 800.9015507240349 795.4246014631175
12.0 5.132319263043235 799.1788975295843 794.0465782665411
15.0 4.912879877997132 797.8555320527905 792.9426521747934
18.0 4.75991181699595 796.0403973163467 791.2804854993508
21.0 4.653130702031613 794.6573524628063 790.0042217607746
24.0 4.567696409790993 793.3912536707263 788.8235572609353
27.0 4.501994653946603 792.1342540047483 787.6322593508017
30.0 4.446097542750185 790.8083811691681 786.362283626418
33.0 4.39722414555069 789.5066861915155 785.1094620459648
36.0 4.358831373006628 788.2635459819704 783.9047146089638
39.0 4.331194794171753 786.9365529429166 782.6053581487449
42.0 4.31211326693883 785.514825818626 781.2027125516872
45.0 4.29964617867469 784.124122681101 779.8244765024263
48.0 4.292497090120382 782.7335675796127 778.4410704894923
51.0 4.288831320515032 781.0926956851871 776.803864364672
54.0 4.298366343563999 779.6104044933852 775.3120381498212
57.0 4.318064060079523 777.9565682160514 773.6385041559719
60.0 4.352390084820301 776.510990055202 772.1585999703817
63.0 4.392079852170115 774.789123641611 770.3970437894409
66.0 4.448664306367934 773.3078344650198 768.8591701586519
69.0 4.51333193219987 771.8428803994915 767.3295484672916
72.0 4.582961017956528 770.1088749168741 765.5259138989175
75.0 4.657044629199225 768.5880116893778 763.9309670601786
78.0 4.745031340167514 766.9568650367381 762.2118336965706
81.0 4.833860153038639 765.343875434262 760.5100152812234
84.0 4.933340317204011 763.7856354539902 758.8522951367862
87.0 5.032460482807137 761.9710171856866 756.9385567028795
90.0 5.152528178057471 760.2347650698294 755.0822368917719
93.0 5.286221612581751 758.4837426542893 753.1975210417076
96.0 5.430732983448102 756.6804994116741 751.249766428226
99.0 5.594687080235685 754.8941515000863 749.2994644198506
102.0 5.785101617545582 753.3964982453223 747.6113966277767
105.0 5.984377709423061 751.7438142818134 745.7594365723904
108.0 6.187515588361008 750.0501602205998 743.8626446322388
111.0 6.41282780044272 749.2456251375401 742.8327973370973
114.0 6.621300176123746 747.4813409738186 740.8600407976949
117.0 6.821083739520568 746.1124971585088 739.2914134189882
120.0 7.01380980291388 744.6079935266006 737.5941837236867
123.0 7.226269768757384 744.1584268069289 736.9321570381715
126.0 7.375150729328926 742.8012729386971 735.4261222093682
129.0 7.501364177200383 741.6568619295075 734.1554977523071
132.0 7.60668838311488 740.7535639320548 733.1468755489399
135.0 7.696312112657499 740.5218085312318 732.8254964185743
138.0 7.734346776188366 739.3501717919547 731.6158250157663
141.0 7.782619533921223 737.2427595544763 729.4601400205551
144.0 7.80899590911166 737.7383271367317 729.9293312276201
147.0 7.815209010848484 734.2243935093223 726.4091844984738
150.0 7.834555174930074 733.1678482266151 725.333293051685
153.0 7.818562156381116 732.2498507304148 724.4312885740337
156.0 7.799393242097283 730.7633541173155 722.9639608752183
159.0 7.81830330931015 728.6693257007974 720.8510223914872
162.0 7.806375574603328 727.7265405314328 719.9201649568294
165.0 7.793056126712785 727.0464058238341 719.2533496971213
168.0 7.775963729825108 724.8094677706569 717.0335040408318
171.0 7.749813739512669 722.3555010585791 714.6056873190664
174.0 7.74501313124009 721.0018982589124 713.2568851276723
177.0 7.738296024354628 720.9483203543943 713.2100243300397
180.0 7.71714729861209 718.6274660169684 710.9103187183563
183.0 7.6951435394781 716.6083594437576 708.9132159042795
186.0 7.704428272551058 715.2686025532194 707.5641742806683
189.0 7.649299143252645 713.7602618759139 706.1109627326613
192.0 7.677470852819327 712.2342141059355 704.5567432531162
195.0 7.652149760988951 709.9078973396986 702.2557475787096
198.0 7.630714244278269 706.7352023027262 699.104488058448
201.0 7.649867271281436 707.8336338991077 700.1837666278262
204.0 7.599063124533501 705.7814932581193 698.1824301335858
207.0 7.595705801480196 703.5738663467195 695.9781605452393
210.0 7.594291379980029 702.5336535172343 694.9393621372543
213.0 7.62061999326509 702.6658956335364 695.0452756402713
216.0 7.598774637817238 699.803501389955 692.2047267521377
219.0 7.627121532313128 698.6523709488057 691.0252494164926
222.0 7.59616886445169 697.3863731981216 689.7902043336699
225.0 7.562249707680595 696.0812138952069 688.5189641875263
228.0 7.557137507469687 693.9418026735631 686.3846651660934
231.0 7.504512525508159 692.9712594161396 685.4667468906314
234.0 7.446716477450704 691.1431377635845 683.6964212861338
237.0 7.451077419820474 689.6533074774674 682.2022300576469
240.0 7.375413614958315 689.4493344643256 682.0739208493673
243.0 7.362873416990645 688.5438720004275 681.1809985834368
246.0 7.279932840201375 688.3056239511838 681.0256911109824
249.0 7.18591073759805 685.2639874126283 678.0780766750302
252.0 7.131912342511266 682.5148888246091 675.3829764820978
255.0 6.974116298493037 681.4966361463625 674.5225198478694
258.0 6.929195640123776 680.9140408168364 673.9848451767126
261.0 6.82194376400601 678.5770545994069 671.7551108354009
264.0 6.763933438349218 678.2589191235635 671.4949856852142
267.0 6.637158610434762 676.9169040625766 670.2797454521418
270.0 6.559498779939559 674.9470720978468 668.3875733179072
273.0 6.433595678533677 672.3681864449211 665.9345907663875
276.0 6.334222270852984 671.6602801392618 665.3260578684089
279.0 6.198367957846661 670.3154829215502 664.1171149637036
282.0 6.136086044472915 669.0160455377511 662.8799594932782
285.0 6.02334582432529 668.1393028572422 662.1159570329169
288.0 5.889906698992758 665.2055443757748 659.3156376767821
291.0 5.76157687087247 663.5010150567004 657.7394381858279
294.0 5.650142420202801 662.3033140327852 656.6531716125824
297.0 5.531936597198573 660.786076479204 655.2541398820055
300.0 5.414130025752482 659.5240561221558 654.1099260964033
303.0 5.282506688905516 657.835670692359 652.5531640034534
306.0 5.162094930920158 656.0953373703437 650.9332424394236
309.0 5.031371632371603 653.975436138283 648.9440645059114
312.0 4.902063972883217 652.8241337341193 647.9220697612361
315.0 4.78328527274904 650.8989625674659 646.1156772947168
318.0 4.660886918961859 649.3507998631255 644.6899129441637
321.0 4.519739589370508 647.1961332942263 642.6763937048558
324.0 4.390303024088943 645.9176063510625 641.5273033269736
327.0 4.247532144414689 644.0107014894955 639.7631693450808
330.0 4.130230405699573 642.2523747300542 638.1221443243546
333.0 4.013556935785358 640.5127872628893 636.499230327104
336.0 3.881609086956662 638.7777156743969 634.8961065874402
339.0 3.755489193878839 637.121033216285 633.3655440224062
342.0 3.618347514116128 635.4773616216211 631.859014107505
345.0 3.493488971173465 633.8852194030649 630.3917304318915
348.0 3.363703149848527 632.133913762986 628.7702106131375
351.0 3.235349366743001 630.3479310913171 627.1125817245741
354.0 3.11480327586905 628.6321707228003 625.5173674469312
357.0 2.974654197905486 626.6511993203815 623.676545122476
360.0 2.864124879382762 625.2707741117905 622.4066492324077
363.0 2.742993129967339 623.6031904279415 620.8601972979742
366.0 2.617029926411036 621.7674707174662 619.1504407910551
369.0 2.509318043763537 620.147620370709 617.6383023269454
372.0 2.37970167978551 618.1780163007825 615.798314620997
375.0 2.265031460722308 616.4223101069668 614.1572786462445
378.0 2.141705634600055 614.7161714471254 612.5744658125254
381.0 2.033332101196472 613.0540587450191 611.0207266438226
384.0 1.922545096106082 611.3619210128772 609.4393759167711
387.0 1.813426112448036 609.4813899728224 607.6679638603744
390.0 1.694898687363225 607.6906422348263 605.995743547463
393.0 1.590520465761376 606.0316153879465 604.4410949221851
396.0 1.481225863974557 604.2485464447838 602.7673205808093
399.0 1.376342503911982 602.3724991786388 600.9961566747268
402.0 1.27759351682068 600.8007178662169 599.5231243493962
405.0 1.172613444137169 598.8802094501836 597.7075960060465
408.0 1.075602144845798 597.2752820261668 596.199679881321
411.0 0.9760891929933958 595.2155868510045 594.2394976580111
414.0 0.8831295411093502 593.4933004904969 592.6101709493875
417.0 0.790795068988133 591.7556350498839 590.9648399808957
420.0 0.7000622048265129 589.8615644739715 589.161502269145
423.0 0.6134886026111643 588.0120476971277 587.3985590945166
426.0 0.532311973273258 586.2718951163499 585.7395831430767
429.0 0.4531211090531954 584.3063534502438 583.8532323411906
432.0 0.3783176416111181 582.5010782517989 582.1227606101877
435.0 0.3079171697957395 580.5711508708634 580.2632337010676
438.0 0.2462383878401536 578.7527471036188 578.5065087157786
441.0 0.1874664376822378 576.6913323416452 576.503865903963
444.0 0.1389231334650149 574.9335096047557 574.7945864712907
447.0 0.09306278909601215 573.0463241224059 572.9532613333099
450.0 0.05758224632699087 571.1024419111531 571.0448596648261
453.0 0.03217622871986869 569.2554800368514 569.2233038081315
456.0 0.009560469592951981 567.4074356346943 567.3978751651013
459.0 0 565.5231683971292 565.5231683971292
462.0 0.002095793921580824 563.5841287014504 563.5820329075288
465.0 0.01067639701562491 561.7244720680382 561.7137956710226
468.0 0.03454234250084312 559.919103439381 559.8845610968802
471.0 0.06991126386594862 558.1226217878997 558.0527105240338
474.0 0.1197612393534123 556.2951730796299 556.1754118402765
477.0 0.1824993367227032 554.5226517459671 554.3401524092444
480.0 0.2577927740742574 552.6871799088103 552.429387134736
483.0 0.3545342551720208 551.09274740441 550.738213149238
486.0 0.4647839356033366 549.4363900692317 548.9716061336284
489.0 0.5946171618228744 547.864648659327 547.2700314975042
492.0 0.7465947431714269 546.1690010500021 545.4224063068306
495.0 0.9122579220879736 544.4565385602477 543.5442806381597
498.0 1.101932301750591 542.8150165508956 541.713084249145
501.0 1.322971885013846 541.3199045508128 539.9969326657989
504.0 1.560660631199876 539.8552668120584 538.2946061808585
507.0 1.833295091637265 538.4620361596032 536.628741067966
510.0 2.131408666261284 537.0936004900964 534.9621918238352
513.0 2.465049302755651 535.4544469257538 532.9893976229982
516.0 2.823239884929658 534.0477980244 531.2245581394704
519.0 3.235211021631558 532.9417794256842 529.7065684040526
522.0 3.646727350031691 531.2250080462135 527.5782806961818
525.0 4.152197110398389 529.6813114937061 525.5291143833077
528.0 4.644653174623908 528.4474965814128 523.8028434067889
531.0 5.170822867809425 525.8817309757668 520.7109081079573
534.0 5.749808173731209 526.5160328851217 520.7662247113905
537.0 6.363809515701095 523.3927603470546 517.0289508313535
540.0 7.221689384822007 521.5720782336606 514.3503888488386
543.0 7.861259061981948 522.4609215661325 514.5996625041505
546.0 8.870190832910607 517.7740491842263 508.9038583513157
549.0 9.56636503376523 522.0015817342465 512.4352167004813
552.0 13.05698242977312 453.7882111552704 440.7312287254973
555.0 11.96764681331579 496.2070677697399 484.2394209564241
558.0 14.07722736300274 445.5935039709035 431.5162766079007
561.0 21.67265348310807 399.4388369731921 377.766183490084
564.0 20.00785973913174 414.5551505333439 394.5472907942122
567.0 25.49495999078655 378.0342659960301 352.5393060052435
570.0 28.9250357691223 363.0129004946826 334.0878647255603
573.0 28.68713168840847 364.4150702151498 335.7279385267413
576.0 30.19739356654782 361.7221237637166 331.5247301971688
579.0 39.36813566939326 329.721269682377 290.3531340129838
582.0 56.05834678451101 277.6934641071352 221.6351173226241
585.0 75.68337231169633 232.7614869172437 157.0781146055474
588.0 76.96217827191424 231.5314689468854 154.5692906749712
591.0 89.04198353274863 205.722137 116.6801534672514
