0.0 8.305593836114986 805.9994282769344 797.6938344408194
3.0 6.663890463429385 805.00792332245 798.3440328590207
6.0 5.799377257683462 803.10390609729 797.3045288396066
9.0 5.280609409484777 801.5064106405073 796.2258012310225
12.0 4.937155107322709 799.7863368937156 794.8491817863929
15.0 4.718659688158961 798.4600659452786 793.7414062571196
18.0 4.567106473718592 796.6556637757282 792.0885573020096
21.0 4.461416518745955 795.2696729445577 790.8082564258117
24.0 4.376991875033803 794.0003195661947 789.6233276911609
27.0 4.312306554387367 792.7454010600144 788.4330945056271
30.0 4.25749232675365 791.4233557913175 787.1658634645639
33.0 4.209688801060399 790.1216712210884 785.911982420028
36.0 4.172326493803582 788.8746978074141 784.7023713136106
39.0 4.145798668572362 787.5497024187755 783.4039037502032
42.0 4.127914288922921 786.1295489287596 782.0016346398367
45.0 4.116623789888554 784.7397323037094 780.6231085138208
48.0 4.11065796786568 783.3448044625989 779.2341464947332
51.0 4.108389017082139 781.706995533811 777.5986065167288
54.0 4.119197584797144 780.2256896583512 776.1064920735541
57.0 4.140323402226117 778.5743142738435 774.4339908716174
60.0 4.175914522098121 777.125701228135 772.9497867060369
63.0 4.217106612075162 775.4084912498715 771.1913846377963
66.0 4.275005763180374 773.9239438781562 769.6489381149758
69.0 4.340979977474576 772.4581930142942 768.1172130368197
72.0 4.412147876825285 770.7275744507919 766.3154265739667
75.0 4.487595045323213 769.2031526999527 764.7155576546295
78.0 4.577047566401402 767.5773115308166 763.0002639644152
81.0 4.667330104669137 765.9633363865674 761.2960062818983
84.0 4.768226608601376 764.4035041064395 759.6352774978381
87.0 4.868981512211587 762.5878140714549 757.7188325592433
90.0 4.990633353565408 760.8541066106531 755.8634732570877
93.0 5.125933169027846 759.1103527800668 753.9844196110389
96.0 5.272108946619731 757.3046009987948 752.032492052175
99.0 5.437727414291143 755.5208926412457 750.0831652269546
102.0 5.629582723518754 754.0251092798858 748.395526556367
105.0 5.830441438345222 752.3698489282782 746.539407489933
108.0 6.035198621880962 750.6773208000701 744.6421221781892
111.0 6.261395656786014 749.860283127307 743.5988874705209
114.0 6.471547291741656 748.1087309075201 741.6371836157784
117.0 6.672665702235047 746.7508385626209 740.0781728603859
120.0 6.866845561574854 745.2360802571844 738.3692346956096
123.0 7.079866080348104 744.7976338813247 737.7177678009766
126.0 7.2300328946957 743.4412003865887 736.211167491893
129.0 7.35733209273504 742.2952756281804 734.9379435354454
132.0 7.463519621497343 741.3871982881554 733.923678666658
135.0 7.553424785537197 741.1391883344117 733.5857635488745
138.0 7.592485762080829 739.9830550992645 732.3905693371837
141.0 7.642594764730663 737.8864661481801 730.2438713834494
144.0 7.668589113503625 738.3384546425958 730.6698655290922
147.0 7.677785978610684 734.8771142853413 727.1993283067306
150.0 7.698051834157358 733.8182261322257 726.1201742980684
153.0 7.68284778813649 732.8565700976464 725.1737223095099
156.0 7.664929706046557 731.3751576923322 723.7102279862857
159.0 7.685651351576335 729.2646483929271 721.5789970413508
162.0 7.674492794127559 728.3816896229391 720.7071968288115
165.0 7.661772031718227 727.6333887205785 719.9716166888603
168.0 7.646560070690591 725.431950149642 717.7853900789514
171.0 7.622482325956688 722.9805398334348 715.3580575074781
174.0 7.618824542869261 721.6477878240846 714.0289632812153
177.0 7.612162544510836 721.5589626786237 713.9468001341129
180.0 7.592982068804757 719.2281478867473 711.6351658179425
183.0 7.572650039604708 717.2875011027353 709.7148510631306
186.0 7.583107187595497 715.9003006537311 708.3171934661356
189.0 7.529223573383819 714.3814743316984 706.8522507583146
192.0 7.558720042825353 712.8612054960789 705.3024854532536
195.0 7.535358815865467 710.5466428241071 703.0112840082416
198.0 7.516581671581034 707.4500220118806 699.9334403402996
201.0 7.534846062427594 708.4716132717255 700.9367672092979
204.0 7.485752752786382 706.4155239944349 698.9297712416485
207.0 7.484260807279566 704.2476871179814 696.7634263107018
210.0 7.483728169586076 703.2197723341483 695.7360441645622
213.0 7.510002593635986 703.2674610096602 695.7574584160242
216.0 7.490566658260295 700.4432775153922 692.9527108571319
219.0 7.519906372074644 699.3257289333075 691.8058225612329
222.0 7.490022514949293 698.0266735779257 690.5366510629764
225.0 7.457196720194631 696.7036010676271 689.2464043474325
228.0 7.453872823075577 694.6443264687752 687.1904536456997
231.0 7.402046713491889 693.638640553464 686.2365938399721
234.0 7.345777996847292 691.7746520003477 684.4288740035004
237.0 7.351403024760876 690.3123758027633 682.9609727780025
240.0 7.275871406122616 690.0555892629949 682.7797178568723
243.0 7.264087362661041 689.1650377065505 681.9009503438895
246.0 7.181280764786282 688.9233148358408 681.7420340710545
249.0 7.089775106524078 685.8836885155535 678.7939134090294
252.0 7.038053483235608 683.192509491389 676.1544560081534
255.0 6.880995317160859 682.1668166894586 675.2858213722978
258.0 6.836549152748966 681.5485751675983 674.7120260148493
261.0 6.731191884057301 679.2338373806969 672.5026454966396
264.0 6.673424195146908 678.8678810315958 672.1944568364489
267.0 6.547687785023059 677.5243275460957 670.9766397610726
270.0 6.471628764878195 675.5896486189323 669.1180198540541
273.0 6.347821271049786 673.0085695429285 666.6607482718787
276.0 6.248965761932173 672.3050623160277 666.0560965540956
279.0 6.114146553993498 670.9538398914346 664.8396933374411
282.0 6.052928154562664 669.6381097963821 663.5851816418194
285.0 5.940843821962592 668.7534092825065 662.8125654605439
288.0 5.809791534049246 665.8302639724216 660.0204724383723
291.0 5.682806491149677 664.1284752708962 658.4456687797465
294.0 5.572298059468614 662.9346406049385 657.3623425454699
297.0 5.455283844940934 661.4247258164744 655.9694419715335
300.0 5.338461743463971 660.1454887980291 654.8070270545651
303.0 5.208168104078899 658.4564642652423 653.2482961611634
306.0 5.089143310894713 656.7078634487038 651.6187201378091
309.0 4.960108055157 654.6127774101344 649.6526693549774
312.0 4.83167613730597 653.45447179112 648.6227956538141
315.0 4.714437084824497 651.5361427738059 646.8217056889814
318.0 4.593264116360277 649.9697963998911 645.3765322835308
321.0 4.453831562978542 647.8261076874485 643.37227612447
324.0 4.325377176491214 646.5454788249898 642.2201016484986
327.0 4.18411204751041 644.6403520512122 640.4562400037018
330.0 4.068205221483764 642.897128351107 638.8289231296233
333.0 3.9529177540939 641.1573498172962 637.2044320632023
336.0 3.822339876466891 639.4200725444619 635.5977326679951
339.0 3.697527453226373 637.7625054447147 634.0649779914883
342.0 3.56167689266903 636.1080682587455 632.5463913660764
345.0 3.438068628319197 634.5223404815536 631.0842718532344
348.0 3.309669003400254 632.7675959439234 629.4579269405232
351.0 3.182729129215624 630.9855056608091 627.8027765315935
354.0 3.063546146537995 629.267760416147 626.204214269609
357.0 2.924966901964243 627.2919570476932 624.3669901457289
360.0 2.815522851406506 625.9095029988195 623.093980147413
363.0 2.695712454140682 624.2402721229792 621.5445596688385
366.0 2.57121081791343 622.4010904362493 619.8298796183359
369.0 2.46478974313566 620.7824535054499 618.3176637623143
372.0 2.336740246964777 618.8231488116304 616.4864085646657
375.0 2.223472756402149 617.0643922955157 614.8409195391135
378.0 2.101501855087829 615.3506487622912 613.2491469072034
381.0 1.994454628542807 613.6898197466032 611.6953651180604
384.0 1.885018289841333 611.9971136261295 610.1120953362882
387.0 1.777410059489494 610.1211936760938 608.3437836166043
390.0 1.660309759328651 608.3325462374507 606.672236478122
393.0 1.557260657242546 606.6700604673082 605.1127998100657
396.0 1.449396104562523 604.8853441806087 603.4359480760462
399.0 1.346023824516481 603.012689033522 601.6666652090055
402.0 1.248535162689429 601.435316807253 600.1867816445635
405.0 1.145104740868141 599.5165350743874 598.3714303335192
408.0 1.049382204978811 597.9091903902076 596.8598081852287
411.0 0.9515408048184627 595.855078036173 594.9035372313546
414.0 0.8599744405107261 594.1283948336617 593.268420393151
417.0 0.7690455927918678 592.3894210226789 591.620375429887
420.0 0.6798543080483779 590.4916767014331 589.8118223933847
423.0 0.5947851591381228 588.6446045393232 588.0498193801851
426.0 0.5150281423722427 586.8976878754068 586.3826597330345
429.0 0.4374480825670538 584.9323631434694 584.4949150609023
432.0 0.3641240368129227 583.1232453507784 582.7591213139655
435.0 0.295312130802045 581.1919751985106 580.8966630677085
438.0 0.2351357006856031 579.3685208881703 579.1333851874847
441.0 0.1780741309235831 577.3067033240486 577.128629193125
444.0 0.1309929203247679 575.5432392453961 575.4122463250713
447.0 0.08670713630856405 573.6511075041199 573.5644003678113
450.0 0.05285872462980673 571.7016173497588 571.648758625129
453.0 0.02901090720854205 569.8484748032366 569.8194638960281
456.0 0.0079571935037933 567.9930072035789 567.9850500100751
459.0 0 566.1033188217021 566.1033188217021
462.0 0.003756747261265209 564.1566358574948 564.1528791102335
465.0 0.01393658711042231 562.2880631007608 562.2741265136504
468.0 0.03936907479927447 560.4723474058097 560.4329783310105
471.0 0.07630620280500933 558.6668481253955 558.5905419225905
474.0 0.127763841982787 556.8288704435237 556.701106601541
477.0 0.1920740366200072 555.0450312611319 554.8529572245119
480.0 0.2690038628484852 553.1986979839154 552.9296941210669
483.0 0.3671954354979164 551.5904870205343 551.2232915850364
486.0 0.478959487858208 549.9206805894108 549.4417211015526
489.0 0.6102500750659954 548.338961609515 547.728711534449
492.0 0.7638109244647809 546.6305413645439 545.8667304400791
495.0 0.9310832928273022 544.9055980531753 543.974514760348
498.0 1.122327219491344 543.2505643418258 542.1282371223345
501.0 1.344837157852446 541.744153363488 540.3993162056356
504.0 1.58398167441121 540.2747207339875 538.6907390595763
507.0 1.858044245433389 538.8685207170574 537.0104764716241
510.0 2.15758637631751 537.4874521281686 535.3298657518511
513.0 2.492911004443929 535.8499076446264 533.3569966401825
516.0 2.8526127380973 534.4337574196218 531.5811446815245
519.0 3.265877667268119 533.3335370715562 530.0676594042881
522.0 3.679221454550221 531.593333233907 527.9141117793567
525.0 4.186435062325323 530.063800378256 525.8773653159307
528.0 4.680363203148789 528.8347905447192 524.1544273415704
531.0 5.20917826041683 526.2573517087721 521.0481734483552
534.0 5.78811536586156 526.8937173892041 521.1056020233425
537.0 6.405305330974111 523.7769613254761 517.3716559945019
540.0 7.26544012737587 522.0328535192762 514.7674133919004
543.0 7.90477626513531 522.9693545620421 515.0645782969068
546.0 8.918639862343369 518.1227152593009 509.2040753969575
549.0 9.611709317862098 522.5608273597822 512.9491180419201
552.0 13.16375902310563 453.8807458809789 440.7169868578733
555.0 12.03727003709833 496.2959317892873 484.258661752189
558.0 14.1918988611253 445.6262073428575 431.4343084817322
561.0 21.83322210360759 399.4806609050773 377.6474388014697
564.0 20.15410439699229 414.5814586635382 394.4273542665459
567.0 25.6770826568175 378.0503238601167 352.3732412032993
570.0 29.12292010678685 363.0180221425725 333.8951020357856
573.0 28.88361583789319 364.4192903395695 335.5356745016763
576.0 30.39746893723434 361.7221244018292 331.3246554645949
579.0 39.60337037707266 329.7212953282095 290.1179249511368
582.0 56.35226453479027 277.6938366528126 221.3415721180223
585.0 76.03241855618092 232.764928752748 156.7325101965671
588.0 77.31336785408259 231.5328635964419 154.2194957423593
591.0 89.42552993422219 205.722137 116.2966070657778
