0.0 3.857069646868596 821.1940541786323 817.3369845317637
3.0 2.203945809940193 819.9818480168855 817.7779022069453
6.0 1.359690075565323 818.2297206683829 816.8700305928176
9.0 0.8643907080373242 816.5915869345472 815.7271962265099
12.0 0.549467657945796 814.9566011132228 814.407133455277
15.0 0.3552992407245906 813.5647617932169 813.2094625524923
18.0 0.2365943894189552 811.9703099752408 811.7337155858218
21.0 0.1586712042488558 810.5545656293032 810.3958944250544
24.0 0.1001511930184441 809.2363273325041 809.1361761394856
27.0 0.06059267304899779 807.9962396408271 807.9356469677781
30.0 0.0319386508854613 806.7509415681219 806.7190029172364
33.0 0.01086373547532578 805.4489423558215 805.4380786203462
36.0 0 804.1499298134698 804.1499298134698
39.0 0.0007963923562766401 802.8557148734614 802.8549184811052
42.0 0.01242414266941906 801.471130240994 801.4587060983246
45.0 0.03048390148801719 800.0787339688496 800.0482500673616
48.0 0.05493123008499948 798.6262543580749 798.5713231279899
51.0 0.08679286184565997 797.0555759825197 796.968783120674
54.0 0.129425565765491 795.5673393495673 795.4379137838018
57.0 0.1855223039608761 793.9843657812067 793.7988434772458
60.0 0.2534848950717519 792.4710516379733 792.2175667429015
63.0 0.3311404603149614 790.8461474052868 790.5150069449719
66.0 0.4225677575409912 789.3135389136094 788.8909711560684
69.0 0.5215611333402724 787.8093327969318 787.2877716635916
72.0 0.6300533206610748 786.1911045767921 785.561051256131
75.0 0.7406866583700382 784.5575004594709 783.8168138011009
78.0 0.865647769087422 783.026666719933 782.1610189508455
81.0 0.9924787409419101 781.3966215348519 780.40414279391
84.0 1.128926027493069 779.8308101176727 778.7018840901796
87.0 1.270679774716526 778.0127767200102 776.7420969452937
90.0 1.431525663501065 776.3063653132668 774.8748396497658
93.0 1.605343754035122 774.6918278426011 773.086484088566
96.0 1.793438578409194 772.8764616849649 771.0830231065557
99.0 2.000052869507496 771.1428294078709 769.1427765383634
102.0 2.227175555837394 769.7266765010426 767.4995009452053
105.0 2.468296190219382 768.0051121997299 765.5368160095105
108.0 2.713673159799872 766.2856296294768 763.571956469677
111.0 2.964675350373141 765.2571824652285 762.2925071148554
114.0 3.213039625361661 763.848011246276 760.6349716209143
117.0 3.445513903586281 762.6385804374607 759.1930665338744
120.0 3.677633097401777 761.0456833834955 757.3680502860937
123.0 3.903452477003799 760.6228715686 756.7194190915962
126.0 4.084415290042906 759.4218955801439 755.337480290101
129.0 4.238329173224886 758.368596191388 754.1302670181632
132.0 4.36887976833102 757.1458962000639 752.7770164317329
135.0 4.468947046799564 756.6726663089727 752.2037192621731
138.0 4.531910171508317 755.578765938784 751.0468557672757
141.0 4.625924095824514 753.6123919031967 748.9864678073722
144.0 4.652540919762409 753.2383842311417 748.5858433113793
147.0 4.719337335524589 751.3944606762082 746.6751233406836
150.0 4.765503164771833 749.9825580766873 745.2170549119155
153.0 4.780143311129162 748.2102701405019 743.4301268293728
156.0 4.793944459374773 746.5985489859048 741.80460452653
159.0 4.859958800520251 744.6781793610555 739.8182205605352
162.0 4.857155727727508 744.5708587159015 739.713702988174
165.0 4.874273540693112 742.6208905296877 737.7466169889946
168.0 4.898878590770896 740.9743427633893 736.0754641726184
171.0 4.924781685388926 738.7138733369457 733.7890916515568
174.0 4.946896252096478 737.5376963734472 732.5908001213507
177.0 4.949925981376091 736.7519859906523 731.8020600092762
180.0 4.97949014418605 734.588541662571 729.609051518385
183.0 4.986378081628018 733.6701143048549 728.6837362232269
186.0 5.036034119689306 731.5172455000526 726.4812113803633
189.0 5.014609098181833 729.9515487314458 724.936939633264
192.0 5.076858660521745 728.3977591850965 723.3209005245748
195.0 5.101534653568425 726.1039777889179 721.0024431353495
198.0 5.132304624200566 724.4628472565358 719.3305426323352
201.0 5.145891846857048 723.9404264981691 718.7945346513121
204.0 5.138975350215973 721.9904357994379 716.8514604492219
207.0 5.174157305460937 720.6763495731947 715.5021922677338
210.0 5.194106088885823 719.715586349966 714.5214802610802
213.0 5.237325415891767 718.3291714116164 713.0918459957246
216.0 5.268328753406707 716.3549334967014 711.0866047432946
219.0 5.314905616168619 715.8971796283093 710.5822740121407
222.0 5.320468993145642 713.8243047342893 708.5038357411436
225.0 5.317830806440739 712.275334117631 706.9575033111902
228.0 5.339602011132125 711.9270527612384 706.5874507501063
231.0 5.318079535208631 709.9372872120442 704.6192076768355
234.0 5.304179847628771 707.9017067265132 702.5975268788844
237.0 5.337651030603995 706.6383363077674 701.3006852771634
240.0 5.277576345850839 705.4094521082095 700.1318757623587
243.0 5.281306850448754 704.7675330735691 699.4862262231203
246.0 5.206005782688112 704.0511063946154 698.8451006119273
249.0 5.173068459199358 701.5799766488213 696.4069081896219
252.0 5.1651877898236 699.8747258235049 694.7095380336813
255.0 5.03003325320492 698.5342241079277 693.5041908547228
258.0 5.004738813750312 697.3278475775693 692.323108763819
261.0 4.941563309581593 695.4314450286526 690.489881719071
264.0 4.89953372247503 694.382462086226 689.482928363751
267.0 4.800966730820426 692.8885264949443 688.0875597641239
270.0 4.756369547720484 691.6876409019597 686.9312713542392
273.0 4.688227475957865 688.7144131605812 684.0261856846233
276.0 4.599093544395165 688.3341230741375 683.7350295297424
279.0 4.492784980530808 686.7281276165498 682.235342636019
282.0 4.460141209827407 685.358290641849 680.8981494320216
285.0 4.365665081179226 684.38529538871 680.0196303075308
288.0 4.292322159963228 681.5846190297864 677.2922968698232
291.0 4.199929523727556 679.7335241303155 675.5335946065879
294.0 4.110850228007454 678.7167024990541 674.6058522710467
297.0 4.021307840825452 677.4496599636109 673.4283521227855
300.0 3.934076068550434 675.7019558229591 671.7678797544087
303.0 3.837526320725439 673.937968112883 670.1004417921575
306.0 3.753077260387784 672.3218447440995 668.5687674837117
309.0 3.661528201146265 670.5478049259934 666.8862767248471
312.0 3.556669818853428 669.2617891161158 665.7051192972623
315.0 3.47721969585096 667.3532036638004 663.8759839679494
318.0 3.39010157996066 665.5361887565971 662.1460871766365
321.0 3.290953378960207 663.6194567457612 660.328503366801
324.0 3.188045315425458 662.2225598620351 659.0345145466097
327.0 3.084384093610991 660.2967160902114 657.2123319966004
330.0 3.00002904307526 658.8166103164592 655.816581273384
333.0 2.919221581243195 657.1152947098493 654.1960731286061
336.0 2.823233405313577 655.3578045491347 652.5345711438211
339.0 2.730565494445263 653.7703472223091 651.0397817278639
342.0 2.629874795778349 651.8731626135684 649.2432878177901
345.0 2.536183707972362 650.3718186421712 647.8356349341989
348.0 2.443313054006872 648.5497776531915 646.1064645991846
351.0 2.350588311866654 646.8703432777752 644.5197549659086
354.0 2.266029215973562 645.1085737058133 642.8425444898397
357.0 2.16454041372143 643.3543508104721 641.1898103967506
360.0 2.084149883443005 641.7484874368261 639.6643375533831
363.0 1.997207063225445 640.1144634751141 638.1172564118887
366.0 1.910011047593942 638.2113255887153 636.3013145411214
369.0 1.835415797824173 636.6404536020701 634.8050378042459
372.0 1.744578265230269 634.8241763609337 633.0795980957034
375.0 1.666518700864377 633.076555165009 631.4100364641446
378.0 1.580437458236435 631.1832631461186 629.6028256878822
381.0 1.505991954419613 629.5814937619464 628.0755018075268
384.0 1.430524114731938 627.8712570103728 626.4407328956409
387.0 1.359766187375229 626.064059692476 624.7042935051007
390.0 1.277988884470189 624.2975616947415 623.0195728102713
393.0 1.208614836283328 622.6150395364398 621.4064247001565
396.0 1.137233922719565 620.7505823805635 619.613348457844
399.0 1.07046597057308 618.9982140952162 617.9277481246432
402.0 1.005683851920008 617.3255565195865 616.3198726676665
405.0 0.941188156841579 615.3581008680381 614.4169127111965
408.0 0.8779559284856755 613.7406446322383 612.8626887037526
411.0 0.8204629251000721 611.8150502270733 610.9945873019733
414.0 0.7646019057981231 610.0218299643557 609.2572280585576
417.0 0.7090949239123141 608.262855595045 607.5537606711327
420.0 0.6591026639609164 606.3187922608346 605.6596895968737
423.0 0.6111840887279963 604.501646406527 603.890462317799
426.0 0.5685268675592094 602.6212106571001 602.0526837895409
429.0 0.5310234275771036 600.6740679760641 600.143044548487
432.0 0.4954138467679704 598.8165524419736 598.3211385952056
435.0 0.4663947132611656 596.8896665376272 596.4232718243661
438.0 0.4450847260130957 594.9499101144472 594.5048253884341
441.0 0.4306761500261435 592.9036535988939 592.4729774488678
444.0 0.4213816970901085 591.0429632140522 590.6215815169621
447.0 0.4175000151158633 589.0702916440481 588.6527916289322
450.0 0.425501443605742 587.045951821294 586.6204503776882
453.0 0.4421740009985319 585.0540413573075 584.6118673563089
456.0 0.4617392075511301 583.0805460234004 582.6188068158492
459.0 0.4948560873417504 581.1219777161429 580.6271216288012
462.0 0.5416965749480564 579.058114065712 578.516417490764
465.0 0.5939186704902048 577.0230286071771 576.4291099366869
468.0 0.6609954636840815 574.99782716465 574.3368317009659
471.0 0.7392505197412402 573.0201001423185 572.2808496225772
474.0 0.8333522923678649 570.9850746625459 570.151722370178
477.0 0.9397801933765519 568.9605282763575 568.0207480829809
480.0 1.060013350798479 566.9304014143837 565.8703880635852
483.0 1.198289808292196 564.9751661674819 563.7768763591897
486.0 1.351460175585504 562.9979512250023 561.6464910494168
489.0 1.521626475307328 561.212781343774 559.6911548684667
492.0 1.718208345114209 559.2023484528201 557.4841401077059
495.0 1.929074448014952 557.1830851650395 555.2540107170246
498.0 2.163405845118037 555.1797816382415 553.0163757931234
501.0 2.426045446577482 553.3605201518964 550.9344747053189
504.0 2.703296891619077 551.7167038491089 549.0134069574898
507.0 3.017190366459423 549.9236690940259 546.9064787275665
510.0 3.356393590887539 548.1707015414106 544.8143079505231
513.0 3.734097730367865 546.4840845776176 542.7499868472497
516.0 4.1348201389367 544.7539487727857 540.619128633849
519.0 4.580395192582962 543.5839772801048 539.0035820875218
522.0 5.046878144846676 541.1328945738465 536.0860164289999
525.0 5.594421426263575 539.8921404584696 534.297719032206
528.0 6.125503909068202 538.5559841985693 532.4304802895011
531.0 6.724592034955775 535.5817778881772 528.8571858532214
534.0 7.304190619215231 535.9398456752432 528.6356550560279
537.0 8.003025642754453 532.4665725484737 524.4635469057193
540.0 8.891169752445897 533.6953201134972 524.8041503610513
543.0 9.521883620704148 534.3779187982057 524.8560351775016
546.0 10.71520275069955 523.914114691941 513.1989119412414
549.0 11.25035069611316 536.4742457531118 525.2238950569986
552.0 16.46918509626796 455.8064599755383 439.3372748792703
555.0 14.41910529679177 497.6237897603365 483.2046844635447
558.0 17.70931540621531 446.3063779880913 428.597062581876
561.0 26.49568579666641 400.3698018178136 373.8741160211472
564.0 24.46287870163864 415.0678339479101 390.6049552462715
567.0 30.88472434795192 378.3990033215476 347.5142789735957
570.0 34.72736144306387 363.1280083786427 328.4006469355789
573.0 34.45323306530972 364.5157199777765 330.0624869124667
576.0 36.05796227871471 361.7221332305964 325.6641709518817
579.0 46.14284175845548 329.7217327832442 283.5788910247887
582.0 64.35872678950542 277.701547224314 213.3428204348085
585.0 85.41629524434863 232.8428839308459 147.4265886864972
588.0 86.75136052272017 231.5639085132714 144.8125479905512
591.0 99.67279916482679 205.722137 106.0493378351732
