0.0 3.639203161792675 833.9925586595918 830.3533554977991
3.0 1.979959885180541 832.585702171421 830.6057422862404
6.0 1.151307949162004 830.8608585287925 829.7095505796305
9.0 0.6762042063818634 829.2097883047145 828.5335840983327
12.0 0.3836025482145116 827.6752200160158 827.2916174678013
15.0 0.2109906444830122 826.2187219031997 826.0077312587167
18.0 0.1171078410681737 824.7415529877736 824.6244451467054
21.0 0.06249833173018174 823.3487597171232 823.286261385393
24.0 0.02615741624502971 822.0240865146033 821.9979290983583
27.0 0.007739312407375326 820.7749534135843 820.7672141011769
30.0 0 819.5785950273841 819.5785950273841
33.0 0.001549532643288887 818.2542969097475 818.2527473771043
36.0 0.01326406021980318 816.963486855866 816.9502227956462
39.0 0.03658782326642736 815.6943791594599 815.6577913361935
42.0 0.07257233077898449 814.321664935635 814.249092604856
45.0 0.1156647392980529 812.8906479233068 812.7749831840088
48.0 0.1659069077975023 811.4611855868463 811.2952786790488
51.0 0.2256060233666355 809.9162604431361 809.6906544197695
54.0 0.2952524697591386 808.4114167331111 808.1161642633519
57.0 0.3795780933588423 806.8879484991377 806.5083704057789
60.0 0.47567787206944 805.3323377351096 804.8566598630402
63.0 0.5826945347063805 803.7629127846236 803.1802182499172
66.0 0.7026083945542572 802.2368875654492 801.5342791708949
69.0 0.8301915800696094 800.6759352032659 799.8457436231963
72.0 0.9679597433117232 799.1774844716069 798.2095247282952
75.0 1.110397288796339 797.3960373342877 796.2856400454914
78.0 1.263662004273029 795.958760936601 794.695098932328
81.0 1.421489299095047 794.3019871933995 792.8804978943044
84.0 1.587856819472531 792.7250825159968 791.1372256965243
87.0 1.763667863371117 790.952885134066 789.1892172706949
90.0 1.957110909289395 789.2732246282461 787.3161137189567
93.0 2.16203723128256 787.6744880384225 785.51245080714
96.0 2.384980240726226 785.8899616469996 783.5049814062734
99.0 2.625477043439952 784.1685281561355 781.5430511126956
102.0 2.880251282737897 782.912946678057 780.0326953953191
105.0 3.156537495966468 781.0987438456418 777.9422063496753
108.0 3.436893333066436 779.3138705988573 775.8769772657909
111.0 3.711117535023769 778.2040174519723 774.4928999169485
114.0 3.986474834760351 777.0171284662679 773.0306536315075
117.0 4.243638489724502 775.8844054588216 771.6407669690971
120.0 4.505798342707259 774.5887338921921 770.0829355494849
123.0 4.745947461989835 773.7663819125816 769.0204344505918
126.0 4.949988703044172 772.6682663635124 767.7182776604682
129.0 5.123304540543684 771.8278948927635 766.7045903522198
132.0 5.281482574932026 770.1402834279868 764.8588008530548
135.0 5.391746410704735 769.6658148755234 764.2740684648187
138.0 5.476379796022293 768.4174361370991 762.9410563410768
141.0 5.607372123817066 766.3141045290228 760.7067324052057
144.0 5.643981873199959 765.6548987200988 760.0109168468989
147.0 5.731706909768532 765.2446558084293 759.5129488986607
150.0 5.808600529066236 763.1774969063628 757.3688963772966
153.0 5.856366723240614 761.3030024466252 755.4466357233846
156.0 5.901871921068403 759.3163329335431 753.4144610124747
159.0 5.997170851662681 758.0535157000697 752.056344848407
162.0 5.993977867365882 758.2453734098669 752.2513955425011
165.0 6.051905862491883 755.5388796210153 749.4869737585234
168.0 6.103328260458431 754.1963977138739 748.0930694534154
171.0 6.168653341532816 751.9551328626764 745.7864795211436
174.0 6.210504286157144 751.0552923379996 744.8447880518424
177.0 6.231710773328299 749.7470701295791 743.5153593562508
180.0 6.296126345283433 747.9931894781596 741.6970631328761
183.0 6.319682186801133 746.898553341092 740.5788711542908
186.0 6.40938711887149 744.7087788786885 738.2993917598171
189.0 6.414450210085478 743.167810553846 736.7533603437605
192.0 6.507926879182726 741.1919402443487 734.6840133651659
195.0 6.572745895300631 739.0680243480908 732.4952784527902
198.0 6.622888141576522 738.5196601490786 731.8967720075021
201.0 6.65827239311862 736.5451011051216 729.886828712003
204.0 6.684717821120528 734.6175373359327 727.9328195148122
207.0 6.738266991347242 733.9192367659954 727.1809697746481
210.0 6.777164956331176 732.7063067790809 725.9291418227497
213.0 6.848994913933629 731.0729465301388 724.2239516162052
216.0 6.9094787967438 729.8110234572837 722.9015446605399
219.0 6.958173665495357 730.2789857272794 723.3208120617841
222.0 7.005717081605796 727.5380950932566 720.5323780116508
225.0 7.034133637672473 725.3578603407318 718.3237267030594
228.0 7.051239950933005 726.2404059541709 719.1891660032379
231.0 7.07302275359275 723.2181597156181 716.1451369620253
234.0 7.092564031484629 721.3954054074364 714.3028413759518
237.0 7.149931880850368 720.0005922256153 712.8506603447649
240.0 7.111817238339272 718.7937566977747 711.6819394594354
243.0 7.12861222843415 717.8099018476169 710.6812896191827
246.0 7.06842928327857 716.7069074132229 709.6384781299444
249.0 7.06849144120801 715.4932537003955 708.4247622591875
252.0 7.091663564514506 713.4237178130254 706.3320542485109
255.0 6.978426149962359 712.0401578807965 705.0617317308341
258.0 6.976686406493229 710.6075574355336 703.6308710290404
261.0 6.945327977686399 708.5755830359446 701.6302550582582
264.0 6.919198380446201 707.8773689224973 700.9581705420511
267.0 6.847299728924862 706.120875717662 699.2735759887371
270.0 6.818688755372663 705.3917363582537 698.573047602881
273.0 6.805014254829313 702.1316650779201 695.3266508230908
276.0 6.721401214939235 701.4843827011553 694.7629814862161
279.0 6.641728358019037 699.9688071061931 693.3270787481741
282.0 6.630118723706021 698.8516228896773 692.2215041659712
285.0 6.550658110634506 698.0246224617897 691.4739643511552
288.0 6.527039685952577 694.8791783251615 688.352138639209
291.0 6.468133253637315 692.68871963657 686.2205863829327
294.0 6.393668627678971 691.867997505947 685.474328878268
297.0 6.320347373847311 691.2473722462485 684.9270248724012
300.0 6.266817374910864 688.9105560061545 682.6437386312436
303.0 6.202146395083946 686.7547617570192 680.5526153619352
306.0 6.139033531516652 685.8937327724255 679.7546992409089
309.0 6.078182238495637 683.92179359188 677.8436113533843
312.0 5.994045907379277 682.6322568098777 676.6382109024984
315.0 5.947973639255212 680.5687519194697 674.6207782802144
318.0 5.891902363621478 678.669153302508 672.7772509388865
321.0 5.822570478612481 677.0251114169112 671.2025409382987
324.0 5.744557187696453 675.3231372032884 669.578580015592
327.0 5.673623081880617 673.3090281008593 667.6354050189787
330.0 5.613016116006704 671.8871002467257 666.274084130719
333.0 5.558718217293361 670.4886221002071 664.9299038829137
336.0 5.492208961362318 668.6489045952899 663.1566956339276
339.0 5.425262771670337 667.103216395068 661.6779536233977
342.0 5.356509063040524 665.2268037188216 659.8702946557811
345.0 5.288977579887197 663.4694051621648 658.1804275822776
348.0 5.226011451763065 661.7357266137033 656.5097151619402
351.0 5.160677939507959 660.0852059290044 654.9245279894964
354.0 5.105536680841687 658.3370975681539 653.2315608873122
357.0 5.030916863661424 656.8288357860998 651.7979189224384
360.0 4.97960472775879 654.9700458386246 649.9904411108658
363.0 4.919434852553407 653.3668701138784 648.447435261325
366.0 4.864610853922623 651.3970417147776 646.532430860855
369.0 4.815519079774624 649.9231701432574 645.1076510634828
372.0 4.754651374022989 648.1365570996584 643.3819057256354
375.0 4.705345969106056 646.4556780853046 641.7503321161986
378.0 4.652225892700195 644.4170648166115 639.7648389239114
381.0 4.604021853236681 642.8736998372115 638.2696779839748
384.0 4.557232392576023 641.1688667872005 636.6116343946245
387.0 4.516836082885109 639.366371480299 634.8495353974139
390.0 4.46458933587386 637.6090279408022 633.1444386049284
393.0 4.423130795596282 635.981555747857 631.5584249522607
396.0 4.384285767383231 633.976379576125 629.5920938087417
399.0 4.345707913349342 632.393627928256 628.0479200149066
402.0 4.309609891528754 630.6642094223691 626.3545995308404
405.0 4.279724357676088 628.541396571868 624.2616722141919
408.0 4.243578926363824 626.9455539131956 622.7019749868318
411.0 4.217828774667128 625.1441621742612 620.9263333995941
414.0 4.192627858827134 623.3374913956764 619.1448635368493
417.0 4.166969591504207 621.5836454154373 617.416675823933
420.0 4.150245205997126 619.6398701705046 615.4896249645074
423.0 4.133608248320476 617.7821322387826 613.6485239904622
426.0 4.123723188524461 615.8524647848334 611.7287415963089
429.0 4.119806345400213 613.8851867790848 609.7653804336846
432.0 4.115876260969878 612.0761720226802 607.9602957617103
435.0 4.119878151836861 610.1821403631552 606.0622622113183
438.0 4.133056036093469 608.1464347966209 604.0133787605274
441.0 4.154224460013233 606.1001097584701 601.9458852984569
444.0 4.177618270146959 604.2298631284372 600.0522448582903
447.0 4.208502787755393 602.2390074953972 598.0305047076418
450.0 4.25229090608388 600.1998108822636 595.9475199761797
453.0 4.305292870418359 598.0757907675094 593.7704978970911
456.0 4.359877128376957 596.1145402894436 591.7546631610666
459.0 4.427958723144565 594.1575203845107 589.7295616613661
462.0 4.512079808264933 592.0715218697067 587.5594420614417
465.0 4.601499589329096 589.9822300761265 585.3807304867974
468.0 4.706471222825126 587.8226376549191 583.116166432094
471.0 4.821353882554521 585.7996376771489 580.9782837945944
474.0 4.953325069391695 583.7265563216495 578.7732312522578
477.0 5.098601053287684 581.5310204057096 576.4324193524219
480.0 5.256747620169213 579.5039636508906 574.2472160307214
483.0 5.434193993726928 577.2728523840816 571.8386583903547
486.0 5.626294583274122 575.1348064563583 569.5085118730841
489.0 5.831581242649247 573.2724630055611 567.4408817629118
492.0 6.068567768372309 571.083308218573 565.0147404502007
495.0 6.320086114651827 568.9070952805375 562.5870091658857
498.0 6.595925203429867 566.6575605468618 560.061635343432
501.0 6.897331697808407 564.5901382015429 557.6928065037345
504.0 7.210386758285422 562.6752438846804 555.464857126395
507.0 7.563643320564819 560.6431366155535 553.0794932949886
510.0 7.942418528659729 558.5611557952155 550.6187372665557
513.0 8.356993017353659 556.805361183383 548.4483681660293
516.0 8.797506433239661 554.8110561057986 546.013549672559
519.0 9.274337687043838 553.2478387235327 543.9735010364889
522.0 9.797623469571194 550.1630281778599 540.3654047082887
525.0 10.37361588783765 549.3048866420171 538.9312707541794
528.0 10.94061534227749 547.5492560716507 536.6086407293732
531.0 11.60435881863852 544.4361108924353 532.8317520737968
534.0 12.19284363910734 544.1737161709441 531.9808725318368
537.0 12.97405552378151 539.4628745941988 526.4888190704173
540.0 13.81941499459479 545.281801685572 531.4623866909772
543.0 14.46831444023933 543.3709927665054 528.9026783262661
546.0 15.92073327893929 526.457335399382 510.5366021204427
549.0 16.17263863185734 547.1732547054568 531.0006160735995
552.0 22.98370113212256 456.9849576265023 434.0012564943797
555.0 20.16989166687458 498.138957175582 477.9690655087074
558.0 24.41918990255698 446.7257551413053 422.3065652387483
561.0 34.16432232867017 400.9319550136883 366.7676326850181
564.0 31.84088025930489 415.3030901769446 383.4622099176397
567.0 39.01885880748504 378.6270240139601 339.6081652064751
570.0 43.19823807794769 363.1997104567387 320.001472378791
573.0 42.89498240513337 364.5852732839348 321.6902908788014
576.0 44.57749513060135 361.722135575261 317.1446404446597
579.0 55.4007111385726 329.7219133898248 274.3212022512522
582.0 74.84876726790988 277.7061794526163 202.8574121847064
585.0 97.06230937798962 232.8981303590221 135.8358209810325
588.0 98.44353783681782 231.5851662231938 133.141628386376
591.0 112.0452238496362 205.722137 93.67691315036376
