0.0 3.392485785731642 853.4772988812563 850.0848130955247
3.0 1.731565005037358 851.6853184823681 849.9537534773307
6.0 0.9266684497411866 849.936955649336 849.0102871995948
9.0 0.4822894505805843 848.3084517989946 847.826162348414
12.0 0.2199321208518432 846.9582219233345 846.7382898024826
15.0 0.08237064872546518 845.4105197442215 845.328149095496
18.0 0.02267878046611549 844.105384374956 844.0827055944899
21.0 0.002476659286733046 842.7674162168816 842.7649395575949
24.0 0 841.4417105527423 841.4417105527423
27.0 0.01402838911212243 840.1847856813156 840.1707572922034
30.0 0.03629092465287739 839.0942655027997 839.0579745781469
33.0 0.07369228593161192 837.683569003321 837.6098767173894
36.0 0.1190393059875462 836.4392131969288 836.3201738909413
39.0 0.1751956506332778 835.2721251823324 835.0969295316991
42.0 0.248568980274256 833.8550865668516 833.6065175865774
45.0 0.3316337737225976 832.3292689366161 831.9976351628935
48.0 0.4194453386143346 831.0059231808703 830.586477842256
51.0 0.5215835695653166 829.4233431995063 828.901759629941
54.0 0.6325674408923646 827.9324011236125 827.2998336827201
57.0 0.7583261400202506 826.4537256137467 825.6953994737265
60.0 0.8978479390981068 824.9274346949589 824.0295867558608
63.0 1.04821478526133 823.399469279617 822.3512544943557
66.0 1.210719380601894 821.9308543221148 820.7201349415129
69.0 1.384376387494262 820.2192114128056 818.8348350253114
72.0 1.562187933658937 818.9666676505021 817.4044797168432
75.0 1.759256065086257 816.8492205327684 815.0899644676822
78.0 1.9513633694857 815.6549526036411 813.7035892341554
81.0 2.158630886439749 813.8336661610643 811.6750352746246
84.0 2.371804006708629 812.1551941967358 809.7833901900271
87.0 2.596578410035439 810.5866580718804 807.9900796618449
90.0 2.836953969947086 809.1364256956664 806.2994717257193
93.0 3.090610071637795 807.4057572866234 804.3151472149856
96.0 3.367870473835367 805.4065135395764 802.0386430657411
99.0 3.660432313784929 803.6315145033797 799.9710821895948
102.0 3.946675595883457 803.1543542473986 799.2076786515152
105.0 4.280728928719868 801.1133426879745 796.8326137592546
108.0 4.618454179563887 799.0189614398336 794.4005072602697
111.0 4.930888780691522 797.7284301152829 792.7975413345914
114.0 5.242008109278461 796.7381920471662 791.4961839378877
117.0 5.531487426663833 796.0411506683776 790.5096632417137
120.0 5.817604921018735 796.3578626102709 790.5402576892522
123.0 6.098614566528404 794.5620511635266 788.4634365969982
126.0 6.344120788557689 792.4806900414948 786.1365692529371
129.0 6.540080636918796 791.914821209289 785.3747405723702
132.0 6.754434611229622 789.8814951218311 783.1270605106015
135.0 6.883158918714886 788.9201289162875 782.0369699975726
138.0 6.99862198971828 788.4340271425747 781.4354051528564
141.0 7.198852449390886 785.1255931114221 777.9267406620312
144.0 7.254802623430568 784.4587402739317 777.2039376505011
147.0 7.324770208204745 786.6607716334439 779.3360014252392
150.0 7.484343897694483 782.044576571817 774.5602326741225
153.0 7.574603171237946 780.8632324957961 773.2886293245581
156.0 7.67192201682091 779.7012110534018 772.0292890365809
159.0 7.798825923557387 778.0422317360597 770.2434058125023
162.0 7.753354042768964 782.9836612954579 775.2303072526889
165.0 7.928045594547736 775.0125775633501 767.0845319688023
168.0 8.003368330328871 774.8836357229393 766.8802673926105
171.0 8.139222936731069 771.6236452265389 763.4844222898078
174.0 8.167747488947568 774.7659554784628 766.5982079895152
177.0 8.228121425270382 774.4115779419228 766.1834565166525
180.0 8.352338469505115 769.9830065116038 761.6306680420987
183.0 8.422563221576287 767.2532029734662 758.83063975189
186.0 8.535623707373184 769.9466625855082 761.411038878135
189.0 8.59448909549369 766.8586215930279 758.2641324975342
192.0 8.783916153208195 759.7205204311716 750.9366042779634
195.0 8.869292482615969 761.8794550207672 753.0101625381512
198.0 8.940166818462736 759.6034280434851 750.6632612250224
201.0 9.051637945142221 756.3108401493886 747.2592022042463
204.0 9.144651949266603 752.622653575472 743.4780016262054
207.0 9.203117294250438 753.1264334014214 743.923316107171
210.0 9.287063380620689 750.8239954701587 741.536932089538
213.0 9.385456838498431 751.1735541883274 741.788097349829
216.0 9.398342437616107 762.4183703767852 753.0200279391691
219.0 9.362661181694261 770.9710283953223 761.6083672136281
222.0 9.551865108178511 757.9768630320168 748.4249979238382
225.0 9.714887951081059 746.5133294244008 736.7984414733197
228.0 9.699422704381134 747.5840264003735 737.8846036959924
231.0 9.824744332129347 742.6573310678758 732.8325867357465
234.0 9.894823718313364 740.5048982692119 730.6100745508985
237.0 9.986589945478722 739.7366580298662 729.7500680843874
240.0 9.942755900551666 742.5258761523485 732.5831202517968
243.0 10.022715501892 737.6114493853477 727.5887338834557
246.0 9.990387393074258 736.5283191754098 726.5379317823355
249.0 9.977372300189985 739.2354539338938 729.2580816337038
252.0 10.08696259450063 734.449299566069 724.3623369715683
255.0 10.004072300904 733.3591051571918 723.3550328562878
258.0 9.876251788689651 760.8243510076322 750.9480992189425
261.0 10.08370843747339 727.6294605201904 717.545752082717
264.0 10.05134945930713 729.0537007508181 719.002351291511
267.0 10.02910517236585 726.9094788464059 716.8803736740401
270.0 10.0136244620778 726.436043454889 716.4224189928112
273.0 10.01793105097511 733.2487691165946 723.2308380656195
276.0 10.04094287006365 720.3987767815358 710.3578339114722
279.0 9.955427728714079 724.3431906181723 714.3877628894583
282.0 9.998524746890865 719.3119373544204 709.3134126075295
285.0 9.88599780438926 725.440381503975 715.5543836995858
288.0 9.999733727569358 715.3236581655503 705.3239244379809
291.0 10.01096520184289 711.8106180590874 701.7996528572445
294.0 9.949986737590857 711.5784963579965 701.6285096204056
297.0 9.835196971696768 717.5064698777148 707.671272906018
300.0 9.880760705511106 710.4898800104001 700.609119304889
303.0 9.897850610351336 705.5756418876148 695.6777912772635
306.0 9.823336205112793 707.6278918362803 697.8045556311675
309.0 9.806689069177454 707.5172351440995 697.710546074922
312.0 9.776108681145532 702.7569753433458 692.9808666622002
315.0 9.781317127488487 701.1357913075603 691.3544741800718
318.0 9.780597701124852 698.4186534364865 688.6380557353617
321.0 9.737758606689169 698.2822534128914 688.5444948062022
324.0 9.719381555420188 694.9308029202465 685.2114213648263
327.0 9.698970093772325 693.0953172681924 683.3963471744201
330.0 9.677126450027435 691.3115291037874 681.63440265376
333.0 9.615940735799791 695.7279729517429 686.1120322159431
336.0 9.629722358566744 688.7771199003384 679.1473975417717
339.0 9.603693415105845 686.9830140818805 677.3793206667747
342.0 9.545045835353038 690.8746572340769 681.3296113987238
345.0 9.566028614640516 682.8137023525879 673.2476737379474
348.0 9.538374328165138 681.9333669838691 672.3949926557039
351.0 9.520146748701573 679.6255374541355 670.1053907054339
354.0 9.505715939744578 678.3171563992719 668.8114404595273
357.0 9.46472798839442 677.0668353416272 667.6021073532328
360.0 9.461717333049749 675.304151450735 665.8424341176852
363.0 9.443261594226996 673.5745287239584 664.1312671297314
366.0 9.441438325197397 671.364636169855 661.9231978446576
369.0 9.427444748737684 670.0288500442716 660.601405295534
372.0 9.410369611641685 668.4386509288626 659.0282813172209
375.0 9.402211244579734 666.874180644751 657.4719694001713
378.0 9.404677474331886 664.5533099035021 655.1486324291702
381.0 9.396295805367451 662.9099985996783 653.5137027943108
384.0 9.392273305824586 661.2766299696092 651.8843566637846
387.0 9.398366965095714 659.4841502895696 650.0857833244739
390.0 9.388239867251786 658.0595313897025 648.6712915224508
393.0 9.385337926110713 656.7362886199927 647.3509506938819
396.0 9.405369296762587 653.9781388149937 644.5727695182311
399.0 9.402774224931743 652.7662631985692 643.3634889736375
402.0 9.413010117342443 650.877941577684 641.4649314603415
405.0 9.443194959212535 648.3064883724426 638.8632934132301
408.0 9.447051098094063 646.8307832358725 637.3837321377784
411.0 9.465173718450414 645.214136146409 635.7489624279586
414.0 9.484616381677031 643.7105843869872 634.2259680053102
417.0 9.505859512688645 641.7147288017774 632.2088692890887
420.0 9.538514922651487 639.927442854901 630.3889279322495
423.0 9.573157320464629 637.7803388500757 628.207181529611
426.0 9.613015802617636 635.9456807299498 626.3326649273322
429.0 9.662816552192242 633.7658807975371 624.1030642453448
432.0 9.702592218257301 632.3450666315588 622.6424744133015
435.0 9.756390101305287 630.4045522600167 620.6481621587115
438.0 9.82555582402787 628.1880225531677 618.3624667291398
441.0 9.902631399313376 625.9765353892115 616.0739039898981
444.0 9.973194806874408 624.3997221468413 614.4265273399669
447.0 10.05339158805787 623.0625565205575 613.0091649324997
450.0 10.15608715522371 620.3244711099768 610.1683839547531
453.0 10.27012212891534 617.8777212387377 607.6075991098224
456.0 10.37501625538817 616.1738993960937 605.7988831407055
459.0 10.49621093417598 614.2181654278295 603.7219544936535
462.0 10.63775383608215 612.0751044799113 601.4373506438291
465.0 10.78302736217911 610.2383802214848 599.4553528593057
468.0 10.95153255282104 607.6341042271877 596.6825716743667
471.0 11.12024373720244 605.898337779667 594.7780940424646
474.0 11.30865199312198 603.9641966892618 592.6555446961398
477.0 11.52085064147891 601.2593046793574 589.7384540378785
480.0 11.73366595891337 599.4874746525973 587.7538086936839
483.0 11.97820431167155 597.0712328647576 585.0930285530861
486.0 12.23396930205937 594.6815450653406 582.4475757632812
489.0 12.49277580585416 592.9379279233146 580.4451521174604
492.0 12.79494390611769 590.7159669324784 577.9210230263608
495.0 13.11212123005245 588.3529226533202 575.2408014232678
498.0 13.45763063182342 585.8819203983183 572.4242897664949
501.0 13.82425339188175 583.6544391025829 569.8301857107012
504.0 14.20734608729204 580.6470457738283 566.4396996865363
507.0 14.62100654586407 578.994054836596 564.3730482907319
510.0 15.07227858918569 576.2300548761742 561.1577762869885
513.0 15.54310021341796 574.6352044769835 559.0921042635656
516.0 16.05156127575396 572.3068655736141 556.2553042978601
519.0 16.59858180543818 569.2499192421958 552.6513374367576
522.0 17.22705596421002 565.4166348121338 548.1895788479238
525.0 17.82491656357713 565.9944666738175 548.1695501102404
528.0 18.47006636556443 562.6927067946003 544.2226404290359
531.0 19.21385225821236 561.8743876038093 542.6605353455969
534.0 19.84267558638458 560.0621818203514 540.2195062339668
537.0 20.82227845599297 550.425906670504 529.603628214511
540.0 21.40822248627271 566.4548999732269 545.0466774869542
543.0 22.22090383784238 556.5434578217904 534.322553983948
546.0 24.29614558652949 528.9232421559175 504.6270965693881
549.0 23.88660145981346 558.0960930773691 534.2094916175556
552.0 33.38638097557559 458.2759600862778 424.8895791107023
555.0 29.42845164520316 498.6345998664419 469.2061482212388
558.0 35.14053570119139 447.1969016744037 412.0563659732123
561.0 46.34256111144694 401.5663414103227 355.2237802988757
564.0 43.58636628786084 415.5018224047683 371.9154561169075
567.0 51.91577024830156 378.8910125613414 326.9752423130399
570.0 56.61273599822502 363.2846544276918 306.6719184294667
573.0 56.26505731562984 364.6755850680508 308.410527752421
576.0 58.06820912227952 361.7221366543242 303.6539275320447
579.0 70.0165053280549 329.7220426549071 259.7055373268522
582.0 91.34203266362943 277.71110241804 186.3690697544106
585.0 115.3155252729235 232.9684524868051 117.6529272138816
588.0 116.7681327736638 231.6110809351536 114.8429481614898
591.0 131.4070111538227 205.722137 74.31512584617732
