0.0 3.250745549371694 868.4015734923351 865.1508279429634
3.0 1.594635115620096 866.4308050774046 864.8361699617845
6.0 0.8090226752315128 864.6358500437759 863.8268273685444
9.0 0.3876824842590279 863.0850821170203 862.6973996327613
12.0 0.1458951005326177 861.8417755619074 861.6958804613748
15.0 0.03643325468321029 860.3316992918225 860.2952660371393
18.0 0 859.1963035798683 859.1963035798683
21.0 0.006032069932609817 857.8608491339225 857.8548170639899
24.0 0.02994403930661965 856.5468442969467 856.5169002576401
27.0 0.06941044002016609 855.2911064037475 855.2216959637273
30.0 0.1127017747451357 854.3276295146964 854.2149277399513
33.0 0.1797873485164275 852.8516364458451 852.6718490973287
36.0 0.2506801698584719 851.6263367123088 851.3756565424503
39.0 0.3301002134446744 850.5794947887221 850.2493945752775
42.0 0.4341221541658179 849.073977700369 848.6398555462032
45.0 0.5496602434280915 847.5367343410705 846.9870740976424
48.0 0.6650071764468872 846.2713227664031 845.6063155899563
51.0 0.801562005379573 844.6157915720185 843.814229566639
54.0 0.9440149231828919 843.1891217892177 842.2451068660349
57.0 1.102427837193099 841.6312421327611 840.528814295568
60.0 1.27346736179678 840.3254769114239 839.0520095496271
63.0 1.457759329914836 838.7384627820034 837.2807034520886
66.0 1.651989975923303 837.3792744639636 835.7272844880403
69.0 1.865546169967458 835.418331685753 833.5527855157856
72.0 2.069024895068839 834.4902525575561 832.4212276624872
75.0 2.315960057225482 831.983679458993 829.6677194017675
78.0 2.533677765397167 830.9978585191889 828.4641807537918
81.0 2.783521093941883 828.9742846345766 826.1907635406347
84.0 3.036651674433584 827.0419293292131 824.0052776547796
87.0 3.294614048838 825.749219041309 822.454604992471
90.0 3.564458657426656 824.8021353765357 821.2376767191091
93.0 3.859648271178709 822.8838472169349 819.0241989457562
96.0 4.188476136035931 820.1771706817717 815.9886945457358
99.0 4.522923864990976 818.3678522166196 813.8449283516286
102.0 4.813351674958774 819.0440250362683 814.2306733613096
105.0 5.195900127459061 816.9580918751398 811.7621917476808
108.0 5.588223613228338 814.1763844812318 808.5881608680035
111.0 5.936246677979394 812.4807258093409 806.5444791313615
114.0 6.270096923180213 811.9326924913496 805.6625955681694
117.0 6.569617773594965 812.4036866113297 805.8340688377347
120.0 6.827300324928229 815.9987021024689 809.1714017775406
123.0 7.152065165256844 814.1079186525109 806.9558534872541
126.0 7.478289793511151 807.762085281476 800.2837954879648
129.0 7.688647357297274 807.2606492319436 799.5720018746463
132.0 7.925574876400213 808.6424463049426 800.7168714285424
135.0 8.091345426458563 806.1728607134025 798.0815152869439
138.0 8.18079596385966 810.6328769603487 802.452080996489
141.0 8.503407544202744 799.8345358629287 791.331128318726
144.0 8.560514989369786 801.5972631451601 793.0367481557903
147.0 8.555065800517088 807.0307681038417 798.4757023033246
150.0 8.863856724200515 795.8492179329816 786.9853612087811
153.0 8.97652268722776 794.7899882257466 785.8134655385189
156.0 9.017814914393623 805.8382836389576 796.820468724564
159.0 9.25792109153257 792.3676802388659 783.1097591473333
162.0 8.935923339256594 819.6467283051627 810.7108049659061
165.0 9.455599615330604 788.7295722784106 779.27397266308
168.0 9.516453214358071 790.6160106681304 781.0995574537723
171.0 9.736695203396006 785.5829223697995 775.8462271664035
174.0 9.628081276611287 796.8450589528963 787.216977676285
177.0 9.507440393108829 823.8749093863113 814.3674689932025
180.0 9.934299160170241 790.1704810064894 780.2361818463192
183.0 10.09023312422041 783.9181291544978 773.8278960302774
186.0 9.95576229744009 811.2323201385617 801.2765578411216
189.0 10.11551555497439 803.9650958924462 793.8495803374718
192.0 10.6432596236357 772.5808731445123 761.9376135208765
195.0 10.57937126077201 787.2431400224075 776.6637687616355
198.0 10.78226712647683 774.7881324360866 764.0058653096097
201.0 10.94337276965413 774.1568961019192 763.2135233322651
204.0 11.15520590132789 765.4013043075989 754.246098406271
207.0 11.19470676328086 766.8699946036047 755.6752878403238
210.0 11.34020616593276 763.0899478736323 751.7497417076995
213.0 11.39649668518292 767.5070584857891 756.1105618006062
216.0 10.50407648615824 859.9016026245942 849.397526138436
219.0 10.30489424340377 858.3063259321329 848.0014316887291
222.0 11.14291510775695 806.8847010544933 795.7417859467363
225.0 11.8059264304637 765.0781323040718 753.2722058736081
228.0 11.79200443497027 763.3659115651249 751.5739071301546
231.0 12.03884237643179 756.215214919395 744.1763725429632
234.0 12.16025677083277 753.3525548272202 741.1922980563875
237.0 12.24644453893032 755.3119787862397 743.0655342473094
240.0 12.05883171088613 768.0129152487558 755.9540835378697
243.0 12.32406537526524 753.2983756964913 740.974310321226
246.0 12.31585865203739 751.7122100748118 739.3963514227744
249.0 12.20388259548289 758.9914169586069 746.787534363124
252.0 12.43163103860118 752.5703260727875 740.1386950341863
255.0 12.3616021333284 752.4332739246496 740.0716717913212
258.0 10.55518979857798 884.8777988029522 874.3226090043742
261.0 12.60211397134332 741.5085339179 728.9064199465567
264.0 12.51672644369289 745.3655515999877 732.8488251562948
267.0 12.538025782825 743.1800708469807 730.6420450641557
270.0 12.53767831402155 741.8935928726706 729.355914558649
273.0 11.99740489634991 796.0921902074826 784.0947853111327
276.0 12.70898029555688 733.5572859551037 720.8483056595468
279.0 12.36048600307203 759.9013362841609 747.5408502810889
282.0 12.67089505263746 734.1801634588405 721.509268406203
285.0 12.19013087211565 769.486786278694 757.2966554065784
288.0 12.74171749828384 731.4605544278826 718.7188369295988
291.0 12.84373877439324 725.7147144729184 712.8709756985252
294.0 12.77443948072119 726.8663412477304 714.0919017670092
297.0 12.3278857730696 758.7807493024138 746.4528635293442
300.0 12.6771464273584 731.6952049885945 719.0180585612361
303.0 12.8539104275487 719.4594255137867 706.605515086238
306.0 12.69718422927428 725.8366480240856 713.1394637948113
309.0 12.52305027215474 747.4662317818228 734.943181509668
312.0 12.77806616467795 717.3139308601507 704.5358646954727
315.0 12.79472999675482 718.2689264638554 705.4741964671005
318.0 12.87011515620561 712.9833567059152 700.1132415497096
321.0 12.80046420621965 716.0847113966 703.2842471903803
324.0 12.87551444982922 709.8087729225929 696.9332584727637
327.0 12.88114088272594 709.2953111420511 696.4141702593252
330.0 12.90479527426109 706.2501129449535 693.3453176706924
333.0 12.4507023797841 751.043902090712 738.5931997109279
336.0 12.90109114738777 704.302187460951 691.4010963135632
339.0 12.9170407716968 701.7055266494984 688.7884858778016
342.0 12.4253003409083 753.0844624185226 740.6591620776143
345.0 12.9657297442499 697.1999439535026 684.2342142092527
348.0 12.94028205113963 697.9892640613413 685.0489820102017
351.0 12.98490008535649 693.6722190915966 680.6873190062401
354.0 12.98481753773999 693.7341852893643 680.7493677516243
357.0 12.96850092862081 692.3870825641268 679.418581635506
360.0 12.99263816511796 691.5953662246608 678.6027280595429
363.0 13.01070329181803 689.60084609212 676.590142800302
366.0 13.05606505752173 687.0683012256817 674.01223616816
369.0 13.07070084894739 685.4149141187661 672.3442132698188
372.0 13.07849682961756 684.647570846638 671.5690740170204
375.0 13.10327510144383 682.7642514384244 669.6609763369806
378.0 13.15500877786526 680.1609127569065 667.0059039790412
381.0 13.18200776071797 678.2369097773602 665.0549020166422
384.0 13.21005810885159 676.6382131214237 663.4281550125721
387.0 13.24945638292463 675.2180942269387 661.968637844014
390.0 13.25529327251112 675.4377801283686 662.1824868558575
393.0 13.27357177466309 674.7023151488476 661.4287433741845
396.0 13.36878303377923 669.4481995184489 656.0794164846696
399.0 13.38713539626084 668.5561679293603 655.1690325330995
402.0 13.43647309089456 666.5918656289668 653.1553925380722
405.0 13.52531094023972 663.2642664571374 649.7389555168977
408.0 13.55366991215708 662.4803644872721 648.926694575115
411.0 13.60662500248991 660.4819132437219 646.875288241232
414.0 13.64224658084514 660.9628161483592 647.320569567514
417.0 13.71775096221748 656.9955001520329 643.2777491898154
420.0 13.78163168230086 655.8587309038704 642.0770992215695
423.0 13.86582824004288 653.0001224819721 639.1342942419292
426.0 13.94063807661781 651.4637647776574 637.5231267010396
429.0 14.03873747630582 648.869745110882 634.8310076345761
432.0 14.09736997453815 648.788354128572 634.6909841540338
435.0 14.19657765892303 646.0424766164829 631.8458989575599
438.0 14.3140626546208 643.5176294015536 629.2035667469328
441.0 14.43932949819044 641.0718553211585 626.632525822968
444.0 14.53577073427135 640.3301053761608 625.7943346418894
447.0 14.58647990368082 648.1421800306682 633.5557001269874
450.0 14.80582675461801 635.9807993882739 621.1749726336559
453.0 14.9739697810032 633.2731255402815 618.2991557592783
456.0 15.11122861801574 631.9692195175065 616.8579908994908
459.0 15.27369377109808 630.0784833838218 614.8047896127237
462.0 15.4635392347007 627.5852544062388 612.1217151715381
465.0 15.62946195242116 628.6048563374413 612.9753943850201
468.0 15.87350828968793 623.0405504087334 607.1670421190455
471.0 16.07174844936898 622.3849914839919 606.3132430346229
474.0 16.30259051414848 620.3385323155635 604.035941801415
477.0 16.58199035755469 616.6111075463868 600.0291171888321
480.0 16.83111408126683 615.2015435187289 598.3704294374621
483.0 17.12093187341437 613.9786214840481 596.8576896106337
486.0 17.43882355665834 610.336731226511 592.8979076698527
489.0 17.73503630122304 608.8567114092504 591.1216751080274
492.0 18.08075988022357 607.6804267961626 589.5996669159391
495.0 18.45983866683864 604.1275174395231 585.6676787726845
498.0 18.86187383936466 601.6830249273593 582.8211510879946
501.0 19.27796845022711 599.798844101125 580.5208756508979
504.0 19.74787401266784 594.6023372836546 574.8544632709867
507.0 20.19192091488589 594.1856862674036 573.9937653525177
510.0 20.71688874837702 590.3928736649333 569.6759849165563
513.0 21.22140594165383 589.7663041604983 568.5448982188444
516.0 21.79459137757563 586.3811026628834 564.5865112853078
519.0 22.43344061500194 581.2055056610117 558.7720650460098
522.0 23.15582875151861 576.8988909481751 553.7430621966565
525.0 23.73457557390598 579.5794004374229 555.8448248635169
528.0 24.47957475977816 574.0201275040821 549.540552744304
531.0 25.19859219920027 579.6268545577123 554.428262358512
534.0 25.89855265644498 575.2709585248315 549.3724058683865
537.0 27.15628651067151 558.6406748270534 531.4843883163819
540.0 27.35958154652306 581.6007808902045 554.2411993436815
543.0 28.45510424279224 565.0692752591374 536.6141710163452
546.0 31.19799187023776 530.3352589009018 499.1372670306641
549.0 30.16505810979545 562.2615637097456 532.0965055999502
552.0 41.89003237199493 458.9951699116824 417.1051375396875
555.0 37.05024026647082 498.9294065597785 461.8791662933077
558.0 43.9054949647686 447.4721891434031 403.5666941786345
561.0 56.24322902824526 401.9317870933724 345.6885580651271
564.0 53.15608706177687 415.5849817501983 362.4288946884214
567.0 62.38359665832646 379.0453876543367 316.6617909960103
570.0 67.4876919656329 363.3366780516848 295.8489860860519
573.0 67.10516530712908 364.7356044801964 297.6304391730673
576.0 69.00405896224431 361.7221368795813 292.718077917337
579.0 81.83132247934501 329.7220874236609 247.8907649443159
582.0 104.623552043256 277.7137417477307 173.0901897044747
585.0 129.9709282624387 233.0142830345264 103.0433547720877
588.0 131.48003758226 231.6271184650222 100.1470808827622
591.0 146.9296370301467 205.722137 58.7924999698533
