0.0 3.241430010042834 869.5754414336913 866.3340114236485
3.0 1.585815007589715 867.60267393795 866.0168589303602
6.0 0.8017898652663403 865.802550642455 865.0007607771887
9.0 0.3822136408118014 864.2616909847844 863.8794773439726
12.0 0.1419934588293678 863.0231267539349 862.8811332951056
15.0 0.03472034156186723 861.5238785587268 861.489158217165
18.0 0 860.4024305203529 860.4024305203529
21.0 0.008138184498467378 859.0645873479825 859.056449163484
24.0 0.03414719700346614 857.7527227971436 857.7185756001401
27.0 0.0756443322828813 856.4982541769153 856.4226098446325
30.0 0.1205066497956966 855.5452989793733 855.4247923295776
33.0 0.1900148591229888 854.0666964511935 853.8766815920705
36.0 0.2629410933412421 852.8411239677166 852.5781828743753
39.0 0.3441210744422887 851.8028211847333 851.458700110291
42.0 0.4506734888101829 850.2900643020089 849.8393908131987
45.0 0.5688009594087339 848.7570631399921 848.1882621805834
48.0 0.6863127750166776 847.4928370097557 846.806524234739
51.0 0.8256826478577473 845.832363751728 845.0066811038703
54.0 0.9705918702794267 844.4121601255237 843.4415682552443
57.0 1.131706340026641 842.8422481725242 841.7105418324975
60.0 1.305040325874719 841.5649606346688 840.2599203087941
63.0 1.492119935781016 839.9660751865323 838.4739552507513
66.0 1.688775624950804 838.6220283186822 836.9332526937314
69.0 1.905764620469119 836.633014719521 834.7272500990519
72.0 2.11099167829604 835.7391954392295 833.6282037609334
75.0 2.362277629607493 833.1920219092567 830.8297442796492
78.0 2.581871067619378 832.2217241299587 829.6398530623394
81.0 2.835292604715707 830.1828176093515 827.3475250046358
84.0 3.091876232839157 828.2184316786381 825.1265554457989
87.0 3.352254321553736 826.946884862184 823.5946305406303
90.0 3.623962083674176 826.0586919874116 822.4347299037375
93.0 3.922633983152984 824.1276565491422 820.2050225659892
96.0 4.256288446356485 821.3372926727213 817.0810042263648
99.0 4.59409452803008 819.5340444296684 814.9399499016384
102.0 4.883844921082358 820.3019098138622 815.4180648927799
105.0 5.270254536189739 818.2305914331584 812.9603368969687
108.0 5.667618018164356 815.3703033605937 809.7026853424294
111.0 6.018881893370457 813.629671854811 807.6107899614405
114.0 6.354060103277426 813.1535637450088 806.7995036417313
117.0 6.653194511453623 813.7762582729859 807.1230637615323
120.0 6.905318527079574 817.7896591517925 810.8843406247129
123.0 7.233557968257888 815.8980901733007 808.6645322050428
126.0 7.570694089628276 808.977513129041 801.4068190394127
129.0 7.782167418208713 808.4770106834731 800.6948432652644
132.0 8.016795997339688 810.5137478510705 802.4969518537308
135.0 8.186723972233173 808.0225985627525 799.8358745905193
138.0 8.268776066949333 813.1812960417993 804.91251997485
141.0 8.609881437060667 801.0168073036917 792.406925866631
144.0 8.663817360948213 803.4343062610782 794.7704889001299
147.0 8.64973939627247 808.9793356220082 800.3295962257357
150.0 8.977228699723762 796.9273184639715 787.9500897642478
153.0 9.0917672337895 795.8226634301843 786.7308961963948
156.0 9.113947530987086 809.2800206724166 800.1660731414296
159.0 9.377376875186906 793.4386128898863 784.0612360146994
162.0 9.009785372641031 823.6719486454386 814.6621632727976
165.0 9.58112720878059 789.7298892664019 780.1487620576213
168.0 9.638964493651319 791.8117133183533 782.172748824702
171.0 9.86757803369483 786.6110053515344 776.7434273178396
174.0 9.740537435313328 798.6262185513816 788.8856811160683
177.0 9.573890943989208 830.0536276783748 820.4797367343856
180.0 10.0577101692324 791.9522255228203 781.8945153535879
183.0 10.22403385985593 785.2650800390751 775.0410461792192
186.0 10.044076195399 815.6940396220728 805.6499634266738
189.0 10.21575242854885 808.0834916639249 797.8677392353761
192.0 10.79602640532192 773.524331086772 762.7283046814501
195.0 10.70795863027576 789.5700403776046 778.8620817473289
198.0 10.93163678346682 775.9267062017707 764.9950694183039
201.0 11.09365166381042 775.7266877165415 764.6330360527311
204.0 11.32001360336794 766.3768753715328 755.0568617681648
207.0 11.35722558751773 767.9048454580424 756.5476198705247
210.0 11.50899161263813 763.9853958101115 752.4764041974733
213.0 11.55812984016879 768.8013799966221 757.2432501564533
216.0 10.51360500268019 868.4484556114398 857.9348506087596
219.0 10.31867504332686 864.2373551746637 853.9186801313368
222.0 11.23993885994499 811.2827047187591 800.0427658588141
225.0 11.97182996366231 766.6054450727877 754.6336151091254
228.0 11.96082163858231 764.5732573910303 752.612435752448
231.0 12.21943680482145 757.2004205988799 744.9809837940584
234.0 12.34557661127189 754.2811767058101 741.9356000945382
237.0 12.42856915332531 756.5708130072613 744.142243853936
240.0 12.21991885015958 770.321742538022 758.1018236878624
243.0 12.50948037965994 754.5436037591716 742.0341233795117
246.0 12.50382148714612 752.8633994701139 740.3595779829678
249.0 12.37996244853729 760.5103477775772 748.1303853290399
252.0 12.61814298216941 754.0903365732223 741.4721935910529
255.0 12.5481075423581 754.0978561415471 741.549748599189
258.0 10.52843205971419 889.7883873049603 879.2599552452461
261.0 12.8066022517935 742.5704654000911 729.7638631482976
264.0 12.71487985696925 746.6192080297104 733.9043281727411
267.0 12.73962685850103 744.4522408795052 731.7126140210042
270.0 12.74139218937666 743.0425926589721 730.3012004695955
273.0 12.11169912905755 801.7440632891217 789.6323641600641
276.0 12.92618077014569 734.5264339522503 721.6002531821046
279.0 12.53365454977661 763.6439247569321 751.1102702071555
282.0 12.8869445241549 735.2951305535985 722.4081860294436
285.0 12.34747287103881 773.8856848201364 761.5382119490976
288.0 12.96201722129926 732.7387822450149 719.7767650237157
291.0 13.07338615255753 726.769414426481 713.6960282739235
294.0 13.00204315127642 728.0864023802448 715.0843592289684
297.0 12.50223761920652 763.1913804104706 750.6891427912641
300.0 12.89642494153275 733.6862012032667 720.789776261734
303.0 13.09337273932132 720.5315697102287 707.4381969709073
306.0 12.9260623611718 727.3377960820493 714.4117337208775
309.0 12.71521305860406 752.2020427256308 739.4868296670267
312.0 13.02076426198273 718.3984895792971 705.3777253173143
315.0 13.03570330929117 719.6789674277008 706.6432641184097
318.0 13.11973282122924 714.0913905591468 700.9716577379176
321.0 13.04483969220471 717.5363812195464 704.4915415273417
324.0 13.13007420866723 710.9766209751852 697.846546766518
327.0 13.13636699153891 710.6544180912446 697.5180510997057
330.0 13.16496537832865 707.4412556661194 694.2762902877907
333.0 12.63555838329814 757.7916421731481 745.15608378985
336.0 13.16427969580481 705.5330375145225 692.3687578187177
339.0 13.18440829336766 702.8321529240635 689.6477446306958
342.0 12.60625090351197 760.6708185884647 748.0645676849527
345.0 13.24025343934283 698.3113402952424 685.0710868558996
348.0 13.21338761562527 699.2805061091697 686.0671184935444
351.0 13.2650333214008 694.7243774074812 681.4593440860804
354.0 13.26472452941592 694.9522248340842 681.6875003046683
357.0 13.25050979493131 693.5866277988672 680.3361180039359
360.0 13.27583405482295 692.9142163878411 679.6383823330182
363.0 13.29708086524411 690.8878405162315 677.5907596509874
366.0 13.34651009802671 688.3249694755711 674.9784593775444
369.0 13.36380169390779 686.6208607402427 673.2570590463349
372.0 13.37272686756643 685.9654784145044 672.592751546938
375.0 13.40055186148936 684.0122287322903 670.611676870801
378.0 13.45646696498465 681.3878258677375 667.9313589027528
381.0 13.48654348182152 679.4421506734515 665.95560719163
384.0 13.51714792214983 677.8402628453291 664.3231149231792
387.0 13.55878817411572 676.4816883588945 662.9229001847788
390.0 13.56408643250574 676.9652156586908 663.4011292261851
393.0 13.58349765428533 676.2935171829411 662.7100195286558
396.0 13.68738285083835 670.6728967073671 656.9855138565288
399.0 13.70714549914728 669.8033801184124 656.0962346192651
402.0 13.75963587072873 667.8472718585178 654.0876359877891
405.0 13.85389981427513 664.433494373715 650.5795945594399
408.0 13.88344517338174 663.7635855529957 649.880140379614
411.0 13.93968340027178 661.6799899043052 647.7403065040334
414.0 13.97434064336687 662.5070779598487 648.5327373164818
417.0 14.05645827503838 658.1859388072392 644.1294805322008
420.0 14.12215237036442 657.1396261413713 643.0174737710069
423.0 14.21103628366522 654.189097390561 639.9780611068958
426.0 14.28834561197373 652.6885790720262 638.4002334600524
429.0 14.39070170151187 650.0512795588972 635.6605778573854
432.0 14.44939565367182 650.1752102902397 635.7258146365679
435.0 14.55318140059399 647.2791723950788 632.7259909944849
438.0 14.67484130554632 644.715511917128 630.0406706115817
441.0 14.80415075077898 642.2578953921972 627.4537446414182
444.0 14.90182838371578 641.6171052899396 626.7152769062239
447.0 14.93885870181339 651.3975059053128 636.4586472034995
450.0 15.17916552472425 637.2222515890421 622.0430860643179
453.0 15.35182598493829 634.5071028961802 619.1552769112419
456.0 15.49131960507333 633.2360221106106 617.7447025055373
459.0 15.65698982830749 631.3659179727769 615.7089281444694
462.0 15.85108724590264 628.8166023956653 612.9655151497627
465.0 16.01523435276002 630.4067068041026 614.3914724513426
468.0 16.26883394198935 624.2647378369138 607.9959038949244
471.0 16.46829291258986 623.7652736479387 607.2969807353488
474.0 16.7027465079455 621.6669231733167 604.9641766653712
477.0 16.98852346848484 617.8212587525857 600.8327352841008
480.0 17.24022207182893 616.4462597498895 599.2060376780606
483.0 17.532242001917 615.4455091521248 597.9132671502078
486.0 17.85650264592662 611.5991061504964 593.7426035045698
489.0 18.15548983381582 610.1336741245163 591.9781842907005
492.0 18.50344514866107 609.1604820178973 590.6570368692363
495.0 18.88885685467122 605.3926148492318 586.5037579945605
498.0 19.29534430429144 602.9650489784558 583.6697046741643
501.0 19.71500424705219 601.1364087772537 581.4214045302015
504.0 20.19399443959296 595.6875563053128 575.4935618657198
507.0 20.63929031808162 595.4004535402892 574.7611632222075
510.0 21.17110998928945 591.5067900844606 570.3356800951711
513.0 21.67729625010272 591.016097457611 569.3388012075083
516.0 22.25681674406476 587.4678908660429 565.2110741219781
519.0 22.90494263446577 582.0928010798496 559.1878584453839
522.0 23.63525069960282 577.7461477340871 554.1108970344843
525.0 24.21054388153975 580.6272546324812 556.4167107509414
528.0 24.9656013895163 574.8513409206816 549.8857395311653
531.0 25.67640430741123 581.1601468292533 555.4837425218421
534.0 26.38451504802477 576.5223860827464 550.1378710347216
537.0 27.67080349209943 559.2600506571507 531.5892471650512
540.0 27.83807573113066 582.6318729630409 554.7937972319102
543.0 28.9616000213534 565.654780089088 536.6931800677346
546.0 31.76365672366295 530.4359669326822 498.6723102090192
549.0 30.67892697948549 562.481800356448 531.8028733769625
552.0 42.58441547679524 459.0444202507716 416.4600047739763
555.0 37.67441147391836 498.950891007658 461.2764795337396
558.0 44.62113831766475 447.4916197708991 402.8704814532344
561.0 57.04965685824848 401.9572583138231 344.9076014555746
564.0 53.93627165029162 415.5899510043286 361.653679354037
567.0 63.23556821925032 379.0561764450635 315.8206082258132
570.0 68.3723166098869 363.3404172144945 294.9681006046076
573.0 67.98699495007289 364.7400660937653 296.7530711436924
576.0 69.89359777352475 361.7221368891166 291.8285391155919
579.0 82.79117864239007 329.7220898589507 246.9309112165607
582.0 105.700742304334 277.7139190487122 172.0131767443783
585.0 131.157993397378 233.0176618625564 101.8596684651784
588.0 132.6716476406541 231.6282700904876 98.95662244983349
591.0 148.1861179244895 205.722137 57.53601907551047
