0.0 3.209272350788093 873.6584728522664 870.4492005014783
3.0 1.555379914479109 871.6960871045479 870.1407071900688
6.0 0.7769787667460788 869.8755239386299 869.0985451718838
9.0 0.3634438811038225 868.3744050036943 868.0109611225905
12.0 0.1286622598127376 867.1467422006222 867.0180799408095
15.0 0.02889412105345506 865.6960819571015 865.667187836048
18.0 0 864.621949857847 864.621949857847
21.0 0.01554518447139932 863.2728154613126 863.2572702768412
24.0 0.048863914693743 861.9701661671498 861.9213022524561
27.0 0.097448028100481 860.7225799750216 860.6251319469211
30.0 0.147681467668753 859.8052563309368 859.6575748632681
33.0 0.2256911030876462 858.3223888590855 858.0966977559978
36.0 0.3057434562827779 857.0930240194499 856.7872805631671
39.0 0.3929857990454474 856.0807179989887 855.6877321999432
42.0 0.5084788577139345 854.5453369497072 854.0368580919933
45.0 0.6356034792455484 853.0335846856487 852.3979812064032
48.0 0.7606886937473245 851.7682059507934 851.007517257046
51.0 0.9099640084579996 850.0945332475172 849.1845692390592
54.0 1.063390990146567 848.6966336169325 847.6332426267859
57.0 1.234120768756212 847.0791904173259 845.8450696485696
60.0 1.415105732497104 845.9154434035379 844.5003376710408
63.0 1.612112640635446 844.2631188532126 842.6510062125772
66.0 1.81704573087678 842.9837172829912 841.1666715521144
69.0 2.046418625137149 840.8851888647211 838.838770239584
72.0 2.25731704457823 840.1238654290976 837.8665483845194
75.0 2.524367511893538 837.4164168478069 834.8920493359134
78.0 2.750333809537551 836.5012528154464 833.7509190059088
81.0 3.016462074560534 834.4115158704998 831.3950537959392
84.0 3.285561516908248 832.3177410280595 829.0321795111513
87.0 3.554153520291954 831.1101237962176 827.5559702759256
90.0 3.831604690030928 830.4531904909109 826.6215858008799
93.0 4.142594024055985 828.4919190628399 824.349325038784
96.0 4.49424749284444 825.3721744643703 820.8779269715258
99.0 4.843682592194979 823.6158151611382 818.7721325689433
102.0 5.130006384267967 824.6660417643522 819.5360353800842
105.0 5.529684915426659 822.6777017127154 817.1480167972887
108.0 5.945715388365011 819.5141623359128 813.5684469475478
111.0 6.308902059142704 817.6039228969034 811.2950208377607
114.0 6.647708300964624 817.4452187107526 810.7975104097879
117.0 6.943428711434998 818.693219227592 811.749790516157
120.0 7.170322712676977 824.4802919088152 817.3099691961383
123.0 7.510993780142333 822.4443392781478 814.9333454980054
126.0 7.894023031116013 813.2150426407601 805.3210196096441
129.0 8.109393833292727 812.7162548622115 804.6068610289188
132.0 8.326538535529803 817.713910328454 809.3873717929242
135.0 8.510211976125053 815.7054260010557 807.1952140249307
138.0 8.557295064266371 823.4989159440505 814.9416208797841
141.0 8.982839040348009 805.1490289405787 796.1661899002307
144.0 9.015064453886487 811.1493991283391 802.1343346744526
147.0 8.97099060776051 816.2584884510957 807.2874978433352
150.0 9.375665025922364 800.6709677852396 791.2953027593173
153.0 9.497484380097801 799.3265605244461 789.8290761443483
156.0 9.417464847792775 823.9570247244322 814.5395598766394
159.0 9.797348288232748 797.0828223833699 787.2854740951371
162.0 9.231993369844037 838.4334524000444 829.2014590302003
165.0 10.02327735720862 793.0995178788359 783.0762405216273
168.0 10.06809142052562 795.8929128752367 785.8248214547111
171.0 10.3281122684037 790.0858624948322 779.7577502264285
174.0 10.12734470533244 804.7063999690251 794.5790552636927
177.0 9.742974961040591 852.5016967260442 842.7587217650036
180.0 10.4821744790666 798.36644578202 787.8842713029534
183.0 10.69062618151131 789.9639341328548 779.2733079513435
186.0 10.31231678425361 831.5504750443691 821.2381582601155
189.0 10.5293709757446 823.0348628410865 812.5054918653419
192.0 11.33417101616146 776.7159310550585 765.381760038897
195.0 11.14394385685913 797.816422281824 786.6724784249649
198.0 11.45547182870804 779.8086909243979 768.3532190956898
201.0 11.61482021082665 781.3730567368893 769.7582365260626
204.0 11.89977875094985 769.7427095914922 757.8429308405424
207.0 11.92832272656453 771.4421447471322 759.5138220205676
210.0 12.10378491027484 767.0129846552414 754.9091997449665
213.0 12.1228849168641 773.2658143460331 761.142929429169
216.0 10.46894089856591 892.2739527729586 881.8050118743927
219.0 10.31834401554594 880.3961183706722 870.0777743551263
222.0 11.54213810062168 825.6536417247988 814.1115036241771
225.0 12.54859002991826 771.9167733551336 759.3681833252154
228.0 12.55183599285072 768.7145076439678 756.162671651117
231.0 12.85451678067787 760.5122976368559 747.6577808561781
234.0 12.99786972030003 757.4064865115106 744.4086167912106
237.0 13.06536761772642 760.9666917957392 747.9013241780128
240.0 12.76988109239391 778.5053615865327 765.7354804941388
243.0 13.15804427600996 758.8523973608311 745.6943530848212
246.0 13.16259770056567 756.7782641889017 743.615666488336
249.0 12.99272613155074 765.6573330468101 752.6646069152593
252.0 13.26696947563704 759.4519074504917 746.1849379748546
255.0 13.19491944488926 760.066749038672 746.8718295937827
258.0 10.40285873299843 900.7487329396587 890.3458742066602
261.0 13.52422257061151 746.2196485306757 732.6954259600642
264.0 13.4080276431532 750.9084653346682 737.500437691515
267.0 13.44453945793197 748.8424126614926 735.3978732035607
270.0 13.45536892913766 746.9287319924599 733.4733630633223
273.0 12.46131948852579 819.3003949023857 806.8390754138599
276.0 13.6895261818354 737.8080544353039 724.1185282534685
279.0 13.10753895431354 777.1250410754495 764.017502121136
282.0 13.6444531013618 739.0927158092129 725.4482627078511
285.0 12.85920695958957 788.9967317745879 776.1375248149983
288.0 13.73226190529569 737.1682365851372 723.4359746798415
291.0 13.87917851907772 730.3807962303452 716.5016177112674
294.0 13.79851061728329 732.340794913504 718.5422842962207
297.0 13.07219592193555 778.8988179457294 765.8266220237939
300.0 13.65345273657762 741.0226969162453 727.3692441796677
303.0 13.9332470483276 724.2307440485156 710.297497000188
306.0 13.72343598208928 732.6190208873241 718.8955849052348
309.0 13.34218310930627 769.6536059925516 756.3114228832453
312.0 13.87193883741747 722.0792221364266 708.2072832990091
315.0 13.87655908975604 724.6278961630519 710.7513370732959
318.0 13.99476984553363 717.8865913768653 703.8918215313317
321.0 13.89714567776973 722.6037856315484 708.7066399537787
324.0 14.02157399906658 715.028156091492 701.0065820924254
327.0 14.02758138441904 715.5022246183566 701.4746432339375
330.0 14.07575308225542 711.6043177624779 697.5285646802224
333.0 13.2137147269625 781.3803864428556 768.1666717158931
336.0 14.08516728274096 709.8232218611315 695.7380545783905
339.0 14.12132813106692 706.6983230650972 692.5769949340303
342.0 13.161828808779 786.4431906709244 773.2813618621454
345.0 14.20237160882676 702.1415454637404 687.9391738549137
348.0 14.16821254723597 703.7949683348431 689.6267557876072
351.0 14.24759547551027 698.3086453096021 684.0610498340918
354.0 14.24431289085342 699.1831843532096 684.9388714623562
357.0 14.23769553722896 697.7472188216034 683.5095232843745
360.0 14.26561049769141 697.53704298839 683.2714324906986
363.0 14.29842370111331 695.3804796521574 681.0820559510441
366.0 14.36247256561774 692.7067232553473 678.3442506897295
369.0 14.38973898271082 690.7994686161218 676.409729633411
372.0 14.40110162884586 690.6015341358101 676.2004325069642
375.0 14.4406102174915 688.3258214831662 673.8852112656747
378.0 14.51140559854569 685.6348782043049 671.1234726057593
381.0 14.55249744426111 683.6250921512663 669.0725947070052
384.0 14.59210312189509 682.0009665993442 667.4088634774491
387.0 14.64072963142464 680.9077170483946 666.2669874169699
390.0 14.64040130721325 682.5563556317135 667.9159543245002
393.0 14.66294404062131 682.131023927869 667.4680798872477
396.0 14.8023022479921 674.9331384396585 660.1308361916664
399.0 14.82674035464408 674.1340181762883 659.3072778216442
402.0 14.89010216722864 672.237311517143 657.3472093499143
405.0 15.00449301302958 668.4861387556499 653.4816457426203
408.0 15.03656836659394 668.322729356586 653.286160989992
411.0 15.10554919714778 665.8412499627299 650.7357007655821
414.0 15.13180503818752 668.257911698446 653.1261066602585
417.0 15.24222688619713 662.3018346326953 647.0596077464981
420.0 15.31303509065253 661.629647886393 646.3166127957405
423.0 15.41957100571296 658.3017720150301 642.8822010093171
426.0 15.50515310439987 656.9431326360035 641.4379795316037
429.0 15.62296044813946 654.1451577816095 638.52219733347
432.0 15.67896321382532 655.1741506534121 639.4951874395868
435.0 15.80097063439113 651.579525777472 635.7785551430809
438.0 15.93776675539855 648.8576718942332 632.9199051388346
441.0 16.08132562503534 646.3815653157958 630.3002396907605
444.0 16.18199457995744 646.1386352634547 629.9566406834972
447.0 16.14164740740551 665.3845559629739 649.2429085555684
450.0 16.48546315605428 641.541854684528 625.0563915284737
453.0 16.67395676435938 638.8356374353989 622.1616806710395
456.0 16.82089139371946 637.6669271387603 620.8460357450408
459.0 16.9974487730839 635.9073773309787 618.9099285578948
462.0 17.2072209300298 633.1115461257625 615.9043251957327
465.0 17.35663064922511 637.4425007995505 620.0858701503254
468.0 17.65228028643176 628.5329995133397 610.880719226908
471.0 17.85382732134693 628.7056272733154 610.8517999519685
474.0 18.10175494499405 626.3286196554937 608.2268647104996
477.0 18.41140797565805 622.021120351326 603.609712375668
480.0 18.67167853179663 620.7740522564196 602.102373724623
483.0 18.96821929030108 620.7713393192133 601.8031200289122
486.0 19.31766120227126 616.0275296244395 596.7098684221682
489.0 19.62623435408838 614.585157351843 594.9589229977546
492.0 19.97902373529743 614.5576863760503 594.5786626407529
495.0 20.38971201496107 609.8088831546071 589.419171139646
498.0 20.81151889973893 607.4677319160519 586.656213016313
501.0 21.24289918321011 605.8689247085568 584.6260255253467
504.0 21.75700632720121 599.4346146220621 577.6776082948609
507.0 22.20503313995143 599.6211048147802 577.4160716748288
510.0 22.76209565871899 595.3665223544211 572.6044266957021
513.0 23.27228039931751 595.4331651438541 572.1608847445366
516.0 23.87623642806102 591.1905827924751 567.3143463644141
519.0 24.55933634263797 585.0949622908077 560.5356259481697
522.0 25.3178694794801 580.6022113175574 555.2843418380773
525.0 25.87854746283621 584.2116841774672 558.333136714631
528.0 26.6715421893276 577.6474632395892 550.9759210502616
531.0 27.3446301289888 586.5581803272006 559.2135501982119
534.0 28.08490508478356 580.856529975227 552.7716248904434
537.0 29.47895453731502 561.3705033762418 531.8915488389268
540.0 29.51546291021129 585.9978449948284 556.4823820846172
543.0 30.74221950445449 567.5872996924398 536.8450801879853
546.0 33.75712106344164 530.776458703834 497.0193376403923
549.0 32.48981277609627 563.1561784518137 530.6663656757174
552.0 45.02901979672328 459.2084889764835 414.1794691797602
555.0 39.87360301214822 499.0240340644474 459.1504310522992
558.0 47.14050876146797 447.5570537252041 400.4165449637361
561.0 59.886701121365 402.0426167170425 342.1559155956775
564.0 56.68171232600656 415.605835458557 358.9241231325505
567.0 66.23219178829012 379.09233571365 312.8601439253599
570.0 71.48331035020745 363.3530719875687 291.8697616373612
573.0 71.08819714040985 364.7553183803828 293.667121239973
576.0 73.02183624815325 361.7221369167491 288.7003006685959
579.0 86.16552782032893 329.72209742868 243.5565696083511
582.0 109.485758739836 277.7145061412198 168.2287474013838
585.0 135.3275330221743 233.0291842193046 97.70165119713035
588.0 136.857121583606 231.6321631720477 94.77504158844172
591.0 152.5986536899418 205.722137 53.12348331005823
