0.0 3.156191633504613 880.5718848137503 877.4156931802457
3.0 1.504867338249095 878.689995579284 877.1851282410349
6.0 0.7364063754295616 876.8239734159797 876.0875670405501
9.0 0.3326504575965851 875.4093657998944 875.0767153422978
12.0 0.107140149967039 874.1788506869285 874.0717105369614
15.0 0.01946689062506454 872.8498844646537 872.8304175740286
18.0 0 871.8460161781975 871.8460161781975
21.0 0.02842348755645532 870.4685810976027 870.4401576100463
24.0 0.07413052940785185 869.1882253045596 869.1140947751517
27.0 0.1347355236378715 867.9629292087956 867.8281936851577
30.0 0.1937528857848747 867.0991955354906 866.9054426497057
33.0 0.2863100638709959 865.6295878203546 865.3432777564836
36.0 0.3786732110506488 864.3817471636127 864.003073952562
39.0 0.4760532015609029 863.3943639358667 862.9183107343058
42.0 0.6070933796716091 861.8386385401919 861.2315451605203
45.0 0.7492881395978592 860.3835041180535 859.6342159784557
48.0 0.8874545957052021 859.0948684378926 858.2074138421874
51.0 1.053793377195423 857.4213291866066 856.3675358094112
54.0 1.221565188226061 856.0537476603169 854.8321824720909
57.0 1.409433524213234 854.3437888391216 852.9343553149084
60.0 1.601897533055053 853.4236439548599 851.8217464218049
63.0 1.816793345731239 851.6303050518472 849.813511706116
66.0 2.034903076313017 850.5114787888504 848.4765757125374
69.0 2.287060438453721 848.1834768342264 845.8964163957727
72.0 2.505797371866191 847.7020377392939 845.1962403674277
75.0 2.802238104224397 844.6309958910528 841.8287577868284
78.0 3.038369722356131 843.8300792275706 840.7917095052144
81.0 3.326888221436079 841.6613830368536 838.3344948154175
84.0 3.619352151725472 839.2774511359167 835.6580989841912
87.0 3.901452941364409 838.1135689267975 834.2121159854331
90.0 4.185460412997188 837.9413537594967 833.7558933464995
93.0 4.517585418793237 836.0313977318421 831.5138123130489
96.0 4.904855927820714 832.19491734046 827.2900614126393
99.0 5.273067833092437 830.6755925370976 825.4025247040051
102.0 5.55089494329628 831.9421770597697 826.3912821164734
105.0 5.97175382355701 830.2271098364775 824.2553560129205
108.0 6.424009464467882 826.450785966067 820.0267765015992
111.0 6.809924326494008 824.2175167872496 817.4075924607556
114.0 7.149830817070669 824.8853010548052 817.7354702377345
117.0 7.430214696029773 827.6068302470717 820.1766155510419
120.0 7.585570791480017 837.9781821432272 830.3926113517472
123.0 7.95363132893729 834.4640735728544 826.5104422439171
126.0 8.448406664336739 820.3765018058718 811.9280951415351
129.0 8.670426961115892 819.8855307096283 811.2151037485124
132.0 8.809656688471666 832.5559562987356 823.7462996102639
135.0 8.997310484346788 835.0871789123822 826.0898684280354
138.0 8.954094922844721 846.1200185487098 837.165923625865
141.0 9.623537062104682 812.1498850035906 802.5263479414859
144.0 9.545970884746026 831.6319013092943 822.0859304245483
147.0 9.476766804120121 830.1913093545163 820.7145425503961
150.0 10.06516956708856 806.9646403460635 796.8994707789749
153.0 10.20370254313585 804.9121490499804 794.7084465068445
156.0 9.768421729653396 857.6607503172126 847.8923285875592
159.0 10.52616431597802 802.9213468248901 792.395182508912
162.0 9.480246914009143 862.7881182938048 853.3078713797956
165.0 10.79395182001544 798.3813420309562 787.5873902109408
168.0 10.8071162298691 802.466015715349 791.6588994854799
171.0 11.1288811933014 795.5679399184241 784.4390587251227
174.0 10.77024016954677 814.2122124432045 803.4419722736577
177.0 9.818142725405378 885.3504111423825 875.5322684169771
180.0 11.1800936650282 809.7727927955243 798.5926991304961
183.0 11.48474863703621 797.9334453445063 786.4486967074701
186.0 10.63465641644731 855.4722238425846 844.8375674261373
189.0 10.93555257392121 846.7479847303154 835.8124321563942
192.0 12.27132939723815 781.7770500255553 769.5057206283171
195.0 11.84160009746885 811.4403984833053 799.5987983858364
198.0 12.35929151282968 786.0652414895341 773.7059499767044
201.0 12.48848390294827 791.4167297375782 778.9282458346299
204.0 12.90510478073296 775.3494032334904 762.4442984527574
207.0 12.91722937189232 777.1849052429259 764.2676758710335
210.0 13.14005837683315 771.8122379099647 758.6721795331315
213.0 13.0892681969737 780.5499828672758 767.4607146703021
216.0 10.22988790827911 912.8816730102899 902.6517851020108
219.0 10.22385737106865 894.7435552753511 884.5196979042825
222.0 11.9542561236077 844.3503715416806 832.3961154180729
225.0 13.52471403819557 780.6566686464849 767.1319546082894
228.0 13.56734808944297 775.4562579014033 761.8889098119604
231.0 13.95674922297622 765.6715936304126 751.7148444074364
234.0 14.13175397332948 762.3035949338573 748.1718409605278
237.0 14.15523996553829 768.3548130933272 754.199573127789
240.0 13.66338655377049 792.124489094742 778.4611025409715
243.0 14.26977435701549 765.9468778396399 751.6771034826245
246.0 14.29764132934767 763.0048814016879 748.7072400723402
249.0 14.03442465473672 773.6921433296568 759.6577186749201
252.0 14.36467611542588 768.6181002736333 754.2534241582074
255.0 14.28009281245211 770.606026034228 756.3259332217759
258.0 10.1576347898361 907.4824919718321 897.324857181996
261.0 14.76269509132514 752.1999496747926 737.4372545834675
264.0 14.59706350368746 757.8198575076787 743.2227940039913
267.0 14.65187983305514 756.0760386360819 741.4241588030268
270.0 14.68565542499768 753.0475150343471 738.3618596093494
273.0 12.93272071294553 839.0976353321256 826.16491461918
276.0 15.01162972220691 743.0146405132848 728.0030107910778
279.0 13.97770331006974 798.7090149974202 784.7313116873504
282.0 14.94996069138988 745.1956165883557 730.2456558969658
285.0 13.61348505138658 810.6053127966371 796.9918277452505
288.0 15.05090217024601 744.5140100493095 729.4631078790635
291.0 15.26945000673381 736.2558839060099 720.9864338992761
294.0 15.16381753294107 739.516903024879 724.3530854919379
297.0 13.91243852908528 802.8976412617548 788.9852027326695
300.0 14.90721900744658 754.6235664185422 739.7163474110957
303.0 15.38043935114094 730.3540593370614 714.9736199859205
306.0 15.07682620731057 741.657981516008 726.5811553086975
309.0 14.25376224703624 797.35958622287 783.1058239758337
312.0 15.33967051954741 727.9372944028837 712.5976238833363
315.0 15.30894961404928 733.0320346458172 717.7230850317679
318.0 15.50147560147223 724.0615292936202 708.5600536921479
321.0 15.34811767680797 731.0955734005418 715.7474557237338
324.0 15.55258720516624 721.8063420012311 706.2537547960649
327.0 15.54608405067051 724.1299013442362 708.5838172935657
330.0 15.63792326264313 718.7010315224626 703.0631082598195
333.0 13.99005422600426 812.7943629643354 798.8043087383312
336.0 15.66322510739015 717.0914252494971 701.428200142107
339.0 15.73315978002516 713.0078187300627 697.2746589500375
342.0 13.8861719769598 818.1440285683601 804.2578565914003
345.0 15.8575959809312 708.4543227130294 692.5967267320982
348.0 15.80150465164238 711.4673453672136 695.6658407155713
351.0 15.94150098963296 704.074304354251 688.132803364618
354.0 15.92404630560802 706.2702988493188 690.3462525437108
357.0 15.93135118736606 704.7174579045179 688.7861067171518
360.0 15.9572927725703 705.4315766973592 689.4742839247889
363.0 16.0118943395129 702.9721649049773 686.9602705654644
366.0 16.10247461222309 700.0925486315025 683.9900740192794
369.0 16.14969302705154 697.7751831596597 681.6254901326082
372.0 16.15845018998724 698.6090531335055 682.4506029435183
375.0 16.22335876390978 695.4507632043386 679.2274044404288
378.0 16.32035872959478 692.6853262048542 676.3649674752594
381.0 16.38089886981359 690.6320043100785 674.2511054402649
384.0 16.43639835512421 688.9235010667411 672.4871027116169
387.0 16.49285004131102 688.4855562127949 671.9927061714839
390.0 16.46400758500043 693.1900618698 676.7260542847995
393.0 16.4884166915504 693.2853030034685 676.7968863119181
396.0 16.71353672914846 682.1042014499081 665.3906647207597
399.0 16.74526068947288 681.382474756227 664.6372140667542
402.0 16.82595232626457 679.7329503266574 662.9069980003929
405.0 16.97965385504412 675.2703355141787 658.2906816591346
408.0 17.00777109637077 676.4653024716223 659.4575313752516
411.0 17.10537211216325 672.8499535290759 655.7445814169126
414.0 17.090204251121 679.8005140544838 662.7103098033628
417.0 17.27708670139601 669.1421097347949 651.8650230333989
420.0 17.35102723627155 669.3374524429346 651.9864252066631
423.0 17.49350422435826 665.1327462011115 647.6392419767533
426.0 17.59122143889623 664.0800240724989 646.4888026336027
429.0 17.73764890028269 660.9852627289405 643.2476138286579
432.0 17.77423659235593 664.4412267877173 646.6669901953613
435.0 17.93950373461835 658.8116352894122 640.8721315547938
438.0 18.10460210753281 655.7300648245813 637.6254627170485
441.0 18.27236202677547 653.3458735579988 635.0735115312233
444.0 18.37247341302119 653.9449276118853 635.5724541988641
447.0 18.04097008743391 698.5934127089855 680.5524426215516
450.0 18.72402498891251 648.8132075086913 630.0891825197788
453.0 18.93885416447406 646.3086322546619 627.3697780901878
456.0 19.09758224312797 645.2203884415124 626.1228061983845
459.0 19.2906453049785 643.8538778042935 624.5632324993151
462.0 19.53128112361807 640.4090006742763 620.8777195506582
465.0 19.60703176691177 653.0155574755235 633.4085257086117
468.0 20.02356662499063 635.7646525973052 615.7410859723146
471.0 20.21796252708138 637.6693712326344 617.451408705553
474.0 20.49436948866653 634.32162676696 613.8272572782935
477.0 20.8514985583387 629.0504166551128 608.198918096774
480.0 21.1247350457046 628.0502539603328 606.9255189146282
483.0 21.41273776280932 630.691181089289 609.2784433264797
486.0 21.81971514858636 623.6419346036781 601.8222194550917
489.0 22.14501665421778 622.0803181633728 599.935301509155
492.0 22.48996384930815 624.7546062908819 602.2646424415737
495.0 22.96038652365095 617.2924566975122 594.3320701738613
498.0 23.40687732006159 615.2261741032972 591.8192967832356
501.0 23.8549669725695 614.1338491788461 590.2788822062766
504.0 24.44323588518542 605.6452320858058 581.2019962006203
507.0 24.88981422923086 606.6644746452038 581.774660415973
510.0 25.4946788630265 601.8136524293722 576.3189735663457
513.0 26.00346486618803 603.1305494978453 577.1270846316573
516.0 26.66002498227123 597.215102184503 570.5550772022317
519.0 27.41241741748673 589.8398172405734 562.4273998230867
522.0 28.22128489745208 585.0717740416509 556.8504891441988
525.0 28.7474062260312 589.9912344879948 561.2438282619635
528.0 29.61574493094218 582.0029974009566 552.3872524700144
531.0 30.19000848014448 595.6121432295608 565.4221347494163
534.0 30.99967604899586 587.9205893031615 556.9209132541656
537.0 32.60621947054942 564.7611887254569 532.1549692549074
540.0 32.40525163193742 590.9042237297273 558.4989720977899
543.0 33.82530178914935 570.4905978398234 536.665296050674
546.0 37.22375247989957 531.3202439860477 494.0964915061481
549.0 35.64025666570489 564.0263321742506 528.3860755085457
552.0 49.27121851802529 459.4622276240181 410.1910091059928
555.0 43.6961614259502 499.1425556777013 455.4463942517511
558.0 51.51204970247332 447.6607342185028 396.1486845160295
561.0 64.80259006436786 402.1763514781414 337.3737614137735
564.0 61.44141459110931 415.6283762971123 354.186961706003
567.0 71.42223894075507 379.1489534905559 307.7267145498008
570.0 76.86970242138971 363.3733148820882 286.5036124606985
573.0 76.45776994598766 364.7802162339577 288.32244628797
576.0 78.43794511168724 361.7221369486828 283.2841918369956
579.0 92.00354066297135 329.7221075558232 237.7185668928518
582.0 116.0277656923759 277.7154026734606 161.6876369810847
585.0 142.5285878191204 233.0479013718724 90.51931355275201
588.0 144.0855866911558 231.6383699140563 87.55278322290051
591.0 160.2164150523148 205.722137 45.50572194768516
