0.0 2.963366221061156 914.8573335120989 911.8939672910378
3.0 1.302054562967887 913.900852304549 912.5987977415811
6.0 0.5928663906349126 911.6687307141969 911.075864323562
9.0 0.224100110369204 910.6899134642541 910.4658133538849
12.0 0.04953389651212207 909.2753052826717 909.2257713861596
15.0 0 908.7176972245512 908.7176972245512
18.0 0.02555309196479412 907.5795703439626 907.5540172519978
21.0 0.1227808702887739 906.0678992393817 905.945118369093
24.0 0.2254030784642629 905.0069491758533 904.7815460973891
27.0 0.3408930643717208 903.9770258614753 903.6361327971036
30.0 0.4397508826980233 903.1864170599067 902.7466661772086
33.0 0.5965706285094288 902.151217803258 901.5546471747486
36.0 0.7578567309241843 900.525223046744 899.7673663158198
39.0 0.9104540037288035 899.2210704694069 898.3106164656781
42.0 1.109332027534828 898.3726189025814 897.2632868750465
45.0 1.318462285886523 897.1470314504536 895.8285691645671
48.0 1.532985967234404 895.287988109775 893.7550021425406
51.0 1.773037397746213 894.2894381262043 892.516400728458
54.0 2.017548138409867 892.4607536043602 890.4432054659503
57.0 2.293571813639687 891.1184194644602 888.8248476508205
60.0 2.504876560731052 891.4232969032105 888.9184203424795
63.0 2.837810298670727 888.719663089994 885.8818527913232
66.0 3.090664195000441 888.5856613608871 885.4949971658867
69.0 3.492344467423219 885.1920619670787 881.6997174996555
72.0 3.696299112637694 886.7533267877778 883.0570276751401
75.0 4.235588075532837 879.1268578605579 874.891269785025
78.0 4.467945925403127 881.8327426239531 877.36479669855
81.0 4.889111507047901 878.4247623032496 873.5356507962017
84.0 5.362012174648168 873.1406701003026 867.7786579256544
87.0 5.750159014434161 869.4901597213793 863.7400007069451
90.0 6.004310458071721 870.4367859572497 864.432475499178
93.0 6.327495497746623 876.4490793173459 870.1215838195993
96.0 7.074902882507926 863.359101993538 856.28419911103
99.0 7.354771395742604 873.617422533251 866.2626511375084
102.0 7.778416298017644 861.8446590634792 854.0662427654616
105.0 8.243287628297374 861.836790021886 853.5935023935887
108.0 8.969831511892637 854.8319969406868 845.8621654287942
111.0 9.511593207540593 851.2547969779234 841.7432037703828
114.0 9.658512344759586 860.3152196536585 850.6567073088989
117.0 9.552194958551348 875.0641671654605 865.5119722069092
120.0 8.342902360627222 919.3738626411939 911.0309602805667
123.0 9.690114557576656 879.732088737896 870.0419741803194
126.0 11.34487056771003 849.3681933822532 838.0233228145431
129.0 11.58949584101255 849.5341942608366 837.9446984198241
132.0 10.19388304992044 893.7560360370322 883.5621529871117
135.0 9.252811756811155 927.5349130887013 918.2821013318902
138.0 9.312143452502008 914.156999273736 904.844855821234
141.0 12.98081790404671 839.8759999974591 826.8951820934124
144.0 9.549983268758875 938.0141340973309 928.4641508285721
147.0 11.28790638838542 880.9446877411546 869.6567813527692
150.0 13.73443300623375 833.3026132993896 819.5681802931558
153.0 14.11424821420608 824.9151150631332 810.8008668489272
156.0 9.284007091559971 930.2555903105194 920.9715832189594
159.0 14.52499308745764 823.3994880087767 808.8744949213191
162.0 9.771298982676459 911.5316490036021 901.7603500209257
165.0 15.08359325292686 816.1079894319569 801.02439617903
168.0 14.75964889968473 826.4991981478225 811.7395492481377
171.0 15.54353731511032 814.0861304281042 798.5425931129939
174.0 14.09061594785625 838.6660584507997 824.5754425029434
177.0 9.290921909913041 921.135458884801 911.844536974888
180.0 14.32219590454599 850.6098221155268 836.2876262109808
183.0 14.00002309266596 962.6286963815664 948.6286732889005
186.0 11.66772848274028 886.7051452399675 875.0374167572273
189.0 12.31001542930554 880.5495153913005 868.239499961995
192.0 17.39684330081396 799.9383104993273 782.5414671985134
195.0 15.06194440653382 844.3796926832531 829.3177482767193
198.0 17.17036010535984 808.919984116517 791.7496240111572
201.0 16.64378639768548 829.1025586605687 812.4587722628832
204.0 18.22652363057569 799.9138449656588 781.6873213350831
207.0 18.19338970881747 799.326926691048 781.1335369822306
210.0 18.79121510068037 788.9842940686565 770.1930789679762
213.0 18.1281049110025 804.8688101842447 786.7407052732422
216.0 9.24822715827292 923.574560128599 914.326332970326
219.0 10.15967753932096 903.5423141923225 893.3826366530015
222.0 13.88148523056669 866.4685254125214 852.5870401819547
225.0 18.47849151713506 808.063556261907 789.5850647447719
228.0 18.88271644421666 799.7201436654239 780.8374272212072
231.0 19.93035573895832 782.2487134557498 762.3183577167915
234.0 20.27769514128141 778.836788091055 758.5590929497736
237.0 19.75633538671944 794.9454366720327 775.1891012853133
240.0 17.82127954992296 826.9903945910754 809.1691150411524
243.0 20.03818939947221 790.52999873981 770.4918093403378
246.0 20.30574697269654 783.7103299397973 763.4045829671008
249.0 19.44878074820561 796.5684038618536 777.119623113648
252.0 19.78891558791986 801.7099984599919 781.9210828720721
255.0 19.46143347623977 808.5977213339407 789.136287857701
258.0 9.733759679371306 909.7176249239593 899.983865244588
261.0 21.25911143355928 774.9838163836652 753.7247049501059
264.0 20.78936526233024 781.1692521360399 760.3798868737097
267.0 20.84819251201515 783.2970986700238 762.4489061580087
270.0 21.1919725188883 772.8836060535304 751.6916335346421
273.0 15.31091616605752 855.3652517830375 840.0543356169799
276.0 22.05311587015481 761.1470968292653 739.0939809591105
279.0 17.71322414743582 833.7027751329278 815.989550985492
282.0 21.78796671543043 767.5688459933166 745.7808792778862
285.0 16.96191628465851 839.6246005708612 822.6626842862027
288.0 21.79715245460259 771.5407468369499 749.7435943823473
291.0 22.54106109179524 758.5971606789405 736.0560995871453
294.0 22.12708887679954 767.7615746448586 745.6344857680591
297.0 17.47672716818529 836.2173958558074 818.7406686876221
300.0 20.55852145668164 802.2660993535217 781.70757789684
303.0 22.88119568585974 754.9827045465378 732.1015088606781
306.0 21.75619552033053 776.5450734591638 754.7888779388332
309.0 17.98466787148625 832.7972938154228 814.8126259439366
312.0 23.03658880066978 748.31340322002 725.2768144193502
315.0 22.48117678481456 764.5363966397862 742.0552198549716
318.0 23.32077607509064 747.4943297545009 724.1735536794103
321.0 22.6282644899033 761.7603042894652 739.1320397995619
324.0 23.38639102685529 749.1509439780216 725.7645529511663
327.0 22.97608299450269 764.0099244333577 741.033841438855
330.0 23.53814089286253 750.2020916006189 726.6639507077564
333.0 17.25081076492007 839.3564710669271 822.105660302007
336.0 23.63518933785336 748.4950654520903 724.859876114237
339.0 24.06463300859122 736.7147728001424 712.6501397915511
342.0 17.00438251492251 841.3801423764904 824.3757598615679
345.0 24.38973247481687 733.0014807186705 708.6117482438536
348.0 24.00826571587004 743.9208223309391 719.9125566150691
351.0 24.75671281006176 725.431013147217 700.6743003371552
354.0 24.46760049213579 734.5732202218518 710.1056197297161
357.0 24.53952896520823 733.8478270387881 709.3082980735798
360.0 24.43155155426266 738.3325774404336 713.9010258861709
363.0 24.65604352003522 733.5190015718495 708.8629580518142
366.0 24.91007724096373 729.5100106174368 704.5999333764731
369.0 25.09418902240106 726.7761129615516 701.6819239391505
372.0 24.89509231621216 735.1269757463856 710.2318834301735
375.0 25.3100954540087 722.2206452042797 696.910549750271
378.0 25.52887509972259 720.24329172457 694.7144166248474
381.0 25.66494250122877 719.4856803923815 693.8207378911527
384.0 25.82313569244377 716.8201084793011 690.9969727868574
387.0 25.77227646476621 722.5765246991186 696.8042482343524
390.0 24.95256738613011 750.6173484349157 725.6647810487856
393.0 24.89421500769398 753.883818872186 728.989603864492
396.0 26.38179988667293 712.1714299207551 685.7896300340822
399.0 26.46030925563062 710.5929680588647 684.132658803234
402.0 26.5344739557679 713.53055710013 686.9960831443621
405.0 27.00757409175551 704.522219980177 677.5146458884215
408.0 26.64203717620687 722.4737842657277 695.8317470895208
411.0 27.20318346111383 704.6736798228249 677.4704963617111
414.0 25.88355240330391 751.5372556368566 725.6537032335527
417.0 27.61928432205056 697.2561107944741 669.6368264724236
420.0 27.53250852751378 704.5432973887449 677.0107888612311
423.0 28.04421962422651 692.3857160988337 664.3414964746072
426.0 28.1440118816462 693.7293540475874 665.5853421659412
429.0 28.46842359062739 689.6382771843289 661.1698535937015
432.0 27.75079894392454 721.3116110808259 693.5608121369013
435.0 28.74103162018132 688.8176294505318 660.0765978303505
438.0 29.11757613995558 683.0057186771065 653.8881425371509
441.0 29.33070352455378 684.8415357221064 655.5108321975527
444.0 29.28436287548976 690.7289633234544 661.4446004479647
447.0 25.16132243338891 776.0112603262713 750.8499378928824
450.0 30.01872755476223 679.1448537922583 649.1261262374961
453.0 30.23259254477336 684.1167215609261 653.8841290161527
456.0 30.51971941672964 678.1788642688888 647.6591448521592
459.0 30.63233283073347 685.2182640786064 654.5859312478729
462.0 31.20376217279041 673.7888368580694 642.585074685279
465.0 29.26110326281328 736.1644128684672 706.9033096056539
468.0 31.96489287485018 667.198321491795 635.2334286169448
471.0 31.66398275885283 689.2464773263393 657.5824945674865
474.0 32.43761715628135 669.1213890339436 636.6837718776622
477.0 33.19285854658349 657.9701002476106 624.7772417010272
480.0 33.48665911265793 658.8090374104379 625.3223782977799
483.0 33.1589454571446 682.9651901848876 649.806244727743
486.0 34.33261721747437 658.4080375375081 624.0754203200338
489.0 34.83641241473493 651.7479310604515 616.9115186457166
492.0 34.46470878642775 681.3029000966293 646.8381913102016
495.0 35.87980878997497 648.8939269489894 613.0141181590145
498.0 36.35657364809886 651.4040787930891 615.0475051449903
501.0 36.82817405168654 651.4713417173675 614.643167665681
504.0 38.11972936283591 631.2714862272496 593.1517568644137
507.0 38.48470658176405 633.5924172307876 595.1077106490235
510.0 39.35828819367007 629.2735919843306 589.9153037906605
513.0 39.652060962632 637.6555805517045 598.0035195890725
516.0 40.90576061579046 618.7099048579371 577.8041442421467
519.0 42.16510805270274 606.1567303301317 563.991622277429
522.0 43.26998920681484 599.6701811812229 556.4001919744081
525.0 43.45241360786377 610.2879088946329 566.8354952867691
528.0 44.88541029156211 595.9734130468909 551.0880027553287
531.0 44.45719076267682 623.5092633768108 579.052072614134
534.0 45.83340419441874 609.8577886819758 564.0243844875571
537.0 48.86584635587721 577.1056767454449 528.2398303895677
540.0 47.40616208631659 603.6543343142215 556.248172227905
543.0 49.95803928350658 579.1695149624358 529.2114756789292
546.0 55.50374455384664 533.4430493183645 477.9393047645179
549.0 52.33526091082074 565.7156288310264 513.3803679202056
552.0 71.46527153717713 460.3473411026122 388.882069565435
555.0 63.80559442042747 499.6296524298444 435.8240580094169
558.0 74.36869960798349 448.0609713509353 373.6922717429518
561.0 90.37790554382145 402.6672028155628 312.2892972717414
564.0 86.24889492149793 415.6878859293076 329.4389910078097
567.0 98.37715252043034 379.354429544487 280.9772770240567
570.0 104.8103397831361 363.4531950117003 258.6428552285641
573.0 104.3136396721266 364.8849661771849 260.5713265050584
576.0 106.5295706403722 361.7221369947812 255.1925663544089
579.0 122.204685237146 329.7221297299234 207.5174444927774
582.0 149.7487851481726 277.7183985209754 127.9696133728028
585.0 179.5426515615891 233.1255386625261 53.58288710093701
588.0 181.238264742634 231.6623512953425 50.42408655270847
591.0 199.3163030773176 205.722137 6.405833922682404
