0.0 2.931342207727015 923.0799188599581 920.1485766522311
3.0 1.261952354116958 922.2698202350469 921.0078678809299
6.0 0.5685144541942712 920.0485516089769 919.4800371547826
9.0 0.2062262672000768 919.0193857329006 918.8131594657006
12.0 0.04443401192629631 917.6163253412308 917.5718913293045
15.0 0 917.0693367575732 917.0693367575732
18.0 0.0383263775005609 915.7790815474441 915.7407551699436
21.0 0.1520965364981631 914.2868186694679 914.1347221329697
24.0 0.266463978872252 913.2747875481267 913.0083235692545
27.0 0.3936442550998867 912.2711389838171 911.8774947287172
30.0 0.5018673943615964 911.4384730490386 910.936605654677
33.0 0.6702827752982339 910.5405008677552 909.8702180924569
36.0 0.850657667285925 908.7935772931219 907.9429196258359
39.0 1.018834979882805 907.3882315359195 906.3693965560367
42.0 1.226815233684396 906.8746652868485 905.6478500531641
45.0 1.450901388467297 905.6161918957404 904.1652905072731
48.0 1.687758992367663 903.5845361216648 901.8967771292971
51.0 1.939509294682802 902.7870373497801 900.8475280550973
54.0 2.206684826987836 900.7137247438533 898.5070399168654
57.0 2.49736610332253 899.7800120681882 897.2826459648657
60.0 2.70793707979891 900.0042734830729 897.296336403274
63.0 3.071181556921783 897.5575604142331 894.4863788573113
66.0 3.32902605541411 897.1770742101636 893.8480481547495
69.0 3.768998099078985 894.0065209846364 890.2375228855574
72.0 3.958401682223877 895.5991694506272 891.6407677684033
75.0 4.588617591426094 886.7420655912744 882.1534479998483
78.0 4.785960755724925 891.3187358587997 886.5327751030748
81.0 5.249807064291514 887.2992074286381 882.0494003643466
84.0 5.787231671351759 881.0195633646174 875.2323316932656
87.0 6.220857248588694 876.7314976651767 870.510640416588
90.0 6.475890814234145 875.8439229631469 869.3680321489128
93.0 6.7179144428373 886.3441149336775 879.6262004908402
96.0 7.627940102976073 869.3317525988387 861.7038124958626
99.0 7.774923241202465 885.4477141042841 877.6727908630816
102.0 8.34917602249435 869.3361505793409 860.9869745568465
105.0 8.828596068541603 866.8951822544199 858.0665861858783
108.0 9.637301472329913 859.4623943787155 849.8250929063856
111.0 10.2224054584506 855.7357514442332 845.5133459857826
114.0 10.26814794639348 866.4974201823831 856.2292722359896
117.0 9.999954569898864 882.7380397492308 872.7380851793319
120.0 8.319529933558531 926.8872010603864 918.5676711268279
123.0 10.10940064928169 883.9184548692774 873.8090542199957
126.0 12.09506654264703 853.6146185466653 841.5195520040183
129.0 12.33909115478002 854.056475511707 841.717384356927
132.0 10.47571893274258 897.4283249911441 886.9526060584015
135.0 9.182198983277042 930.0353413844623 920.8531424011852
138.0 9.384062244103901 916.0544518604071 906.6703896163032
141.0 13.84759201771407 843.8037901135542 829.9561980958401
144.0 9.375175598098901 940.332643612907 930.9574680148081
147.0 11.71453363007285 884.4502800308023 872.7357464007295
150.0 14.67518801139517 837.5796216948631 822.904433683468
153.0 15.15193232913846 827.9947318639501 812.8427995348116
156.0 9.19522043774846 931.1381755625135 921.9429551247651
159.0 15.58359437980283 826.2593027521817 810.6757083723789
162.0 9.842879887141971 920.4089527446701 910.5660728575282
165.0 16.22507571374047 818.6353050859487 802.4102293722083
168.0 15.78424679750694 830.2173570058421 814.4331102083351
171.0 16.71023860683963 816.6852163697017 799.9749777628621
174.0 14.99129418444925 840.690469529864 825.6991753454147
177.0 9.285293523204253 924.5361040128691 915.2508104896649
180.0 15.09240460080613 854.3502389394147 839.2578343386086
183.0 13.41854789494276 996.946829986182 983.5282820912393
186.0 12.055336171386 887.2410820965636 875.1857459251776
189.0 12.76734557935964 881.1651484142485 868.3978028348889
192.0 18.72739110999693 802.8163713756252 784.0889802656283
195.0 15.91378299215646 846.3465795005335 830.432796508377
198.0 18.40294200449978 812.3228113410979 793.9198693365981
201.0 17.65942495869413 832.9759896401906 815.3165646814965
204.0 19.55757727668312 804.3701180406818 784.8125407639987
207.0 19.53465319143491 802.9211610633849 783.38650787195
210.0 20.25023606245641 791.673196113383 771.4229600509265
213.0 19.41472775690363 807.7968593370588 788.3821315801552
216.0 9.232852700957026 923.6539517575087 914.4210990565517
219.0 10.36047629590264 903.6326302087896 893.2721539128869
222.0 14.50095122520184 867.0048319817826 852.5038807565807
225.0 19.73620541022561 810.8807536984967 791.1445482882711
228.0 20.22825136084617 803.0463128198721 782.8180614590259
231.0 21.47321127497014 784.4343760370372 762.961164762067
234.0 21.85836465284669 781.2243048882846 759.3659402354379
237.0 21.16062079526758 798.1590828068475 776.99846201158
240.0 18.87945104916524 829.2674286998295 810.3879776506643
243.0 21.49187177045043 793.5914845361413 772.0996127656909
246.0 21.83428902905725 786.4787638767446 764.6444748476874
249.0 20.83785873043174 798.9008522448631 778.0629935144313
252.0 21.12065196746507 805.4688403669561 784.3481883994911
255.0 20.71905010009346 812.2399844458847 791.5209343457913
258.0 9.866908279912441 909.7208769403476 899.8539686604351
261.0 22.8840293024033 778.4320146916855 755.5479853892822
264.0 22.34786015856512 784.1630238005998 761.8151636420346
267.0 22.38024563919836 787.2604126891517 764.8801670499534
270.0 22.84247453284671 775.4538697840308 752.6113952511841
273.0 16.06172587961002 855.5536920651653 839.4919661855553
276.0 23.83334612763761 763.7987493737639 739.9654032461263
279.0 18.70831671056517 834.6239783116038 815.9156616010387
282.0 23.49481586179685 771.0503687941286 747.5555529323318
285.0 17.88880928660846 840.4353294474213 822.5465201608129
288.0 23.46198084802925 775.1846965192148 751.7227156711856
291.0 24.34802552290421 762.1317188621161 737.7836933392119
294.0 23.8323496781162 771.7837085001045 747.9513588219883
297.0 18.444592800936 836.9297666551448 818.4851738542088
300.0 21.89303298045054 805.8206530656119 783.9276200851614
303.0 24.72632695366498 759.0226369561817 734.2963100025168
306.0 23.36452176526294 780.980217799872 757.6156960346091
309.0 18.99426508149453 833.2959492052748 814.3016841237802
312.0 24.95784093799473 751.2723228692619 726.3144819312671
315.0 24.22308647394973 768.5948987515589 744.3718122776091
318.0 25.24959366873822 751.1837948094363 725.934201140698
321.0 24.40113089194582 765.6797040757527 741.2785731838068
324.0 25.29570089729086 753.4050249843865 728.1093240870957
327.0 24.71875273304626 769.885557821703 745.1668050886567
330.0 25.43192002283938 755.6570498269147 730.2251298040753
333.0 18.18679483247619 839.5652267289504 821.3784318964742
336.0 25.5487265758409 753.7209799762925 728.1722534004516
339.0 26.11282133207073 740.3204652771094 714.2076439450387
342.0 17.91714208413651 841.5547219019391 823.6375798178026
345.0 26.47835176142735 736.8501145157945 710.3717627543672
348.0 25.97273768869269 749.1719737916895 723.1992361029968
351.0 26.92974807468595 728.8265353275817 701.8967872528958
354.0 26.53825719314064 738.8825711013736 712.344313908233
357.0 26.61568008486764 738.6995584956972 712.0838784108296
360.0 26.45939299383331 743.3110579358142 716.8516649419809
363.0 26.73780500542927 738.1543448230934 711.4165398176641
366.0 27.03704451603283 733.9178842922862 706.8808397762534
369.0 27.24838445834842 731.7813919767068 704.5330075183584
372.0 26.95413717996847 741.3974363426965 714.443299162728
375.0 27.51896778294485 726.1624471031922 698.6434793202474
378.0 27.75851418001136 724.5587394186191 696.8002252386077
381.0 27.90179444875909 724.1801958234257 696.2784013746666
384.0 28.08989235085875 721.3840935057175 693.2942011548588
387.0 27.97145269400429 728.5866996649679 700.6152469709636
390.0 26.84509819144928 757.9877173989783 731.142619207529
393.0 26.75126629256803 761.4415955825097 734.6903292899417
396.0 28.69997084432659 717.1747312806194 688.4747604362928
399.0 28.79752259941844 715.2218925984966 686.4243699990781
402.0 28.8350358298576 719.5159528489956 690.680917019138
405.0 29.40961374454734 709.8608656502231 680.4512519056758
408.0 28.83553752257187 731.392024552456 702.5564870298841
411.0 29.60097294829563 710.933158056442 681.3321851081464
414.0 27.77372982443445 759.1897335992968 731.4160037748623
417.0 30.10534892440063 702.0650565688607 671.9597076444601
420.0 29.93512593824934 710.7118777171471 680.7767517788978
423.0 30.58710003400556 696.7699582185761 666.1828581845705
426.0 30.67098704249071 698.702684097446 668.0316970549553
429.0 31.04127197554875 694.5627016125341 663.5214296369853
432.0 29.96339368549244 730.8719800477167 700.9085863622243
435.0 31.32540707517992 693.6707608852932 662.3453538101133
438.0 31.76839257716108 687.3900325142022 655.6216399370412
441.0 31.95694924205444 690.7366677358886 658.7797184938342
444.0 31.84506462358341 697.4054925603388 665.5604279367554
447.0 26.82831123038759 777.0045004970923 750.1761892667047
450.0 32.71540949395275 684.1500328819846 651.4346233880319
453.0 32.86564393083542 691.9317026574744 659.066058726639
456.0 33.22858094371268 683.7422689444284 650.5136880007157
459.0 33.256111673372 693.3617077500686 660.1055960766966
462.0 33.96134016034101 680.0930071536208 646.1316669932798
465.0 31.360581538334 740.8805674458323 709.5199859074983
468.0 34.80287689190073 672.6149145131054 637.8120376212047
471.0 34.24997741137026 698.5403145994159 664.2903371880456
474.0 35.25898357068608 674.823869196655 639.5648856259689
477.0 36.14207862042323 662.7651758354561 626.6230972150329
480.0 36.42766907723294 664.1025541776469 627.6748851004139
483.0 35.8347968836511 690.384391645393 654.5495947617419
486.0 37.28261330810563 664.4076088152032 627.1249955070976
489.0 37.86873017910182 656.1503946424438 618.281664463342
492.0 37.16955516249858 688.9632933443385 651.7937381818399
495.0 38.94859531777006 654.0243087565073 615.0757134387372
498.0 39.39716176785293 657.9139039502343 618.5167421823813
501.0 39.87599127109457 657.3451885228122 617.4691972517176
504.0 41.39722219055189 635.7539260417885 594.3567038512366
507.0 41.74491193275609 637.4686195072563 595.7237075745002
510.0 42.66689417812433 634.1940740419245 591.5271798638002
513.0 42.87430334138699 643.0325117353648 600.1582083939778
516.0 44.34882349662822 621.8082401840615 577.4594166874333
519.0 45.75447549441839 608.5689061504757 562.8144306560573
522.0 46.93989587497393 601.6637045512743 554.7238086763004
525.0 47.00992470341552 613.1565934605534 566.1466687571379
528.0 48.6108829187401 597.8277698535201 549.21688693478
531.0 47.89007871316987 626.0180240713019 578.1279453581321
534.0 49.42278250486845 612.1476417936404 562.7248592887719
537.0 52.82702407738826 579.0092957329764 526.1822716555881
540.0 51.08105936739571 604.9859346794776 553.9048753120819
543.0 53.91322855284789 580.3017512208831 526.3885226680352
546.0 59.99231231486891 533.8244585684285 473.8321462535596
549.0 56.45921208241722 565.8441955488729 509.3849834664557
552.0 76.87456151232267 460.4882441956343 383.6136826833116
555.0 68.73049109657314 499.7223094442526 430.9918183476795
558.0 79.93517749592938 448.1338302880114 368.198652792082
561.0 96.57828031912622 402.7506478141691 306.1723674950429
564.0 92.27260898184933 415.6946393735955 323.4220303917462
567.0 104.9010657243237 379.3885763517958 274.4875106274721
570.0 111.56494683683 363.4679053865322 251.9029585497022
573.0 111.048306202605 364.905509307343 253.857203104738
576.0 113.3198768691868 361.7221369968457 248.402260127659
579.0 129.4872124776654 329.722131660285 200.2349191826196
582.0 157.8526002990507 277.7188519888694 119.8662516898187
585.0 188.41439538264 233.1405896175573 44.72619423491731
588.0 190.1426774671307 231.6666275215196 41.52395005438896
591.0 208.675203888772 205.722137 -2.953066888772033
