0.0 2.875459851451609 937.8368957461288 934.9614358946772
3.0 1.188975966396817 937.1552057982805 935.9662298318836
6.0 0.5213449169833855 935.2211834418062 934.6998385248228
9.0 0.1735179378647869 933.9072600061679 933.7337420683031
12.0 0.03369183052677118 932.5874155127796 932.5537236822529
15.0 0 931.8248735847903 931.8248735847903
18.0 0.06526970159293653 930.2416776322237 930.1764079306308
21.0 0.2072826036008281 928.8922651639437 928.6849825603429
24.0 0.3418937577493641 927.8955293841138 927.5536356263644
27.0 0.4890587234334639 926.979911813607 926.4908530901735
30.0 0.6160108438613241 925.9442375986146 925.3282267547532
33.0 0.8019309772303799 925.2462407673575 924.4443097901271
36.0 1.018851043399517 923.3775648415393 922.3587137981398
39.0 1.216872937670788 921.8655837404001 920.6487108027293
42.0 1.432881800632444 921.8884805682903 920.4555987676578
45.0 1.684936674109141 920.5239162829166 918.8389796088075
48.0 1.964551408491983 918.412087106302 916.4475356978101
51.0 2.233930269069888 917.7081538402265 915.4742235711566
54.0 2.547085384959562 915.3223988504111 912.7753134654515
57.0 2.853599778367832 915.0556974331765 912.2020976548086
60.0 3.068618146596551 914.6840106072367 911.6153924606402
63.0 3.473399998248474 913.4503381262852 909.9769381280368
66.0 3.752105902379892 911.9291130604503 908.1770071580704
69.0 4.249412086264624 909.8207558851889 905.5713437989243
72.0 4.421105621294896 910.2975156507624 905.8764100294675
75.0 5.234983140025109 900.6885080780215 895.4535249379964
78.0 5.324533207610971 908.0108929634001 902.6863597557891
81.0 5.877938876439019 903.2856375648448 897.4076986884057
84.0 6.553985108395822 895.6504714891588 889.096486380763
87.0 7.066041661426801 893.0785339777937 886.0124923163669
90.0 7.409226535806434 883.2663925764898 875.8571660406833
93.0 7.382532369220639 902.8215834796968 895.4390511104762
96.0 8.688278333181333 878.2333774712815 869.5450991381002
99.0 8.454762456482762 903.6061976353217 895.1514351788389
102.0 9.303380020534543 896.0423516420069 886.7389716214723
105.0 9.972906193779333 873.8312116201209 863.8583054263415
108.0 10.93638713350396 865.9779446912622 855.0415575577582
111.0 11.60176720829882 862.0948838564022 850.4931166481033
114.0 11.43290773219544 874.7104524951903 863.2775447629949
117.0 10.85420704152353 891.6330648924106 880.778857850887
120.0 8.363381112951205 932.7574738494144 924.3940927364632
123.0 10.98945240445239 888.2177106908219 877.2282582863696
126.0 13.55500117398685 859.0424136404182 845.4874124664314
129.0 13.7910329637364 859.9578248466415 846.1667918829051
132.0 11.12935470673923 900.2369473475644 889.1075926408251
135.0 9.232275882553564 931.3582297311799 922.1259538486263
138.0 9.694799788584204 917.252457934536 907.5576581459518
141.0 15.52254557023065 848.8282625772583 833.3057170070277
144.0 9.242993904423787 941.4541787258726 932.2111848214488
147.0 12.62592661829712 887.4862894117984 874.8603627935012
150.0 16.47143022181714 843.438250755946 826.9668205341289
153.0 17.1459177172058 832.4476013240169 815.3016836068111
156.0 9.235294887233333 931.5963640191609 922.3610691319275
159.0 17.62251347952204 830.0749681645999 812.4524546850778
162.0 9.901896828607657 942.8662531000918 932.9643562714841
165.0 18.41788080771472 822.1749727549487 803.757091947234
168.0 17.74114982559051 835.490918838759 817.7497690131685
171.0 18.94697016234188 820.2649270821054 801.3179569197635
174.0 16.77043377661264 842.9423579671713 826.1719241905587
177.0 9.366235459136957 935.2514130049455 925.8851775458085
180.0 16.60824586102482 858.0997525237339 841.4915066627091
183.0 12.21095395503142 1007.025779390974 994.8148254359429
186.0 12.95008634808199 887.5852068705991 874.6351205225171
189.0 13.78538467731264 881.561967382225 867.7765827049124
192.0 21.24822413457784 807.0595575840833 785.8113334495055
195.0 17.60957944677954 848.2421632359819 830.6325837892023
198.0 20.73960569060996 816.995309003184 796.2557033125741
201.0 19.60898962902685 837.0776827485005 817.4686931194737
204.0 22.04451120421738 810.7257351173395 788.6812239131221
207.0 22.05963303221271 808.0313543676863 785.9717213354736
210.0 23.00505893193164 795.6082161075376 772.603157175606
213.0 21.86152624252977 811.4596731592869 789.5981469167571
216.0 9.414883339176695 923.7033170374597 914.288433698283
219.0 10.92832063763953 903.6933861579642 892.7650655203246
222.0 15.80887813210969 867.4319929330444 851.6231148009347
225.0 22.1359050419787 814.1585167514406 792.0226117094619
228.0 22.77043084288283 807.3628755160664 784.5924446731835
231.0 24.39140817817187 787.3695991539537 762.9781909757819
234.0 24.83824063369082 784.6065168328995 759.7682761992086
237.0 23.81291568019982 802.0113403220819 778.1984246418821
240.0 20.93773053576489 831.4850758606571 810.5473453248922
243.0 24.23400603163246 797.4398790161109 773.2058729844785
246.0 24.71415981540602 790.2068868814135 765.4927270660074
249.0 23.48124629065772 801.6933462249927 778.212099934335
252.0 23.63399310709148 809.7680047648828 786.1340116577914
255.0 23.10635859367426 815.968604285146 792.8622456914718
258.0 10.31529612896659 909.7219907656958 899.4066946367292
261.0 25.9206013745254 783.1253119141192 757.2047105395938
264.0 25.27775130317383 788.0214010945821 762.7436497914083
267.0 25.24074171673267 792.5279912728095 767.2872495560768
270.0 25.94488285603481 778.8652896361022 752.9204067800674
273.0 17.61030529703601 855.6730290780343 838.0627237809983
276.0 27.1639170111289 767.5215389671419 740.357621956013
279.0 20.68104215940587 835.3133865994977 814.6323444400918
282.0 26.6750291639251 776.0295483040649 749.3545191401398
285.0 19.74067897595385 841.1299530501636 821.3892740742097
288.0 26.56817955532149 779.8378210870203 753.2696415316989
291.0 27.70606241823179 767.1540942620215 739.4480318437897
294.0 27.00228381029248 776.9660807739653 749.9637969636728
297.0 20.37227640321994 837.4437676074196 817.0714912041996
300.0 24.42310420269887 809.0710331098159 784.647928907117
303.0 28.14121827477283 764.7487213723389 736.607503097566
306.0 26.35627304431709 786.2628096276568 759.9065365833397
309.0 21.00043119103549 833.602735630043 812.6023044390075
312.0 28.53349741690422 755.4138123252985 726.8803149083943
315.0 27.45939984131426 773.6362096255172 746.1768097842029
318.0 28.82196820400006 756.3976882333031 727.575720029303
321.0 27.69500718979929 770.6260080051835 742.9310008153842
324.0 28.82262293222766 759.1664231822662 730.3438002500386
327.0 27.91996530049498 776.957984460905 749.03801916041
330.0 28.90288547529584 763.2463505887016 734.3434651134058
333.0 20.06591123613332 839.6824160910503 819.6165048549169
336.0 29.06154875106735 760.8156914334427 731.7541426823754
339.0 29.90102554584616 745.3245740666211 715.423548520775
342.0 19.75513836203158 841.6655171369078 821.9103787748762
345.0 30.33297329517541 742.2364885111944 711.903515216019
348.0 29.57583010263777 756.3320264964844 726.7561963938466
351.0 30.94376441657519 733.7583813095886 702.8146168930135
354.0 30.35261161662336 744.6580931097175 714.3054814930942
357.0 30.42545536471983 745.5016279452343 715.0761725805144
360.0 30.18417707805146 749.8046492650353 719.6204721869838
363.0 30.5645591930473 744.415136401419 713.8505772083717
366.0 30.94979015641929 739.8369069413857 708.8871167849664
369.0 31.19164801102215 739.1023821514676 707.9107341404455
372.0 30.70368867670831 749.9203925257331 719.2167038490248
375.0 31.5871857503729 731.5799452167195 699.9927594663467
378.0 31.85432620949763 730.6309745383984 698.7766483289008
381.0 32.00259015983171 730.6982996661414 698.6957095063097
384.0 32.24555881867765 727.9071483969155 695.6615895782379
387.0 31.97449233298692 737.0612726984651 705.0867803654782
390.0 30.29557886701437 765.4762432596779 735.1806643926636
393.0 30.13674875890539 768.9128344074781 738.7760856485727
396.0 32.93846239568764 724.1995409608981 691.2610785652104
399.0 33.07887711729716 721.6788242709081 688.599947153611
402.0 33.01999924013673 727.910277674068 694.8902784339313
405.0 33.78643762631389 717.8301905893369 684.043752963023
408.0 32.77306924543356 742.6805939279379 709.9075246825043
411.0 33.94703742558634 720.4812875030348 686.5342500774485
414.0 31.22742467457982 765.6414579626132 734.4140332880334
417.0 34.64597471079445 709.0671393989713 674.4211646881769
420.0 34.2997684924254 719.1706319034744 684.870863411049
423.0 35.24049134887576 702.9613482954197 667.720856946544
426.0 35.28191019685534 705.8287036939421 670.5467934970868
429.0 35.73492201485581 701.6411483527876 665.9062263379318
432.0 33.93686186865025 741.2467670292461 707.3099051605958
435.0 36.04385098550402 700.3350233639326 664.2911723784286
438.0 36.6142184070828 693.6238266692852 657.0096082622024
441.0 36.72307063899714 699.2848476068031 662.561776967806
444.0 36.47982417875709 706.66621984197 670.1863956632129
447.0 30.00196671660256 777.5423058323482 747.5403391157456
450.0 37.62994094669136 691.1589230848153 653.528982138124
453.0 37.59951926045176 703.2842323474035 665.6847130869517
456.0 38.15292285638855 691.4613944437911 653.3084715874025
459.0 37.97204780349982 704.4510661126769 666.4790183091771
462.0 38.95193961552 689.3298577218954 650.3779181063754
465.0 35.24650384020937 744.1528488346854 708.9063449944761
468.0 39.95998940146154 680.2571740268089 640.2971846253473
471.0 38.88748647034392 709.4998476908883 670.6123612205444
474.0 40.38247864855817 682.5794696248577 642.1969909762995
477.0 41.51138788554287 669.5920518674941 628.0806639819512
480.0 41.77039523235846 671.7124201140336 629.9420248816751
483.0 40.67729333674875 698.553085083062 657.8757917463133
486.0 42.62926711676101 672.5412894367159 629.9120223199549
489.0 43.39858179564316 662.0278637912808 618.6292819956377
492.0 42.06477190558128 696.7534092982003 654.688637392619
495.0 44.52631094747454 661.0212190196821 616.4949080722075
498.0 44.89305443590728 666.879449287386 621.9863948514787
501.0 45.40399978549333 664.8618549959404 619.4578552104471
504.0 47.3578189996993 642.364668593704 595.0068495940047
507.0 47.69361420655924 642.5865230769503 594.892908870391
510.0 48.6733030574334 641.3997993739428 592.7264963165094
513.0 48.72482970967027 649.8570587088063 601.132228999136
516.0 50.63952524593188 626.0665562641127 575.4270310181808
519.0 52.32037983138452 612.0322818062883 559.7119019749038
522.0 53.66000313897967 604.4116431841158 550.7516400451361
525.0 53.51035488759986 617.0643646422308 563.5540097546309
528.0 55.43364155210804 600.3404567819756 544.9068152298676
531.0 54.18259167835488 628.6699083778122 574.4873166994573
534.0 55.99673858402182 614.8164554331553 558.8197168491335
537.0 60.06839322085738 581.7282684544068 521.6598752335494
540.0 57.82631759862164 606.6290082626436 548.802690664022
543.0 61.16172603389011 581.868524661977 520.7067986280869
546.0 68.20926268485481 534.4220384023503 466.2127757174955
549.0 64.03149509205311 565.992494223341 501.9609991312879
552.0 86.74143037865779 460.6979378220176 373.9565074433598
555.0 77.73338787726642 499.8715236816923 422.1381358044259
558.0 90.08423806038528 448.2502281368285 358.1659900764432
561.0 107.8590862535722 402.8790610909985 295.0199748374263
564.0 103.2397571800035 415.7033163618181 312.4635591818146
567.0 116.7607778704731 379.4403537574593 262.6795758869862
570.0 123.8370537643777 363.4913938965755 239.6543401321978
573.0 123.2846584484801 364.9392402381519 241.6545817896718
576.0 125.6560832262711 361.7221369986827 236.0660537724116
579.0 142.7023848884108 329.7221338744412 187.0197489860304
582.0 172.5343480128878 277.7195113180804 105.1851633051927
585.0 204.4670908447229 233.1652109448277 28.69812010010482
588.0 206.2539730053102 231.6733278604776 25.41935485516737
591.0 225.5981862863213 205.722137 -19.87604928632129
