0.0 2.81140188891246 953.9256850660878 951.1142831771754
3.0 1.104935748934307 953.1876598928605 952.0827241439262
6.0 0.4568130165637766 951.872116582927 951.4153035663632
9.0 0.1322294641091714 950.1970475224582 950.0648180583491
12.0 0.01514899692165216 948.9610280686551 948.9458790717335
15.0 0 947.805253728457 947.805253728457
18.0 0.1006003596238691 946.0429455626024 945.9423452029785
21.0 0.2696319921481377 945.0022797195143 944.7326477273662
24.0 0.4278601405122388 943.8977722021491 943.4699120616369
27.0 0.5941500397771431 943.2303990531214 942.6362490133442
30.0 0.7482362878988686 941.8018650676179 941.053628779719
33.0 0.951124839478627 941.1306410923111 940.1795162528325
36.0 1.208946557633224 939.4222838980237 938.2133373403905
39.0 1.441428723987535 937.9185986626522 936.4771699386646
42.0 1.658031299891175 938.1904677593701 936.5324364594789
45.0 1.943765857973417 936.7062046374845 934.7624387795111
48.0 2.267340204468326 935.1123439215061 932.8450037170378
51.0 2.559910510689614 933.948226245235 931.3883157345454
54.0 2.926739860653556 931.7226960034514 928.7959561427978
57.0 3.24204416167345 931.6002040362504 928.3581598745769
60.0 3.478111245245127 930.3012905792662 926.8231793340211
63.0 3.897612796134871 930.8628089763562 926.9651961802213
66.0 4.229367806762791 927.6538081931449 923.4244403863821
69.0 4.763076425004311 927.1370188840785 922.3739424590742
72.0 4.950704397151609 925.4000045740516 920.4493001769
75.0 5.954972663371054 918.2715339330219 912.3165612696509
78.0 5.901737673102443 924.2904131254748 918.3886754523724
81.0 6.55830706329707 920.0660680001319 913.5077609368348
84.0 7.390097037073255 914.6040060535362 907.2139090164629
87.0 7.888933914865593 920.4011907210463 912.5122568061807
90.0 8.633421105759826 888.8687607408131 880.2353396350533
93.0 8.117913138509594 917.694705075152 909.5767919366424
96.0 10.02131892207507 885.5985159121651 875.57719699009
99.0 9.211669469653864 916.2998698841838 907.08820041453
102.0 9.825735457357294 951.3483244522756 941.5225889949183
105.0 11.44117888767398 879.1523366738959 867.7111577862219
108.0 12.58351892970083 871.144906566473 858.5613876367722
111.0 13.34102667211808 867.1930417444629 853.8520150723448
114.0 12.90717166544375 880.4586254758644 867.5514538104207
117.0 11.98305666199742 896.6632861676119 884.6802295056145
120.0 8.648471634804418 934.8353050481267 926.1868334133223
123.0 12.21962263589349 890.5845435399933 878.3649209040998
126.0 15.40824464939624 862.764037987324 847.3557933379277
129.0 15.62610141485629 864.1156913830768 848.4895899682206
132.0 12.13561089963844 901.229213568054 889.0936026684156
135.0 9.583973542993834 931.6465861291388 922.0626125861449
138.0 10.3383886005578 917.593187463072 907.2547988625142
141.0 17.62266526479342 852.3512675969175 834.7286023321241
144.0 9.393112931446359 941.6726155976145 932.2795026661681
147.0 13.91499495441572 888.7780514676996 874.8630565132839
150.0 18.68957243669452 847.856115642047 829.1665432053525
153.0 19.60598506300266 836.2191681935336 816.6131831305309
156.0 9.584657116953125 931.6963146785234 922.1116575615703
159.0 20.14872544695688 832.9277849438489 812.7790594968921
162.0 9.786281511050594 966.5472140475776 956.760932536527
165.0 21.11873960758187 825.0625803787491 803.9438407711672
168.0 20.14669652490655 839.729224023466 819.5825274985595
171.0 21.69713485810163 823.1050014671276 801.407866609026
174.0 19.03640992520955 844.3452809077203 825.3088709825108
177.0 9.463074595736115 954.3693925718651 944.906317976129
180.0 18.56053160735196 859.9992930837955 841.4387614764436
183.0 11.09781999793365 1007.685334861043 996.5875148631089
186.0 14.2574335129995 887.6850058294079 873.4275723164084
189.0 15.23019787082356 881.6780134462764 866.4478155754528
192.0 24.30137042154712 810.7303809325726 786.4290105110255
195.0 19.79025572737265 849.2327882161808 829.4425324888081
198.0 23.58301166557298 820.6045183504448 797.0215066848718
201.0 22.03991666129095 839.3137455699444 817.2738289086535
204.0 25.02625634450729 815.5886247485039 790.5623684039966
207.0 25.10472214950394 812.0982631750518 786.9935410255478
210.0 26.32630543579303 798.9900641735092 772.6637587377162
213.0 24.84921395794909 814.0371709340594 789.1879569761103
216.0 9.927369754016338 923.7172673220378 913.7898975680215
219.0 11.87275133363976 903.7131324424504 891.8403811088106
222.0 17.5773130619003 867.6056923252938 850.0283792633935
225.0 25.07962712916074 816.2721000884449 791.1924729592842
228.0 25.85304393232507 810.4558656112671 784.602821678942
231.0 27.91716195748555 789.6261921828891 761.7090302254035
234.0 28.42286663431917 787.4261313272746 759.0032646929555
237.0 27.02982075011084 804.5152725501809 777.48545180007
240.0 23.51986571320729 832.6172902021347 809.0974244889274
243.0 27.54927153829707 800.1509930815723 772.6017215432752
246.0 28.18286243416865 793.0853292071486 764.90246677298
249.0 26.70487529914177 803.5701751940828 776.865299894941
252.0 26.69027032797508 812.3622832138387 785.6720128858636
255.0 26.03439485217783 817.9022713348709 791.867876482693
258.0 11.12665336531248 909.7221216500083 898.5954682846958
261.0 29.54825956878757 786.6809001976613 757.1326406288737
264.0 28.80223046592333 790.8143509521131 762.0121204861898
267.0 28.66260122937192 796.3815040688334 767.7189028394614
270.0 29.66887124034839 781.4633789712051 751.7945077308567
273.0 19.65251391632177 855.7081521553222 836.0556382390004
276.0 31.13571897390701 770.5607489227872 739.4250299488802
279.0 23.1909538665831 835.5689877572654 812.3780338906823
282.0 30.45515934350902 780.1190939946603 749.6639346511513
285.0 22.11434027517976 841.4485327529227 819.3341924777429
288.0 30.27749398033067 783.1081814223749 752.8306874420442
291.0 31.68511064868578 771.2278807668744 739.5427701181886
294.0 30.77366399767597 780.6390779988677 749.8654140011917
297.0 22.83408964387693 837.6250986573913 814.7910090135144
300.0 27.52084168146712 810.5525554500842 783.0317137686171
303.0 32.17187725680186 769.3179088730483 737.1460316162464
306.0 29.9309843193165 789.6043057013246 759.6733213820081
309.0 23.55304452419554 833.6890846978577 810.1360401736622
312.0 32.77236916979346 758.7766210462174 726.0042518764239
315.0 31.30900994362368 777.0883691655931 745.7793592219694
318.0 33.03808915664809 760.5777878690715 727.5396987124234
321.0 31.60955949759838 774.115791282454 742.5062317848556
324.0 32.98117833515376 763.4891159312117 730.5079375960579
327.0 31.70087252541931 781.3731257524041 749.6722532269847
330.0 32.96602961617957 768.9733720731694 736.0073424569898
333.0 22.47842611306045 839.7121210358149 817.2336949227545
336.0 33.18227389828753 765.9906697485131 732.8083958502256
339.0 34.3634632948402 749.2705837153467 714.9071204205065
342.0 22.1215456931014 841.7019481076313 819.5804024145299
345.0 34.86252648508752 746.5225403361665 711.660013851079
348.0 33.79523654422113 761.6908845915202 727.8956480472991
351.0 35.65754726073014 737.9127903521168 702.2552430913866
354.0 34.83346791960217 748.936390794804 714.1029228752018
357.0 34.88017196581198 750.8192976166644 715.9391256508524
360.0 34.55446793811535 754.4134663045079 719.8589983663926
363.0 35.04968169250633 749.174991347745 714.1253096552386
366.0 35.53761655881051 744.301818976723 708.7642024179125
369.0 35.7825748655546 745.1982340410008 709.4156591754462
372.0 35.06502203366407 756.1167327283923 721.0517106947283
375.0 36.35574492077565 735.8801524432814 699.5244075225057
378.0 36.64104996342802 735.5256910867541 698.8846411233261
381.0 36.78899220410346 735.7326710546772 698.9436788505737
384.0 37.0901770212207 733.2548043212579 696.1646273000372
387.0 36.61647909521016 743.5965625628934 706.9800834676832
390.0 34.36055878449318 769.2398217123397 734.8792629278465
393.0 34.13122379105103 772.5025589227864 738.3713351317354
396.0 37.86924407081555 729.7006878987115 691.831443827896
399.0 38.06713045130746 726.82776227818 688.7606318268726
402.0 37.8680265765855 734.3013993611279 696.4333727845424
405.0 38.84980072747886 724.5636179715572 685.7138172440783
408.0 37.31084866109255 749.6326525311929 712.3218038701003
411.0 38.94640843925679 728.5143454193544 689.5679369800976
414.0 35.3209593865574 768.1504338050963 732.8294744185389
417.0 39.91217144761653 714.866643780542 674.9544723329255
420.0 39.35059011059262 725.3603664185741 686.0097763079815
423.0 40.64969494977484 707.9308267550902 667.2811318053154
426.0 40.62559145574627 711.6476275745474 671.0220361188011
429.0 41.17276942188499 707.3379121657634 666.1651427438784
432.0 38.54368176349834 746.5444733809405 708.0007916174421
435.0 41.52047116061768 705.3836972414996 663.8632260808819
438.0 42.23728846239886 698.720486751556 656.4831982891571
441.0 42.21692640655059 705.9791512926657 663.7622248861151
444.0 41.818388513255 713.5163425758591 671.6979540626041
447.0 33.85989893007342 777.6747858527325 743.8148869226591
450.0 43.31828503996929 696.6394228255472 653.3211377855779
453.0 43.01014510798787 711.8216825955356 668.8115374875477
456.0 43.84091275813175 697.3686169452599 653.5277041871281
459.0 43.3753006480943 712.0943182830677 668.7190176349734
462.0 44.68321266426135 696.7256279070311 652.0424152427697
465.0 39.86888398346775 745.2051798865538 705.3362959030861
468.0 45.90863675239007 686.2302429521862 640.3216061997961
471.0 44.22190225569968 715.6577641700662 671.4358619143665
474.0 46.29440706068212 688.3842747939578 642.0898677332757
477.0 47.71049966721202 675.1096522640169 627.3991525968049
480.0 47.92561302309617 677.8313224562132 629.905709433117
483.0 46.28567089189777 703.1108741749352 656.8252032830374
486.0 48.78635304225468 678.4342591090825 629.6479060668278
489.0 49.79866098044018 666.4297449859929 616.6310840055527
492.0 47.74472620398346 700.5419318620505 652.797205658067
495.0 50.96018700467495 666.2544522623082 615.2942652576332
498.0 51.20246039765155 673.3872247835456 622.1847643858941
501.0 51.77885833603361 669.9758293635173 618.1969710274837
504.0 54.22086903913147 647.8946843509345 593.673815311803
507.0 54.57685481739509 646.341622930004 591.7647681126089
510.0 55.57831984460351 647.2520648059344 591.6737449613309
513.0 55.47334769275917 654.4168887169275 598.9435410241683
516.0 57.91822919390359 629.4198202762461 571.5015910823425
519.0 59.91928747839523 614.9745165180576 555.0552290396624
522.0 61.446204655944 606.619976356143 545.1737717001991
525.0 61.03061148955976 620.1054549242176 559.0748434346578
528.0 63.3396113145252 602.3066156833283 538.9670043688031
531.0 61.49928494629253 630.1309294388262 568.6316444925337
534.0 63.62569066533209 616.5145323194618 552.8888416541297
537.0 68.43821111895893 583.9699939154011 515.5317827964422
540.0 65.66269053288991 607.7571112313407 542.0944206984507
543.0 69.56083234307507 583.1440131603651 513.58318081729
546.0 77.70978396976849 534.983427912572 457.2736439428035
549.0 72.81917897212848 566.0930336987717 493.2738547266432
552.0 98.09754231058786 460.8825537160104 362.7850114054225
555.0 88.12284615227208 500.016875867573 411.8940297153009
558.0 101.7580540190236 448.3634404963378 346.6053864773142
561.0 120.800284585067 402.9974842802541 282.197199695187
564.0 115.8319863139087 415.7095976661325 299.8776113522238
567.0 130.3518396825122 379.4870495235982 249.1352098410861
570.0 137.8905215611795 363.5141293539002 225.6236077927207
573.0 137.2978665000198 364.9730935753507 227.6752270753308
576.0 139.7818063555602 361.7221369994857 221.9403306439255
579.0 157.8125499625033 329.7221352453948 171.9095852828916
582.0 189.2870652217233 277.7200736992409 88.43300847751755
585.0 222.7547874767124 233.1898336917994 10.43504621508705
588.0 224.6076654159206 231.6796391515983 7.071973735677732
591.0 244.861098580956 205.722137 -39.138961580956
