0.0 2.806746891514931 955.0377647142446 952.2310178227296
3.0 1.098928494333753 954.2869152598354 953.1879867655017
6.0 0.451710788079213 953.0183257671334 952.5666149790542
9.0 0.1290377373147292 951.3258508998712 951.1968131625564
12.0 0.01352752844107343 950.0931718377153 950.0796443092742
15.0 0 948.9114154193885 948.9114154193885
18.0 0.1032194292896098 947.1483062492267 947.045086819937
21.0 0.2739343350303877 946.1317220139505 945.8577876789201
24.0 0.4339445407359186 945.0167993903766 944.5828548496407
27.0 0.6013900980609026 944.3723265313855 943.7709364333246
30.0 0.7577203672482893 942.915907540545 942.1581871732967
33.0 0.9618450311193982 942.2335746223622 941.2717295912428
36.0 1.222411833248602 940.5516708274083 939.3292589941597
39.0 1.457330308073818 939.0535647978041 937.5962344897303
42.0 1.673855595179735 939.3244684607072 937.6506128655274
45.0 1.962083287059835 937.8324782493418 935.8703949622819
48.0 2.288310479938971 936.2988956652973 934.0105851853583
51.0 2.582963811511543 935.0837413147021 932.5007775031906
54.0 2.953411410530374 932.8946982357507 929.9412868252204
57.0 3.269342736661834 932.7550417874426 929.4856990507808
60.0 3.507610764422298 931.3943512184134 927.8867404539911
63.0 3.926833544370757 932.0678356971235 928.1410021527528
66.0 4.263643891587024 928.7469681977647 924.4833243061777
69.0 4.798752720324615 928.3384809084226 923.539728188098
72.0 4.989184295920279 926.4623360227181 921.4731517267979
75.0 6.004673841899765 919.6336253127475 913.6289514708477
78.0 5.943143795425492 925.3062232545084 919.3630794590829
81.0 6.606518909066385 921.1597291647118 914.5532102556454
84.0 7.446855170117831 916.1316637431663 908.6848085730484
87.0 7.937764005547281 922.6107674512434 914.6730034456961
90.0 8.728943881035524 889.1848385092517 880.4558946282161
93.0 8.171790479170722 918.5874419085038 910.415651429333
96.0 10.12330625159662 886.0315894629015 875.9082832113049
99.0 9.269232023652107 916.9240760588671 907.654844035215
102.0 9.832880841060103 954.8203978005121 944.987516959452
105.0 11.55431184732517 879.4576595136171 867.9033476662919
108.0 12.70951492118501 871.4457609261966 858.7362460050116
111.0 13.4736428924682 867.4921169053302 854.018474012862
114.0 13.02052720730986 880.7661453196838 867.7456181123739
117.0 12.0723888520259 896.8982562451023 884.8258673930764
120.0 8.679579653706694 934.9110826994777 926.231503045771
123.0 12.31791566913927 890.7000106334204 878.3820949642812
126.0 15.55006189831928 862.9624835517236 847.4124216534043
129.0 15.76630620886732 864.3409869798514 848.5746807709841
132.0 12.21888121750316 901.2649876356997 889.0461064181966
135.0 9.62092652119454 931.6542409354686 922.0333144142741
138.0 10.39615142353862 917.6040364798118 907.2078850562731
141.0 17.78223414809396 852.5436667096129 834.7614325615189
144.0 9.415707879291794 941.6780022989698 932.262294419678
147.0 14.01825393609761 888.8309563738688 874.8127024377712
150.0 18.85691898042592 848.1048516813944 829.2479327009685
153.0 19.79098840181056 836.449497012772 816.6585086109615
156.0 9.621544741559965 931.6989695577076 922.0774248161476
159.0 20.33916603552599 833.0890938164881 812.7499277809621
162.0 9.773603423575582 967.7721560394425 957.9985526158669
165.0 21.32158970992035 825.2357568561924 803.9141671462721
168.0 20.3275139872978 839.9770597707211 819.6495457834233
171.0 21.90355338728135 823.2722058299465 801.3686524426652
174.0 19.20930204120454 844.4187459508452 825.2094439096407
177.0 9.466908608498795 955.816685185989 946.3497765774902
180.0 18.71074485041199 860.0846681746159 841.3739233242039
183.0 11.03003016154083 1007.69211968192 996.6620895203793
186.0 14.36274534075792 887.6881904609666 873.3254451202087
189.0 15.34531922543927 881.6817470940317 866.3364278685925
192.0 24.52880010444096 810.9564070755185 786.4276069710775
195.0 19.95735654564762 849.2800156611529 829.3226591155052
198.0 23.79556682032286 820.8117550099628 797.0161881896399
201.0 22.22407929867386 839.4189138523602 817.1948345536863
204.0 25.24784503941935 815.8588966712778 790.6110516318584
207.0 25.33135149052262 812.333763763339 787.0024122728164
210.0 26.57309467710368 799.1979915648014 772.6248968876977
213.0 25.07282448293612 814.1799108806949 789.1070863977588
216.0 9.975955046268937 923.7177032930529 913.741748246784
219.0 11.95218608279893 903.7138216471133 891.7616355643144
222.0 17.71550931193464 867.61270271784 849.8971934059054
225.0 25.30044212015154 816.3839033228361 791.0834612026845
228.0 26.0830791454268 810.6263720185368 784.54329287311
231.0 28.17940227751664 789.7567472917652 761.5773450142486
234.0 28.68888097034955 787.5978182789982 758.9089373086486
237.0 27.26988693976421 804.6465126010201 777.3766256612559
240.0 23.7155578708334 832.6691677871748 808.9536099163414
243.0 27.79618860316036 800.300957759027 772.5047691558667
246.0 28.44058878534801 793.2522514341673 764.8116626488193
249.0 26.9458341143542 803.671763852377 776.7259297380228
252.0 26.91883178829867 812.4915024882027 785.572670699904
255.0 26.25427723552264 817.9902252488494 791.7359480133268
258.0 11.19659445456994 909.7221238599673 898.5255294053974
261.0 29.81688183258805 786.8823402588949 757.0654584263069
264.0 29.06402670148227 790.9704501124916 761.9064234110093
267.0 28.91633613240209 796.5949770467416 767.6786409143395
270.0 29.94503236891752 781.6135980833161 751.6685657143986
273.0 19.81035275448969 855.7093008782194 835.8989481237298
276.0 31.429242603408 770.7430914863147 739.3138488829067
279.0 23.38206500980274 835.5787567502682 812.1966917404655
282.0 30.73424918805207 780.3626390782845 749.6283898902324
285.0 22.29567172007585 841.4624810894381 819.1668093693623
288.0 30.55217853821231 783.2868719144244 752.7346933762121
291.0 31.9784273956377 771.4688533740791 739.4904259784414
294.0 31.05249991742863 780.8408333802588 749.7883334628301
297.0 23.02181158148849 837.6317885807047 814.6099769992162
300.0 27.75316077789585 810.6155358379862 782.8623750600904
303.0 32.46854457824092 769.5843092735432 737.1157646953023
306.0 30.19605689941235 789.7753876866278 759.5793307872154
309.0 23.74731173036117 833.6918371559706 809.9445254256094
312.0 33.08474242619865 758.9774163794824 725.8926739532838
315.0 31.59359921569335 777.2752408806818 745.6816416649885
318.0 33.34827307343352 760.822855621218 727.4745825477845
321.0 31.89874497547504 774.3085683503033 742.4098233748282
324.0 33.28719113242373 763.7330315073404 730.4458403749167
327.0 31.97996493984009 781.595710762815 749.6157458229749
330.0 33.26425976599955 769.2927144636591 736.0284546976595
333.0 22.66271902474958 839.7130122937836 817.050293269034
336.0 33.4850257484638 766.2735953736291 732.7885696251653
339.0 34.69141248191536 749.5008769911682 714.8094645092528
342.0 22.30254003281293 841.7032902508943 819.4007502180814
345.0 35.19502458082338 746.7738940883163 711.5788695074929
348.0 34.10488109150699 761.991080391617 727.88619930011
351.0 36.00326353845063 738.1643689351626 702.1611053967119
354.0 35.1625405994197 749.1761082457089 714.0135676462892
357.0 35.20661689294779 751.1257547888934 715.9191378959456
360.0 34.87544199400833 754.6651911216279 719.7897491276196
363.0 35.37869964694977 749.4477994211524 714.0690997742027
366.0 35.87418218197188 744.5565605822583 708.6823784002864
369.0 36.1181481939636 745.5619091652731 709.4437609713095
372.0 35.38425878695811 756.4547058752506 721.0704470882925
375.0 36.70529708087521 736.1348554526709 699.4295583717957
378.0 36.99147668053623 735.815271384829 698.8237947042928
381.0 37.13933689526587 736.0206886629609 698.881351767695
384.0 37.44440573529599 733.5741286486424 696.1297229133464
387.0 36.95547110927384 743.9661517822466 707.0106806729727
390.0 34.66047969517185 769.4094698612299 734.748990166058
393.0 34.42624596161541 772.6589704153311 738.2327244537157
396.0 38.22956448172331 730.0176434740882 691.7880789923649
399.0 38.43177601229738 727.1319095866433 688.700133574346
402.0 38.22184962412381 734.6598437557638 696.43799413164
405.0 39.21865886862962 724.9665587136102 685.7478998449806
408.0 37.64235484045943 749.970253316388 712.3278984759286
411.0 39.30980129890372 728.9856263689264 689.6758250700226
414.0 35.6238129050045 768.2469056350801 732.6230927300756
417.0 40.296192164493 715.2121217732297 674.9159296087367
420.0 39.7190775235949 725.6985237994384 685.9794462758435
423.0 41.04453782521394 708.2231829116038 667.1786450863899
426.0 41.01513896337064 711.9933596462456 670.978220682875
429.0 41.5691525549099 707.6702216331108 666.1010690782009
432.0 38.88133385146502 746.7789047593699 707.8975709079049
435.0 41.92012275995402 705.6688234687057 663.7487007087517
438.0 42.6472990870113 699.0250738630894 656.3777747760781
441.0 42.61665447637739 706.3569574135076 663.7403029371303
444.0 42.20696401488372 713.892632840692 671.6856688258082
447.0 34.14737839389001 777.6787805990583 743.5314022051683
450.0 43.73273181322544 696.9551839576489 653.2224521444235
453.0 43.40271571562802 712.2851104706209 668.8823947549929
456.0 44.25505523117276 697.7040830470294 653.4490278158566
459.0 43.7680484034361 712.490763710953 668.7227153075169
462.0 45.09937983998322 697.1501448245695 652.0507649845863
465.0 40.21042105235062 745.2419569781289 705.0315359257783
468.0 46.34133491142133 686.5732026542588 640.2318677428375
471.0 44.61091049131524 715.9419692725498 671.3310587812345
474.0 46.72463144036945 688.7108525681928 641.9862211278233
477.0 48.16137251476159 675.4352125131575 627.2738399983959
480.0 48.37294123757271 678.187529121026 629.8145878834533
483.0 46.69526119358516 703.3289167330789 656.6336555394937
486.0 49.23406773998498 678.7558325734896 629.5217648335046
489.0 50.26472106415884 666.6801133018143 616.4153922376555
492.0 48.16001574737942 700.7060199954688 652.5460042480894
495.0 51.42809567812747 666.5475988300361 615.1195031519086
498.0 51.66064331875462 673.7385164002935 622.0778730815389
501.0 52.24270246822199 670.2472291726477 618.0045267044257
504.0 54.71913930620756 648.2244084322658 593.5052691260582
507.0 55.07789242963563 646.5516895916725 591.4737971620369
510.0 56.07939386865177 647.5919321934321 591.5125383247803
513.0 55.9642755488962 654.6551117676032 598.690836218707
516.0 58.44775610878558 629.6162164686724 571.1684603598868
519.0 60.47194036609107 615.1556296098207 554.6836892437296
522.0 62.01278049580253 606.7516887926507 544.7389082968481
525.0 61.57761768973739 620.2823717098167 558.7047540200793
528.0 63.91492219369702 602.4219139331543 538.5069917394573
531.0 62.03293498677822 630.2001919404577 568.1672569536794
534.0 64.18145353316682 616.6028635423435 552.4214100091767
537.0 69.04644642970317 584.1042449539491 515.0577985242459
540.0 66.23364415103459 607.8180508838457 541.5844067328111
543.0 70.17184696247176 583.2207168697002 513.0488699072284
546.0 78.39996911227931 535.019729697891 456.6197605856117
549.0 73.45878805765355 566.0986813311807 492.6398932735272
552.0 98.92054690496134 460.8940739406926 361.9735270357312
555.0 88.8768303024066 500.0264675412592 411.1496372388526
558.0 102.6038016190724 448.3709328103047 345.7671311912324
561.0 121.7365566175617 403.005077435463 281.2685208179013
564.0 116.7434139559646 415.7099474906282 298.9665335346637
567.0 131.3345829922396 379.4900025857873 248.1554195935477
570.0 138.906311015443 363.5156272913019 224.609316275859
573.0 138.3107718948364 364.9753695331467 226.6645976383103
576.0 140.8027736412682 361.7221369995184 220.9193633582502
579.0 158.9038345290632 329.722135314815 170.8183007857518
582.0 190.495674538204 277.7201081451031 87.22443360689905
585.0 224.0730203382429 233.1914867203419 9.11846638209902
588.0 225.9306258878849 231.6800482579272 5.749422370042382
591.0 246.2490079499035 205.722137 -40.52687094990349
