0.0 112.3236778517923 724.0164153169173 611.692737465125
3.0 105.1494383125103 699.7300313803783 594.580593067868
6.0 107.4249990276203 709.4819742515885 602.0569752239682
9.0 107.0005417825713 709.058461055951 602.0579192733797
12.0 103.2095175717601 694.1202406327854 590.9107230610253
15.0 104.5958962780526 701.413675386753 596.8177791087005
18.0 104.7280665979106 701.8629824744421 597.1349158765315
21.0 100.0391344749396 683.7992726282615 583.7601381533219
24.0 97.45108376759365 676.0688446526484 578.6177608850548
27.0 102.796130805121 696.1420757785567 593.3459449734357
30.0 98.54226895302585 680.3221510441556 581.7798820911298
33.0 102.5214582201532 696.5571096995091 594.035651479356
36.0 98.74232147393704 680.0586856567593 581.3163641828223
39.0 100.2663810298312 687.6319526964035 587.3655716665723
42.0 99.95144498225087 684.8133713837817 584.8619264015309
45.0 99.73875298029698 685.2635213312341 585.5247683509371
48.0 100.213327647343 688.554666900558 588.341339253215
51.0 94.29764065691671 665.7718615373514 571.4742208804347
54.0 96.15754539175722 672.3530672048928 576.1955218131355
57.0 91.11027706530263 655.7337151109374 564.6234380456347
60.0 97.52709860911715 679.8214537627684 582.2943551536513
63.0 96.9390382351972 677.7940042553942 580.854966020197
66.0 96.09839850557083 673.0580256895112 576.9596271839404
69.0 95.83941134164431 673.6108761627059 577.7714648210616
72.0 95.22838079749827 671.3091646001901 576.0807838026918
75.0 96.48783533530326 675.405561799438 578.9177264641348
78.0 95.96164644219901 673.945637035746 577.983990593547
81.0 89.8346298210037 651.733460125648 561.8988303046443
84.0 94.71217674712233 669.1590429879271 574.4468662408048
87.0 91.73962012138762 657.8781306427415 566.1385105213539
90.0 91.73224840545471 657.9867696996489 566.2545212941942
93.0 92.35838777957824 660.0982359191748 567.7398481395965
96.0 93.1383605265861 664.3931014115586 571.2547408849725
99.0 91.89109905176916 660.0583996433704 568.1673005916012
102.0 94.00742043475508 667.6768095219468 573.6693890871917
105.0 92.37458710540686 659.950133073671 567.5755459682642
108.0 88.55874687567283 647.7403012609637 559.1815543852909
111.0 92.72332940585601 662.7759409873829 570.0526115815269
114.0 92.93840973285845 662.6150076180979 569.6765978852395
117.0 93.26235214850308 665.5416731961867 572.2793210476836
120.0 92.7890309877531 662.5052673279299 569.7162363401768
123.0 94.02127516083929 669.0362593354717 575.0149841746324
126.0 93.46257780677758 664.9166571151362 571.4540793083586
129.0 94.14336083291664 666.9479177291018 572.8045568961852
132.0 92.82664171446514 664.0887817269628 571.2621400124976
135.0 94.70051416737305 669.2532884540316 574.5527742866585
138.0 91.64646114374564 658.3707705576385 566.7243094138928
141.0 91.64702074750419 658.7048970754335 567.0578763279293
144.0 89.19685989066701 649.7326320277727 560.5357721371057
147.0 91.6521620279409 658.6155902524071 566.9634282244662
150.0 86.64611898368824 641.7264683398087 555.0803493561204
153.0 89.194086444289 649.7844808908043 560.5903944465154
156.0 90.17559075496785 654.7032084269425 564.5276176719746
159.0 92.51437712326476 662.217700791238 569.7033236679732
162.0 85.99977692260114 639.8621083909156 553.8623314683145
165.0 87.28390802373991 643.7249631401736 556.4410551164337
168.0 87.26617903670358 643.9543412934076 556.688162256704
171.0 87.27344800832701 643.9023507639157 556.6289027555887
174.0 84.73293087672426 635.7310332083257 550.9981023316014
177.0 88.5817851832593 650.3832871953707 561.8015020121114
180.0 89.99438437276367 655.8903710551089 565.8959866823452
183.0 82.14091046618681 628.1119829039797 545.9710724377929
186.0 86.43351585192999 643.2265564364003 556.7930405844703
189.0 82.78957711175247 630.0808005901541 547.2912234784016
192.0 81.54463445504511 625.7350827943536 544.1904483393085
195.0 77.08243408968012 611.7238159275542 534.6413818378741
198.0 70.07117361811424 589.722137914885 519.6509642967708
201.0 80.25973326514109 621.8915871198754 541.6318538547344
204.0 78.35706092901255 615.7318895625106 537.374828633498
207.0 82.74970293679966 632.8095372077455 550.0598342709458
210.0 78.77145964111002 618.3006159376633 539.5291562965532
213.0 82.15437065486073 628.1201246629363 545.9657540080755
216.0 80.80770587842009 624.3298612348644 543.5221553564443
219.0 79.39071249631782 620.5251176447081 541.1344051483903
222.0 77.49513275152606 614.324169065825 536.829036314299
225.0 80.82979450024423 624.4039552643021 543.5741607640579
228.0 76.39964839614511 610.1568235104144 533.7571751142693
231.0 78.45368201606715 618.2388170798645 539.7851350637973
234.0 79.56664835589688 620.4231651855879 540.856516829691
237.0 75.06905040621287 606.3252259918969 531.256175585684
240.0 78.6714403357828 618.9033231715174 540.2318828357346
243.0 76.31510180926631 610.5238547261404 534.2087529168741
246.0 75.75116195588457 608.2753958586936 532.524233902809
249.0 75.92353911521271 610.0571471844953 534.1336080692826
252.0 75.13508940985262 606.1660595304119 531.0309701205593
255.0 68.15834887770328 583.741384902327 515.5830360246237
258.0 75.53544148860176 608.7918292037484 533.2563877151466
261.0 75.03308495758038 607.1743486517325 532.1412636941521
264.0 72.15121889323613 597.7284996101274 525.5772807168913
267.0 74.39890439669382 604.7669958178325 530.3680914211387
270.0 71.09085347833214 594.5794288882944 523.4885754099623
273.0 68.15093189768361 583.8637017132203 515.7127698155367
276.0 70.67538366598479 592.1893984384309 521.5140147724461
279.0 68.75579407436996 586.0998662916805 517.3440722173106
282.0 66.24103592027434 577.8210181463525 511.5799822260782
285.0 69.38827166112383 588.1846802486737 518.7964085875498
288.0 69.53993731703636 590.1926937896554 520.6527564726191
291.0 66.4614673739325 580.8968316247073 514.4353642507748
294.0 63.69817241057055 569.7354136347208 506.0372412241503
297.0 65.51122595365862 576.3215943158246 510.8103683621659
300.0 66.61534809885284 580.7683880557864 514.1530399569335
303.0 64.86824726570499 574.4250490259106 509.5568017602056
306.0 66.89144814761637 582.9541140936824 516.062665946066
309.0 60.41619994807746 560.2695370339536 499.8533370858762
312.0 61.2867038243186 564.0501297528144 502.7634259284958
315.0 61.14797894071798 564.7832962915439 503.6353173508259
318.0 61.09358696318867 562.2866560062416 501.1930690430529
321.0 56.67989905077975 547.8975862144912 491.2176871637114
324.0 58.46959434885307 554.5708037448045 496.1012093959514
327.0 60.45390237900502 563.7344581073827 503.2805557283777
330.0 58.96236755576417 558.7093269132608 499.7469593574967
333.0 55.38280826228282 544.1478911096334 488.7650828473506
336.0 52.8688575427307 535.7471169294055 482.8782593866748
339.0 55.76674831172754 546.9530823142737 491.1863340025462
342.0 50.92104081837378 530.0680344855258 479.146993667152
345.0 56.00697252826299 549.7938280361618 493.7868555078989
348.0 53.32310514761967 539.0280210404356 485.704915892816
351.0 53.42540182785172 538.6331804095848 485.2077785817331
354.0 49.58542179846093 526.356536176973 476.7711143785121
357.0 51.37769144932988 533.0371538531998 481.6594624038699
360.0 52.25306987842429 537.536732161107 485.2836622826828
363.0 48.16229866244813 522.5599327517317 474.3976340892836
366.0 46.49058653980656 515.9982358046908 469.5076492648842
369.0 48.26045551180155 522.9297318184931 474.6692763066915
372.0 47.09659600888472 518.256644146176 471.1600481372913
375.0 45.45461196082722 511.88755607874 466.4329441179128
378.0 47.91053672492137 523.5133436297814 475.60280690486
381.0 47.01696633104226 519.0449178313687 472.0279515003264
384.0 43.81497953888878 504.984578878526 461.1695993396373
387.0 44.8570239992718 513.0191731290983 468.1621491298265
390.0 44.88081950499632 513.4106125643733 468.5297930593769
393.0 44.12209940492279 509.7474119946236 465.6253125897008
396.0 44.24251369785328 509.4682330946785 465.2257193968252
399.0 42.69953542509149 501.6562946082255 458.956759183134
402.0 40.91270330528626 494.3617386226552 453.449035317369
405.0 42.09126598733481 502.0034218417758 459.912155854441
408.0 42.47093288524607 503.3477484786254 460.8768155933793
411.0 39.58965836119413 490.6653683426268 451.0757099814327
414.0 39.53310621863058 491.1882991877546 451.655192969124
417.0 36.08580793618717 477.9409941447822 441.855186208595
420.0 37.60640794047761 484.8041754892526 447.197767548775
423.0 29.69200687758162 453.7224970983469 424.0304902207653
426.0 36.83898341016362 484.2615302851943 447.4225468750306
429.0 34.91629588581653 474.0613899309103 439.1450940450938
432.0 34.57557305578052 475.1094292863773 440.5338562305968
435.0 31.52288264142567 462.5431794406799 431.0202967992543
438.0 32.66059765392612 466.4926452813671 433.832047627441
441.0 30.8411376002551 460.7662474345331 429.925109834278
444.0 31.55617314931484 462.784826811269 431.2286536619541
447.0 24.32757620048073 427.7622806222567 403.434704421776
450.0 30.48705783302274 459.51152901893 429.0244711859072
453.0 25.31902265804258 435.2268107505357 409.9077880924931
456.0 20.15863135222398 406.338254761566 386.179623409342
459.0 20.89842866081702 410.4811978707617 389.5827692099447
462.0 23.54561887062704 424.2894770500704 400.7438581794433
465.0 22.23783058803233 419.8652508038283 397.627420215796
468.0 19.69608265804857 405.6409950053993 385.9449123473507
471.0 16.501108382358 386.0556846197399 369.5545762373819
474.0 16.50657180429392 386.0367906133193 369.5302188090254
477.0 16.49443386477804 386.2810574398181 369.78662357504
480.0 12.38787592017798 360.0602385622202 347.6723626420423
483.0 14.02833136814801 373.1083516807919 359.0800203126439
486.0 12.63205834505094 362.4670702578287 349.8350119127777
489.0 14.99844167083711 386.1838727724129 371.1854311015758
492.0 10.75507091214093 355.6588520036059 344.903781091465
495.0 10.55312722820204 351.05658537622 340.5034581480179
498.0 8.003310140311983 324.7210054172435 316.7176952769316
501.0 8.164973413922617 324.3573268285677 316.192353414645
504.0 7.176248766309409 320.348821100764 313.1725723344546
507.0 5.4881700900535 302.4144297579044 296.9262596678509
510.0 6.989033686972392 322.4634858235771 315.4744521366047
513.0 4.666806611177499 279.7839518919408 275.1171452807633
516.0 4.817272359988443 303.1776806160806 298.3604082560922
519.0 3.576588335832169 283.3834038987896 279.8068155629575
522.0 3.32517503175023 280.0228473450248 276.6976723132746
525.0 2.889784142294756 282.7972947261623 279.9075105838676
528.0 2.552496798428 278.6632775931368 276.1107807947088
531.0 2.004246381450731 272.6639985942053 270.6597522127545
534.0 1.632726156015173 273.1684545547702 271.535728398755
537.0 1.353789482935516 270.9437184358886 269.589928952953
540.0 1.037591467632789 267.5989823749274 266.5613909072946
543.0 0.6992339587418033 266.2249143784151 265.5256804196733
546.0 0.5094063608262006 263.9507222604502 263.441315899624
549.0 0.2720312137967346 260.6543550009702 260.3823237871735
552.0 0.126249110453145 259.1693865243901 259.043137413937
555.0 0.02551039733845542 255.7929844758262 255.7674740784878
558.0 0.004916037692591635 253.4872645172606 253.482348479568
561.0 0 250.9814281501288 250.9814281501288
564.0 0.0892658551882807 247.9250278098154 247.8357619546271
567.0 0.235890265889951 245.5034562929935 245.2675660271036
570.0 0.4602730920871743 243.6243392026755 243.1640661105884
573.0 0.8068193527883137 239.7354591186319 238.9286397658436
576.0 1.223239574875158 238.5535486037407 237.3303090288656
579.0 1.849386617997105 233.5920684753889 231.7426818573918
582.0 2.681496010347625 232.3939972410784 229.7125012307308
585.0 3.614124430521408 214.7066376027419 211.0925131722205
588.0 4.782207819815252 220.5485276015622 215.7663197817469
591.0 6.00106510569259 205.722137 199.7210718943074
