0.0 98.74379305593622 724.2265874245806 625.4827943686444
3.0 92.24576361596109 699.7448457297681 607.499082113807
6.0 94.21821344324019 709.9897032729875 615.7714898297473
9.0 93.79338023206546 709.5974584472752 615.8040782152097
12.0 90.44430242477219 694.4648786008657 604.0205761760935
15.0 91.59868137466364 701.7343444713905 610.1356630967269
18.0 91.71087123667588 702.5928492945204 610.8819780578445
21.0 87.55945764837524 683.8951861469853 596.33572849861
24.0 85.17254152867252 676.2125194084079 591.0399778797354
27.0 89.92713180053947 696.8994160951477 606.9722842946083
30.0 86.14020965099112 680.4253315292762 594.2851218782851
33.0 89.62752112563428 697.1993415987075 607.5718204730733
36.0 86.35563124932484 680.3275548919669 593.971923642642
39.0 87.63548205257053 688.2390433186999 600.6035612661294
42.0 87.4172156674093 685.5339064479446 598.1166907805353
45.0 87.17879135568106 685.9610800144868 598.7822886588058
48.0 87.54065169437657 689.3324168762148 601.7917651818382
51.0 82.30159223423355 665.8291254072219 583.5275331729884
54.0 83.96973540014737 672.7537063661861 588.7839709660387
57.0 79.38420080262803 655.7530952489236 576.3688944462955
60.0 85.09824717197929 680.2777510673421 595.1795038953628
63.0 84.56506322124175 678.3460457913509 593.7809825701091
66.0 83.87395010312145 673.8128088725421 589.9388587694206
69.0 83.58611121235947 674.1859115920803 590.5998003797208
72.0 83.04243010395072 671.8446022267466 588.8021721227959
75.0 84.18945905362762 675.9965259808822 591.8070669272546
78.0 83.69348022023222 674.8718855489318 591.1784053286996
81.0 78.21565908745341 651.753315149139 573.5376560616856
84.0 82.59114809536772 669.6574013246608 587.066253229293
87.0 79.95150303297591 658.0413273670484 578.0898243340725
90.0 79.93818057177508 658.2271041923645 578.2889236205894
93.0 80.50531959977375 660.3694454206961 579.8641258209223
96.0 81.14405373821748 664.8320731558637 583.6880194176462
99.0 80.02189116135852 660.2913816458284 580.2694904844699
102.0 81.91423030480159 668.3159094568517 586.4016791520501
105.0 80.52834340577776 660.2096624792003 579.6813190734225
108.0 77.04644999136908 647.7687645312937 570.7223145399246
111.0 80.77926538764846 663.0460529409545 582.266787553306
114.0 81.0058115836902 663.0643895221877 582.0585779384975
117.0 81.22694846752717 666.0061091653362 584.779160697809
120.0 80.85824882437951 662.7782361980828 581.9199873737033
123.0 81.8823962719699 669.2860598441125 587.4036635721426
126.0 81.46170044002643 665.2742567185768 583.8125562785504
129.0 82.08612858331081 667.4889609674616 585.4028323841508
132.0 80.83752367306002 664.2216586784882 583.3841350054282
135.0 82.57533314264624 669.7440890562408 587.1687559135945
138.0 79.83375857386262 658.6111913556708 578.7774327818082
141.0 79.81718476858242 659.1614377942869 579.3442530257045
144.0 77.6315014833734 649.7507217140654 572.119220230692
147.0 79.82739108873411 658.9965323302196 579.1691412414855
150.0 75.29538195715696 641.7350067880928 566.4396248309358
153.0 77.62562760330398 649.8578578826851 572.2322302793811
156.0 78.45009700320002 654.8937010426577 576.4436040394577
159.0 80.58285732758648 662.5590479751471 581.9761906475606
162.0 74.69495739031267 639.9816244396234 565.2866670493107
165.0 75.87970622229967 643.7320138143598 567.8523075920601
168.0 75.8494261511038 644.120800871197 568.2713747200932
171.0 75.85891349202837 644.0788063873781 568.2198928953497
174.0 73.54249212049862 635.7512929804602 562.2088008599616
177.0 76.96225906159906 650.6442952096296 573.6820361480306
180.0 78.20913944384304 656.3944836188556 578.1853441750126
183.0 71.14508507540421 628.2948155036865 557.1497304282823
186.0 75.00701643842327 643.6829400943049 568.6759236558816
189.0 71.74159997538081 630.277332943592 558.5357329682112
192.0 70.62177161494235 625.7575776508161 555.1358060358738
195.0 66.53527449353647 611.7273882186137 545.1921137250773
198.0 60.11337484348233 589.7221449858515 529.6087701423691
201.0 69.43517221558236 622.0425104866384 552.6073382710561
204.0 67.7022422316361 615.7476041756834 548.0453619440473
207.0 71.59144141462576 633.079168744913 561.4877273302872
210.0 68.03085917804494 618.3738605654333 550.3430013873884
213.0 71.15679815915305 628.4176480848978 557.2608499257448
216.0 69.90779294996822 624.5324532514817 554.6246603015135
219.0 68.58463340907835 620.7285936832636 552.1439602741852
222.0 66.86032294826698 614.4172686763315 547.5569457280645
225.0 69.92631606041324 624.6882897764065 554.7619737159933
228.0 65.88352095662785 610.3645310295881 544.4810100729603
231.0 67.70063745926016 618.4436795256623 550.7430420664021
234.0 68.76832964039064 620.8026973415293 552.0343677011386
237.0 64.65195564454165 606.4891690046463 541.8372133601046
240.0 67.89985794305519 619.1578667144249 551.2580087713697
243.0 65.78114055434673 610.7285754348796 544.9474348805329
246.0 65.28248135301235 608.538300865669 543.2558195126566
249.0 65.39419207441362 610.1786757402648 544.7844836658512
252.0 64.72466186852516 606.4601883529106 541.7355264843854
255.0 58.3600752850005 583.7644121412424 525.4043368562419
258.0 65.03678072344983 609.121673413691 544.0848926902412
261.0 64.57178665024512 607.8477803178788 543.2759936676337
264.0 61.96024890065439 597.7407108700203 535.7804619693659
267.0 64.0112230099231 605.2385661654085 541.2273431554855
270.0 60.97855956454673 594.7775520496811 533.7989924851343
273.0 58.3455295116072 584.003845834629 525.6583163230218
276.0 60.6381229692122 592.5397180840004 531.9015951147882
279.0 58.88532040962862 586.2868914913436 527.401571081715
282.0 56.59909774098417 577.901964642801 521.3028669018168
285.0 59.45933159790412 588.4496485848367 528.9903169869326
288.0 59.53858262441132 590.4271742577486 530.8885916333373
291.0 56.70506294317692 581.0932770987236 524.3882141555467
294.0 54.2751599774576 569.7598457077075 515.4846857302499
297.0 55.89721258276749 576.5296742244698 520.6324616417023
300.0 56.86752541120733 581.1102951790498 524.2427697678425
303.0 55.30177289779208 574.7325792028333 519.4308063050412
306.0 57.06544005695212 583.4613180302065 526.3958779732544
309.0 51.23413314405259 560.4061120589726 509.17197891492
312.0 51.98954693613031 564.2299614753453 512.240414539215
315.0 51.81397693220079 565.0953792503128 513.281402318112
318.0 51.85605225336223 562.5840701421893 510.7280178888271
321.0 47.83722792912149 548.0476563294589 500.2104284003374
324.0 49.43268883621638 554.8363543140497 505.4036654778333
327.0 51.13327806546763 564.0785855685618 512.9453075030941
330.0 49.780184312446 559.0838771703121 509.3036928578661
333.0 46.63426776239512 544.4234779393519 497.7892101769568
336.0 44.35608117095009 535.7823969362952 491.4263157653451
339.0 46.92065100246442 547.3518249271326 500.4311739246682
342.0 42.55298845239822 530.2058703759271 487.6528819235289
345.0 47.05863844956701 550.188339022735 503.129700573168
348.0 44.69183497395561 539.4557070010088 494.7638720270532
351.0 44.81179491054101 539.1811590552796 494.3693641447386
354.0 41.3095318452296 526.5632451025262 485.2537132572966
357.0 42.90629264157459 533.423036615081 490.5167439735064
360.0 43.63803432305976 537.9955530018077 494.3575186787479
363.0 39.98012403645431 522.7443927426181 482.7642687061638
366.0 38.50030990195596 516.208971544239 477.7086616422831
369.0 40.06228317262346 523.4017859829355 483.339502810312
372.0 39.03882999097358 518.6105513374015 479.5717213464279
375.0 37.58388462935057 512.1518090417348 474.5679244123842
378.0 39.67510143933612 524.0228418605835 484.3477404212474
381.0 38.91912447666817 519.7148011678297 480.7956766911616
384.0 36.14422299018655 505.6616778756496 469.5174548854631
387.0 36.91542754137389 513.4579858598836 476.5425583185098
390.0 36.92156197328704 514.025273437816 477.103711464529
393.0 36.2684993044958 510.7908364636003 474.5223371591045
396.0 36.39848470072936 510.8614608815091 474.4629761807798
399.0 35.09817364789702 503.3236157383134 468.2254420904164
402.0 33.54599906547153 495.0348751584017 461.4888760929302
405.0 34.45413905290654 503.550204496913 469.0960654440065
408.0 34.78702676621303 505.3513351005069 470.5643083342939
411.0 32.31790048049976 491.2399398642551 458.9220393837554
414.0 32.23455062877781 491.9782467383585 459.7436961095806
417.0 29.18263532945019 478.1552081282821 448.9725727988319
420.0 30.49035472203343 485.1741603366513 454.6838056146179
423.0 23.49321895169392 453.7242825808013 430.2310636291074
426.0 29.71670419562742 484.4865149943288 454.7698107987014
429.0 28.11806058913838 474.3665886483506 446.2485280592123
432.0 27.72141893467192 475.4742704917551 447.7528515570832
435.0 25.04439997682329 462.8145750043297 437.7701750275064
438.0 26.06536409217459 467.1253820070715 441.0600179148969
441.0 24.40614432779261 461.0145873194136 436.608442991621
444.0 25.06435315928964 463.3415931144485 438.2772399551588
447.0 18.93683543772465 427.8680265763179 408.9311911385932
450.0 24.07510921878652 460.4318043969633 436.3566951781767
453.0 19.66395950619464 435.8518315303424 416.1878720241477
456.0 15.43961962384639 406.8043827208819 391.3647630970355
459.0 16.04142545276372 411.2028544908203 395.1614290380566
462.0 18.24825305061008 425.1320799905052 406.8838269398951
465.0 17.05441684983123 421.1293175341616 404.0749006843303
468.0 14.96800820071196 407.1420979133557 392.1740897126438
471.0 12.43597230566407 386.5418372869446 374.1058649812805
474.0 12.43826097086835 386.8123284562464 374.374067485378
477.0 12.41110359222798 387.3465222909664 374.9354186987384
480.0 9.180588414411194 360.7073997402267 351.5268113258156
483.0 10.35480343546283 374.8007908916533 364.4459874561905
486.0 9.321267248159526 364.3097621773943 354.9884949292347
489.0 10.84628188378735 387.8873981755157 377.0411162917283
492.0 7.6324672800548 357.6057384292352 349.9732711491804
495.0 7.586317732630715 354.0954105604743 346.5090928278436
498.0 5.98776983421251 327.308853026311 321.3210831920985
501.0 6.056786148031598 333.2273491940283 327.1705630459967
504.0 5.216472623758654 327.5336572526837 322.317184628925
507.0 4.154380111555121 310.8624192713447 306.7080391597896
510.0 4.883677110953534 332.0900846017718 327.2064074908182
513.0 3.613846212871326 313.5837634873104 309.9699172744391
516.0 3.366917623648222 314.5713478469139 311.2044302232656
519.0 2.652915359046121 304.6371951318576 301.9842797728115
522.0 2.472871391332977 303.545037329797 301.072165938464
525.0 1.999232103264754 301.5767774315475 299.5775453282828
528.0 1.704638762383598 301.6925263234786 299.987887561095
531.0 1.38868328312906 296.3267521899813 294.9380689068523
534.0 1.031279085076818 293.8550577156267 292.8237786305499
537.0 0.8078635246694542 292.4914121356667 291.6835486109973
540.0 0.5847723825135653 290.7478596306741 290.1630872481605
543.0 0.3250370529075709 287.1139290678563 286.7888920149487
546.0 0.2152340044739633 285.0677018085387 284.8524678040648
549.0 0.0913175052300095 282.111324505225 282.020006999995
552.0 0 280.2318298063132 280.2318298063132
555.0 0.01629199600505238 277.6117484061603 277.5954564101553
558.0 0.08365518449788759 275.5430168538424 275.4593616693446
561.0 0.1749039475299286 273.1908721383162 273.0159681907863
564.0 0.4025624998344233 269.3094068870251 268.9068443871907
567.0 0.6453412663340416 267.0805198250552 266.4351785587212
570.0 0.9470391268224943 265.219413462787 264.2723743359645
573.0 1.493242864182045 259.8449036340492 258.3516607698672
576.0 1.965582258194521 259.1018576844877 257.1362754262931
579.0 2.890349284871885 250.3329830252198 247.4426337403479
582.0 3.709177336528694 252.6753752593676 248.9661979228389
585.0 5.633534045424527 221.6942836512415 216.060749605817
588.0 6.645357710702108 225.658994282721 219.0136365720189
591.0 8.620362930528565 205.722137 197.1017740694714
