0.0 87.22207035479972 724.5315399145171 637.3094695597174
3.0 81.34478720833673 699.7792193388512 618.4344321305144
6.0 83.02448655959593 710.5889973575038 627.5645107979079
9.0 82.59688430953626 710.3102880060087 627.7134036964724
12.0 79.65482469301638 694.9953599867558 615.3405352937394
15.0 80.60095056664684 702.1721358018787 621.5711852352319
18.0 80.67958716106611 703.5208142362967 622.8412270752306
21.0 77.0388918141274 684.0802940104943 607.0414021963669
24.0 74.83338071772237 676.3927341617852 601.5593534440629
27.0 79.0305598535631 697.7690178765855 618.7384580230224
30.0 75.69026103798403 680.5841733233911 604.893912285407
33.0 78.71224568952172 697.9614949552778 619.249249265756
36.0 75.91218684106395 680.7619516363068 604.8497647952428
39.0 76.95904072323401 689.0098924139854 612.0508516907514
42.0 76.82226694735764 686.5550737317409 609.7328067843832
45.0 76.56194395668684 686.9194430395077 610.3574990828208
48.0 76.82135150442597 690.221814184756 613.40046268033
51.0 72.22123182840241 665.9361583781919 593.7149265497895
54.0 73.70166140186911 673.3373212527698 599.6356598509007
57.0 69.5502208352993 655.7947407583651 586.2445199230658
60.0 74.61101859328313 680.8430795601852 606.2320609669021
63.0 74.12370933646507 679.0402186792937 604.9165093428287
66.0 73.55999255120176 674.7735336323659 601.2135410811642
69.0 73.25395369735373 674.863351689144 601.6093979917903
72.0 72.77197547718618 672.5244027689468 599.7524272917607
75.0 73.8141832215988 676.8004659751272 602.9862827535284
78.0 73.33506775611608 675.9371117433427 602.6020439872266
81.0 68.47868103533773 651.7990955922664 583.3204145569287
84.0 72.38075302709138 670.3077356757726 597.9269826486813
87.0 70.05480763979038 658.3272373573144 588.272429717524
90.0 70.03304575159652 658.6134466938863 588.5804009422898
93.0 70.54575119925539 660.7817144023763 590.2359632031209
96.0 71.05013547367931 665.4433184624275 594.3931829887481
99.0 70.04941994711288 660.6376901007288 590.5882701536159
102.0 71.72458342287804 669.0813224301133 597.3567390072352
105.0 70.57446686021576 660.6687930262403 590.0943261660245
108.0 67.40576224385147 647.8284388003318 580.4226765564803
111.0 70.73781664460744 663.422123037111 592.6843063925035
114.0 70.96818031691513 663.6418790772048 592.6736987602896
117.0 71.09672090228464 666.5311253526422 595.4344044503575
120.0 70.82810082093518 663.1973012502786 592.3692004293434
123.0 71.66583350534732 669.5935485156552 597.9277150103078
126.0 71.36608179076465 665.7167443353814 594.3506625446167
129.0 71.9320345161815 668.1781195738891 596.2460850577076
132.0 70.76070041469932 664.4119203986045 593.6512199839052
135.0 72.36229603926231 670.3290768631867 597.9667808239244
138.0 69.91268388157865 658.9369235411118 589.0242396595331
141.0 69.87278833700318 659.7212589266227 589.8484705896196
144.0 67.94321467003124 649.7915157841268 581.8483011140955
147.0 69.89060489249682 659.4566009165599 589.5659960240631
150.0 65.80208171345662 641.7556238631694 575.9535421497128
153.0 67.93204693944003 649.9913648555424 582.0593179161024
156.0 68.61030578693316 655.1363964647992 586.526090677866
159.0 70.54948153836251 663.0563115571868 592.5068300188243
162.0 65.23864495002898 640.1634484755284 574.9248035254994
165.0 66.33800136298212 643.7516911236642 577.4136897606821
168.0 66.28975337783692 644.3698417347425 578.0800883569056
171.0 66.30043152204487 644.3686122021514 578.0681806801065
174.0 64.19378120720219 635.8029112918551 571.6091300846529
177.0 67.21535853892 651.0004319259269 583.7850733870069
180.0 68.30439573481616 656.9505337795194 588.6461380447032
183.0 61.96675592248928 628.5312339563545 566.5644780338652
186.0 65.42917644229625 644.1807239420278 578.7515474997315
189.0 62.51554460905795 630.5256586546659 568.010114045608
192.0 61.51552551001118 625.8072785721886 564.2917530621774
195.0 57.7704877791032 611.7360474119935 553.9655596328903
198.0 51.88289271815969 589.7221870420662 537.8392943239065
201.0 60.41273386985093 622.2730092528078 561.8602753829569
204.0 58.83928521964669 615.7808603580249 556.9415751383782
207.0 62.2631530611141 633.3885398269769 571.1253867658628
210.0 59.08812472469719 618.469404286014 559.3812795613168
213.0 61.97169568445147 628.8460626758873 566.8743669914359
216.0 60.81553208142312 624.8019554400957 563.9864233586726
219.0 59.57753933315892 620.9867908746318 561.4092515414729
222.0 58.01268153434934 614.5379772810448 556.5252957466955
225.0 60.82784885271588 625.0491118988759 564.22126304616
228.0 57.13896464085165 610.631902914112 553.4929382732604
231.0 58.74144755740302 618.7104397034748 559.9689921460717
234.0 59.76123821760174 621.2961420974168 561.5349038798151
237.0 55.99931698167282 606.6712057976004 550.6718888159276
240.0 58.92227691248958 619.4683783614142 560.5461014489247
243.0 57.02126487263951 610.9476208780629 553.9263560054234
246.0 56.57888720406882 608.8690579329872 552.2901707289183
249.0 56.64091531839469 610.3427427750263 553.7018274566316
252.0 56.07195671781351 606.8747542963551 550.8027975785415
255.0 50.27310514345784 583.804660361871 533.5315552184132
258.0 56.30323576481473 609.5508380368838 553.2476022720691
261.0 55.86019521089834 608.6186709436133 552.758475732715
264.0 53.51778267480645 597.7704948167919 544.2527121419854
267.0 55.37270684942915 605.8495869774171 550.476880127988
270.0 52.60041026152601 595.0304669794545 542.4300567179285
273.0 50.24688797623341 584.2373815374795 533.9904935612461
276.0 52.32109712512968 593.045566962838 540.7244698377083
279.0 50.72636259166563 586.5510668658475 535.8247042741819
282.0 48.6514223307979 578.0249263656166 529.3735040348187
285.0 51.24410322924954 588.8290371394392 537.5849339101897
288.0 51.25883146783442 590.7740985837231 539.5152671158887
291.0 48.64973206788443 581.3297899927379 532.6800579248534
294.0 46.5280410808473 569.814576676822 523.2865355959747
297.0 47.96985540530848 576.8221457851341 528.8522903798256
300.0 48.81352170217123 581.5843007876857 532.7707790855145
303.0 47.41324570247696 575.1759827900071 527.7627370875302
306.0 48.93482243903295 584.1021605587116 535.1673381196787
309.0 43.70164839463498 560.5642445918621 516.8625961972272
312.0 44.35055107654598 564.4757720071195 520.1252209305735
315.0 44.1373289465025 565.4555460863598 521.3182171398573
318.0 44.26626572748426 562.9988824093921 518.7326166819079
321.0 40.61095962373487 548.2741805449009 507.663220921166
324.0 42.02665229119778 555.1667331246363 513.1400808334385
327.0 43.46734279667962 564.4924671614365 521.0251243647569
330.0 42.23817792582517 559.5554101403625 517.3172322145373
333.0 39.48839194746717 544.8138545373904 505.3254625899232
336.0 37.43339851216693 535.8539503264727 498.4205518143057
339.0 39.68231902968797 547.8524352988676 508.1701162691796
342.0 35.75804437719582 530.371043815119 494.6129994379232
345.0 39.72817973945059 550.6637641030691 510.9355843636186
348.0 37.64776074079643 539.9511464162424 502.303385675446
351.0 37.77735493037133 539.9351185100995 502.1577635797282
354.0 34.59526097089469 526.8297340929127 492.234473122018
357.0 36.00823534957269 533.897830728058 497.8895953784853
360.0 36.6060741628591 538.618276572671 502.0122024098119
363.0 33.35161030264823 522.9852744063213 489.6336641036731
366.0 32.04392421945776 516.5299350914029 484.4860108719452
369.0 33.40859319134395 523.9775976697438 490.5690044783999
372.0 32.51517607345148 519.1517871102626 486.6366110368111
375.0 31.23539680886918 512.4484193627008 481.2130225538316
378.0 32.98547919803537 524.6917315548614 491.706252356826
381.0 32.34814559832837 520.5756345838263 488.227488985498
384.0 29.95804611199731 506.653360609754 476.6953144977567
387.0 30.49454774040091 514.0569332965899 483.562385556189
390.0 30.47794530142492 514.8399378788948 484.3619925774699
393.0 29.90770620671473 511.926749580248 482.0190433735332
396.0 30.03185821293153 512.4895006849253 482.4576424719938
399.0 28.9351638766175 505.6164394019194 476.6812755253019
402.0 27.63204882012 496.2661409031514 468.6340920830314
405.0 28.26558687495235 505.5570975916728 477.2915107167205
408.0 28.541555677212 507.7344662741911 479.1929105969791
411.0 26.49418344771695 492.3402547013398 465.8460712536229
414.0 26.37893717737886 493.2972587621791 466.9183215848002
417.0 23.71053151479112 478.5387841833649 454.8282526685738
420.0 24.81897154116304 485.7893064789739 460.9703349378108
423.0 18.66920115104633 453.732122716009 435.0629215649627
426.0 24.0456576346044 484.8887502248982 460.8430925902938
429.0 22.73711065545397 474.8959445816398 452.1588339261858
432.0 22.28889111468424 475.9868561213535 453.6979650066693
435.0 19.95626175115136 463.1832165310329 443.2269547798816
438.0 20.85544600381369 468.0724347628177 447.216988759004
441.0 19.35815729364659 461.3660058406784 442.0078485470319
444.0 19.95279467875253 464.0891334180049 444.1363387392524
447.0 14.83896164585405 428.1597140565245 413.3207524106705
450.0 19.02298025002649 461.5611788323802 442.5381985823537
453.0 15.30887244948992 436.639750607835 421.3308781583451
456.0 11.93690318331924 407.5262592253924 395.5893560420731
459.0 12.40089381880089 412.4370270024637 400.0361331836628
462.0 14.20012918907122 426.7695691045434 412.5694399154722
465.0 13.09909622782542 422.9060313907667 409.8069351629412
468.0 11.4137818179871 409.3734083472439 397.9596265292568
471.0 9.519217887175667 387.7336839926866 378.2144661055109
474.0 9.499318897442867 388.922557241035 379.4232383435922
477.0 9.445227226488702 389.9565805601144 380.5113533336257
480.0 7.030144632048181 362.4881238839491 355.4579792519009
483.0 7.734101352687987 378.3222430440173 370.5881416913293
486.0 7.009371110662325 368.9669946779579 361.9576235672956
489.0 7.808848700239921 390.2315114926873 382.4226627924474
492.0 5.512382546978699 360.7261823924472 355.2137998454685
495.0 5.548254508892449 359.6894060895986 354.1411515807062
498.0 4.746634165002064 338.6182303131684 333.8715961481663
501.0 4.544490386489947 346.993444911961 342.4489545254711
504.0 3.879183693519276 341.4699556060884 337.5907719125691
507.0 3.272299176534389 330.0643727398213 326.7920735632869
510.0 3.398597563021828 343.9166110692487 340.5180135062269
513.0 2.597091115923761 331.5354380107022 328.9383468947785
516.0 2.349472382656135 331.27623381925 328.9267614365938
519.0 1.867566030495107 325.4472919777769 323.5797259472818
522.0 1.701834396982361 325.2782760311631 323.5764416341808
525.0 1.332131161861546 321.0146612026396 319.6825300407781
528.0 1.033851426635511 319.9949777683338 318.9611263416983
531.0 0.8283222938706427 318.0031021521705 317.1747798582999
534.0 0.5786672030741036 314.0177330741755 313.4390658711013
537.0 0.3962495935758532 312.4334529928886 312.0372033993128
540.0 0.218795686549846 310.6414121972303 310.4226165106804
543.0 0.08796535434208413 306.7081817461366 306.6202163917945
546.0 0.0414002666682384 304.8275354517517 304.7861351850834
549.0 0.01301930427215592 301.8892618532259 301.8762425489537
552.0 0 299.1335153747386 299.1335153747386
555.0 0.09631101464270359 296.9533145009801 296.8570034863374
558.0 0.2338275194012825 294.9045063943103 294.670678874909
561.0 0.4032632690534934 292.8075796416172 292.4043163725637
564.0 0.7753993306772788 289.0502210319442 288.2748217012669
567.0 1.103550402834611 286.7408910995475 285.6373406967129
570.0 1.496985412139981 283.8784364769089 282.381451064769
573.0 2.211661581721036 281.4341744804336 279.2225128987126
576.0 2.763252485476132 277.2943916531751 274.5311391676989
579.0 3.988225368514259 272.561853615986 268.5736282474717
582.0 4.865032791740548 265.4467196664429 260.5816868747024
585.0 8.086512136245441 225.2468163937366 217.1603042574912
588.0 9.023907688305619 227.7342674829901 218.7103597946844
591.0 11.7878752715869 205.722137 193.9342617284131
