0.0 84.54417256235258 724.6280377705769 640.0838652082243
3.0 78.8182137872408 699.7932349136025 620.9750211263617
6.0 80.42424391856911 710.7623214205124 630.3380775019433
9.0 79.99528480321474 710.5262281055749 630.5309433023602
12.0 77.15238098891464 695.1681100680641 618.0157290791494
15.0 78.04879107000622 702.3117633144679 624.2629722444617
18.0 78.11673008807092 703.796196696666 625.6794666085951
21.0 74.60324875599021 684.1495079847143 609.5462592287241
24.0 72.44164988242142 676.4466983323799 604.0050484499584
27.0 76.50064512237761 698.0129817377715 621.5123366153939
30.0 73.27185045699627 680.6396053537673 607.3677548967711
33.0 76.17833986473375 698.1818175074775 622.0034776427437
36.0 73.49376789288398 680.910051306159 607.4162834132751
39.0 74.48269067168058 689.2384905283003 614.7557998566197
42.0 74.36411727592086 686.8719276125677 612.5078103366468
45.0 74.09888952354873 687.2123557829938 613.1134662594451
48.0 74.33411523924977 690.472328974138 616.1382137348882
51.0 69.89231527641943 665.975699116849 596.0833838404295
54.0 71.32480329154318 673.5235144427565 602.1987111512133
57.0 67.28115801824092 655.810957682608 588.529799664367
60.0 72.18145667824951 681.0113655910392 608.8299089127897
63.0 71.70452518832851 679.2456227901302 607.5410976018017
66.0 71.17013654272831 675.0536436172178 603.8835070744895
69.0 70.86127131948899 675.0569380198383 604.1956667003493
72.0 70.39412180731316 672.7252217992228 602.3310999919096
75.0 71.41027407417472 677.048997175403 605.6387231012283
78.0 70.93404580607428 676.2308406303009 605.2967948242266
81.0 66.2330015401777 651.8178606834758 585.5848591432981
84.0 70.01751521547624 670.5059442468716 600.4884290313953
87.0 67.76919302767778 658.4278497646223 590.6586567369445
90.0 67.7448536717437 658.7428418583783 590.9979881866347
93.0 68.24428712228714 660.9181404777876 592.6738533555004
96.0 68.71520758946715 665.6314232946237 596.9162157051565
99.0 67.74523083788853 660.7499717474389 593.0047409095503
102.0 69.36581889382029 669.3011514161298 599.9353325223095
105.0 68.27404212702828 660.8297404944216 592.5556983673933
108.0 65.18324762827926 647.8515289995486 582.6682813712693
111.0 68.41683236598487 663.5410945383939 595.1242621724091
114.0 68.6470696802659 663.8140640295417 595.1669943492758
117.0 68.75362461105715 666.677207304162 597.9235826931049
120.0 68.50956544344293 663.3349296641265 594.8253642206835
123.0 69.3030107586706 669.6843064315861 600.3812956729155
126.0 69.03171593720377 665.8481319478327 596.8164160106289
129.0 69.58222682486848 668.3799416206763 598.7977147958078
132.0 68.43220889151461 664.4726728490926 596.040463957578
135.0 69.99885778733205 670.4964455083136 600.4975877209816
138.0 67.62104910779084 659.0381536651336 591.4171045573428
141.0 67.5743233248939 659.881797058326 592.3074737334321
144.0 65.70932098318875 649.8079374148399 584.0986164316511
147.0 67.59451078103299 659.5890800875251 591.9945693064921
150.0 63.6153763416532 641.7642095540446 578.1488332123914
153.0 65.69634251528675 650.0392277599212 584.3428852446344
156.0 66.3387628876049 655.2103423703955 588.8715794827906
159.0 68.2297677575834 663.2132729826818 594.9835052250984
162.0 63.05997261476771 640.2222046810852 577.1622320663174
165.0 64.13961414532768 643.7604973337433 579.6208831884156
168.0 64.08575321626111 644.4505101119495 580.3647568956884
171.0 64.09646151119277 644.4661498422252 580.3696883310324
174.0 62.0417804183763 635.8247178994954 573.7829374811191
177.0 64.96560426164544 651.109905252113 586.1443009904676
180.0 66.0155804533625 657.102791213683 591.0872107603205
183.0 59.85491798097838 628.6019644381811 568.7470464572027
186.0 63.21958642270251 644.315544519417 581.0959580967145
189.0 60.39213412085121 630.5981443820919 570.2060102612407
192.0 59.4220717314175 625.8269075320211 566.4048358006036
195.0 55.75970552432491 611.7396126197571 555.9799070954322
198.0 50.00113419315571 589.722213664208 539.7210794710523
201.0 58.33851754983949 622.3471075487837 564.0085899989442
204.0 56.8046588788455 615.7937236111966 558.9890647323511
207.0 60.11476208587374 633.4756651112214 573.3609030253476
210.0 57.03391193604499 618.499713305652 561.465801369607
213.0 59.85713262576641 628.9796670380877 569.1225344123213
216.0 58.72426885810535 624.8855948393787 566.1613259812733
219.0 57.50691962477797 621.063489737453 563.5565701126751
222.0 55.98128985858764 614.5750087128279 558.5937188542402
225.0 58.73460913678085 625.1574495746811 566.4228404379002
228.0 55.13166348048378 610.7116584885951 555.5799950081113
231.0 56.68233562990544 618.7908496337705 562.1085140038651
234.0 57.68933877953897 621.4425678978602 563.7532291183213
237.0 54.01469991923118 606.7212668234603 552.7065669042292
240.0 56.85850460766064 619.559746822307 562.7012422146464
243.0 55.01057444242233 611.0071873627223 555.9966129202999
246.0 54.58113947996053 608.9661771992225 554.385037719262
249.0 54.63205552552048 610.3940946917219 555.7620391662015
252.0 54.08598479231358 607.0036337838324 552.9176489915188
255.0 48.42575428555297 583.8186210500412 535.3928667644882
258.0 54.29770381282172 609.679864460084 555.3821606472623
261.0 53.85825087630585 608.8289661828777 554.9707153065719
264.0 51.58466895918225 597.7829901191354 546.1983211599532
267.0 53.38913425415213 606.0309141879287 552.6417799337766
270.0 50.68162625548332 595.1067229569765 544.4250967014932
273.0 48.3956109584923 584.3166366330923 535.9210256746
276.0 50.41563710982969 593.2037121015338 542.7880749917041
279.0 48.86039036112561 586.6355849335727 537.775194572447
282.0 46.83723394182659 578.0649093659311 531.2276754241045
285.0 49.36390863730693 588.9493459269618 539.5854372896549
288.0 49.36322442949811 590.8869031930007 541.5236787635026
291.0 46.80897492413351 581.3990823589145 534.590107434781
294.0 44.76262104849214 569.8362847075375 525.0736636590454
297.0 46.15962504493382 576.9162956033025 530.7566705583687
300.0 46.97173041242206 581.7325507141809 534.7608203017588
303.0 45.61154570402639 575.3175467593978 529.7060010553714
306.0 47.07369730150331 584.2907625957299 537.2170652942266
309.0 41.9875228387068 560.6101891671134 518.6226663284066
312.0 42.61020694919429 564.5518396419874 521.9416326927931
315.0 42.38733832912236 565.5571193627828 523.1697810336604
318.0 42.53684759344853 563.1299644805478 520.5931168870993
321.0 38.97032499804188 548.3469518635826 509.3766268655407
324.0 40.34209848068314 555.2658136534978 514.9237151728146
327.0 41.71962138013399 564.6135257408345 522.8939043607006
330.0 40.52005062346964 559.6939587099434 519.1739080864737
333.0 37.86626364500488 544.9365039870931 507.0702403420882
336.0 35.86688428787339 535.8813254082645 500.0144411203911
339.0 38.03733454086894 547.9996771815377 509.9623426406687
342.0 34.22190846716762 530.418737354223 496.1968288870554
345.0 38.06110467926679 550.8025726899108 512.741468010644
348.0 36.0497349784969 540.091799686805 504.0420647083081
351.0 36.18014180474967 540.1661104299502 503.9859686252006
354.0 33.07802160008813 526.9112009162147 493.8331793161266
357.0 34.4455208986521 534.0386729026297 499.5931520039776
360.0 35.01018280039799 538.8092526646804 503.7990698642824
363.0 31.85520407384839 523.0600381393705 491.2048340655221
366.0 30.58858339712445 516.6344866333481 486.0459032362236
369.0 31.90433740652422 524.1451398874897 492.2408024809655
372.0 31.04234509295922 519.3294546544238 488.2871095614646
375.0 29.80629249184849 512.5395054765997 482.7332129847512
378.0 31.47199189826673 524.8936121346861 493.4216202364193
381.0 30.86227539841281 520.8314716275375 489.9691962291247
384.0 28.56422155791459 506.963894506712 478.3996729487974
387.0 29.04627509671944 514.2430157652882 485.1967406685688
390.0 29.02303893899777 515.0858467327749 486.0628077937772
393.0 28.47127958323553 512.2379291793951 483.7666495961596
396.0 28.59135974641032 512.9432306553274 484.3518709089171
399.0 27.54004939189316 506.2798368590567 478.7397874671635
402.0 26.30222647362698 496.7049426369653 470.4027161633384
405.0 26.86597122915421 506.123348633127 479.2573774039728
408.0 27.12641589234494 508.3780932407579 481.2516773484129
411.0 25.186762565649 492.7560992143578 467.5693366487088
414.0 25.0627476637549 493.7599382571736 468.6971905934187
417.0 22.49231158382569 478.6810396013758 456.1887280175501
420.0 23.55128583386901 486.0167982061672 462.4655123722982
423.0 17.60963727327915 453.7365041226877 436.1268668494085
426.0 22.77927150701527 485.0438158797353 462.26454437272
429.0 21.54004673231092 475.0896137016268 453.5495669693158
432.0 21.07960343021571 476.1562589029934 455.0766554727776
435.0 18.83094099347184 463.3012464644986 444.4703054710268
438.0 19.69748378583145 468.3743666025703 448.6768828167389
441.0 18.24259516248079 461.4829162015036 443.2403210390228
444.0 18.81975264209283 464.3206705088329 445.50091786674
447.0 13.95286305157044 428.2873318945444 414.3344688429739
450.0 17.90235328613977 461.8851123348734 443.9827590487337
453.0 14.35824084798155 436.8796476352318 422.5214067872503
456.0 11.19218108950012 407.7741367863993 396.5819556968992
459.0 11.61988471170595 412.8680317063978 401.2481469946919
462.0 13.31823639797766 427.3596955934418 414.0414591954641
465.0 12.23943623285341 423.4567357753255 411.217299542472
468.0 10.64827593507609 410.0845214671768 399.4362455321007
471.0 8.912420660912409 388.2684481630679 379.3560275021555
474.0 8.881419182341525 389.8263763430652 380.9449571607237
477.0 8.817991434918354 391.0207396033333 382.2027481684149
480.0 6.604172174779421 363.3511102590389 356.7469380842595
483.0 7.185178620977767 379.6578424290242 372.4726638080465
486.0 6.5275973027329 370.79169574907 364.2640984463371
489.0 7.167510237207306 390.9761903563597 383.8086801191524
492.0 5.087258571850613 361.8560189153159 356.7687603434653
495.0 5.128279365984522 361.6969638506749 356.5686844846903
498.0 4.476868514589075 343.7169234986498 339.2400549840608
501.0 4.21070124132076 350.811703568614 346.6010023272933
504.0 3.58191573408034 345.8968163988709 342.3149006647906
507.0 3.055546247997337 335.9447172224258 332.8891709744284
510.0 3.082582184272685 347.1551694555295 344.0725872712568
513.0 2.369738146584202 335.7732914259311 333.4035532793469
516.0 2.12193319526563 335.5553605528903 333.4334273576247
519.0 1.681037697671512 330.1525183987871 328.4714807011156
522.0 1.514639865614047 330.153632573511 328.638992707897
525.0 1.175557385623443 326.059769251412 324.8842118657886
528.0 0.8854702880416473 324.4248098823511 323.5393395943095
531.0 0.692376859759449 322.8723739546665 322.179997094907
534.0 0.4724277880325396 318.9479693551052 318.4755415670726
537.0 0.3016853749437294 317.2476589457335 316.9459735707897
540.0 0.1382172329683489 315.1838874993043 315.0456702663359
543.0 0.03703508633451999 311.4437738709063 311.4067387845717
546.0 0.00483202054941359 309.6498584590554 309.645026438506
549.0 0 306.6379870031141 306.6379870031141
552.0 0.009129666644097006 303.8447804110774 303.8356507444333
555.0 0.123742499280331 301.637413851974 301.5136713526937
558.0 0.2792981899158468 299.4430020096126 299.1637038196968
561.0 0.4670590232303594 297.2846739011836 296.8176148779532
564.0 0.8708596687211257 293.8946502677432 293.0237905990221
567.0 1.220489537405875 291.4781809629027 290.2576914254968
570.0 1.640268766722696 288.568671880106 286.9284031133833
573.0 2.37532441736995 287.3487047825104 284.9733803651404
576.0 2.971398181448835 281.4271031238676 278.4557049424187
579.0 4.232876877074297 279.5920910230261 275.3592141459518
582.0 5.192508958464639 267.5998515648428 262.4073426063782
585.0 8.767524370986951 225.9034282105584 217.1359038395714
588.0 9.693660485623509 228.1083664672737 218.4147059816502
591.0 12.65735710625521 205.722137 193.0647798937448
