0.0 82.3051807287559 724.71956083031 642.4143801015541
3.0 76.7094715334024 699.8079207008403 623.0984491674379
6.0 78.25131921912697 710.9222715476434 632.6709523285165
9.0 77.82090919405889 710.7279268964552 632.9070177023963
12.0 75.06326624023969 695.3336196711501 620.2703534309104
15.0 75.91728363539745 702.4456845829971 626.5284009475996
18.0 75.97517723698902 704.0514999785349 628.0763227415459
21.0 72.57206938106856 684.2197373103034 611.6476679292349
24.0 70.44822877586987 676.4972499337676 606.0490211578977
27.0 74.38754961337143 698.2350023580875 623.847452744716
30.0 71.25553974515367 680.6949056188605 609.4393658737069
33.0 74.06196864127935 698.3847723365352 624.3228036952559
36.0 71.47682830713797 681.0550615301082 609.5782332229702
39.0 72.41559381526962 689.4504500845092 617.0348562692396
42.0 72.31202764561176 687.1695211038428 614.8574934582311
45.0 72.04275923454565 687.4859734708184 615.4432142362727
48.0 72.25755703981802 690.7007718686662 618.4432148288482
51.0 67.95281991617581 666.0157065223381 598.0628866061623
54.0 69.34324738962021 673.7008338612938 604.3575864716736
57.0 65.39312489964134 655.8276139232049 590.4344890235636
60.0 70.15485697763884 681.1683137576236 611.0134567799847
63.0 69.68658024370732 679.4360028203791 609.7494225766718
66.0 69.17684778390567 675.3108508287579 606.1340030448523
69.0 68.86612669375898 675.2344226892966 606.3682959955376
72.0 68.41163411989835 672.9110466747822 604.4994125548839
75.0 69.40512621902549 677.282956863249 607.8778306442236
78.0 68.93111601474094 676.4952257866574 607.5641097719165
81.0 64.36499211190379 651.8376012798097 587.472609167906
84.0 68.04756310375608 670.6921009356436 602.6445378318875
87.0 65.86640283049178 658.5272800728667 592.6608772423749
90.0 65.8396676100344 658.8682440557446 593.0285764457103
93.0 66.3276778170821 661.0504296859203 594.7227518688382
96.0 66.76958897138114 665.8076998031482 599.0381108317671
99.0 65.82645161266782 660.8577335445529 595.031281931885
102.0 67.39957558518575 669.5025831593372 602.1030075741515
105.0 66.35815084512719 660.9881090185163 594.6299581733891
108.0 63.33506555007295 647.8752270281793 584.5401614781064
111.0 66.4836159419717 663.654309794534 597.1706938525623
114.0 66.71340419429485 663.9741297279721 597.2607255336772
117.0 66.80129759595554 666.8096728516402 600.0083752556846
120.0 66.57831929936051 663.4672124564327 596.8888931570721
123.0 67.33412783352377 669.7685539638824 602.4344261303586
126.0 67.08695646197618 665.9704667230067 598.8835102610305
129.0 67.62377595335035 668.5655015126349 600.9417255592845
132.0 66.49294420391252 664.530684877547 598.0377406736345
135.0 68.02895170411244 670.649576586203 602.6206248820905
138.0 65.71310957590757 659.1338598503557 593.4207502744482
141.0 65.66015415620099 660.0283561183396 594.3682019621386
144.0 63.85143059120722 649.8250511497978 585.9736205585906
147.0 65.68255442607747 659.7107094901749 594.0281550640974
150.0 61.79798720822352 641.7732775126672 579.9752903044437
153.0 63.83668882691914 650.086864420155 586.2501755932358
156.0 64.44822690209999 655.2799627595609 590.8317358574609
159.0 66.29739077857419 663.3616798783479 597.0642890997737
162.0 61.24913758567157 640.2783173307432 579.0291797450717
165.0 62.31220956407577 643.7700656758059 581.4578561117301
168.0 62.25306175740529 644.527811351685 582.2747495942798
171.0 62.26367962530396 644.56065730776 582.296977682456
174.0 60.25404526614761 635.847792674711 575.5937474085634
177.0 63.09351019824866 651.2126460482087 588.1191358499601
180.0 64.10974323952957 657.2398959691662 593.1301527296366
183.0 58.1012959163286 628.6677600193584 570.5664641030298
186.0 61.38177125800478 644.4364325224041 583.0546612643994
189.0 58.62858373709963 630.6648363176391 572.0362525805395
192.0 57.68453674133785 625.8471638533795 568.1626271120417
195.0 54.09314290633511 611.7433484464445 557.6502055401094
198.0 48.44518802407181 589.7222469864062 541.2770589623344
201.0 56.61711501449691 622.4175691727891 565.8004541582922
204.0 55.11759460497958 615.8068984463952 560.6893038414156
207.0 58.32970681044311 633.5550725778272 575.2253657673841
210.0 55.32994552035173 618.5288464271966 563.1989009068449
213.0 58.10075635336871 629.1053064188793 571.0045500655106
216.0 56.98819256504671 624.9648040693884 567.9766115043417
219.0 55.78858871820316 621.1346995091328 565.3461107909296
222.0 54.29684179109719 614.6099173742469 560.3130755831498
225.0 56.99667931113763 625.2587701762843 568.2620908651467
228.0 53.46758527171634 610.7857775586987 557.3181922869823
231.0 54.97384283432128 618.865878257012 563.8920354226907
234.0 55.96945443574481 621.5780235735375 565.6085691377927
237.0 52.37026505004085 606.7664763914288 554.396211341388
240.0 55.14594691699656 619.6444760948395 564.4985291778429
243.0 53.34372949412724 611.0609648552773 557.7172353611501
246.0 52.92513774602324 609.05587184015 556.1307340941268
249.0 52.96682429894706 610.4429166240912 557.4760923251441
252.0 52.43986039033036 607.1249517784201 554.6850913880897
255.0 46.89920636386491 583.8323065811982 536.9331002173333
258.0 52.63481715408137 609.8000592512658 557.1652420971844
261.0 52.19793160854357 609.0170661657983 556.8191345572548
264.0 49.98461658440493 597.7962241300724 547.8116075456675
267.0 51.74472987345339 606.1985961539971 554.4538662805437
270.0 49.09344126211674 595.178073125414 546.0846318632973
273.0 46.86525925943937 584.3936602193916 537.5284009599522
276.0 48.83832914108728 593.3525985584567 544.5142694173694
279.0 47.31741169156373 586.7165249180892 539.3991132265255
282.0 45.33893823381844 578.1032700512997 532.7643318174812
285.0 47.80850340640465 589.0637178650529 541.2552144586482
288.0 47.79465454449043 590.9952665803921 543.2006120359017
291.0 45.28771810234028 581.463330211611 536.1756121092708
294.0 43.30624333174137 569.8587192033547 526.5524758716133
297.0 44.66435979040604 577.0067779567437 532.3424181663377
300.0 45.44905901725367 581.8727704955563 536.4237114783026
303.0 44.12327922059309 575.4524138065638 531.3291345859707
306.0 45.53420114789346 584.4649176296965 538.9307164818031
309.0 40.57496031424619 560.6529113525718 520.0779510383256
312.0 41.1749696667822 564.6235815049257 523.4486118381435
315.0 40.94367496578897 565.6497062745412 524.7060313087523
318.0 41.11060702838895 563.2548076151678 522.1442005867788
321.0 37.62057235646637 548.4162759376904 510.795703581224
324.0 38.95453139836248 555.3586340035454 516.404102605183
327.0 40.27777004252034 564.7256459274734 524.447875884953
330.0 39.10345213392751 559.8218792242077 520.7184270902802
333.0 36.5320439516754 545.0526946113333 508.5206506596579
336.0 34.58095896479146 535.9093360693006 501.3283771045091
339.0 36.68337238196588 548.1357913535846 511.4524189716188
342.0 32.96189826818154 530.4627005568429 497.5008022886614
345.0 36.68826290736861 550.9309580994469 514.2426951920783
348.0 34.73607073222207 540.2206190212794 505.4845482890573
351.0 34.86656817370951 540.3822385053465 505.515670331637
354.0 31.83398126944603 526.988048603315 495.1540673338689
357.0 33.1621144875649 534.169888488656 501.0077740010911
360.0 33.6980053061687 538.9881654822697 505.290160176101
363.0 30.62906330426794 523.1310909586502 492.5020276543823
366.0 29.39744018570299 516.7347691813735 487.3373289956705
369.0 30.67086788011005 524.2997291683072 493.6288612881971
372.0 29.83572009472933 519.5004461496553 489.664726054926
375.0 28.6377265034796 512.627389050525 483.9896625470454
378.0 30.23037762198855 525.0818649947449 494.8514873727563
381.0 29.64398201944809 521.068799891808 491.4248178723599
384.0 27.42445096866087 507.2559053325559 479.8314543638951
387.0 27.86065548881831 514.4187599885949 486.5581044997766
390.0 27.83134778532837 515.3149018538182 487.4835540684899
393.0 27.29503074927077 512.5187151382416 485.2236843889708
396.0 27.41069651197669 513.3526371096955 485.9419405977188
399.0 26.3969247612619 506.878732501138 480.4818077398761
402.0 25.21639588055616 497.1379755818021 471.9215797012459
405.0 25.71963072086464 506.6311965566607 480.911565835796
408.0 25.96629865191061 508.9470038396192 482.9807051877086
411.0 24.1202500096774 493.1779548684978 469.0577048588204
414.0 23.98844194904451 494.2162920736553 470.2278501246108
417.0 21.50413284088403 478.8265296239224 457.3223967830383
420.0 22.52011903391079 486.249898779326 463.7297797454152
423.0 16.75839689596159 453.7417380730462 436.9833411770847
426.0 21.74970944746452 485.2052851393114 463.4555756918469
429.0 20.56965029149331 475.2868724019512 454.7172221104579
432.0 20.0989177456187 476.3225301672731 456.2236124216544
435.0 17.9225798191567 463.4152676516628 445.4926878325061
438.0 18.75992801104863 468.6612298684895 449.9013018574408
441.0 17.34259941867905 461.5977940847968 444.2551946661178
444.0 17.90402665079816 464.5403200504608 446.6362933996626
447.0 13.24943897714412 428.4240756084344 415.1746366312902
450.0 16.99669278674562 462.1814903724606 445.184797585715
453.0 13.59881290539331 437.1067963269497 423.5079834215564
456.0 10.6091536237243 408.0207189489918 397.4115653252675
459.0 11.00451941620307 413.2934030034653 402.2888835872622
462.0 12.61531886998046 427.9423174848891 415.3269986149087
465.0 11.55593367642063 423.9744519743454 412.4185182979247
468.0 10.04439463941696 410.759177433624 400.714782794207
471.0 8.445471156303849 388.8579264053522 380.4124552490484
474.0 8.402456960167405 390.7767108226276 382.3742538624602
477.0 8.329981890134314 392.1165839294129 383.7866020392786
480.0 6.289743533817334 364.3402965994242 358.0505530656069
483.0 6.762541180844223 380.9960384039996 374.2334972231554
486.0 6.159194757132334 372.6119467917813 366.452752034649
489.0 6.669817493756799 391.688301640316 385.0184841465592
492.0 4.772081389365018 363.0090316116835 358.2369502223184
495.0 4.811692285112706 363.6761390075321 358.8644467224194
498.0 4.26812003985362 348.68635488889 344.4182348490364
501.0 3.957143806067994 354.1687849262058 350.2116411201378
504.0 3.355577458093346 349.8237052480884 346.468127789995
507.0 2.889412813361193 341.0061804926155 338.1167676792543
510.0 2.847844178681195 350.040038958618 347.1921947799368
513.0 2.204603249943075 339.5398952997994 337.3352920498564
516.0 1.956900439815062 339.208259070791 337.251358630976
519.0 1.548692750561272 334.114222077062 332.5655293265007
522.0 1.380718673869396 334.2398236282151 332.8591049543457
525.0 1.066268420654355 330.4291554457727 329.3628870251184
528.0 0.7871749765070088 328.2525899275412 327.4654149510342
531.0 0.6023755574760281 326.9656318999759 326.3632563424999
534.0 0.4072767877939219 323.1502291771904 322.7429523893965
537.0 0.2472739225093842 321.3525554634312 321.1052815409218
540.0 0.09754118431491279 319.0520763483025 318.9545351639876
543.0 0.0205972279761058 315.4587568336946 315.4381596057185
546.0 0 313.7831679755989 313.7831679755989
549.0 0.01591743416555233 310.6809295440951 310.6650121099296
552.0 0.04403121129324564 307.9201618040701 307.8761305927768
555.0 0.1745634123879694 305.6754806167189 305.500917204331
558.0 0.3466187614233516 303.3268448003315 302.9802260389081
561.0 0.5506990164536559 301.052424948269 300.5017259318154
564.0 0.9789233875813105 298.0866752352744 297.107751847693
567.0 1.347866882460089 295.5127948177112 294.1649279352511
570.0 1.790032273723527 292.7030959879452 290.9130637142216
573.0 2.534970324021311 292.4740459743994 289.9390756503781
576.0 3.180932831082827 284.9125479800264 281.7316151489436
579.0 4.453947294016311 285.9157304153317 281.4617831213154
582.0 5.517576524370611 269.1726607762313 263.6550842518607
585.0 9.404262653803055 226.4188379281293 217.0145752743262
588.0 10.32247548828376 228.397404968995 218.0749294807112
591.0 13.45961716324956 205.722137 192.2625198367504
