0.0 80.46421729904486 724.8026915899263 644.3384742908814
3.0 74.97745978004346 699.8224368868855 624.8449771068421
6.0 76.46505214677821 711.0645748020263 634.5995226552481
9.0 76.03320612818645 710.9088190288424 634.8756129006559
12.0 73.34679834897679 695.485201498343 622.1384031493662
15.0 74.16565810076861 702.5687978631195 628.4031397623509
18.0 74.21454381716557 704.2790378360323 630.0644940188667
21.0 70.90438668771042 684.2873441861032 613.3829574983928
24.0 68.81212920955563 676.5428585594704 607.7307293499148
27.0 72.65081655872889 698.4300778191809 625.779261260452
30.0 69.60033208909815 680.7475469341333 611.1472148450351
33.0 72.32260143834418 698.5649199709496 626.2423185326054
36.0 69.82060965827827 681.190507219982 611.3698975617038
39.0 70.7172380802111 689.639436985497 618.9221989052859
42.0 70.62571363892796 687.437315651637 616.8116020127091
45.0 70.35320979268463 687.731079257842 617.3778694651573
48.0 70.55123674620859 690.9018178322933 620.3505810860847
51.0 66.36170819696921 666.0541641463639 599.6924559493946
54.0 67.71635020066157 673.8624931583274 606.1461429576658
57.0 63.8450271673586 655.8437928723062 591.9987657049476
60.0 68.49053980461225 681.3091710337181 612.8186312291058
63.0 68.02929970711428 679.6057048865347 611.5764051794204
66.0 67.53976344056603 675.5380814598653 607.9983180192993
69.0 67.22791901664659 675.3913666951643 608.1634476785177
72.0 66.78392635068934 673.076428596369 606.2925022456797
75.0 67.75826968520091 677.49413208849 609.735862403289
78.0 67.28597064780601 676.7249775703253 609.4390069225193
81.0 62.83356245400678 651.8571909696519 589.0236285156451
84.0 66.43029336476163 670.8600277156063 604.4297343508446
87.0 64.30555561951148 658.6207834545389 594.3152278350275
90.0 64.27668718108755 658.9842303324363 594.7075431513487
93.0 64.75513984319143 661.1730860019394 596.417946158748
96.0 65.17265181678643 665.9660977235278 600.7934459067414
99.0 64.25224150859123 660.9566859024875 596.7044443938963
102.0 65.78532589775933 669.6803916067083 603.895065708949
105.0 64.78606526168182 661.1363017658731 596.3502365041913
108.0 61.82013783038527 647.898245554181 586.0781077237957
111.0 64.8973474941301 663.7575180392582 598.8601705451281
114.0 65.12651712136682 664.1172072229351 598.9906901015683
117.0 65.1990138029547 666.9256655922055 601.7266517892508
120.0 64.99358743885958 663.5886193604661 598.5950319216065
123.0 65.71829806322125 669.8438177396956 604.1255196764743
126.0 65.49102527819241 666.0800643938222 600.5890391156298
129.0 66.01610343951573 668.7295336667547 602.7134302272389
132.0 64.90193281425027 664.583738171493 599.6818053572427
135.0 66.4119066524812 670.7845818378261 604.3726751853449
138.0 64.14800099390997 659.2206471700077 595.0726461760977
141.0 64.08959245376563 660.1571901528975 596.0675976991319
144.0 62.32844865849214 649.8418835119591 587.513434853467
147.0 64.11396686467911 659.8183318461653 595.7043649814862
150.0 60.30880110070266 641.7822971899241 581.4734960892214
153.0 62.31207162996638 650.1319304467458 587.8198588167794
156.0 62.89776207670655 655.3429470209815 592.4451849442749
159.0 64.71163482587063 663.4959754479566 598.784340622086
162.0 59.76516134161114 640.3295641244824 580.5644027828713
165.0 60.81467379342418 643.7798094195138 582.9651356260896
168.0 60.75075668861516 644.5986700979767 583.8479134093615
171.0 60.76120409109121 644.6479743168232 583.886770225732
174.0 58.78949190855127 635.8707432856676 577.0812513771164
177.0 61.55823693139801 651.3051328065455 589.7468958751475
180.0 62.54617866070007 657.3591781821441 594.812999521444
183.0 56.66494857355203 628.7265859765041 572.061637402952
186.0 59.8749782909789 644.5412454734344 584.6662671824555
189.0 57.18395966752811 630.7238951282327 573.5399354607046
192.0 56.26183388383575 625.8669057057685 569.6050718219327
195.0 52.72967567334307 611.7470352639799 559.0173595906368
198.0 47.17392192389384 589.722285104692 542.5483631807981
201.0 55.20758920986206 622.4816234166809 567.2740342068189
204.0 53.73699038112578 615.8196622046193 562.0826718234935
207.0 56.86709581119398 633.6249164430476 576.7578206318537
210.0 53.93517141629782 618.5557130870493 564.6205416707515
213.0 56.66179159662232 629.2184624250262 572.5566708284039
216.0 55.56639165827022 625.0367920597762 569.470400401506
219.0 54.38162200364301 621.1982816503375 566.8166596466945
222.0 52.91830335360381 614.641514653978 561.7232113003742
225.0 55.57321748108199 625.3499105403664 569.7766930592845
228.0 52.10581348126006 610.8519976066423 558.7461841253822
231.0 53.57505338758745 618.9331284099977 565.3580750224102
234.0 54.56085159339559 621.698462820937 567.1376112275414
237.0 51.02501985307587 606.8059417770107 555.7809219239348
240.0 53.74371913196647 619.720102419659 565.9763832876926
243.0 51.9797638256704 611.107978914436 559.1282150887656
246.0 51.57001440130117 609.1355857005819 557.5655712992807
249.0 51.60422412312752 610.487453005265 558.8832288821375
252.0 51.0927948750331 607.2343981472368 556.1416032722037
255.0 45.65236431734639 583.8450799478731 538.1927156305267
258.0 51.27379171656976 609.9076146388985 558.6338229223287
261.0 50.83869993570838 609.1795001858849 558.3408002501765
264.0 48.67652089957072 597.8094150549335 549.1328941553627
267.0 50.39885554717147 606.3475864704558 555.9487309232844
270.0 47.79492739957022 595.2422398197366 547.4473124201664
273.0 45.61490332896006 584.4649925332678 538.8500892043078
276.0 47.54846290855523 593.4868277095287 545.9383648009734
279.0 46.05651414375137 586.7907753103836 540.7342611666323
282.0 44.11550678634201 578.1384766609314 534.0229698745894
285.0 46.53707176353468 589.1678420584409 542.6307702949062
288.0 46.51228217579138 591.0948063928249 544.5825242170336
291.0 44.04501695099791 581.520712746213 537.4756957952151
294.0 42.11782597774728 569.8806123281923 527.762786350445
297.0 43.44317102598704 577.0900502940564 533.6468792680693
300.0 44.20476786937362 581.9998619982495 537.7950941288759
303.0 42.90768552829511 575.5753684889451 532.66768296065
306.0 44.27571616963053 584.6195706609386 540.3438544913081
309.0 39.42295214012769 560.6912699558014 521.2683178156737
312.0 40.00390893241582 564.688507964549 524.6845990321332
315.0 39.76548737630647 565.7311416388709 525.9656542625644
318.0 39.94675530940788 563.3687791596657 523.4220238502578
321.0 36.52076049918995 548.4794524863011 511.9586919871111
324.0 37.82308356010272 555.4423114125731 517.6192278524704
327.0 39.10098486736594 564.8256617924545 525.7246769250886
330.0 37.9476280334605 559.9355001499332 521.9878721164726
333.0 35.44492464116491 545.1581851323034 509.7132604911385
336.0 33.53455470337428 535.9364875150005 502.4019328116262
339.0 35.57970110082041 548.2568636820159 512.6771625811955
342.0 31.93701145778411 530.5017951928022 498.5647837350181
345.0 35.56889936296567 551.0453235058762 515.4764241429105
348.0 33.66602205704417 540.334508196134 506.6684861390898
351.0 33.79612249907822 540.5761732528042 506.780050753726
354.0 30.82222356469445 527.0577246594606 496.2355010947661
357.0 32.11726304849342 534.2875613223472 502.1702982738537
360.0 32.62892174303153 539.1488927827664 506.5199710397348
363.0 29.63225178616326 523.1959600747034 493.5637082885402
366.0 28.42963425012085 516.8267246458345 488.3970903957136
369.0 29.66750898544465 524.4371474710928 494.7696384856481
372.0 28.85462888318936 519.6576728030865 490.8030439198971
375.0 27.68879888864173 512.7091661318132 485.0203672431714
378.0 29.2200483691682 525.2504371262354 496.0303887570672
381.0 28.65282691805866 521.2804882436921 492.6276613256334
384.0 26.49843246368475 507.518746629429 481.0203141657442
387.0 26.89705012304451 514.5779349772522 487.6808848542077
390.0 26.86240373496435 515.5197334334973 488.6573296985329
393.0 26.33869733736544 512.7635929597425 486.424895622377
396.0 26.45000784075425 513.7087797000024 487.2587718592482
399.0 25.46652473462394 507.3974597743031 481.9309350396792
402.0 24.33452588420537 497.5432754140407 473.2087495298354
405.0 24.78703588108638 507.0691626843191 482.2821268032327
408.0 25.02191951359766 509.4319629001083 484.4100433865106
411.0 23.25451201571158 493.5823846495618 470.3278726338502
414.0 23.11604762122508 494.6438151875843 471.5277675663592
417.0 20.70519604708199 478.9681986270634 458.2630025799814
420.0 21.68487030425584 486.4770118317017 464.7921415274459
423.0 16.07435475228433 453.7475195628626 437.6731648105782
426.0 20.91619110720769 485.3647441312315 464.4485530240238
429.0 19.78524536806351 475.4783863344722 455.6931409664087
432.0 19.30612465322971 476.4791406805887 457.173016027359
435.0 17.19034788087548 463.5210918547481 446.3307439738726
438.0 18.00244151936514 468.9222583855557 450.9198168661906
441.0 16.61732947373334 461.7059906201934 445.0886611464601
444.0 17.1650926768697 464.7407224607915 447.5756297839218
447.0 12.6878340585666 428.5614410322804 415.8736069737138
450.0 16.26575857569086 462.4429525361741 446.1771939604833
453.0 12.99008714627951 437.3139737009351 424.3238865546556
456.0 10.14729480843912 408.2556214307403 398.1083266223012
459.0 10.51474149806825 413.6932905596058 403.1785490615376
462.0 12.05172621552274 428.487269465583 416.4355432500602
465.0 11.00892688618231 424.4411091957367 413.4321823095544
468.0 9.562884671499884 411.3714237547584 401.8085390832585
471.0 8.078318932496625 389.4669877096208 381.3886687771241
474.0 8.023354348222844 391.7103628892182 383.6870085409954
477.0 7.942580660957816 393.1733602259754 385.2307795650176
480.0 6.047299117408873 365.3979846004619 359.3506854830531
483.0 6.428355098013624 382.2574376316939 375.8290825336803
486.0 5.867600489253503 374.3119727650501 368.4443722757966
489.0 6.276578888546488 392.3408454364724 386.0642665479259
492.0 4.528371723018798 364.1299785286782 359.6016068056594
495.0 4.562427307460664 365.5202409877048 360.9578136802442
498.0 4.093038634992639 353.0693658021023 348.9763271671096
501.0 3.753714225491964 357.0167647769263 353.2630505514343
504.0 3.171967060125798 353.1091793143517 349.9372122542259
507.0 2.750375044234459 345.1517756666165 342.401400622382
510.0 2.662463248906843 352.5193738923836 349.8569106434768
513.0 2.072606181549991 342.7751819753441 340.7025757937941
516.0 1.825887042774077 342.2481013637188 340.4222143209447
519.0 1.443386309198254 337.3933112559649 335.9499249467666
522.0 1.273521214318172 337.5994012083258 336.3258799940076
525.0 0.9779777838969649 334.0688557494348 333.0908779655378
528.0 0.7107845748030955 331.4656773840751 330.754892809272
531.0 0.5317257228930755 330.3353768817305 329.8036511588375
534.0 0.3567091825061799 326.6291416738849 326.2724324913787
537.0 0.206137570440409 324.758307334435 324.5521697639946
540.0 0.06904358449426223 322.2721260935762 322.2030825090819
543.0 0.01162415927928326 318.7715759759587 318.7599518166794
546.0 0 317.2225861740145 317.2225861740145
549.0 0.0337248154693158 314.0293394999149 313.9956146844456
552.0 0.07737651944979884 311.3320536672601 311.2546771478103
555.0 0.2213727284329854 309.0557372967144 308.8343645682814
558.0 0.408000931898008 306.572101012168 306.16410008027
561.0 0.6264190044890373 304.1546914458847 303.5282724413956
564.0 1.072588877540567 301.6136195947615 300.5410307172209
567.0 1.458592177663835 298.8579865026392 297.3993943249754
570.0 1.918591161772834 296.2324520951644 294.3138609333916
573.0 2.666895099313014 296.7427191116553 294.0758240123423
576.0 3.362845645490587 287.853996165785 284.4911505202944
579.0 4.630632477566867 291.2392765749293 286.6086440973625
582.0 5.806238923242979 270.3066789599959 264.5004400367529
585.0 9.957665028775411 226.8179319497529 216.8602669209775
588.0 10.87041307150711 228.6180406270854 217.7476275555783
591.0 14.15352311957943 205.722137 191.5686138804205
