0.0 79.00495677162704 724.8740828061216 645.8691260344945
3.0 73.60564485757108 699.8357994042943 626.2301545467232
6.0 75.04930623265235 711.1849232843155 636.1356170516631
9.0 74.61614966943459 711.0625729801782 636.4464233107436
12.0 71.98684653828549 695.616237741832 623.6293912035465
15.0 72.7776982246882 702.6757368400377 629.8980386153495
18.0 72.81895170930454 704.4714584441525 631.6525067348479
21.0 69.58380882491648 684.3482728244551 614.7644639995386
24.0 67.51691666116915 676.5819197528848 609.0650030917157
27.0 71.27448339084506 698.5933221012849 627.3188387104398
30.0 68.28979902993632 680.79464463122 612.5048456012837
33.0 70.94421952782701 698.716899600404 627.772680072577
36.0 68.50892014956871 681.3095852693698 612.8006651198011
39.0 69.37162759543177 689.7993537717155 620.4277261762837
42.0 69.28940647011793 687.6653649258514 618.3759584557335
45.0 69.01441040446311 687.9390408026407 618.9246303981776
48.0 69.19920869456991 691.0702584778873 621.8710497833174
51.0 65.10251170578335 666.0888067994069 600.9862950936235
54.0 66.42801389931626 674.0017639013775 607.5737500020613
57.0 62.62033678154068 655.8584697326058 593.2381329510651
60.0 67.17235780847132 681.4291322728208 614.2567744643495
63.0 66.71662935453032 679.7492743846394 613.0326450301091
66.0 66.24301525756063 675.7288109821437 609.485795724583
69.0 65.9305616298278 675.523397137985 609.5928355081572
72.0 65.49493255306788 673.2161566412998 607.7212240882319
75.0 66.45376253486092 677.6745327077034 611.2207701728425
78.0 65.98276930284906 676.9152936674896 610.9325243646406
81.0 61.62219115605487 651.8752882937185 590.2530971376636
84.0 65.14963556881949 671.0035539177391 605.8539183489196
87.0 63.07033934888434 658.7033888150034 595.633049466119
90.0 63.0396724504992 659.0853128460745 596.0456403955753
93.0 63.51045025306981 661.280337471446 597.7698872183762
96.0 63.90830113083157 666.100875506819 602.1925743759875
99.0 63.00631572179756 661.0424721177764 598.0361563959789
102.0 64.50704950684988 669.8296127433453 605.3225632364954
105.0 63.54162836405399 661.2665674552171 597.7249390911632
108.0 60.62195412107283 647.919134217336 587.2971800962631
111.0 63.64175846331653 663.84645125008 600.2046927867635
114.0 63.87027113535906 664.2385558426139 600.3682847072548
117.0 63.93056663687384 667.0224316000605 603.0918649631866
120.0 63.7391504851239 663.6936892044056 599.9545387192817
123.0 64.43917922721122 669.9076474033587 605.4684681761474
126.0 64.22768237051792 666.1732380845215 601.9455557140036
129.0 64.74314552531982 668.8672213761913 604.1240758508715
132.0 63.64275877822234 664.6295861141667 600.9868273359444
135.0 65.13157087649691 670.8977725013634 605.7662016248665
138.0 62.90940923117161 659.2951227265434 596.3857134953717
141.0 62.8464695798267 660.2648738716202 597.4184042917935
144.0 61.12384774782445 649.8573098782301 588.7334621304057
147.0 62.87250929086236 659.9088847897656 597.0363754989032
150.0 59.131270333758 641.7906396022487 582.6593692684907
153.0 61.1060438732205 650.1719399726272 589.0658960994067
156.0 61.67098478052846 655.3969342083851 593.7259494278566
159.0 63.45632777740139 663.6108550627483 600.1545272853469
162.0 58.59162318115373 640.3737613629854 581.7821381818317
165.0 59.63045976643936 643.7889933725322 584.1585336060928
168.0 59.56247295190874 644.6599966457716 585.0975236938628
171.0 59.57271404150264 644.7239550216207 585.1512409801181
174.0 57.63160710150831 635.891945013002 578.2603379114937
177.0 60.34349087956109 651.3839689686268 591.0404780890657
180.0 61.30869466874902 657.4581214427091 596.1494267739601
183.0 55.52948384707642 628.7764753896663 573.2469915425899
186.0 58.68297151430666 644.6279600813853 585.9449885670787
189.0 56.04187353025314 630.773588266279 574.7317147360258
192.0 55.13744403087514 625.8848533511191 570.7474093202439
195.0 51.65274314105938 611.7504208094851 560.0976776684258
198.0 46.17076602369447 589.7223245295347 543.5515585058402
201.0 54.09355841205419 622.5366172464112 568.443058834357
204.0 52.64630950574302 615.8312128769313 563.1849033711883
207.0 55.71057625436534 633.6834011764253 577.9728249220599
210.0 52.83309636961353 618.5791299008929 565.7460335312794
213.0 55.52400646103717 629.3148812903755 573.7908748293383
216.0 54.4425074426531 625.0987129279291 570.656205485276
219.0 53.26964216601056 621.2521584115199 567.9825162455093
222.0 51.82919801721294 614.6686000075956 562.8394019903827
225.0 54.44792604990907 625.4276715910192 570.9797455411101
228.0 51.02997859599521 610.9081292591782 559.878150663183
231.0 52.46959976581481 618.9902745937779 566.5206748279631
234.0 53.44732810377625 621.8000904197967 568.3527623160204
237.0 49.96251863199451 606.8387949312132 556.8762762992187
240.0 52.63548050039229 619.7841881942963 567.148707693904
243.0 50.90225498758528 611.1472125224316 560.2449575348463
246.0 50.49944300237071 609.2028669128075 558.7034239104368
249.0 50.52781483720794 610.5258911560523 559.9980763188443
252.0 50.02854415201458 607.3278346980289 557.2992905460143
255.0 44.66869395470321 583.856291401774 539.1875974470708
258.0 50.19838228727081 609.9988684198472 559.8004861325764
261.0 49.76450746025133 609.3132677765174 559.5487603162661
264.0 47.64384437662137 597.8216331359025 550.1777887592812
267.0 49.33539698222012 606.473191184558 557.1377942023379
270.0 46.76970662034245 595.2969516597521 548.5272450394096
273.0 44.62817584021164 584.5271754108826 539.8989995706709
276.0 46.52986874348403 593.6013000995297 547.0714313560456
279.0 45.06134202235092 586.8551264234386 541.7937844010877
282.0 43.15047121141553 578.1689852928447 535.0185140814292
285.0 45.53334862462903 589.2574442476146 543.7240956229856
288.0 45.49982412371153 591.1810918519166 545.6812677282051
291.0 43.06447514814422 581.5693939803668 538.5049188322226
294.0 41.18085524240082 569.9005390646834 528.7196838222825
297.0 42.47972764728133 577.1624195996771 534.6826919523958
300.0 43.22266214909439 582.1088153932915 538.8861532441971
303.0 41.94855387426593 575.6812578459293 533.7327039716634
306.0 43.28214568672758 584.7499476680492 541.4678019813216
309.0 38.51504316407761 560.7240215365591 522.2089783724815
312.0 39.0806468422476 564.74414246107 525.6634956188224
315.0 38.83645877325377 565.7993286146401 526.9628698413864
318.0 39.02905429099966 563.4671557473415 524.4381014563419
321.0 35.65450418373139 548.5338422940232 512.8793381102918
324.0 36.93143398943072 555.5138699478383 518.5824359584075
327.0 38.17299923627106 564.9104053941857 526.7374061579146
330.0 37.03635587125087 560.0313294443634 522.9949735731125
333.0 34.58864610391808 545.2487786939521 510.6601325900341
336.0 32.7111721226196 535.9610928524865 503.2499207298669
339.0 34.71012002180275 548.3591283961854 513.6490083743826
342.0 31.13079722645661 530.5348664200968 499.4040691936402
345.0 34.6867918413102 551.1420987828021 516.4553069414919
348.0 32.8233696826779 540.4303544701264 507.6069847874485
351.0 32.95281782997484 540.7409820979647 507.7881642679899
354.0 30.02638375079662 527.1175862764832 497.0912025256866
357.0 31.29475012627441 534.3877238382813 503.0929737120069
360.0 31.78684434362299 539.2856106543499 507.4987663107269
363.0 28.84838819280365 523.2520303927531 494.4036421999495
366.0 27.66886144174378 516.9063067321482 489.2374452904044
369.0 28.87811013249447 524.5532377299453 495.6751275974508
372.0 28.08295374295565 519.7940274834568 491.7110737405011
375.0 26.9431684951352 512.7812285361025 485.8380600409673
378.0 28.42494257802189 525.3935242933388 496.9685817153169
381.0 27.87288274052474 521.459673011526 493.5867902710013
384.0 25.77038237718686 507.7425240492329 481.972141672046
387.0 26.13935932803941 514.7143662231693 488.5750068951299
390.0 26.10025618980707 515.6933574123974 489.5931012225904
393.0 25.58648173377739 512.9672138725337 487.3807321387563
396.0 25.69385344766739 514.0037815677155 488.3099281200481
399.0 24.73394079136403 507.8242957063423 483.0903549149782
402.0 23.64117723215811 497.8989516579596 474.2577744258014
405.0 24.05302874860201 507.4285820394348 483.3755532908328
408.0 24.27830172871137 509.8263685551971 485.5480668264857
411.0 22.57405607600151 493.9443731334194 471.3703170574179
414.0 22.43018456235041 495.0195330881386 472.5893485257881
417.0 20.07929484936957 479.0974933763663 459.0181985269967
420.0 21.02955262394521 486.6840937233411 465.6545410993959
423.0 15.54095207382645 453.7533508202778 438.2123987464513
426.0 20.26254471374684 485.5117475664659 465.2492028527191
429.0 19.17075626945973 475.6528173186342 456.4820610491745
432.0 18.68508278479517 476.6184052841058 457.9333224993106
435.0 16.61797320960015 463.6140030915065 446.9960298819064
438.0 17.40921906489477 469.1468930734771 451.7376740085824
441.0 16.0505117112203 461.8021276821483 445.751615970928
444.0 16.58696364281673 464.9140443128611 448.3270806700444
447.0 12.25181081287502 428.6893193712479 416.4375085583729
450.0 15.69378920275594 462.6624743664774 446.9686851637215
453.0 12.51609621476351 437.4932108607748 424.9771146460113
456.0 9.790663563366535 408.4664767128894 398.6758131495228
459.0 10.13508397751091 414.0467066781229 403.911622700612
462.0 11.61241139104716 428.9650032547421 417.352591863695
465.0 10.58323699042531 424.8393648461055 414.2561278556802
468.0 9.188980492366186 411.8963820504629 402.7074015580967
471.0 7.795777671717977 390.0480020747 382.2522244029821
474.0 7.729920038075822 392.5594336002899 384.8295135622141
477.0 7.642014013497694 394.1190950272488 386.4770810137511
480.0 5.862488063258153 366.4351635649513 360.5726755016932
483.0 6.169536821467871 383.3657887024722 377.1962518810044
486.0 5.641038978442571 375.7900296822507 370.1489907038081
489.0 5.973111084095995 392.9058674339736 386.9327563498776
492.0 4.342448490011835 365.1503743073516 360.8079258173398
495.0 4.369117294289867 367.1272551419797 362.7581378476898
498.0 3.948999384262137 356.6228048288503 352.6738054445882
501.0 3.593266158089168 359.3264500484217 355.7331838903325
504.0 3.025742734706916 355.7091551624071 352.6834124277001
507.0 2.636456630546487 348.3940186082337 345.7575619776872
510.0 2.517898198118374 354.5517760733016 352.0338778751832
513.0 1.967676803047615 345.4203980874886 343.452721284441
516.0 1.722661449507206 344.6870995919994 342.9644381424922
519.0 1.359776889380077 340.0178858451794 338.6581089557994
522.0 1.188121937636295 340.267904979213 339.0797830415767
525.0 0.9065626062375685 336.9620918035295 336.0555291972919
528.0 0.6505333847880819 334.0519388719655 333.4014054871774
531.0 0.4755248249721281 333.010753911622 332.5352290866498
534.0 0.3161219944487426 329.3957548922809 329.0796328978321
537.0 0.1733718951732301 327.4743908207403 327.3010189255671
540.0 0.04711003499740157 324.8515952557525 324.8044852207551
543.0 0.004989123806277668 321.4034532836749 321.3984641598686
546.0 0 319.9680642912592 319.9680642912592
549.0 0.04835554401618966 316.6953530664769 316.6469975224607
552.0 0.1041375807610231 314.0658480597556 313.9617104789946
555.0 0.2590267534757375 311.7669193081448 311.5078925546691
558.0 0.4578502857245052 309.1796875316429 308.7218372459184
561.0 0.688386512522739 306.618835669618 305.9304491570953
564.0 1.147097406849983 304.4589621863621 303.3118647795121
567.0 1.547554877547615 301.5288342466587 299.9812793691111
570.0 2.020933212339752 299.1083477581272 297.0874145457874
573.0 2.769097457192905 300.1495561070867 297.3804586498938
576.0 3.510161889814176 290.3083093000208 286.7981474102066
579.0 4.764488196468344 295.4322317404798 290.6677435440115
582.0 6.046712448980502 271.10830509219 265.0615926432095
585.0 10.4126798739074 227.1187259717296 216.7060460978222
588.0 11.32176041312137 228.7823610951126 217.4606006819912
591.0 14.722505039015 205.722137 190.999631960985
