0.0 78.27979513481128 724.9115127864789 646.6317176516676
3.0 72.9243047276914 699.8431369140223 626.9188321863309
6.0 74.34581909934266 711.2474297661362 636.9016106667935
9.0 73.91195009457977 711.1426350932352 637.2306849986554
12.0 71.31123688119015 695.6852351166537 624.3739982354636
15.0 72.0881254863899 702.7322690561311 630.6441435697412
18.0 72.1254189157126 704.5713178700049 632.4458989542923
21.0 68.92800488259337 684.381268151975 615.4532632693816
24.0 66.87383429127529 676.602391390818 609.7285570995427
27.0 70.59063050962347 698.6775023806518 628.0868718710284
30.0 67.63904162522434 680.8200487738121 613.1810071485878
33.0 70.25936077971092 698.7956821487255 628.5363213690145
36.0 67.85746106995766 681.3730132619694 613.5155521920118
39.0 68.70314085130455 689.8823914334567 621.1792505821521
42.0 68.6254547838239 687.7842140921768 619.1587593083529
45.0 68.34924723740907 688.0471575998402 619.6979103624311
48.0 68.52749946596365 691.1571778618004 622.6296783958367
51.0 64.47744403338666 666.1075685942754 601.6301245608887
54.0 65.78819812582036 674.0749402553113 608.2867421294909
57.0 62.01255673953399 655.8664499514758 593.8538932119418
60.0 66.51765287486265 681.4917228554003 614.9740699805377
63.0 66.06464051200319 679.8238131239184 613.7591726119153
66.0 65.5989080336523 675.8272939921138 610.2283859584615
69.0 65.28624924078402 675.5917223442826 610.3054731034986
72.0 64.85478861926978 673.2886368611962 608.4338482419264
75.0 65.80579176257191 677.7687731652853 611.9629814027134
78.0 65.3354374456298 677.0127178322811 611.6772803866513
81.0 61.02106454035241 651.8852507569321 590.8641862165797
84.0 64.51365231597073 671.0785939952732 606.5649416793025
87.0 62.45717948063778 658.7475183996147 596.2903389189769
90.0 62.42558220995822 659.1388266406718 596.7132444307136
93.0 62.89251176694585 661.3372780795246 598.4447663125787
96.0 63.28048672470537 666.1710902080703 602.8906034833649
99.0 62.38779642405789 661.0877441855521 598.6999477614942
102.0 63.87224863748342 669.9066691363392 606.0344204988558
105.0 62.92377641033839 661.3358917976052 598.4121153872668
108.0 60.02741661938638 647.9304962399105 587.9030796205241
111.0 63.01840243059423 663.8931898064781 600.8747873758839
114.0 63.24653212632863 664.3016710396821 601.0551389133535
117.0 63.30076969897546 667.0722201881677 603.7714504891923
120.0 63.11634268797179 663.7490354999194 600.6326928119476
123.0 63.8041017470902 669.9408506034578 606.1367488563676
126.0 63.6004427595635 666.2217862288958 602.6213434693323
129.0 64.11102350043306 668.9382987964438 604.8272752960107
132.0 63.0176838902772 664.65373197629 601.6360480860128
135.0 64.49580153391671 670.9561876311332 606.4603860972165
138.0 62.29457672133792 659.3341599163378 597.0395831949999
141.0 62.22931622437674 660.3203148589786 598.0909986346019
144.0 60.52611105993075 649.865754106171 589.3396430462402
147.0 62.25621728957925 659.9557422571761 597.6995249675969
150.0 58.54708102254746 641.7952339809506 583.2481529584031
153.0 60.50755158086489 650.1933840555633 589.6858324746984
156.0 61.06209453720099 655.425220989221 594.36312645202
159.0 62.83306881143569 663.6709013778334 600.8378325663977
162.0 58.00936911546948 640.3969969650925 582.3876278496231
165.0 59.04292726476652 643.7941140587417 584.7511867939752
168.0 58.9728166658699 644.6923200722889 585.719503406419
171.0 58.9829293085118 644.7641256157369 585.7811963072251
174.0 57.0572183212345 635.9036052858687 578.8463869646342
177.0 59.74057405828981 651.4250942130109 591.6845201547211
180.0 60.69437592625668 657.5088253489602 596.8144494227035
183.0 54.96625717350948 628.8024195168925 573.836162343383
186.0 58.0914121748054 644.6723261183923 586.5809139435869
189.0 55.47533668285368 630.799295847732 575.3239591648784
192.0 54.57980855665906 625.8946226265866 571.3148140699276
195.0 51.11886162233502 611.7522758046492 560.6334141823142
198.0 45.67377865224981 589.7223478787697 544.0485692265199
201.0 53.5410396909533 622.5654313905765 569.0243916996232
204.0 52.10553966614834 615.8374820570232 563.7319423908749
207.0 55.13680789131207 633.7135688751791 578.576760983867
210.0 52.28660927876571 618.5915417753175 566.3049324965518
213.0 54.95954015338352 629.3651480588718 574.4056079054882
216.0 53.88505007850483 625.1312281291903 571.2461780506855
219.0 52.71815116589303 621.2801633956302 568.5620122297372
222.0 51.28918972156208 614.6827897438101 563.393600022248
225.0 53.88973829772124 625.4682920264689 571.5785537287477
228.0 50.49655622562853 610.9373109098466 560.4407546842181
231.0 51.92136623186938 619.0200295150012 567.0986632831318
234.0 52.8949842158034 621.8527497676152 568.9577655518118
237.0 49.43580302027896 606.8556787501863 557.4198757299073
240.0 52.08584271411084 619.8175053346401 567.7316626205293
243.0 50.36802469498012 611.1674211911974 560.7993964962173
246.0 49.96863353449449 609.2377467750262 559.2691132405317
249.0 49.99413503064699 610.5461246416888 560.5519896110418
252.0 49.50085002892029 607.3766215126664 557.8757714837461
255.0 44.18143013697687 583.8622542340128 539.6808240970359
258.0 49.66511281049386 610.046328547106 560.3812157366122
261.0 49.23177608708275 609.3814534299935 560.1496773429107
264.0 47.13207540699832 597.8283673915285 550.6962919845302
267.0 48.80804486315413 606.5382218910577 557.7301770279036
270.0 46.26159354974497 595.3255129761379 549.0639194263929
273.0 44.1392960063918 584.5600877358658 540.420791729474
276.0 46.02496709085712 593.6610129466221 547.6360458557649
279.0 44.56823630272187 586.8890865028195 542.3208502000976
282.0 42.67249178220497 578.1850816457536 535.5125898635486
285.0 45.03592446030268 589.3044876816402 544.2685632213375
288.0 44.99803785576906 591.2266130036207 546.2285751478517
291.0 42.57871196786587 581.5947299042518 539.0160179363859
294.0 40.7169258737002 569.9113948851605 529.1944690114603
297.0 42.00247245080043 577.2006825909402 535.1982101401398
300.0 42.73601381461289 582.1658692488585 539.4298554342456
303.0 41.47339756826508 575.7368701296068 534.2634725613417
306.0 42.78972947952245 584.8174637561238 542.0277342766014
309.0 38.06562340419816 560.7411583865367 522.6755349823386
312.0 38.62351140469594 564.773279442314 526.1497680376181
315.0 38.37641942744408 565.8344990374519 527.4580796100078
318.0 38.57462600319941 563.5189304756607 524.9443044724613
321.0 35.22587364655047 548.5624030313824 513.3365293848319
324.0 36.49007765572517 555.5513171410868 519.0612394853617
327.0 37.71345277053914 564.9544670330926 527.2410142625534
330.0 36.58514751734876 560.0809776824446 523.4958301650959
333.0 34.16494263149159 545.2962842326759 511.1313416011843
336.0 32.30402874225111 535.9744661590137 503.6704374167626
339.0 34.27974618179667 548.4121712876454 514.1324251058487
342.0 30.73222446244345 530.5520530489743 499.8198285865308
345.0 34.25016401197356 551.1923683862384 516.9422043742648
348.0 32.40647124863176 540.4799807905583 508.0735095419266
351.0 32.53547535944268 540.8267646089604 508.2912892495177
354.0 29.63295212968614 527.149008463467 497.5160563337809
357.0 30.88791351915964 534.4399681322408 503.5520546130811
360.0 31.37016330318787 539.3568149460795 507.9866516428917
363.0 28.46095098539439 523.281586724782 494.8206357393876
366.0 27.29292935284623 516.9482448190997 489.6553154662535
369.0 28.48780385381846 524.6134786508887 496.1256747970703
372.0 27.70147309488252 519.8659741937939 492.1645010989114
375.0 26.57481970282367 512.8197658898939 486.2449461870703
378.0 28.03173661593447 525.4679612047613 497.4362245888268
381.0 27.48719632888206 521.5527364255387 494.0655400966567
384.0 25.41056657013602 507.8591052592713 482.4485386891353
387.0 25.76487151170734 514.7858142798568 489.0209427681494
390.0 25.72347747515404 515.7835846780589 490.0601072029049
393.0 25.21461980781327 513.0717541496112 487.8571343417979
396.0 25.31986813332786 514.1547174382283 488.8348493049005
399.0 24.3715196110728 508.041411505083 483.6698918940102
402.0 23.29848206412108 498.0878310676129 474.7893490034918
405.0 23.69001005372697 507.6111593589202 483.9211493051932
408.0 23.91042046015713 510.0255621100114 486.1151416498542
411.0 22.23779275588243 494.1391254680734 471.901332712191
414.0 22.09119739933063 495.2192924431042 473.1280950437735
417.0 19.77070970287945 479.1682088381884 459.3974991353089
420.0 20.70612398048962 486.7971747328444 466.0910507523548
423.0 15.27883092431242 453.7567537736907 438.4779228493783
426.0 19.94005544419632 485.5926106327659 465.6525551885696
429.0 18.86779872130754 475.748107305954 456.8803085846465
432.0 18.37891175356359 476.6933203632888 458.3144086097252
435.0 16.33621653098463 463.6635513128075 447.3273347818228
438.0 17.11681423403734 469.2648868491915 452.1480726151542
441.0 15.77152734830924 461.8537983476746 446.0822709993654
444.0 16.30219270192042 465.0055133932831 448.7033206913626
447.0 12.03816601511377 428.7599949231846 416.7218289080708
450.0 15.41202235802969 462.7759419786021 447.3639196205725
453.0 12.2833841404471 437.5878341629114 425.3044500224643
456.0 9.616573048987694 408.5806233071211 398.9640502581334
459.0 9.949236550377218 414.2356244434091 404.2863878930318
462.0 11.39652359760987 429.2184842224186 417.8219606248087
465.0 10.37430324051712 425.0473123590165 414.6730091184993
468.0 9.005722351170722 412.1712080413657 403.1654856901949
471.0 7.658073245255959 390.3743653417313 382.7162920964754
474.0 7.58631936320283 393.0201399832047 385.4338206200019
477.0 7.494687473698826 394.6265751244931 387.1318876507942
480.0 5.772829827855321 367.0279626013986 361.2551327735432
483.0 6.042813811356474 383.9534566768741 377.9106428655176
486.0 5.52981814285836 376.5673718308062 371.0375536879479
489.0 5.82499957753996 393.2038434186786 387.3788438411386
492.0 4.252302458220582 365.7067914689485 361.4544890107279
495.0 4.274297826131491 367.9750587466344 363.7007609205029
498.0 3.875632112670529 358.3902857411839 354.5146536285134
501.0 3.51375201358523 360.4917812291276 356.9780292155424
504.0 2.952892976121736 356.9929219044932 354.0400289283715
507.0 2.578702845349518 349.9875849448462 347.4088820994967
510.0 2.446780893470914 355.5842917469046 353.1375108534337
513.0 1.915350746565507 346.7595932315278 344.8442424849623
516.0 1.671550286583465 345.9120910462023 344.2405407596189
519.0 1.318165376403511 341.3342665074579 340.0161011310544
522.0 1.145553713434174 341.5981579096399 340.4526041962057
525.0 0.8706177886330033 338.3988049564837 337.5281871678507
528.0 0.6206623383098362 335.3505026963051 334.7298403579953
531.0 0.4475464034065364 334.3428181825596 333.8952717791531
534.0 0.2957974187825044 330.7735140293338 330.4777166105513
537.0 0.1570381103242936 328.8299776190672 328.6729395087429
540.0 0.03641425697694606 326.1434347682903 326.1070205113133
543.0 0.001865127103375469 322.7147723578757 322.7129072307723
546.0 0 321.3380820188035 321.3380820188035
549.0 0.05580573594655219 318.0246048201071 317.9687990841606
552.0 0.1175334022615757 315.4328001089826 315.315266706721
555.0 0.277905190030259 313.1237204500544 312.8458152600241
558.0 0.4829949932355293 310.4882051615906 310.005210168355
561.0 0.7198438753461416 307.846672168617 307.1268282932708
564.0 1.184168778782075 305.8896181098157 304.7054493310336
567.0 1.592156881903816 302.8649729588345 301.2728160769307
570.0 2.071857896077613 300.5623058207219 298.4904479246443
573.0 2.819090047670588 301.8521064522612 299.0330164045906
576.0 3.584220800955704 291.5959062281453 288.0116854271896
579.0 4.829054774937424 297.4809150984693 292.6518603235318
582.0 6.170247403804734 271.476516684888 265.3062692810833
585.0 10.64428332519791 227.2632787752814 216.6189954500835
588.0 11.55175547597527 228.8607016537325 217.3089461777572
591.0 15.01158664859534 205.722137 190.7105503514046
