0.0 68.86928091598775 725.5555578976791 656.6862769816914
3.0 64.11263674410272 700.0054963863265 635.8928596422238
6.0 65.22198787064976 712.2836780732125 647.0616902025627
9.0 64.77414614281227 712.4707749627216 647.6966288199093
12.0 62.56147716343887 696.8978596309372 634.3363824674983
15.0 63.15278003749789 703.7561690704483 640.6033890329504
18.0 63.1270139503245 706.1996308988192 643.0726169484947
21.0 60.45393186827924 685.0588038070854 624.6048719388061
24.0 58.57560261068821 676.963201529807 618.3875989191188
27.0 61.72702882071961 700.0219676953559 638.2949388746362
30.0 59.23529576904653 681.3367613488723 622.1014655798258
33.0 61.38318726302342 700.0822729817972 638.6990857187738
36.0 59.43447543597993 682.5614590825161 623.1269836465362
39.0 60.04688124736008 691.245067564292 631.1981863169319
42.0 60.02145869690359 689.7523265782438 629.7308678813402
45.0 59.7317479790454 689.8157383804451 630.0839904013997
48.0 59.82716147080191 692.5463259835412 632.7191645127393
51.0 56.42230813943816 666.4961092061546 610.0738010667164
54.0 57.52070787323396 675.3485899250561 617.8278820518221
57.0 54.1938433822282 656.0335152981313 601.8396719159031
60.0 58.05213666689723 682.5525576560675 624.5004209891702
63.0 57.6331921137338 681.0454656797346 623.4122735660008
66.0 57.26846743435095 677.3943228902293 620.1258554558784
69.0 56.96005409730651 676.7029474565012 619.7428933591947
72.0 56.58379219985571 674.4724901276781 617.8886979278224
75.0 57.42337208508643 679.3532879690753 621.9299158839889
78.0 56.96233483663687 678.5005439983638 621.5382091617269
81.0 53.29147072253401 652.1091311746471 598.8176604521131
84.0 56.29769999549744 672.3568364099858 616.0591364144884
87.0 54.5562769329991 659.5841164136074 605.0278394806083
90.0 54.51003985850491 660.1059755828568 605.5959357243519
93.0 54.92391324389365 662.3909579704694 607.4670447265757
96.0 55.17630345312548 667.335734695251 612.1594312421255
99.0 54.41470467038979 661.8961105169884 607.4814058465986
102.0 55.67256051342677 671.1343724266536 615.4618119132268
105.0 54.95310394052196 662.6108610845799 607.657757144058
108.0 52.38650407606708 648.1690067813356 595.7825027052685
111.0 54.97981942820224 664.707737892515 609.7279184643128
114.0 55.19913698403049 665.3478682235258 610.1487312394953
117.0 55.17527485109328 667.8561715269308 612.6808966758375
120.0 55.08293520417814 664.7155985145577 609.6326633103795
123.0 55.61097838293779 670.4928926716646 614.8819142887268
126.0 55.50928443351998 667.0358952200494 611.5266107865294
129.0 55.94901016858807 670.0613153178104 614.1123051492223
132.0 54.96158193982552 665.080815718358 610.1192337785325
135.0 56.28753088459401 671.884809567396 615.597278682802
138.0 54.37309681909031 660.0064288963959 605.6333320773056
141.0 54.27320663799574 661.187201921306 606.9139952833102
144.0 52.84279636753738 650.0483629612283 597.2055665936909
147.0 54.31352553037596 660.7153209287913 606.4017953984153
150.0 51.04775177820192 641.8980090295079 590.8502572513059
153.0 52.81068333424628 650.6072310829643 597.796547748718
156.0 53.22353418664525 655.9141002365576 602.6905660499124
159.0 54.79276196636587 664.6787884184165 609.8860264520506
162.0 50.53163372221616 640.8020613958069 590.2704276735907
165.0 51.49823939412952 643.9164455347506 592.4182061406211
168.0 51.392759198602 645.2647698820418 593.8720106834398
171.0 51.39906181721101 645.4807804312354 594.0817186140244
174.0 49.68812041612211 636.1596742805691 586.471553864447
177.0 51.97962005734926 652.1126018708036 600.1329818134544
180.0 52.77780077242186 658.2878074315963 605.5100066591745
183.0 47.74492705520223 629.2314020377076 581.4864749825053
186.0 50.48361032449571 645.3507151166818 594.8671047921861
189.0 48.20947677967009 631.2144195599015 583.0049427802314
192.0 47.43753648881378 626.0985190637894 578.6609825749756
195.0 44.29951814144681 611.7924233235135 567.4929051820667
198.0 39.35304006095523 589.7231250616773 550.3700850007221
201.0 46.46342027337405 623.0557564088222 576.5923361354481
204.0 45.19196960644461 615.9667323729744 570.7747627665298
207.0 47.77230357913828 634.1947174338932 586.422413854755
210.0 45.29436439438093 618.820778913331 573.52641451895
213.0 47.71546275564394 630.1987738538852 582.4833110982413
216.0 46.73971363482445 625.6984722083744 578.9587585735499
219.0 45.65474964158859 621.7431274256172 576.0883777840286
222.0 44.38410007548535 614.9274325143858 570.5433324389004
225.0 46.73264321635655 626.1604437466643 579.4278005303077
228.0 43.67679377210326 611.4194245071986 567.7426307350953
231.0 44.90148340144562 619.514365037244 574.6128816357984
234.0 45.81418724821261 622.7047254020464 576.8905381538338
237.0 42.70973178558215 607.1216498802679 564.4119180946858
240.0 45.04614734190492 620.3691776648122 575.3230303229073
243.0 43.53965564556529 611.4925952299617 567.9529395843964
246.0 43.18282168859178 609.8064012081641 566.6235795195723
249.0 43.17286419528779 610.9049753595667 567.7321111642789
252.0 42.75347613138101 608.1952678445056 565.4417917131246
255.0 37.99039277728305 583.9726674002267 545.9822746229436
258.0 42.84293780243662 610.8287581093584 567.9858203069218
261.0 42.41286176022876 610.3948342928106 567.9819725325819
264.0 40.60977873161979 597.9791432303272 557.3693644987074
267.0 42.06171548233652 607.5814631699515 565.519747687615
270.0 39.78355114755841 595.8089264772493 556.0253753296909
273.0 37.91949442487172 585.1496253290915 547.2301309042198
276.0 39.58265886268219 594.6540089882185 555.0713501255363
279.0 38.29113675229419 587.4966827552079 549.2055460029137
282.0 36.60421354957549 578.4730902617697 541.8688767121942
285.0 38.69739019769533 590.1193775131279 551.4219873154325
288.0 38.60082107477451 592.0337604551225 553.432939380348
291.0 36.40324287930654 582.0192262004711 545.6159833211645
294.0 34.8393623764608 570.1395942820461 535.3002319055853
297.0 35.93817950998631 577.8920947755759 541.9539152655896
300.0 36.54056313895858 583.1383370447304 546.5977739057718
303.0 35.43332469096573 576.6977178824596 541.2643931914938
306.0 36.51439573378244 585.9054810115663 549.3910852777838
309.0 32.38270069989268 561.0419229417487 528.659222241856
312.0 32.83344431606858 565.2749107518634 532.4414664357948
315.0 32.54605794559728 566.3955081404218 533.8494501948245
318.0 32.81519579148579 564.4317685366153 531.6165727451295
321.0 29.82072911094508 549.0575666260881 519.236837515143
324.0 30.91092382678331 556.1981176600212 525.2871938332379
327.0 31.88732917308734 565.6867784486658 533.7994492755784
330.0 30.87039960306605 560.8856536523008 530.0152540492347
333.0 28.8215542464229 546.1161667017737 517.2946124553508
336.0 27.19236727449399 536.254502182549 509.062134908055
339.0 28.84537345494679 549.2795312569757 520.4341578020289
342.0 25.73583847522997 530.8411995414546 505.1053610662246
345.0 28.7319602356672 552.0228103495249 523.2908501138577
348.0 27.15485044793119 541.2932942015005 514.1384437535693
351.0 27.26891099990263 542.2405209919367 514.971609992034
354.0 24.70221840797073 527.7006341701786 502.9984157622078
357.0 25.77120605075095 535.3248224298605 509.5536163791095
360.0 26.1160776282564 540.5327263695774 514.416648741321
363.0 23.61149811961394 523.8134857817086 500.2019876620947
366.0 22.59569806400469 517.6888385777235 495.0931405137188
369.0 23.59252731544573 525.6060632903447 502.013535974899
372.0 22.92160031413571 521.1399712390692 498.2183709249335
375.0 21.98012915790626 513.5811337459463 491.60100458804
378.0 23.09379387025057 526.6961744859039 503.6023806156533
381.0 22.64627630800787 523.0813648432554 500.4350885352475
384.0 20.91302680875976 509.7826291668604 488.8696023581007
387.0 21.07994287446218 516.0085876549121 494.9286447804499
390.0 21.00353015729397 517.2610716990335 496.2575415417395
393.0 20.55841447652058 514.6986501748956 494.140235698375
396.0 20.62468432285121 516.4321738980244 495.8074895751732
399.0 19.8185002580183 511.1678403479194 491.3493400899011
402.0 19.01179518284706 501.4508586171786 482.4390634343315
405.0 19.13674984429574 510.2396383747533 491.1028885304576
408.0 19.28851171756146 512.8219229920844 493.533411274523
411.0 18.0342760750563 497.8281415046431 479.7938654295868
414.0 17.85152167488884 498.7992516238582 480.9477299489694
417.0 15.97246436536545 480.7356767927487 464.7632124273833
420.0 16.69556607757827 489.2171939285358 472.5216278509576
423.0 12.12751390669026 453.8652282827376 441.7377143760473
426.0 15.95089222173414 487.3983852919566 471.4474930702224
429.0 15.13833640518116 477.8502969659356 462.7119605607545
432.0 14.61314132051913 478.2313457576099 463.6182044370908
435.0 12.90756665387068 464.6390962351365 451.7315295812658
438.0 13.52780669334307 471.3476406112393 457.8198339178962
441.0 12.37937461936305 462.9081701427618 450.5287955233988
444.0 12.82236316226874 466.6984701462462 453.8761069839775
447.0 9.521297818406528 430.3526959481122 420.8313981297057
450.0 11.96921916866137 464.6298359231983 452.6606167545369
453.0 9.505539868598645 439.3336904648 429.8281505962013
456.0 7.622070411900301 411.0156629628624 403.3935925509621
459.0 7.777897150936807 417.8549908318067 410.0770936808699
462.0 8.80518470498353 433.716638736908 424.9114540319244
465.0 7.890531976891298 428.5619137651601 420.6713817882688
468.0 6.851669550690551 416.8316457495214 409.9799761988309
471.0 6.085025158522184 398.1488302931776 392.0638051346555
474.0 5.910556133047831 401.8365727232656 395.9260165902178
477.0 5.761554018697241 403.7213034149471 397.9597493962499
480.0 4.757183445456715 381.7739669454071 377.0167834999504
483.0 4.57232954740879 393.9382210078814 389.3658914604726
486.0 4.22639221195454 389.2089080472822 384.9825158353277
489.0 4.137418070656015 398.4982480683089 394.3608299976528
492.0 3.265062158409116 377.1887359671196 373.9236738087105
495.0 3.172085945776661 382.039940993414 378.8678550476373
498.0 2.918262778876192 379.6410829450745 376.7228201661983
501.0 2.569927814798796 376.9707448466186 374.4008170318198
504.0 2.094479126522926 373.0987537488874 371.0042746223645
507.0 1.859821444804795 370.0653973371008 368.205575892296
510.0 1.641573453982736 370.5909776433797 368.949404189397
513.0 1.302102054467964 365.3632028538451 364.0611007993771
516.0 1.097623867574383 363.3323345449929 362.2347106774185
519.0 0.8544169667687418 359.7935859613847 358.939168994616
522.0 0.6725666832148063 359.5855780464576 358.9130113632428
525.0 0.4735112322816673 356.8579876120808 356.3844763797991
528.0 0.3217037441980078 353.3018719554823 352.9801682112843
531.0 0.1739541093500463 352.0526186885741 351.8786645792241
534.0 0.1158029797620526 349.1064858956681 348.990682915906
537.0 0.03405791209993775 346.9882021344972 346.9541442223973
540.0 0 343.7665673085787 343.7665673085787
543.0 0.06488467743387677 340.5656265849247 340.5007419074908
546.0 0.09594445533119272 339.519869699826 339.4239252444948
549.0 0.2594445244143297 335.8840421264196 335.6245976020053
552.0 0.3934711381510359 333.7262889801828 333.3328178420318
555.0 0.630002280641674 331.2558618029019 330.6258595222603
558.0 0.9258331702849587 328.3932007053272 327.4673675350423
561.0 1.268840976275634 324.4082359495059 323.1393949732303
564.0 1.760573640700753 325.5273661713402 323.7667925306395
567.0 2.288042268156834 321.7125314295649 319.424489161408
570.0 2.828012089026955 320.6380174942773 317.8100054052503
573.0 3.508168137408634 325.6567247334062 322.1485565959976
576.0 4.598361873496167 319.5046682080447 314.9063063345485
579.0 5.711004595939522 318.4356636269411 312.7246590310015
582.0 8.164902747410028 274.8089343045727 266.6440315571626
585.0 14.13181752755762 228.8853391543458 214.7535216267882
588.0 15.03059795758137 229.7103536557012 214.6797556981198
591.0 19.30278841295656 205.722137 186.4193485870434
