0.0 61.9595893681164 726.303994305566 664.3444049374496
3.0 57.67966998776515 700.2817275746115 642.6020575868463
6.0 58.52614618515012 713.4461814052421 654.920035220092
9.0 58.06075722586379 713.9192430812427 655.8584858553789
12.0 56.15127977796916 698.349459777544 642.1981799995749
15.0 56.60221863987549 705.0521704114553 648.4499517715798
18.0 56.5154173243669 707.9282904022135 651.4128730778466
21.0 54.26926525893238 686.0904939631231 631.8212287041907
24.0 52.53756086826231 677.4292377986807 624.8916769304184
27.0 55.22707389981046 701.4489680322881 646.2218941324776
30.0 53.10984968502179 682.1285734517096 629.0187237666878
33.0 54.87445264004762 701.4747252292288 646.6002725891812
36.0 53.27752836683379 684.1266753640164 630.8491469971826
39.0 53.70733594278028 692.7238432663323 639.016507323552
42.0 53.70830955836433 691.8663531653575 638.1580436069932
45.0 53.41319401267468 691.6823616009661 638.2691675882914
48.0 53.45324144991483 694.0083631258968 640.5551216759819
51.0 50.57146770301243 667.1090204711431 616.5375527681307
54.0 51.48430192075208 676.8534360108157 625.3691340900636
57.0 48.53323454194809 656.2973969019964 607.7641623600483
60.0 51.86731780898048 683.779468457886 631.9121506489055
63.0 51.47189780859823 682.365492532223 630.8935947236248
66.0 51.17839131417238 679.0140909272943 627.8356996131219
69.0 50.88316210562409 677.9170245369235 627.0338624312994
72.0 50.5482040857673 675.7524592996578 625.2042552138905
75.0 51.29115162242675 681.0993059608414 629.8081543384146
78.0 50.84191208542906 679.9519730705907 629.1100609851617
81.0 47.69819537370002 652.4982457265582 604.8000503528582
84.0 50.30172651787326 673.8246425962349 623.5229160783617
87.0 48.81445545232798 660.7015338589027 611.8870784065748
90.0 48.75429788649187 661.3103464325507 612.5560485460589
93.0 49.12407005936207 663.7654605288294 614.6413904694674
96.0 49.27076710727165 668.6028327718863 619.3320656646147
99.0 48.61837166222036 662.8919533383383 614.2735816761179
102.0 49.692045914877 672.3997738033595 622.7077278884825
105.0 49.14658062098789 664.1929805814835 615.0463999604956
108.0 46.86213612432742 648.544110340894 601.6819742165666
111.0 49.13283205504381 665.6682209133724 616.5353888583286
114.0 49.34044943102209 666.5019578702242 617.1615084392021
117.0 49.2627688632731 668.6644296914162 619.4016608281431
120.0 49.23639597319702 665.8315408589433 616.5951448857462
123.0 49.65070623158117 671.1077886192227 621.4570823876416
126.0 49.62191338346882 667.9520267922232 618.3301134087544
129.0 50.00052386337035 671.1884073566373 621.1878834932669
132.0 49.11039522049117 665.6016013338709 616.4912061133797
135.0 50.30727301645303 672.8412879526006 622.5340149361476
138.0 48.62084087166312 660.7877762579474 612.1669353862843
141.0 48.49081986493519 662.0504298997797 613.5596100348446
144.0 47.28696658273534 650.3435764244444 603.0566098417091
147.0 48.54335863960111 661.5347566816059 612.9913980420048
150.0 45.63727231675083 642.072678696011 596.4354063792602
153.0 47.23856268242594 651.1752023913117 603.9366397088857
156.0 47.54018514734642 656.4925166428292 608.9523314954827
159.0 48.94056005565939 665.7774621036942 616.8369020480348
162.0 45.13098528215816 641.2820709834807 596.1510857013226
165.0 46.05171930375319 644.1426408616861 598.0909215579329
168.0 45.90819315574276 645.9599362152007 600.0517430594579
171.0 45.90795329215543 646.3430496919521 600.4350963997967
174.0 44.3745228191696 636.5729721275343 592.1984493083647
177.0 46.35229243868674 652.8686017208094 606.5163092821226
180.0 47.02832221564531 659.0513675736603 612.023045358015
183.0 42.54352049028 629.7022054601378 587.1586849698578
186.0 44.97654474973434 646.0189606332395 601.0424158835052
189.0 42.97389055158009 631.6609240126719 588.6870334610919
192.0 42.30207843808314 626.4088658651764 584.1067874270933
195.0 39.41982722058665 611.8572395328463 572.4374123122596
198.0 34.86229345545888 589.7252818091648 554.8629883537059
201.0 41.37216143536171 623.6064531191564 582.2342916837947
204.0 40.23652345276484 616.1619573591756 575.9254339064108
207.0 42.45855910221678 634.7002342425684 592.2416751403516
210.0 40.27536690503789 619.1232932269921 578.8479263219542
213.0 42.48684174598161 631.0973196437291 588.6104778977475
216.0 41.59352783175249 626.3752055356737 584.7816777039212
219.0 40.57534510537163 622.2537417397392 581.6783966343676
222.0 39.43284394393345 615.2159056917795 575.7830617478461
225.0 41.57445721628095 626.9639750828302 585.3895178665493
228.0 38.78645264760308 611.9484088517227 573.1619562041196
231.0 39.85518205578205 620.0575873200519 580.2024052642698
234.0 40.71238631923581 623.6031458043579 582.8907594851221
237.0 37.89755838071611 607.4035255100873 569.5059671293712
240.0 39.98305408848484 620.9777110608731 580.9946569723882
243.0 38.64635422934493 611.855062954717 573.2087087253721
246.0 38.31694113725904 610.4202978376636 572.1033567004046
249.0 38.28376307486094 611.3486212267373 573.0648581518764
252.0 37.91130057712009 609.1002793672452 571.1889787901251
255.0 33.5976836165044 584.1164191967507 550.5187355802463
258.0 37.94367838503351 611.6736613663418 573.7299829813083
261.0 37.51251329528043 611.327538165412 573.8150248701316
264.0 35.95779090834117 598.2329871841079 562.2751962757667
267.0 37.215867118889 608.6520727354414 571.4362056165524
270.0 35.15871779439837 596.3623404285923 561.2036226341939
273.0 33.49249640902184 585.859423612322 552.3669272033002
276.0 34.97382407142053 595.7269391882539 560.7531151168334
279.0 33.81895878454177 588.2478201404365 554.4288613558947
282.0 32.30250857274577 578.8354925708475 546.5329839981017
285.0 34.17275439282744 591.0709642853827 556.8982098925553
288.0 34.03043627004881 593.0017681507621 558.9713318807133
291.0 32.01520268358082 582.5046418247542 550.4894391411734
294.0 30.68681967802655 570.4937418968384 539.8069222188118
297.0 31.62926470946835 578.7587023438823 547.1294376344139
300.0 32.12370933967598 584.236254106865 552.1125447671891
303.0 31.13738752632362 577.8016114953971 546.6642239690735
306.0 32.03368343490974 587.0379285458092 555.0042451108995
309.0 28.3803569864277 561.4272015202726 533.0468445338449
312.0 28.74307623992956 565.8671050701233 537.1240288301938
315.0 28.42365500615165 566.9875978492247 538.5639428430731
318.0 28.73818072425886 565.534388367496 536.7962076432371
321.0 26.02989873604666 549.641441880826 523.6115431447794
324.0 26.98089649097763 556.9738273554538 529.9929308644761
327.0 27.76370678805231 566.5049232053008 538.7412164172485
330.0 26.83212690001867 561.7405316995739 534.9084047995552
333.0 25.07079258410423 547.0759796817347 522.0051870976305
336.0 23.63401251010996 536.6937664274507 513.0597539173408
339.0 25.02348862912284 550.2223052535424 525.1988166244196
342.0 22.26801630993373 531.1882113368783 508.9201950269445
345.0 24.84558344861532 552.9399307696928 528.0943473210775
348.0 23.47615717087888 542.2035068139414 518.7273496430625
351.0 23.56473565413589 543.7533444338326 520.1886087796967
354.0 21.27869538263591 528.3811176742081 507.1024222915722
357.0 22.19530839646912 536.3500612659168 514.1547528694477
360.0 22.42721760876387 541.7902578216024 519.3630402128385
363.0 20.2514036559367 524.4977096023043 504.2463059463676
366.0 19.34916312387144 518.5829408452192 499.2337777213478
369.0 20.18672944372801 526.7093340739418 506.5226046302138
372.0 19.59755142056276 522.6597433482844 503.0621919277217
375.0 18.81070590339903 514.7128379746762 495.9021320712772
378.0 19.64946394718592 528.0250157325527 508.3755517853668
381.0 19.27029399193145 524.7371542257465 505.4668602338151
384.0 17.79496012090631 511.8404587743666 494.0454986534603
387.0 17.83166803944587 517.410718309858 499.5790502704121
390.0 17.72311973597039 518.8323218947701 501.1092021587997
393.0 17.32518119453763 516.339597005475 499.0144158109374
396.0 17.34812151058029 518.5516380934172 501.2035165828369
399.0 16.63697224726499 513.7974598834418 497.1604876361768
402.0 16.02131439623724 505.1970647948574 489.1757503986201
405.0 15.96522108253207 512.4807408271266 496.5155197445946
408.0 16.06106352111997 515.1239592803895 499.0628957592696
411.0 15.09733991057721 502.1943998012279 487.0970598906507
414.0 14.89216544849124 502.789946786117 487.8977813376257
417.0 13.39631447581951 483.4409927604143 470.0446782845948
420.0 13.93266079438251 492.9005683453838 478.9679075510012
423.0 10.0975204497607 454.1834823669095 444.0859619171488
426.0 13.2202029111182 490.3537485762126 477.1335456650944
429.0 12.59987025840388 481.4323244775179 468.832454219114
432.0 12.06506942832807 480.7068335455639 468.6417641172358
435.0 10.63832844315807 466.201172870016 455.562844426858
438.0 11.1083234550569 474.0286034003566 462.9202799452997
441.0 10.13574693389914 464.6393546632799 454.5036077293808
444.0 10.49531087494062 469.1420300487506 458.64671917381
447.0 7.941450903863229 433.0509972553985 425.1095463515352
450.0 9.671742800405459 466.8015193011815 457.129776500776
453.0 7.723733218049484 441.7649957450298 434.0412625269803
456.0 6.423097001915766 415.2205025466247 408.7974055447089
459.0 6.41749355289411 422.8436562713496 416.4261627184555
462.0 7.105278196814083 438.7993702840162 431.6940920872021
465.0 6.298531043714228 432.5952792839397 426.2967482402255
468.0 5.489135314861953 422.0609073770194 416.5717720621574
471.0 5.062765594902578 409.7452592276892 404.6824936327866
474.0 4.814556556916184 411.7846504558861 406.9700938989699
477.0 4.625044365685113 413.0300766682345 408.4050323025494
480.0 3.9882591528026 400.8356547297646 396.847395576962
483.0 3.625036023443559 403.7649687645393 400.1399327410957
486.0 3.354892567617879 401.1433695721175 397.7884770044996
489.0 3.117583662667846 404.8649144841759 401.747330821508
492.0 2.620255822964108 391.6842280322659 389.0639722093018
495.0 2.425329783622501 395.111805940293 392.6864761566705
498.0 2.203587598964047 393.9154878318981 391.711900232934
501.0 1.917191915565688 390.6130747643348 388.6958828487692
504.0 1.532988356898416 385.6215495735188 384.0885612166204
507.0 1.333243592277051 384.8513098179537 383.5180662256766
510.0 1.12158019884724 383.4942113357724 382.3726311369251
513.0 0.8736909906940513 379.78609251791 378.912401527216
516.0 0.7085449859090704 378.091758166389 377.38321318048
519.0 0.5354750590299142 374.8869875996504 374.3515125406205
522.0 0.3651003006103872 373.6696382092681 373.3045379086577
525.0 0.2287570296375873 370.4603868025874 370.2316297729498
528.0 0.1440545138764698 367.9096559209355 367.765601407059
531.0 0.03172512261929616 365.6488074803639 365.6170823577446
534.0 0.03201697379498938 363.3579948615142 363.3259778877192
537.0 0 360.8445359459477 360.8445359459477
540.0 0.03872973891450399 357.6383948544104 357.5996651154959
543.0 0.1695672346813396 355.2839647437684 355.1143975090871
546.0 0.2352453795720507 353.1110833154072 352.8758379358352
549.0 0.4811275084387172 349.9282829071837 349.447155398745
552.0 0.6674402681967701 347.6618566302752 346.9944163620785
555.0 0.9681351737850162 344.9556875070658 343.9875523332808
558.0 1.334832712618039 342.1089894997742 340.7741567871562
561.0 1.783738622712349 337.5744798151503 335.790741192438
564.0 2.239053141707776 340.4720575983223 338.2330044566145
567.0 2.853041337717295 337.9602354280281 335.1071940903108
570.0 3.444638720221546 335.0446572106178 331.6000184903963
573.0 3.985295598673601 343.4204957419813 339.4352001433077
576.0 5.110665550145053 347.3888291589208 342.2781636087757
579.0 6.518925752509806 325.4367643618753 318.9178386093655
582.0 10.09303694335268 276.05836985616 265.9653329128073
585.0 17.24143403867612 229.8055096717333 212.5640756330572
588.0 18.14729729018176 230.1682222681698 212.020924977988
591.0 23.06580398101581 205.722137 182.6563330189842
