0.0 56.04950407652732 727.2743211273174 671.2248170507901
3.0 52.21047037764972 700.7840842851656 648.5736139075159
6.0 52.80028812239972 714.9318472769251 662.1315591545254
9.0 52.31335529165078 715.6750617470411 663.3617064553903
12.0 50.67665330389913 700.2719857276584 649.5953324237593
15.0 51.00348747365234 706.8434251401187 655.8399376664664
18.0 50.85437005117334 709.9748502867746 659.1204802356013
21.0 49.00565212947464 687.7691550622743 638.7635029327996
24.0 47.42162562801658 678.1486337659312 630.7270081379146
27.0 49.6731284540323 703.2005694315704 653.5274409775381
30.0 47.90579096673587 683.4448877195198 635.5390967527839
33.0 49.31333450404015 703.1788070161199 653.8654725120797
36.0 48.02805291328461 686.3429491988626 638.314896285578
39.0 48.29732984057476 694.5402001188886 646.2428702783139
42.0 48.30884658296186 694.3676401131954 646.0587935302336
45.0 48.01448436324814 693.8686455148457 645.8541611515975
48.0 48.01283230236598 695.7698518991679 647.7570195968019
51.0 45.62019396185738 668.1712286338578 622.5510346720004
54.0 46.34682267908763 678.8261689657561 632.4793462866685
57.0 43.76335240253047 656.7578090640487 612.9944566615182
60.0 46.60203136987335 685.3815470039233 638.77951563405
63.0 46.22678775781675 683.9766197621076 637.7498320042909
66.0 45.9916407220207 680.9329385766838 634.9412978546631
69.0 45.71634646231791 679.448458310651 633.7321118483331
72.0 45.41758628057748 677.3313474422343 631.9137611616568
75.0 46.06306004030588 683.2028288576251 637.1397688173192
78.0 45.6320385803428 681.6037772754376 635.9717386950948
81.0 42.98555318000242 653.2141187496033 610.2285655696009
84.0 45.20214379393992 675.6954067250951 630.4932629311552
87.0 43.95109255275278 662.3118025377619 618.3607099850091
90.0 43.87708777953072 662.9517002386244 619.0746124590937
93.0 44.20234109232426 665.7026712687034 621.5003301763791
96.0 44.25828825043365 670.1407532602572 625.8824650098236
99.0 43.70940980313294 664.24064882521 620.531239022077
102.0 44.6123389532744 673.8755255818524 629.263186628578
105.0 44.21528604619062 666.2533661207757 622.0380800745851
108.0 42.21269465045792 649.1776657795564 606.9649711290985
111.0 44.17935897437685 666.914298035851 622.7349390614741
114.0 44.3725929556809 667.9317361753989 623.559143219718
117.0 44.25432202327873 669.6292966271333 625.3749746038546
120.0 44.2803091410709 667.2148177876567 622.9345086465858
123.0 44.60289540697439 671.8810076605084 627.278112253534
126.0 44.63325470599221 669.1048728965245 624.4716181905323
129.0 44.95318449583787 672.4602151682357 627.5070306723978
132.0 44.16294634578582 666.3057827097231 622.1428363639372
135.0 45.23446937326099 673.9597292580645 628.7252598848035
138.0 43.75727322326549 661.7913882062427 618.0341149829772
141.0 43.5993620084573 663.0289809463591 619.4296189379018
144.0 42.61113658571683 650.8433180422876 608.2321814565708
147.0 43.66311676022018 662.547879062274 618.8847623020538
150.0 41.0960121662925 642.3825685267593 601.2865563604668
153.0 42.54186493997234 652.0128668636421 609.4710019236697
156.0 42.74340478146055 657.2567611535444 614.5133563720839
159.0 43.98028940762395 667.0813838026496 623.1010943950256
162.0 40.59225359229904 641.9171916131291 601.3249380208301
165.0 41.47624274037194 644.5694109342034 603.0931681938315
168.0 41.28844702842133 646.8906580091769 605.6022109807556
171.0 41.27866623555366 647.4650081760089 606.1863419404553
174.0 39.91488211547719 637.2532722567413 597.3383901412641
177.0 41.60280594912166 653.787637683069 612.1848317339473
180.0 42.16880935274244 659.9131133463765 617.744303993634
183.0 38.18562121391129 630.2864787157273 592.1008575018161
186.0 40.33824239775497 646.7909058966561 606.4526634989011
189.0 38.58556515892458 632.2230360473156 593.637470888391
192.0 38.00643793958916 626.9041159137164 588.8976779741272
195.0 35.36181136979433 611.9680601834308 576.6062488136364
198.0 31.15782278133549 589.7308955684912 558.5730727871557
201.0 37.11211637585139 624.2902047017138 587.1780883258624
204.0 36.10667702791545 616.4761969061381 580.3695198782226
207.0 37.99840188568325 635.3112979407394 597.3128960550562
210.0 36.08567509042379 619.5639580629161 583.4782829724923
213.0 38.09512243502631 632.1697765646626 594.0746541296363
216.0 37.28048478408317 627.2675198756686 589.9870350915855
219.0 36.3268915306866 622.8926854966203 586.5657939659337
222.0 35.30511531483739 615.5997326054038 580.2946172905664
225.0 37.24778907810947 628.0064258062555 590.7586367281461
228.0 34.70869809368083 612.6040237578302 577.8953256641494
231.0 35.63604199010485 620.7256889411604 585.0896469510556
234.0 36.43544595962571 624.6742481365388 588.238802176913
237.0 33.89597562827765 607.7644635605937 573.868487932316
240.0 35.7471994963605 621.7340017238877 585.9868022275272
243.0 34.56934925558642 612.3403928668521 577.7710436112657
246.0 34.25947952723479 611.1755089499444 576.9160294227096
249.0 34.20847827759034 611.9598237511165 577.7513454735262
252.0 33.86882404249489 610.207895248521 576.3390712060261
255.0 29.97850723555961 584.3248197611313 554.3463125255717
258.0 33.85106610992928 612.688945971013 578.8378798610837
261.0 33.41820709721144 612.3239285385159 578.9057214413045
264.0 32.10072166416169 598.6729516794423 566.5722300152806
267.0 33.16718727478972 609.8765692574903 576.7093819827005
270.0 31.32038347945215 597.0763541974784 565.7559707180262
273.0 29.8295213635916 586.7772700189004 556.9477486553088
276.0 31.13905524893492 597.0042949023254 565.8652396533905
279.0 30.11377190968358 589.2642733640325 559.150501454349
282.0 28.76045145634851 579.3532074931745 550.592756036826
285.0 30.4159844042768 592.2962955785935 561.8803111743167
288.0 30.23179554580745 594.2557877300325 564.0239921842251
291.0 28.39258434204018 583.1407437792481 554.7481594372079
294.0 27.27922464126208 571.0765913987924 543.7973667575304
297.0 28.06899293071701 579.9411302695267 551.8721373388097
300.0 28.46163020392898 585.5912389842894 557.1296087803604
303.0 27.58441242693593 579.181453301411 551.597040874475
306.0 28.31383128324785 588.3552037253626 560.0413724421148
309.0 25.10838165296792 562.0039954295793 536.8956137766114
312.0 25.38718356466423 566.658607689678 541.2714241250138
315.0 25.03938372907134 567.7143690446747 542.6749853156034
318.0 25.38258346607042 566.9932342602651 541.6106507941947
321.0 22.94525553891568 550.4167776952273 527.4715221563116
324.0 23.7656713476788 558.0255673677751 534.2598960200963
327.0 24.37301457570321 567.5375549402746 543.1645403645714
330.0 23.5182844941137 562.7706129064067 539.252328412293
333.0 22.01388383894071 548.3272745733378 526.3133907343971
336.0 20.76168947547409 537.4311709321667 516.6694814566926
339.0 21.90317319511621 551.3946226099797 529.4914494148635
342.0 19.48075903691455 531.691877274074 512.2111182371595
345.0 21.66742471593432 554.0850015414598 532.4175768255254
348.0 20.48565837590829 543.3884269200354 522.9027685441271
351.0 20.53891226529341 545.5453273023257 525.0064150370322
354.0 18.52370300974472 529.3346497813775 510.8109467716328
357.0 19.2950348646659 537.6974849937747 518.4024501291088
360.0 19.42089453182119 543.2726734892746 523.8517789574534
363.0 17.55339627617997 525.4915156451371 507.9381193689572
366.0 16.74968179007956 519.7811975452778 503.0315157551982
369.0 17.43896932488308 528.1158015615639 510.6768322366808
372.0 16.91400989945791 524.6164504821979 507.70244058274
375.0 16.27289492991267 516.5130420562977 500.2401471263851
378.0 16.86249159974067 529.6303827315446 512.7678911318039
381.0 16.53785216865617 526.7466806992716 510.2088285306154
384.0 15.28739103032899 514.2947839499081 499.0073929195791
387.0 15.21971982620341 519.1821064605344 503.9623866343309
390.0 15.07946166536631 520.6904474113083 505.610985745942
393.0 14.72303526613613 518.2509487696744 503.5279135035382
396.0 14.69852589829065 520.7934869725863 506.0949610742957
399.0 14.06516267323799 516.3509328813502 502.2857702081122
402.0 13.59444699865137 509.3517310586507 495.7572840599993
405.0 13.40966289274923 514.7063659744137 501.2967030816645
408.0 13.45430633046086 517.3486181522774 503.8943118218165
411.0 12.70533639852908 507.0302146935476 494.3248782950185
414.0 12.48888895641318 507.1352194684137 494.6463305120005
417.0 11.35173454517943 488.0841238538582 476.7323893086788
420.0 11.70194135671402 498.1284308947297 486.4264895380157
423.0 8.607812253166348 455.1659603022228 446.5581480490565
426.0 11.03327707436752 494.9070133402741 483.8737362659066
429.0 10.56760800650694 487.3424726324094 476.7748646259025
432.0 10.05269061225425 484.9076571673104 474.8549665550562
435.0 8.90015355874115 469.1917186517024 460.2915650929613
438.0 9.211453941204102 478.1122803379816 468.9008263967775
441.0 8.416294769872008 467.9026965477568 459.4864017778848
444.0 8.684057703034441 473.3202821883225 464.6362244852881
447.0 6.797228248079706 437.9430185415376 431.1457902934579
450.0 7.89879320858976 470.0452392871638 462.146446078574
453.0 6.407895998392563 445.7239935411453 439.3160975427527
456.0 5.580430416406483 422.9953771142586 417.4149466978521
459.0 5.422677741145539 430.2307522682189 424.8080745270734
462.0 5.814397146607744 444.8513373840713 439.0369402374636
465.0 5.124205163468786 437.8807112525327 432.7565060890639
468.0 4.497565681381489 428.609223546691 424.1116578653095
471.0 4.242598893132472 422.8205952738481 418.5779963807157
474.0 3.974615059467846 422.2824900507935 418.3078749913257
477.0 3.766580947134276 422.4764160963125 418.7098351491783
480.0 3.287482299444542 417.0328577738783 413.7453754744337
483.0 2.925511625886647 413.9796207024487 411.054109076562
486.0 2.684571521831391 413.0657241204255 410.3811525985941
489.0 2.408621491281099 412.9529444264505 410.5443229351694
492.0 2.093941607509397 406.5855408569471 404.4915992494377
495.0 1.853457077500002 407.2803774885247 405.4269204110247
498.0 1.647604846457893 406.3734113920614 404.7258065456035
501.0 1.422075337262942 403.1003338021492 401.6782584648863
504.0 1.129405991548698 398.4689148895277 397.339508897979
507.0 0.9356836494367878 397.9293591967361 396.9936755472993
510.0 0.7565837702136786 395.7249752161495 394.9683914459358
513.0 0.5711629017170385 392.6374889850307 392.0663260833136
516.0 0.4307045340101311 391.5012276977332 391.0705231637231
519.0 0.3176747982547344 388.371549196558 388.0538743983033
522.0 0.1777980806048839 386.2244790712149 386.04668099061
525.0 0.104553575621706 382.9815239332779 382.8769703576562
528.0 0.05905620966626909 381.3930622297027 381.3340060200365
531.0 0 378.1718722312987 378.1718722312987
534.0 0.04022504509028224 376.4466686732201 376.4064436281298
537.0 0.0644616335819769 373.2723869198554 373.2079252862734
540.0 0.166205734924281 370.2883604909006 370.1221547559763
543.0 0.3359906015690564 369.0096928358289 368.6737022342599
546.0 0.4631378018351327 365.1736034657852 364.7104656639501
549.0 0.7698545357894314 362.8165566749955 362.0467021392061
552.0 1.009593510392166 360.0783185848841 359.0687250744919
555.0 1.370266048666525 357.5059602402271 356.1356941915606
558.0 1.804791931845429 354.2680648143817 352.4632728825363
561.0 2.354593843954417 349.5899287274382 347.2353348834838
564.0 2.753899301441672 353.0377526158345 350.2838533143928
567.0 3.418889119647329 351.3773736195261 347.9584844998788
570.0 4.112482387682084 345.2492578530858 341.1367754654037
573.0 4.488167160009184 353.8971879482902 349.409020788281
576.0 5.544625363194739 357.9932444405262 352.4486190773315
579.0 7.519503587319214 327.9548390239496 320.4353354366304
582.0 12.17804847164161 276.6860228861826 264.507974414541
585.0 20.39801731213308 230.4472647355273 210.0492474233942
588.0 21.3182100850966 230.4779873654668 209.1597772803702
591.0 26.8290953238876 205.722137 178.8930416761124
