0.0 48.87795718419661 852.9425826257732 804.0646254415766
1.0 46.09090934113796 835.8208851823658 789.7299758412279
2.0 43.80180444677264 828.0772067519705 784.2754023051978
3.0 37.10071667757315 786.0165569699778 748.9158402924047
4.0 42.63313804158961 824.4035202030125 781.7703821614229
5.0 39.62337812671545 803.939001608118 764.3156234814025
6.0 41.51568417839814 821.248742426406 779.7330582480079
7.0 38.58985870626741 797.9583452026182 759.3684864963508
8.0 38.98338088632316 799.8184707841927 760.8350898978695
9.0 38.87533801488815 802.0854380270151 763.210100012127
10.0 37.59989847042518 791.7892486494362 754.189350179011
11.0 36.46706270695423 782.6024729899718 746.1354102830175
12.0 37.01632624459259 791.724895562759 754.7085693181664
13.0 38.87336425766292 805.0466707180543 766.1733064603914
14.0 35.74901319737256 780.3135359245604 744.5645227271878
15.0 31.3162586309633 744.3684956098249 713.0522369788616
16.0 32.33349398165175 752.8187046373231 720.4852106556713
17.0 35.55256841644916 777.2358347218708 741.6832663054216
18.0 36.04576099999713 787.0820500079149 751.0362890079177
19.0 36.50672784438542 789.0091519542404 752.502424109855
20.0 38.04067003311132 801.6833789073149 763.6427088742036
21.0 34.87054699409441 774.4280729310028 739.5575259369083
22.0 39.09020611010032 811.4354992424088 772.3452931323085
23.0 37.4980793523168 798.5618234351635 761.0637440828467
24.0 36.46960193232326 790.0762850394937 753.6066831071705
25.0 33.76890651411083 765.7473189106052 731.9784123964944
26.0 35.58056931057897 782.4792691997731 746.8986998891941
27.0 33.05383031151282 759.7177642708304 726.6639339593176
28.0 34.81822787006218 773.8527291245104 739.0345012544482
29.0 32.61086378398736 754.2210078988387 721.6101441148514
30.0 36.64059824789389 786.7528509637332 750.1122527158393
31.0 33.59915773020907 763.4883602229482 729.8892024927391
32.0 32.38519035984474 756.9985830334496 724.6133926736048
33.0 35.96609228065806 783.1059294946131 747.139837213955
34.0 32.73100759396831 760.9855048683199 728.2544972743516
35.0 33.30261690403243 764.5673612893508 731.2647443853183
36.0 34.45686514076079 776.505877770216 742.0490126294552
37.0 35.32473311870726 782.7946904750567 747.4699573563494
38.0 32.44499128883256 757.0740441733844 724.6290528845518
39.0 35.44013485854173 783.7634865060563 748.3233516475146
40.0 36.86418130433772 790.0452677768621 753.1810864725244
41.0 34.67459212783265 775.8609419930016 741.186349865169
42.0 32.84674801103594 759.5848032774856 726.7380552664496
43.0 30.0679000685814 733.9815261821761 703.9136261135947
44.0 34.32465877244562 770.876320572058 736.5516617996124
45.0 33.57853391500058 763.2947886660489 729.7162547510483
46.0 35.7738685468382 785.8341298298676 750.0602612830294
47.0 30.20693375984378 742.3443320412434 712.1373982813996
48.0 31.90005293339467 752.5269147784889 720.6268618450942
49.0 32.58439167798273 754.8653203886695 722.2809287106868
50.0 33.58024935509011 767.1493513084328 733.5691019533427
51.0 34.59879364052685 773.4186859962248 738.8198923556979
52.0 33.07653441939515 759.503085632916 726.4265512135208
53.0 33.87721262612561 770.1352850635757 736.2580724374501
54.0 33.31538006636888 762.2256657899997 728.9102857236308
55.0 32.49501621500535 756.6928934828546 724.1978772678493
56.0 33.02173025390162 764.5402010770381 731.5184708231365
57.0 32.97904641541869 760.452095231597 727.4730488161783
58.0 30.29814405772227 736.5633771854336 706.2652331277113
59.0 29.55686503869003 730.3370920312104 700.7802269925203
60.0 33.22738255958537 765.7664415948764 732.539059035291
61.0 33.81674786779448 773.0400601619243 739.2233122941298
62.0 34.42870133619848 776.4527349912495 742.024033655051
63.0 31.62569310529805 757.7186972854856 726.0930041801875
64.0 31.05282935503809 742.7280079597327 711.6751786046946
65.0 32.8547506684101 762.7185514776118 729.8638008092017
66.0 32.60714704653709 760.2075960747161 727.600449028179
67.0 33.29719874589683 761.734947850474 728.4377491045771
68.0 33.13950390507258 757.9586852074022 724.8191813023296
69.0 32.00438188729026 751.9223975087673 719.9180156214771
70.0 32.8503657831542 756.644090051141 723.7937242679868
71.0 32.3770990948819 757.2482980100619 724.87119891518
72.0 32.65415384571683 759.8704968390216 727.2163429933047
73.0 33.90957379909313 764.6321568335103 730.7225830344172
74.0 29.27786415410417 728.8754591640264 699.5975950099223
75.0 32.84852822467492 756.7221527416285 723.8736245169536
76.0 33.03142415440624 762.6794082399349 729.6479840855287
77.0 33.0566472784576 764.8623370679048 731.8056897894472
78.0 28.31026749658911 719.9252428836984 691.6149753871093
79.0 30.75445897414862 746.164347026719 715.4098880525704
80.0 27.30424620190729 712.0402464885154 684.7360002866082
81.0 31.5922815248802 745.8313762080759 714.2390946831957
82.0 28.80746209858708 724.0806451642576 695.2731830656706
83.0 33.66411501358401 762.0633889562193 728.3992739426353
84.0 32.15467457973948 758.9003978940631 726.7457233143236
85.0 30.64299382309747 741.8902039801274 711.2472101570299
86.0 31.83131303480696 748.3288889762977 716.4975759414907
87.0 33.59795186711893 771.6536562294048 738.0557043622859
88.0 31.48730461417675 747.4619300890232 715.9746254748464
89.0 32.02041289557029 754.4727360336399 722.4523231380696
90.0 29.27878063349352 728.8254922273809 699.5467115938874
91.0 30.78980797384851 746.4149899111786 715.6251819373301
92.0 27.56322467641569 713.7307790639801 686.1675543875644
93.0 29.30971209438052 728.1046277418029 698.7949156474223
94.0 33.46810691547082 768.3533386017528 734.885231686282
95.0 32.44857968818972 757.2476466588614 724.7990669706717
96.0 33.67303484144362 761.7234695294293 728.0504346879857
97.0 29.66422496774758 734.0672097167524 704.4029847490048
98.0 27.17402005598312 716.6718435699981 689.497823514015
99.0 27.04218317111069 710.4463475100989 683.4041643389882
100.0 29.58569337098111 734.6030758019837 705.0173824310026
101.0 34.16695787470826 771.1394339967413 736.972476122033
102.0 30.32231338674907 735.9101300272275 705.5878166404784
103.0 34.10572849600156 769.2863447620874 735.1806162660858
104.0 30.29249040990193 736.5612698583783 706.2687794484764
105.0 31.07120787763549 742.2459175048514 711.1747096272159
106.0 32.03911602984846 751.5164085391754 719.4772925093269
107.0 28.17094995721005 721.5916208078386 693.4206708506285
108.0 34.75888424665074 769.7221393610517 734.9632551144009
109.0 27.95500547616112 719.3711344372458 691.4161289610847
110.0 30.3079496093838 736.386798232137 706.0788486227532
111.0 31.45714578124797 747.5038984047497 716.0467526235018
112.0 29.78466688941426 732.7014337960711 702.9167669066568
113.0 40.4835747124652 805.722137 765.2385622875348
114.0 37.74631068351281 789.722137 751.9758263164872
115.0 33.2133979222471 764.6417509929554 731.4283530707083
116.0 31.82636849903792 748.4022824005652 716.5759139015273
117.0 34.00342958784971 770.1752004229485 736.1717708350988
118.0 33.9294001395421 764.0515216569484 730.1221215174063
119.0 34.09050184516843 767.7978688950055 733.7073670498371
120.0 33.7762718707319 765.466196330544 731.6899244598121
121.0 30.57710354554427 737.8122256822577 707.2351221367134
122.0 28.79015093935183 724.4429293904672 695.6527784511153
123.0 32.66676617704757 758.3273245164203 725.6605583393727
124.0 30.32642389449251 735.722137 705.3957131055075
125.0 36.79972135407229 783.7222448912552 746.9225235371829
126.0 30.84777403054604 743.6965199983756 712.8487459678296
127.0 39.42450754037236 799.722177080287 760.2976695399146
128.0 27.56179154850814 713.8017659066295 686.2399743581213
129.0 31.58102037506608 746.1792216388292 714.5982012637631
130.0 31.0250463931808 742.9727224774494 711.9476760842686
131.0 36.49130743791394 786.0017975795059 749.5104901415919
132.0 33.80834539742893 767.6534532346429 733.845107837214
134.0 26.56178721555599 705.7345131184225 679.1727259028665
135.0 31.29221380260074 747.4794717098374 716.1872579072367
136.0 32.62297299649212 753.7225620898182 721.0995890933261
138.0 30.02827883893069 734.7458799166744 704.7176010777437
139.0 29.31855244410084 727.7528088867145 698.4342564426136
140.0 29.43330078801599 733.1600728973372 703.7267721093212
141.0 32.13352458448377 753.5805519141552 721.4470273296714
142.0 32.88299449952091 755.722137 722.8391425004791
143.0 34.75888427061734 769.722137 734.9632527293827
144.0 22.31018364547317 671.7453644450888 649.4351807996156
145.0 28.0594727866893 717.9522733272712 689.8928005405819
146.0 30.32624621789344 735.7331265643862 705.4068803464927
147.0 30.85293873205308 744.5772112858217 713.7242725537686
148.0 31.83407672806666 748.2011680168534 716.3670912887867
149.0 30.06504422883864 738.8271096949902 708.7620654661515
150.0 42.68337495384117 817.722137 775.0387620461588
151.0 27.8783233501097 719.6418756336875 691.7635522835778
153.0 35.320794392335 773.722137 738.401342607665
154.0 28.57542274131205 725.7184018297177 697.1429790884056
156.0 44.56768977296628 827.722137 783.1544472270337
157.0 31.33714968472971 743.8563458711814 712.5191961864517
158.0 32.62297797431498 753.7221931340435 721.0992151597286
160.0 34.46259648580224 768.2335895049395 733.7709930191373
161.0 29.50866216970275 730.9533243153777 701.444662145675
162.0 27.8783233746295 719.6418728226542 691.7635494480247
163.0 46.86155572027843 839.7221499766682 792.8605942563897
164.0 29.5438427756499 730.4613964431187 700.9175536674688
165.0 26.5619735107437 705.722137 679.1601634892563
166.0 41.94062731739362 813.722137 771.7815096826064
167.0 44.1271370756304 826.5348325265566 782.4076954509262
168.0 36.61702815867619 785.2327887094499 748.6157605507738
170.0 33.14453709868669 757.722137 724.5775999013133
171.0 29.71442635313715 733.3524292525175 703.6380028993803
173.0 31.00684582716709 743.1045518586535 712.0977060314864
174.0 24.30998300248236 687.7709441694808 663.4609611669984
175.0 28.31042812350339 719.9133393033939 691.6029111798906
176.0 25.31106921157619 695.7255999314011 670.4145307198249
177.0 29.57051295366823 729.722137 700.1516240463318
178.0 26.79677358507012 708.2147807235379 681.4180071384678
180.0 27.56333726951437 713.722137 686.1587997304856
181.0 27.73773019413559 719.9864565263755 692.2487263322399
182.0 41.94062731739362 813.722137 771.7815096826064
183.0 31.85031057483027 747.722137 715.8718264251697
184.0 25.06100800233342 693.7221370927391 668.6611290904057
185.0 44.18835588085908 825.722137 781.5337811191409
186.0 27.57567816761501 718.5795418643343 691.0038636967193
187.0 30.84968650724827 743.6175327070199 712.7678461997716
188.0 36.49334540432419 781.7655118153626 745.2721664110384
189.0 28.56585904366109 721.7221370000096 693.1562779563485
190.0 29.82219245653469 731.722137 701.8999445434653
191.0 28.56450217920855 721.7904734402676 693.225971261059
192.0 43.81011670008596 823.722137 779.912020299914
193.0 32.10679569140156 749.722137 717.6153413085984
194.0 20.80993856311039 659.7523945942729 638.9424560311625
196.0 28.23198844728168 721.1747762220669 692.9427877747852
197.0 25.06100800296591 693.722137 668.6611289970341
199.0 25.0609985071029 693.7229854521648 668.6619869450619
200.0 36.49445978920148 781.722137 745.2276772107985
202.0 30.27399683956675 739.4917583114916 709.2177614719249
203.0 41.57241962639151 811.722137 770.1497173736085
204.0 22.81048690170008 675.7260203899335 652.9155334882334
205.0 34.48313077840787 767.722137 733.2390062215921
207.0 27.56333726951437 713.722137 686.1587997304856
208.0 38.73894996788129 795.722137 756.9831870321187
209.0 28.45046168051378 723.9224594838032 695.4719978032894
212.0 32.88299449952091 755.722137 722.8391425004791
214.0 29.33274732548873 732.6356208050649 703.3028734795762
215.0 28.81650893299747 723.7383224398177 694.9218135068203
216.0 34.75888427061734 769.7221370000002 734.9632527293829
219.0 28.56585904366114 721.722137 693.1562779563389
220.0 59.88677647663616 903.722137 843.8353605233638
222.0 27.50117163239962 715.2931698333081 687.7919982009085
224.0 33.94050644848429 763.7221370750027 729.7816306265184
225.0 34.48298864442574 767.7301631770874 733.2471745326617
227.0 30.77202686285083 743.7886340394007 713.0166071765498
230.0 28.06429552742716 717.7297396967608 689.6654441693336
231.0 25.81138095338887 699.722137 673.9107560466111
233.0 24.31077161168881 687.722348074103 663.4115764624142
234.0 27.06255067079442 709.7222007211064 682.659650050312
236.0 29.06715685899667 725.7593003230461 696.6921434640494
237.0 32.78670270793414 757.184267012817 724.3975643048828
238.0 25.37445014804368 699.6483875491565 674.2739374011128
239.0 31.85031057483027 747.722137 715.8718264251697
240.0 31.5859544556724 746.0216457766752 714.4356913210028
241.0 22.81053675728413 675.722137 652.9116002427159
242.0 28.06440611736751 717.722137192899 689.6577310755314
243.0 25.06100794055059 693.7221445787523 668.6611366382017
244.0 22.31049764153315 671.722137 649.4116393584668
245.0 31.59471365898938 745.722137 714.1274233410106
246.0 31.07283522338675 742.132702831081 711.0598676076943
247.0 36.49445978920148 781.722137 745.2276772107985
249.0 38.07218219065168 791.722137 753.6499548093483
250.0 23.06056207427989 677.722137 654.6615749257201
251.0 27.06248327726408 709.7271229366374 682.6646396593733
252.0 33.14451306884122 757.7237335174691 724.5792204486279
253.0 29.31689140221579 727.8311183931115 698.5142269908957
254.0 30.83215126285097 739.722137 708.889985737149
255.0 27.06255128886813 709.722137 682.6595857111319
256.0 31.85031057483027 747.722137 715.8718264251697
257.0 26.41819841820896 707.5512706862446 681.1330722680357
258.0 28.52580122428154 722.7793618140106 694.2535605897291
259.0 25.31083077388819 695.7414917837728 670.4306610098846
260.0 32.86488687277618 760.3950031421012 727.530116269325
261.0 30.57907188086018 737.722137 707.1430651191398
262.0 35.320794392335 773.722137 738.401342607665
264.0 25.31111366910858 695.722137 670.4110233308914
266.0 26.81221317703684 707.7243200998215 680.9121069227847
268.0 22.36416183155379 676.0049236061118 653.640761774558
269.0 25.80936058311597 699.8304503062745 674.0210897231585
270.0 24.81085511594442 691.7268534410291 666.9159983250846
271.0 28.56585904366114 721.722137 693.1562779563389
272.0 22.81047005348038 675.7271798798883 652.9167098264079
273.0 22.37468282400797 678.0790982399216 655.7044154159136
274.0 24.31027082637532 687.7522807895031 663.4420099631278
275.0 16.3060381662089 623.9353531716045 607.6293150053956
276.0 19.81882572053736 655.6833085982277 635.8644828776903
277.0 19.06020358683321 645.7423327068061 626.6821291199729
278.0 23.31864464528069 683.7015059048816 660.3828612596009
279.0 22.07150897272073 674.5799063508098 652.5083973780891
280.0 19.98255868612422 655.7478669353934 635.7653082492691
281.0 22.55269144685704 674.0562232485857 651.5035318017287
282.0 23.37366298145802 683.6527010757829 660.2790380943249
283.0 19.21204835920085 649.624976394079 630.4129280348782
284.0 23.55973401820748 681.7712270088005 658.211492990593
285.0 21.96377277797327 671.6370088739772 649.6732360960039
286.0 31.59471365898938 745.722137 714.1274233410106
287.0 22.81053489667897 675.722328821405 652.9117939247261
288.0 21.26182233728723 664.8150252787614 643.5532029414741
289.0 22.51210599096415 674.8010213042142 652.2889153132501
290.0 21.70906703965842 673.3182456856884 651.6091786460299
291.0 22.72539599440903 681.0769019013143 658.3515059069053
292.0 17.56008795510971 633.759169908522 616.1990819534122
293.0 20.06045056054559 653.7221609099757 633.6617103494301
294.0 22.68747163503208 678.2386770011198 655.5512053660878
295.0 18.55541605295088 641.9363983706022 623.3809823176513
296.0 27.0570912278098 709.9568382988919 682.8997470710821
297.0 15.80253408764085 620.1052020133698 604.302667925729
298.0 16.16811801667598 627.2802634073288 611.1121453906528
299.0 19.22600261565298 649.2129515504922 629.9869489348392
300.0 23.18072294628487 684.2945676912705 661.1138447449856
301.0 19.91106015668055 656.7315160779456 636.8204559212651
302.0 19.54358439835151 650.3803185159413 630.8367341175898
303.0 19.62881482451138 654.6784891478008 635.0496743232894
304.0 18.01502447839369 644.3589353036889 626.3439108252952
305.0 16.52437405288944 626.6265420051718 610.1021679522823
306.0 18.53136094784529 650.274435137266 631.7430741894208
307.0 18.99446132797544 656.10659662886 637.1121353008846
308.0 17.73095213391311 642.8649473978564 625.1339952639433
309.0 18.16810003816471 644.9778736611258 626.8097736229611
310.0 16.04883243488927 622.2694599151121 606.2206274802228
311.0 17.30589220517981 637.1789728384216 619.8730806332418
312.0 16.49035264786942 627.2916692595096 610.8013166116402
313.0 17.61032048168582 638.0632893257797 620.4529688440939
314.0 18.82165092574455 653.9831686526597 635.1615177269152
315.0 16.62874894728012 631.334315455112 614.7055665078318
316.0 14.12565226383223 609.6932212710675 595.5675690072353
317.0 15.30775410418311 621.1293564116857 605.8216023075026
318.0 17.33807816468966 641.3456630231102 624.0075848584206
319.0 20.53529255562994 665.6593105599752 645.1240180043453
320.0 14.85240266654717 623.5257226173486 608.6733199508014
321.0 15.55313666716513 622.2011668285758 606.6480301614107
322.0 18.56731392932491 647.667317627186 629.1000036978611
323.0 18.91088741617743 651.3703382942198 632.4594508780424
324.0 15.53695176149424 622.5183968585873 606.9814450970931
325.0 14.79630487732412 612.3687436576807 597.5724387803565
326.0 15.24878142414836 617.4415308081754 602.192749384027
327.0 13.7489601492291 605.632518631626 591.8835584823968
328.0 16.22394264728113 633.700566517782 617.4766238705009
329.0 15.41759242040355 620.2020908775821 604.7844984571785
330.0 14.9706901858013 620.8154645621547 605.8447743763534
331.0 17.3370303229989 638.3465305460226 621.0095002230237
332.0 14.26415971962251 615.0117770831065 600.7476173634839
333.0 11.24016218553622 586.0825013239981 574.8423391384619
334.0 13.22985674503353 604.3659318049087 591.1360750598752
335.0 14.86970613046395 624.8249930024921 609.9552868720282
336.0 14.88515209573563 617.1808058651113 602.2956537693756
337.0 12.58818776069049 603.0144424714863 590.4262547107958
338.0 13.04854901538001 603.8169108350962 590.7683618197162
339.0 13.37595758932209 610.9385035539572 597.5625459646351
340.0 14.49915879798392 618.9381072792088 604.4389484812249
341.0 15.2600347473659 626.8590248517424 611.5989901043765
342.0 12.72638115372626 603.3367044711298 590.6103233174035
343.0 10.84503975452211 580.0958338314379 569.2507940769158
344.0 11.26093924113348 589.794569967869 578.5336307267355
345.0 14.13694966292095 611.25971063031 597.122760967389
346.0 11.47872208843392 588.0978655709907 576.6191434825568
347.0 11.03363256078584 583.4031898903352 572.3695573295494
348.0 11.33822391775092 591.5796936327654 580.2414697150145
349.0 14.83958081790482 623.8933984996972 609.0538176817924
350.0 12.0409971793577 599.8377153573603 587.7967181780026
351.0 11.61573399443951 591.2878804429833 579.6721464485438
352.0 10.64991647369051 583.0837119917445 572.4337955180539
353.0 8.539193971658437 559.8418273067036 551.3026333350452
354.0 12.96472750307019 611.5352161732852 598.5704886702151
355.0 11.89167061977329 601.2467653428475 589.3550947230742
356.0 10.12235920117771 574.1978948208521 564.0755356196744
357.0 12.61911458125933 605.7965851187422 593.1774705374828
358.0 12.68492154241355 610.129842997781 597.4449214553674
359.0 11.38591118716549 598.8511198522908 587.4652086651253
360.0 11.27852267232673 592.1675555481421 580.8890328758154
361.0 10.32230809540565 580.9895812654948 570.6672731700892
362.0 9.650744227951074 575.4123998064309 565.7616555784799
363.0 10.7868550693945 589.7336907986632 578.9468357292687
364.0 11.51487272774584 596.316224903356 584.8013521756102
365.0 7.504222449758512 551.0078899740965 543.503667524338
366.0 11.40699185140903 594.6249462034468 583.2179543520378
367.0 5.316101531064354 515.8724963446214 510.556394813557
368.0 12.00440678504075 604.4732354268591 592.4688286418183
369.0 9.471320254565484 577.2354041078876 567.7640838533221
370.0 11.0034790317955 593.9826856448931 582.9792066130976
371.0 10.89640244978097 592.9430648329597 582.0466623831787
372.0 8.444996656654055 565.143974670467 556.6989780138129
373.0 10.18894391171323 587.0197055229549 576.8307616112416
374.0 10.05785597176896 581.8744983191426 571.8166423473736
375.0 9.475822002418454 573.941714347584 564.4658923451655
376.0 8.997485823259551 573.7401431380198 564.7426573147602
377.0 9.021240034664835 575.9964818415059 566.975241806841
378.0 9.275770640199074 572.1810561363755 562.9052854961764
379.0 10.49229671406883 594.9137163304273 584.4214196163585
380.0 9.647704944346414 582.3203418006212 572.6726368562748
381.0 9.089814229120004 578.6720169777678 569.5822027486478
382.0 9.166524540982478 573.737526536664 564.5710019956815
383.0 10.16611647282417 593.2099385222487 583.0438220494245
384.0 9.017350811062223 577.7950400498513 568.7776892387891
385.0 8.076015289015408 557.421790891572 549.3457756025566
386.0 6.614856475471196 546.1462037952342 539.531347319763
387.0 6.466291935475272 545.4671787584117 539.0008868229365
388.0 6.976555539646671 554.8027903009755 547.8262347613288
389.0 7.155912769385717 547.8653387414616 540.7094259720759
390.0 7.435321347324015 553.9155485270261 546.4802271797021
391.0 8.132046376316174 570.6409481155152 562.508901739199
392.0 6.546335667004592 548.0564990646504 541.5101633976459
393.0 6.312274927124059 549.1202895182826 542.8080145911586
394.0 6.810440749154135 544.6451909780015 537.8347502288473
395.0 7.402881471116306 565.5773234893291 558.1744420182128
396.0 7.458806994831798 553.6599058208537 546.2010988260219
397.0 7.811208792230129 566.1433846042125 558.3321758119824
398.0 5.930473030860532 541.6790791948887 535.7486061640282
399.0 5.486744996043733 544.5575644456771 539.0708194496334
400.0 5.586791041302378 542.6083460638314 537.0215550225291
401.0 6.769872303419643 560.2184133592706 553.4485410558509
402.0 5.799215333821755 543.4987076733411 537.6994923395194
403.0 6.827421554112956 560.616896468787 553.7894749146741
404.0 5.754817614265339 541.086520442929 535.3317028286637
405.0 5.566465310816815 539.9688839868915 534.4024186760747
406.0 5.622065596057903 535.5015873108686 529.8795217148107
407.0 5.302720893805782 541.1340983753659 535.8313774815601
408.0 5.663019202272836 546.2494152850666 540.5863960827938
409.0 5.565117972903016 531.1006367823824 525.5355188094794
410.0 4.585651371990056 532.189569888722 527.603918516732
411.0 4.929697818470673 533.3453497710027 528.415651952532
412.0 4.442331901786086 526.3651451085786 521.9228132067925
413.0 4.495157558405226 534.8074452095449 530.3122876511397
414.0 4.648262418653068 532.67434811985 528.0260857011969
415.0 4.169695578956552 528.0254391929646 523.855743614008
416.0 5.329268002399471 545.88969550784 540.5604275054405
417.0 4.766458164614592 537.9917193374754 533.2252611728608
418.0 4.929528527107658 530.9155388977493 525.9860103706416
419.0 4.544668611106722 518.8725614557546 514.3278928446479
420.0 4.676563216079798 532.7477791137306 528.0712158976508
421.0 4.216743010554831 534.6934531517343 530.4767101411795
422.0 4.014057603045171 527.9200405356033 523.9059829325581
423.0 3.848163272597333 522.4675700123022 518.6194067397049
424.0 3.976126191047115 524.2892509160471 520.313124725
425.0 3.740409382616387 510.9350950477562 507.1946856651398
426.0 3.821983555537976 524.0746618787356 520.2526783231976
427.0 3.617827645585672 531.195862430523 527.5780347849373
428.0 4.391951888878006 534.8182254009117 530.4262735120337
429.0 3.930714368980993 521.5014535231804 517.5707391541994
430.0 3.106508644164829 524.1402538106895 521.0337451665247
431.0 3.295740857769468 516.7520318063866 513.4562909486172
432.0 3.271826869957532 522.0058403633313 518.7340134933738
433.0 3.11867053570272 523.9525010205195 520.8338304848168
434.0 3.122565684357086 521.0442526906243 517.9216870062672
435.0 3.050544609931661 514.6493167144418 511.5987721045101
436.0 3.022552590836734 517.8946429295972 514.8720903387605
437.0 3.217316226553239 528.7469042207437 525.5295879941905
438.0 2.698184033643769 514.7555991842391 512.0574151505953
439.0 2.716640698792839 518.8032159447381 516.0865752459452
440.0 2.811416242322318 521.7360226689578 518.9246064266355
441.0 2.727640596727481 522.6594556900963 519.9318150933688
442.0 2.753447476904948 517.6634472630293 514.9099997861244
443.0 2.507062646519453 514.9840511676997 512.4769885211803
444.0 2.343590794448284 524.5930283803835 522.2494375859352
445.0 2.29027929081788 516.8053916939242 514.5151124031063
446.0 2.273130776541466 519.0643744711316 516.7912436945902
447.0 2.301847127839588 516.8434570918813 514.5416099640417
448.0 2.150485819326597 517.8672978357708 515.7168120164442
449.0 2.259071470227986 515.8077789693482 513.5487074991202
450.0 2.190307423959565 518.7756495578294 516.5853421338698
451.0 1.923007137425631 513.4286944955687 511.505687358143
452.0 1.989610019105228 509.3947049840346 507.4050949649294
453.0 1.755546849714811 511.9687785562933 510.2132317065785
454.0 1.770447472640161 512.5739229562547 510.8034754836146
455.0 1.674897067375755 511.8111474674404 510.1362504000646
456.0 1.632277071545788 508.4719981588511 506.8397210873053
457.0 1.683147698180629 511.3322378110987 509.6490901129181
458.0 1.731407091776847 512.7662424656032 511.0348353738263
459.0 1.618835011014331 509.2561758327757 507.6373408217614
460.0 1.470780800160628 509.1009908168722 507.6302100167115
461.0 1.661174686387453 502.1876041665607 500.5264294801732
462.0 1.497914487138543 508.7258972959826 507.2279828088441
463.0 1.385379420298716 507.5823946795713 506.1970152592726
464.0 1.308004856015043 504.0471723602825 502.7391675042675
465.0 1.15057326153677 505.3398238700327 504.1892506084959
466.0 1.188340483454101 502.9825275293673 501.7941870459132
467.0 1.168439709878532 502.2107294710381 501.0422897611596
468.0 1.089921583973548 500.5328659242655 499.442944340292
469.0 1.087460114532345 499.3304791648078 498.2430190502755
470.0 1.166580065073411 498.6533442897134 497.4867642246399
471.0 1.104104941616514 501.0534281232187 499.9493231816021
472.0 0.9969734299043235 494.8249006398721 493.8279272099678
473.0 0.8636444199376134 498.6706000482645 497.8069556283269
474.0 0.9042977876584304 499.2201805558004 498.315882768142
475.0 0.9761824819175133 497.8523574015885 496.8761749196709
476.0 0.940908015476544 494.1758493401648 493.2349413246883
477.0 0.7946893672001693 491.8214979333862 491.026808566186
478.0 0.8816260582660486 496.7217933166719 495.8401672584058
479.0 0.7600413354122808 493.1594433616189 492.3994020262067
480.0 0.6300565791016367 485.8867010982543 485.2566445191526
481.0 0.6685618366814089 487.6650779547017 486.9965161180203
482.0 0.6107940685151926 483.978557616969 483.3677635484538
483.0 0.5505089836095479 486.9222347601221 486.3717257765126
484.0 0.5790362057515814 487.3976740899251 486.8186378841736
485.0 0.4211628731525733 482.9907907689451 482.5696278957925
486.0 0.4059286433462965 484.0747477988972 483.6688191555509
487.0 0.4198763546012542 481.4568425323042 481.0369661777029
488.0 0.3892988365685972 479.9654914992428 479.5761926626742
489.0 0.423137602659738 478.5104714017371 478.0873337990773
490.0 0.4230367091053182 480.1687154191691 479.7456787100637
491.0 0.3039558541911016 476.2717493488449 475.9677934946538
492.0 0.2785506506252415 475.0520169223773 474.773466271752
493.0 0.2753054526867953 472.8924379150416 472.6171324623548
494.0 0.2593299587065625 475.3188721662295 475.059542207523
495.0 0.2158671779343384 472.2161307116746 472.0002635337403
496.0 0.1870880627453588 472.6515278132654 472.46443975052
497.0 0.1115135653572679 470.9854589869641 470.8739454216068
498.0 0.2124787721313862 470.6265015895605 470.4140228174291
499.0 0.1615230492658832 465.2832557068818 465.1217326576159
500.0 0.06245297320096743 465.9278695921045 465.8654166189035
501.0 0.19315923824212 463.191606089852 462.9984468516099
502.0 0.170059517440284 462.4008556005067 462.2307960830664
503.0 0.1398246488434187 462.345584715709 462.2057600668656
504.0 0 460.8542379566345 460.8542379566345
505.0 0.09829739943620924 459.7619784039514 459.6636810045152
506.0 0.06661571379426348 461.5848810771807 461.5182653633864
507.0 0.01889860502517882 460.4485472963536 460.4296486913284
508.0 0.02537779366614973 457.9327337200287 457.9073559263626
509.0 0.05596423041658882 455.6309188620459 455.5749546316293
510.0 0.1159680323882301 453.943614401813 453.8276463694248
511.0 0.05291338270896134 454.6354405568083 454.5825271740994
512.0 0.0419239307371021 453.4062773799232 453.3643534491861
513.0 0.06264915870621357 452.1860752267293 452.1234260680231
514.0 0.0399664913089661 451.7181582200554 451.6781917287465
515.0 0.1036550322754312 451.5368958079784 451.4332407757029
516.0 0.1033623081680635 448.712475251011 448.6091129428429
517.0 0.1236858663102952 446.5427573184935 446.4190714521832
518.0 0.1196820562714784 449.1368320277763 449.0171499715048
519.0 0.2190625899442977 446.0495048148011 445.8304422248568
520.0 0.1459012221575644 446.6038648126625 446.4579635905049
521.0 0.2190833513126818 445.293035346826 445.0739519955134
522.0 0.289361400049995 444.7025541539216 444.4131927538716
523.0 0.3240929500353091 442.5529902307969 442.2288972807616
524.0 0.3377220281857766 440.1329859670288 439.795263938843
525.0 0.3218835276861784 439.7677546044036 439.4458710767174
526.0 0.4104289309379992 442.0315638000201 441.6211348690821
527.0 0.6235284415160302 437.7075523656045 437.0840239240885
528.0 0.5312872607641983 437.3807784703449 436.8494912095807
529.0 0.5502121603582646 434.8662005725746 434.3159884122163
530.0 0.6504163509797739 436.6982979040861 436.0478815531064
531.0 0.6543589953670658 437.0730906023954 436.4187316070283
532.0 0.7793537340526457 434.9421466576139 434.1627929235612
533.0 0.8516566107092653 434.616707093952 433.7650504832427
534.0 0.95029177338828 432.171574659835 431.2212828864467
535.0 1.033906739202332 430.6774069392744 429.6435002000721
536.0 1.084657232169519 428.4967873737216 427.4121301415521
537.0 1.17894521595149 429.7420274184526 428.5630822025012
538.0 1.241642646715703 428.1742611202453 426.9326184735296
539.0 1.48983699284213 429.4255625266833 427.9357255338412
540.0 1.535653447529551 425.289417974464 423.7537645269345
541.0 1.769156938278714 426.7337260964057 424.964569158127
542.0 1.780613013719329 422.2276995890878 420.4470865753684
543.0 1.737075891263061 426.5466834358958 424.8096075446327
544.0 1.966236690290469 420.0497557656724 418.0835190753819
545.0 2.074639124416912 425.7756736913265 423.7010345669096
546.0 2.111690417976603 428.4999641018312 426.3882736838546
547.0 2.557321498876012 419.6158881125862 417.0585666137102
548.0 2.640640131889244 414.5337135543946 411.8930734225053
549.0 2.906616985385467 413.103517143124 410.1969001577385
550.0 2.866120659032605 419.194256898554 416.3281362395214
551.0 3.191010251479891 414.6496987459986 411.4586884945187
552.0 3.35583178498749 411.5694687076569 408.2136369226694
553.0 3.560073808752223 417.5151956819414 413.9551218731892
554.0 3.517498352392912 421.3074685690028 417.7899702166099
555.0 3.917153078026329 408.9319404484416 405.0147873704153
556.0 3.967238406407708 411.3029468573276 407.3357084509199
557.0 4.751886663983133 398.7274178592132 393.9755311952301
558.0 3.95258835856627 431.6192024458574 427.6666140872912
559.0 4.06740283515054 424.8009848483441 420.7335820131935
560.0 5.315611608300901 401.8591672025803 396.5435555942794
561.0 6.000496984827706 387.3456803303755 381.3451833455478
562.0 6.992623167224983 376.5748452974818 369.5822221302568
563.0 6.478385444776881 389.2913987562915 382.8130133115146
564.0 6.858550363359702 382.988137246295 376.1295868829353
565.0 5.867280917970574 406.4493762941374 400.5820953761668
566.0 6.862435354861479 378.93312496708 372.0706896122185
567.0 7.633391612888457 373.7472464079421 366.1138547950536
568.0 9.653389528821173 359.8513341045855 350.1979445757644
569.0 8.476118279302511 366.7731121778916 358.296993898589
570.0 10.17639871590198 356.2263806955192 346.0499819796173
571.0 9.366263164545525 361.1861322467999 351.8198690822544
572.0 13.11240738333706 331.75974538698 318.647338003643
573.0 9.473576307291054 363.5217437856412 354.0481674783502
574.0 12.54274308186263 339.2713154111489 326.7285723292863
575.0 10.22897405033859 357.6542257698788 347.4252517195403
576.0 17.95986617083225 305.0760501023628 287.1161839315306
577.0 18.19534769635724 303.5790838601892 285.383736163832
578.0 9.714464440960443 361.7191066414446 352.0046422004841
579.0 14.63396878849509 329.717951232749 315.0839824442539
580.0 27.47812156714925 261.2565610604688 233.7784394933195
581.0 20.37226577517349 295.7216265503296 275.3493607751562
582.0 24.22850150811937 277.7049352195426 253.4764337114232
583.0 28.19247535177665 262.8050097209813 234.6125343692046
584.0 31.36764360225703 253.6330944280551 222.2654508257981
585.0 39.35731364516041 226.6799928622499 187.3226792170894
586.0 38.15415310827219 230.7352126061464 192.5810594978742
587.0 37.58415304931348 233.3623913362363 195.7782382869228
588.0 38.18464346535185 231.2012113429106 193.0165678775587
591.0 46.36351823555078 205.722137 159.3586187644492
