0.0 39.15701939445322 853.1519507030435 813.9949313085903
1.0 36.80757634020637 835.9972104219226 799.1896340817162
2.0 34.67553903458487 828.8835932889927 794.2080542544079
3.0 29.05748449031657 786.481588414769 757.4241039244524
4.0 33.56872791168632 826.195891152652 792.6271632409657
5.0 31.09574801753056 805.4764145463737 774.3806665288432
6.0 32.52272499018608 822.4229635108452 789.9002385206591
7.0 30.21048290053812 799.704177450024 769.4936945494859
8.0 30.55475542066705 801.9095438084995 771.3547883878324
9.0 30.38751885157987 803.1749978551933 772.7874790036134
10.0 29.38087677792526 793.3601499890881 763.9792732111629
11.0 28.49515151755038 784.1355636248927 755.6404121073423
12.0 28.77840025645001 793.457445285453 764.679045029003
13.0 30.28299231006114 806.9365846090841 776.6535922990229
14.0 27.81935351311876 782.1334831331252 754.3141296200064
15.0 24.36118198626179 745.1954049578206 720.8342229715588
16.0 25.136603024306 754.8848704761447 729.7482674518387
17.0 27.70930269412849 779.2580218680706 751.5487191739421
18.0 27.92876602477099 788.1795249403536 760.2507589155826
19.0 28.33356938920947 790.9527178663263 762.6191484771168
20.0 29.52708987442694 803.5998682330498 774.0727783586229
21.0 27.09275780257016 776.3052504687303 749.2124926661601
22.0 30.32019358541785 812.7428853558916 782.4226917704738
23.0 29.06744406525239 800.212642950432 771.1451988851796
24.0 28.26257920691753 792.0106287587367 763.7480495518191
25.0 26.23095588950028 767.0242953628302 740.7933394733299
26.0 27.56908725692394 784.9882488123947 757.4191615554708
27.0 25.66825924886658 761.7029091854155 736.0346499365489
28.0 27.06610448625776 775.061801261765 747.9956967755073
29.0 25.39082761510364 755.4535767049098 730.0627490898061
30.0 28.53315998423978 789.2222050986016 760.6890451143619
31.0 26.11604842605666 765.42651303542 739.3104646093633
32.0 25.07800575178292 757.8546085200449 732.776602768262
33.0 27.9521836189843 785.3388140033554 757.3866303843711
34.0 25.30848162057371 762.0785380198738 736.7700563993001
35.0 25.78782370236327 765.7790715053913 739.991247803028
36.0 26.60866172707758 777.9611746521857 751.3525129251081
37.0 27.30543734570278 784.6406439798345 757.3352066341317
38.0 25.11080729389726 759.7990005227625 734.6881932288652
39.0 27.40116794813501 785.1846521288932 757.7834841807582
40.0 28.65440295744038 793.0920086643693 764.4376057069289
41.0 26.84478678833764 777.8732953246841 751.0285085363464
42.0 25.4758581114691 760.3306339978083 734.8547758863392
43.0 23.39369986447848 734.699093854256 711.3053939897776
44.0 26.62627090769243 773.6636241305815 747.0373532228891
45.0 26.10904015899508 764.6168458809045 738.5078057219094
46.0 27.65935178572751 788.7691715408839 761.1098197551564
47.0 23.27429123951407 743.5472388508196 720.2729476113055
48.0 24.69596606145572 754.704758025612 730.0087919641563
49.0 25.33487931656045 756.7687303724649 731.4338510559044
50.0 25.98175160599695 769.2786655299378 743.2969139239408
51.0 26.82291834206698 776.7683775645459 749.9454592224789
52.0 25.69565611170464 761.704078852803 736.0084227410984
53.0 26.19375293675118 772.4120531499312 746.21830021318
54.0 25.84733535171074 765.2601965039309 739.4128611522201
55.0 25.16807809028644 759.9048952878284 734.736817197542
56.0 25.47990628419954 766.9973198979193 741.5174136137198
57.0 25.56442011174538 762.7682728056858 737.2038526939405
58.0 23.5433653775121 737.9405586235844 714.3971932460723
59.0 22.96590200375997 732.065737665304 709.099835661544
60.0 25.66662970089531 767.3574007792549 741.6907710783596
61.0 26.06639418825538 773.6423535200398 747.5759593317844
62.0 26.57479473479239 778.3277517667915 751.7529570319991
63.0 24.26067665386981 759.3293566973697 735.0686800434999
64.0 24.13001139320225 744.3356200260523 720.2056086328501
65.0 25.38479573324796 763.6997661136854 738.3149703804374
66.0 25.18040731706635 762.9936415267475 737.8132342096811
67.0 25.86051489336061 763.4899020395271 737.6293871461665
68.0 25.82795696279635 758.6971089708097 732.8691520080133
69.0 24.82117257483535 754.1428633759743 729.3216908011389
70.0 25.56076306716631 758.0579963522758 732.4972332851095
71.0 25.05850337451598 758.3415771596072 733.2830737850912
72.0 25.23923138885956 762.6347413347576 737.395509945898
73.0 26.41002614759667 765.9184655982783 739.5084394506816
74.0 22.72144646858443 730.6182598402155 707.8968133716311
75.0 25.55608092093347 758.1393228245962 732.5832419036627
76.0 25.56570838337504 763.8686704456608 738.3029620622858
77.0 25.52857458289998 765.7340829459451 740.2055083630452
78.0 22.01284628325881 720.4693978143552 698.4565515310964
79.0 23.70685934359135 748.3922098251289 724.6853504815376
80.0 21.21506782032343 712.6699818700855 691.454914049762
81.0 24.6080679457099 746.1502970955778 721.5422291498679
82.0 22.39514482715802 724.8877802335842 702.4926354064262
83.0 26.24283883392253 762.8184510888965 736.575612254974
84.0 24.7777008986182 760.0123359161954 735.2346350175772
85.0 23.73720215633801 743.117329475779 719.3801273194409
86.0 24.76896766886843 749.36174847391 724.5927808050416
87.0 25.88139731076845 772.3685598231522 746.4871625123838
88.0 24.43733779597359 748.6840943519768 724.2467565560032
89.0 24.77264428375889 755.7019418748452 730.9292975910864
90.0 22.72609735255881 730.378783889377 707.6526865368181
91.0 23.75855000280405 747.0319306045537 723.2733806017496
92.0 21.43752848234143 713.8075966536023 692.3700681712609
93.0 22.78887815484181 729.0078469515575 706.2189687967157
94.0 25.85464433923065 768.6228990265443 742.7682546873136
95.0 25.11163527731457 759.6816707666834 734.5700354893689
96.0 26.27157454484938 761.7320878187594 735.46051327391
97.0 22.96144485541391 735.6926970077155 712.7312521523016
98.0 20.93441544162291 717.598609381732 696.6641939401091
99.0 20.98349635955721 711.8887416705249 690.9052453109677
100.0 22.88449263646878 734.7532244367512 711.8687318002824
101.0 26.47560688345972 772.3902260962501 745.9146192127904
102.0 23.59914707875494 736.4433393673578 712.8441922886028
103.0 26.48216089253915 769.6386238379423 743.1564629454032
104.0 23.54326192543848 737.4236458819259 713.8803839564874
105.0 24.17158700684608 743.2417589462481 719.070171939402
106.0 24.87203224816751 753.5142728257753 728.6422405776077
107.0 21.81244237866086 722.4830877791533 700.6706454004925
108.0 27.14683694096018 769.7221804952817 742.5753435543215
109.0 21.65825460181063 720.1951354751874 698.5368808733768
110.0 23.56022635370221 737.6534602240641 714.0932338703619
111.0 24.41002921597003 748.319662276357 723.909633060387
112.0 23.13380374231965 733.8679290431182 710.7341253007986
113.0 31.94885173695638 805.722137 773.7732852630436
114.0 29.61578537569313 789.722137 760.1063516243069
115.0 25.70053012189282 765.2305724777133 739.5300423558205
116.0 24.76256987889985 749.3330451185736 724.5704752396738
117.0 26.34715707963903 770.6870720995974 744.3399150199584
118.0 26.45890840332431 764.5093862155006 738.0504778121763
119.0 26.49896111329761 769.0496432414701 742.5506821281725
120.0 26.255041574988 766.0883539618234 739.8333123868354
121.0 23.80703932055066 738.0691883461771 714.2621490256265
122.0 22.36482563781839 725.2883871880742 702.9235615502558
123.0 25.32235302625667 759.4335697032911 734.1112166770344
124.0 23.61548298929313 735.722137 712.1066540107069
125.0 28.82319301063012 783.723080249569 754.8998872389389
126.0 23.90118555054761 744.2990335827958 720.3978480322482
127.0 31.04036081026833 799.7225119739487 768.6821511636803
128.0 21.43128184315951 714.096288911721 692.6650070685615
129.0 24.57965436768785 746.9610054640285 722.3813510963407
130.0 24.09987843328102 744.0385896082696 719.9387111749885
131.0 28.43277347507089 786.2301372304995 757.7973637554286
132.0 26.22321659675417 768.1549704290764 741.9317538323223
134.0 20.64922345605636 705.8103214906924 685.1610980346361
135.0 24.24841453388946 747.7442298777541 723.4958153438646
136.0 25.4334023199394 753.7261137639048 728.2927114439654
138.0 23.32565233865175 735.6427043409652 712.3170520023135
139.0 22.81811785305162 727.9047012633534 705.0865834103018
140.0 22.77129796946404 733.2871085599478 710.5158105904838
141.0 24.92722730273578 753.9947504839575 729.0675231812217
142.0 25.64044431752252 755.722137 730.0816926824775
143.0 27.14683739592842 769.722137 742.5752996040716
144.0 17.30281182819881 671.9349152905655 654.6321034623667
145.0 21.81272469981819 718.6546875266385 696.8419628268203
146.0 23.61434286816264 735.7905332498788 712.1761903817161
147.0 23.88766809971879 744.6105290002284 720.7228609005096
148.0 24.78025085045598 748.8486764111202 724.0684255606642
149.0 23.23635934804005 739.8489806045923 716.6126212565523
150.0 33.8499792237838 817.722137 783.8721577762162
151.0 21.57427075400551 720.2225186200644 698.6482478660589
153.0 27.60396763564141 773.722137 746.1181693643586
154.0 22.10695383353646 726.3735366049736 704.2665827714372
156.0 35.48695887549179 827.722137 792.2351781245082
157.0 24.40400251215076 744.2931387874081 719.8891362752574
158.0 25.43344780181166 753.722873931478 728.2894261296664
160.0 26.87961167086758 768.7727906001008 741.8931789292333
161.0 22.90539602044033 731.8645225122384 708.9591264917981
162.0 21.57427149689019 720.2224364514964 698.6481649546062
163.0 37.48501735476178 839.7222584045501 802.2372410497883
164.0 22.95678726878632 731.4225205253614 708.4657332565751
165.0 20.65059221289676 705.722137 685.0715447871032
166.0 33.20650023079696 813.722137 780.515636769203
167.0 35.06387973306483 826.9023974395123 791.8385177064475
168.0 28.58355794145711 785.5930870009739 757.0095290595168
170.0 25.84900535780561 757.722137 731.8731316421944
171.0 23.04500334850485 734.1983040122849 711.15330066378
173.0 24.0795286413813 743.9601181265431 719.8805894851618
174.0 18.8742507229704 688.0313987677766 669.1571480448062
175.0 22.01433859993134 720.361430386734 698.3470917868027
176.0 19.66591428756042 695.7567902160216 676.0908759284612
177.0 23.0193919055104 729.722137 706.7027450944896
178.0 20.80677920901346 708.9727169522195 688.165937743206
180.0 21.43866420050612 713.722137 692.2834727994939
181.0 21.41653041417658 720.7685229839899 699.3519925698133
182.0 33.20650023079696 813.722137 780.515636769203
183.0 24.82009764465069 747.722137 722.9020393553493
184.0 19.46959723030249 693.7221440885118 674.2525468582093
185.0 35.15701671238715 825.722137 790.5651202876128
186.0 21.30283872311066 718.6128797393776 697.310041016267
187.0 23.9078132099989 744.0374114978784 720.1295982878795
188.0 28.56596388760403 781.8590011639385 753.2930372763345
189.0 22.22792949537673 721.7221370021703 699.4942075067935
190.0 23.21778925989276 731.722137 708.5043477401072
191.0 22.22173796210857 722.0239374603721 699.8021994982635
192.0 34.82820262324756 823.722137 788.8939343767524
193.0 25.0234470695365 749.722137 724.6986899304635
194.0 16.12264125686868 659.8978182939176 643.7751770370489
196.0 21.88790969940783 722.0668329202224 700.1789232208146
197.0 19.46959728012004 693.722137 674.25253971988
199.0 19.46945982127446 693.7340548203179 674.2645949990434
200.0 28.56959235888846 781.722137 753.1525446411115
202.0 23.44260601192822 739.7554627087833 716.3128566968551
203.0 32.88802335302139 811.722137 778.8341136469786
204.0 17.69859746451334 675.76099553925 658.0623980747366
205.0 26.92363236871832 767.722137 740.7985046312817
207.0 21.43866420050612 713.722137 692.2834727994939
208.0 30.45581938110903 795.722137 765.266317618891
209.0 22.02062136575305 725.4338434379746 703.4132220722215
212.0 25.64044431752252 755.722137 730.0816926824775
214.0 22.6832109583373 732.8249258775023 710.141714919165
215.0 22.42385669773984 723.8228204386111 701.3989637408713
216.0 27.14683739592819 769.7221370000398 742.5752996041116
219.0 22.22792949538893 721.722137 699.4942075046111
220.0 48.95672250727347 903.722137 854.7654144927265
222.0 21.30500043726268 716.8825916814413 695.5775912441786
224.0 26.48637565692093 763.7221395424446 737.2357638855236
225.0 26.92285159895587 767.7650971905071 740.8422455915512
227.0 23.81892179598929 744.5129584175997 720.6940366216104
230.0 21.83222820313117 717.7802497559132 695.9480215527821
231.0 20.05998159665112 699.722137 679.6621554033489
233.0 18.87931330750663 687.7262978184058 668.8469845108991
234.0 21.04450749698873 709.7234812092209 688.6789737122322
236.0 22.61976001150407 725.9104923202967 703.2907323087926
237.0 25.48593519914256 757.9315749481136 732.4456397489711
238.0 19.60339424997746 700.2303097955293 680.6269155455518
239.0 24.82009764465069 747.722137 722.9020393553493
240.0 24.59294065278128 746.5353945928065 721.9424539400252
241.0 17.69911167266503 675.722137 658.023025327335
242.0 21.83309888145409 717.7221468189099 695.8890479374558
243.0 19.46959494703888 693.7224119146394 674.2528169676005
244.0 17.30573803148171 671.722137 654.4163989685183
245.0 24.61766348946992 745.722137 721.1044735105301
246.0 24.18115482569577 742.7582167485394 718.5770619228436
247.0 28.56959235888846 781.722137 753.1525446411115
249.0 29.89063582400191 791.722137 761.8315011759981
250.0 17.8958044278931 677.722137 659.8263325721069
251.0 21.04390839055689 709.7657013167339 688.721792926177
252.0 25.84882870562749 757.7335255142125 731.884696808585
253.0 22.81134432418406 728.2045327057845 705.3931883816004
254.0 24.01471823935406 739.722137 715.7074187606459
255.0 21.04452093283064 709.722137 688.6776160671694
256.0 24.82009764465069 747.722137 722.9020393553493
257.0 20.43559276746978 708.3294257429476 687.8938329754778
258.0 22.13755238834488 724.051108607614 701.9135562192692
259.0 19.66415975625714 695.8695551924266 676.2053954361695
260.0 25.46709280789057 761.2334111653922 735.7663183575017
261.0 23.81487834286435 737.722137 713.9072586571356
262.0 27.60396763564141 773.722137 746.1181693643586
264.0 19.66637283323084 695.722137 676.0557641667692
266.0 20.8472279833015 707.7462552097295 686.899027226428
268.0 17.21271552380152 677.3270258744401 660.1143103506386
269.0 20.04983901933217 700.2478229161702 680.197983896838
270.0 19.27223608876222 691.7662358886401 672.4939997998779
271.0 22.22792949538893 721.722137 699.4942075046111
272.0 17.69846880372927 675.7692861560135 658.0708173522842
273.0 17.16549334316258 678.9948953934113 661.8294020502487
274.0 18.87628098476095 687.9028761917126 669.0265952069517
275.0 12.56809224783057 624.4824910532447 611.9143988054142
276.0 15.21909846000902 656.2434539813145 641.0243555213055
277.0 14.74667909902115 645.886349142477 631.1396700434559
278.0 17.97112863136609 684.3065271986323 666.3353985672663
279.0 16.9718646424182 674.613247387288 657.6413827448698
280.0 15.36191731195466 658.1287442131243 642.7668269011696
281.0 17.47401442594375 674.8905264859109 657.4165120599672
282.0 18.02885770362192 684.260662312032 666.2318046084101
283.0 14.76583438481161 651.1087982947918 636.3429639099802
284.0 18.28453300787292 681.9709293004738 663.6863962926009
285.0 16.92775535222243 673.3702332831729 656.4424779309504
286.0 24.61766348946992 745.722137 721.1044735105301
287.0 17.69907122677969 675.7261834239906 658.0271121972109
288.0 16.42177820309104 665.8369181024778 649.4151398993867
289.0 17.40669959023868 675.7410117938082 658.3343122035695
290.0 16.61879870402788 674.598056535517 657.9792578314891
291.0 17.42891607187491 682.4548404380344 665.0259243661594
292.0 13.56539564791355 633.9564508700605 620.391055222147
293.0 15.53568141028425 653.7231599635819 638.1874785532977
294.0 17.46774783749757 680.2403771028178 662.7726292653202
295.0 14.33725474113944 642.5016094804418 628.1643547393023
296.0 21.02423793201783 710.5831979211071 689.5589599890892
297.0 12.16004719899841 621.1531054881195 608.9930582891211
298.0 12.32435727455143 627.7756485271068 615.4512912525554
299.0 14.79935437057475 650.2127297879868 635.413375417412
300.0 17.81150181228277 684.8808717897586 667.0693699774759
301.0 15.25717687924305 659.1025153274728 643.8453384482297
302.0 15.08675465271746 651.8579178427138 636.7711631899964
303.0 15.02953940731197 657.075481992276 642.045942584964
304.0 13.67845493388086 646.7798168448204 633.1013619109395
305.0 12.70514153059838 627.5449460843826 614.8398045537842
306.0 14.04545464434448 651.6512659601427 637.6058113157982
307.0 14.35066229505249 657.1129130271985 642.762250732146
308.0 13.42011438169582 646.1284260536247 632.7083116719289
309.0 13.83532265450958 646.1506685665143 632.3153459120047
310.0 12.34206399164909 623.8095588952874 611.4674949036383
311.0 13.18469652858563 638.5231092738979 625.3384127453122
312.0 12.63957064207261 629.0255968319304 616.3860261898578
313.0 13.47116606184323 639.302313291233 625.8311472293898
314.0 14.22956298789826 655.5545589201629 641.3249959322646
315.0 12.63615222788078 634.7159711509102 622.0798189230294
316.0 10.75116175094292 610.4680551829546 599.7168934320117
317.0 11.60161912129116 623.3257663216169 611.7241472003258
318.0 13.08328078291953 643.1149204956439 630.0316397127244
319.0 15.63390892217316 667.6039491646237 651.9700402424505
320.0 11.05783819490696 625.7765769851865 614.7187387902795
321.0 11.83423630797072 623.487853189901 611.6536168819303
322.0 14.14816420220552 650.0274146117307 635.8792504095252
323.0 14.40013643303292 652.9536657459292 638.5535293128963
324.0 11.80381912865278 624.1283461425157 612.3245270138629
325.0 11.35174872364942 614.0142760752456 602.6625273515962
326.0 11.64994382035203 620.043180290288 608.393236469936
327.0 10.4610612016642 608.4605431646779 597.9994819630137
328.0 12.17211584672837 635.1552333326548 622.9831174859265
329.0 11.74865627491663 621.9794825960043 610.2308263210876
330.0 11.26423546050713 622.9957164416241 611.731480981117
331.0 13.14587307959263 642.0975494529806 628.951676373388
332.0 10.69044537512127 618.7636809023676 608.0732355272463
333.0 8.469783349528562 589.0546664362636 580.584883086735
334.0 9.980020199689615 605.9644649616614 595.9844447619718
335.0 11.038962917346 626.8849130660397 615.8459501486937
336.0 11.27097469422305 620.6187722297155 609.3477975354924
337.0 9.352876212498672 605.1488824474082 595.7960062349096
338.0 9.791146037019915 606.7741791347774 596.9830330977574
339.0 9.88810724211609 615.3859405698032 605.4978333276871
340.0 10.8456528690902 620.4316286533134 609.5859757842232
341.0 11.37712516338626 629.1175046731695 617.7403795097833
342.0 9.461524143402917 607.0912081404978 597.6296839970949
343.0 8.265872560662336 581.6517863632695 573.3859138026071
344.0 8.377158167175704 592.6810809919563 584.3039228247806
345.0 10.68084213109914 614.6004393630995 603.9195972320003
346.0 8.651637208329605 591.3047815594541 582.6531443511245
347.0 8.341633105103325 586.2381466496921 577.8965135445888
348.0 8.402832984973694 594.4936444839517 586.090811498978
349.0 11.00067621954969 628.311609146566 617.3109329270163
350.0 8.881461394231361 602.3132954722129 593.4318340779815
351.0 8.697500831292762 594.2233305735206 585.5258297422279
352.0 7.95265613711845 586.0117984164476 578.0591422793292
353.0 6.51623565205974 560.6404003744257 554.1241647223659
354.0 9.472188427647803 614.1561253005689 604.6839368729211
355.0 8.677143353618518 604.0681621589769 595.3910188053584
356.0 7.695613594589914 576.2357989536622 568.5401853590723
357.0 9.289243635067115 608.5725449826826 599.2833013476154
358.0 9.23351063236152 612.33197254202 603.0984619096585
359.0 8.242363719237128 600.8632336340732 592.620869914836
360.0 8.288682561388511 597.4266032995825 589.137920738194
361.0 7.680865975843335 583.8544198379665 576.1735538621232
362.0 7.146380011621257 579.1858450455955 572.0394650339743
363.0 7.900341182666876 591.9423785675485 584.0420373848816
364.0 8.42475051482661 600.2521202529743 591.8273697381477
365.0 5.702312515292829 553.0054551016193 547.3031425863265
366.0 8.361230786331099 598.7828841502559 590.4216533639248
367.0 4.525164015666201 517.8367168123829 513.3115527967167
368.0 8.704836565346764 606.6716021777103 597.9667656123636
369.0 6.904559225333579 580.9410483104625 574.0364890851289
370.0 7.963834095356732 598.1470310465436 590.1831969511869
371.0 7.900570577316558 596.1297413099894 588.2291707326728
372.0 6.228678469416313 568.1033249417117 561.8746464722954
373.0 7.345102100286722 590.8081501281512 583.4630480278645
374.0 7.342204130709232 587.3953775793621 580.0531734486529
375.0 6.9987106701886 578.56443683125 571.5657261610614
376.0 6.531001406896101 576.9668482635996 570.4358468567035
377.0 6.47999838575741 579.6190298133114 573.1390314275539
378.0 6.82538852367287 578.4286452757345 571.6032567520617
379.0 7.426890177564693 597.8770266129542 590.4501364353895
380.0 6.924673621952428 586.5233871407565 579.598713518804
381.0 6.443273606750255 583.9721072023402 577.52883359559
382.0 6.665313005916229 579.8033986412709 573.1380856353547
383.0 7.13139614595134 596.8666929496541 589.7352968037028
384.0 6.422798926348236 581.2603237143697 574.8375247880215
385.0 6.076526350006813 561.1036554916959 555.0271291416891
386.0 4.887718346883342 551.8595380575482 546.9718197106649
387.0 4.753247085212168 550.9602407945078 546.2069937092956
388.0 5.032750685568915 557.7009946098216 552.6682439242527
389.0 5.386524649673998 554.3237373429387 548.9372126932647
390.0 5.464884283880465 561.9393651727945 556.4744808889141
391.0 5.72947332874792 574.1216669326775 568.3921936039296
392.0 4.733942563598219 555.4034071749754 550.6694646113772
393.0 4.48249625587303 554.7871132122442 550.3046169563711
394.0 5.116225534768038 552.0133002846632 546.8970747498952
395.0 5.108814535312363 570.5723393868793 565.463524851567
396.0 5.485934611685658 562.5996738800131 557.1137392683274
397.0 5.512700094491851 571.1435320702035 565.6308319757116
398.0 4.299727442660127 548.6809116927688 544.3811842501087
399.0 3.800338843418831 548.0201178869621 544.2197790435432
400.0 3.915439589761354 549.6709122063834 545.755472616622
401.0 4.609795545747297 565.8880754596317 561.2782799138845
402.0 4.117821089816088 549.5799727469744 545.4621516571583
403.0 4.681686650391581 564.6725130346323 559.9908263842408
404.0 4.104093509745493 550.1323563136034 546.0282628038579
405.0 3.949501645870648 548.5598352239904 544.6103335781198
406.0 4.132432517142427 545.2520399678199 541.1196074506775
407.0 3.696334686580785 546.1146871313796 542.4183524447988
408.0 3.895792554761674 552.0001391956292 548.1043466408675
409.0 4.133302962605616 546.4488377815438 542.3155348189382
410.0 3.182353507098208 540.5876308017775 537.4052772946793
411.0 3.461220365139067 544.0386830439371 540.5774626787981
412.0 3.176699419099926 537.0533401860599 533.87664076696
413.0 3.047026866404272 540.5241543208235 537.4771274544192
414.0 3.210114106511275 542.4752914567836 539.2651773502723
415.0 2.861559238717993 537.6638149423584 534.8022557036404
416.0 3.566120346053921 551.6604203539644 548.0943000079105
417.0 3.204190973524744 545.1637017950543 541.9595108215296
418.0 3.398040560509861 549.079191405324 545.6811508448142
419.0 3.415990852562147 535.8948951858277 532.4789043332656
420.0 3.177716110620223 545.4908165428222 542.313100432202
421.0 2.741254804846347 541.5913169815653 538.8500621767189
422.0 2.621867717293303 541.6233869702052 539.0015192529119
423.0 2.602946664230932 537.779009648213 535.1760629839821
424.0 2.693297902659744 538.4649696047434 535.7716717020836
425.0 2.576506047942423 538.6303274627352 536.0538214147928
426.0 2.540574108491602 538.2021824567357 535.6616083482441
427.0 2.220365304796343 538.9146746386725 536.6943093338761
428.0 2.770794328754107 548.9995085338439 546.2287142050898
429.0 2.647280084789784 540.5369922743904 537.8897121896006
430.0 1.900414138637042 532.3701419017468 530.4697277631098
431.0 2.184737976275235 533.4737286492532 531.2889906729779
432.0 2.035744568323888 535.817792214836 533.7820476465121
433.0 1.853023293964129 535.6354919967886 533.7824687028244
434.0 1.913014734451453 535.055992688111 533.1429779536596
435.0 1.972253467946561 531.5288179287047 529.5565644607581
436.0 1.877819101226167 533.0976701239809 531.2198510227548
437.0 1.861247635235518 537.677186276383 535.8159386411475
438.0 1.664249796281433 529.0162612399417 527.3520114436603
439.0 1.601935288165632 530.363044221023 528.7611089328574
440.0 1.613119121031759 533.1132768158056 531.5001576947739
441.0 1.492273495281932 534.2987418019279 532.806468306646
442.0 1.618364525323875 532.3666430668613 530.7482785415375
443.0 1.399450846079816 531.6491588505151 530.2497080044352
444.0 1.096345328194547 532.4305129444329 531.3341676162384
445.0 1.222000963370918 528.1993525741656 526.9773516107947
446.0 1.123934282841834 530.7831087895939 529.6591745067521
447.0 1.22230119124501 528.6011260471298 527.3788248558848
448.0 1.03611588011205 529.4111174513419 528.3750015712299
449.0 1.133241147591772 531.6117591166516 530.4785179690598
450.0 1.078786367646297 528.9166844558972 527.8378980882509
451.0 0.8894570295258739 527.8014440847538 526.911987055228
452.0 1.045266014915632 526.1694836131761 525.1242175982604
453.0 0.7650247109788508 525.9054848895482 525.1404601785693
454.0 0.7619107877631745 526.4367156576174 525.6748048698543
455.0 0.699345725190287 525.0897463230048 524.3904005978145
456.0 0.7073891481011439 524.3385187076644 523.6311295595633
457.0 0.7142390277015106 525.3299616428653 524.6157226151638
458.0 0.7297628518490615 526.1738634408987 525.4441005890496
459.0 0.6883689651220809 524.3020757745548 523.6137068094327
460.0 0.5292021320710842 524.735212428464 524.2060102963929
461.0 0.7974039935684395 525.5285054374701 524.7311014439017
462.0 0.5568664443211749 524.9707369289673 524.4138704846461
463.0 0.4781692079830558 523.8412303226017 523.3630611146186
464.0 0.4392616105692249 523.6654031261395 523.2261415155703
465.0 0.2812518035005673 522.5425327769363 522.2612809734357
466.0 0.3759269679956784 521.2650108787073 520.8890839107116
467.0 0.3800214988987076 520.3529196721688 519.9728981732701
468.0 0.3250550066014414 520.1575317483837 519.8324767417822
469.0 0.3223297986189629 520.8535832332699 520.5312534346509
470.0 0.4301729708625756 520.2053794721054 519.7752065012428
471.0 0.3065554036747449 521.5369243203041 521.2303689166293
472.0 0.3414935599652049 518.5526711870925 518.2111776271273
473.0 0.1371132337917226 518.6441908506593 518.5070776168676
474.0 0.1630646587574982 519.4590217175725 519.295957058815
475.0 0.2500027174507667 519.5472325827731 519.2972298653223
476.0 0.277772222495434 518.7643165513752 518.4865443288798
477.0 0.2145438696906415 516.2315471550176 516.0170032853269
478.0 0.2051542591742805 517.5404823880144 517.3353281288402
479.0 0.1468910616323482 516.5362388851113 516.3893478234789
480.0 0.1925699159439639 512.7119493436862 512.5193794277422
481.0 0.1753332258253925 514.6151507156849 514.4398174898595
482.0 0.227122562334534 511.2277627173163 511.0006401549818
483.0 0.08726363772345233 512.6380164381001 512.5507528003767
484.0 0.1270059094617166 511.9656336751553 511.8386277656936
485.0 0.05000930197838371 510.4426101474503 510.3926008454719
486.0 0 511.448753329574 511.448753329574
487.0 0.07468073340799392 510.3304618883145 510.2557811549065
488.0 0.0945953973666489 508.9527614550844 508.8581660577177
489.0 0.1358653836211182 509.3489578886528 509.2130925050317
490.0 0.1043144160226223 509.5313933440486 509.427078928026
491.0 0.1287889401729871 505.3400196532732 505.2112307131002
492.0 0.1096663658508895 505.7865738462571 505.6769074804062
493.0 0.1632003892872108 504.1150421792174 503.9518417899301
494.0 0.09352202645769978 504.993094976139 504.8995729496813
495.0 0.1431123314164951 502.4068440498107 502.2637317183942
496.0 0.0576065372329421 504.533233443268 504.4756269060351
497.0 0.05873086786024675 501.9323770590385 501.8736461911783
498.0 0.1737413607238783 501.4265537974252 501.2528124367013
499.0 0.280411362848721 497.7465810009294 497.4661696380807
500.0 0.1358610715975167 499.8412372808293 499.7053762092318
501.0 0.410978879911938 493.9000737526376 493.4890948727256
502.0 0.3898551274540414 494.0387682887393 493.6489131612853
503.0 0.3176828033721925 496.6776290538401 496.3599462504679
504.0 0.2563431980930946 493.4264341675219 493.1700909694288
505.0 0.3770300246915743 493.4927315567109 493.1157015320193
506.0 0.3086335390884499 493.5018455029099 493.1932119638214
507.0 0.3137927136992743 490.952973034629 490.6391803209298
508.0 0.3833723364225891 489.5811851710007 489.1978128345781
509.0 0.4735243737555802 488.5122962880288 488.0387719142732
510.0 0.5989010724222525 486.7322840656169 486.1333829931946
511.0 0.5308978676070481 486.2472101879534 485.7163123203463
512.0 0.5595301843697301 484.2134370315109 483.6539068471412
513.0 0.6762074948458502 479.4294396255085 478.7532321306626
514.0 0.6294335122757821 481.6314936099769 481.0020600977011
515.0 0.6825814241450348 482.5276168747194 481.8450354505744
516.0 0.7990817257864237 477.3910725692815 476.591990843495
517.0 0.8698267233253124 477.0503764200019 476.1805496966766
518.0 0.7546557626506999 481.5472081605457 480.792552397895
519.0 1.021763065284136 474.0072680405499 472.9855049752658
520.0 0.9011605558793525 476.5234793466319 475.6223187907525
521.0 0.9954271217352748 476.3501998105391 475.3547726888038
522.0 1.095811627589156 475.2768144551455 474.1810028275564
523.0 1.201867073785844 472.7327218594141 471.5308547856283
524.0 1.367810803043748 465.0768615305237 463.7090507274799
525.0 1.334798112248784 467.5333720764628 466.1985739642141
526.0 1.321333768515462 471.5698290686341 470.2484953001186
527.0 1.692090018308377 466.3041344250926 464.6120444067843
528.0 1.621200961908183 464.9161106030441 463.2949096411359
529.0 1.779974395785074 457.2892307621449 455.5092563663599
530.0 1.816338737644443 458.8048882160233 456.9885494783789
531.0 1.733665281323298 465.631606406115 463.8979411247917
532.0 1.939306894183656 462.9557450586595 461.0164381644759
533.0 1.959763433356104 467.1432202728889 465.1834568395328
534.0 2.141415800331561 464.8448026632863 462.7033868629547
535.0 2.368814888047125 455.7824121708511 453.413597282804
536.0 2.549710218436093 449.1727916870445 446.6230814686084
537.0 2.632731626427285 447.1638244182812 444.5310927918539
538.0 2.719938715916544 447.673419297271 444.9534805813545
539.0 2.799983607844093 459.7885520102381 456.988568402394
540.0 3.084833224190531 448.1091177728978 445.0242845487072
541.0 3.240294455251083 451.6817705661532 448.4414761109021
542.0 3.398539004610363 446.6091627248178 443.2106237202074
543.0 3.271271840091462 445.6145773074086 442.3433054673172
544.0 3.798654608536994 434.5124509915046 430.7137963829676
545.0 3.654205801991247 444.7697684417329 441.1155626397416
546.0 3.614051929805593 446.0659929823367 442.4519410525311
547.0 4.302996066417544 441.2321104668385 436.929114400421
548.0 4.677901443492542 427.001238430687 422.3233369871945
549.0 5.006730272427821 424.7007269203402 419.6939966479123
550.0 4.638041387742462 442.1684907366414 437.5304493488989
551.0 5.263373945134522 424.8729474040958 419.6095734589613
552.0 5.492780311912416 424.6310148760307 419.1382345641183
553.0 5.460976841254193 434.1689777500466 428.7080009087924
554.0 5.213016160780967 443.1000946212792 437.8870784604982
555.0 6.255266562627334 415.093737241121 408.8384706784937
556.0 6.110793322993963 425.3597814718818 419.2489881488879
557.0 7.380159074333535 408.1641613655521 400.7840022912185
558.0 5.531787587652588 441.3418795191572 435.8100919315046
559.0 5.841701217078119 435.6971661438553 429.8554649267772
560.0 7.804767316548831 414.2783642438254 406.4735969272766
561.0 9.056559645943226 394.1455608004902 385.089001154547
562.0 10.45587965933454 380.1680713644727 369.7121917051382
563.0 9.535379096332124 392.8471158858932 383.3117367895611
564.0 10.08997546838384 388.4887477096848 378.398772241301
565.0 8.356219396702941 411.6582410243472 403.3020216276442
566.0 10.28532725607359 380.3994626903359 370.1141354342623
567.0 11.22887672396305 375.7744369089658 364.5455601850028
568.0 13.74774864720327 360.9756086444704 347.2278599972672
569.0 12.32999753997113 367.5753560120818 355.2453584721106
570.0 14.40225116435588 357.0711891177742 342.6689379534183
571.0 13.40935795981739 362.4543356273718 349.0449776675545
572.0 18.17028145618376 332.8442968300407 314.6740153738569
573.0 13.46763970633991 363.6689585205064 350.2013188141665
574.0 17.35388405191313 340.3683218283364 323.0144377764233
575.0 14.42665519406238 357.7052329346832 343.2785777406209
576.0 23.98737768675871 305.6456574586982 281.6582797719395
577.0 24.28026247820402 303.8660038942581 279.5857414160541
578.0 13.77348549668048 361.7217021706562 347.9482166739757
579.0 19.81817955340185 329.7212572773204 309.9030777239186
580.0 35.13653640785539 261.4958719274379 226.3593355195825
581.0 26.76749215512831 295.7220137890157 268.9545216338874
582.0 31.29017319958173 277.7144876704003 246.4243144708185
583.0 35.82530844722194 263.0486568000741 227.2233483528522
584.0 39.37995297096185 253.6756835440852 214.2957305731234
585.0 48.43164916304116 226.9074800415787 178.4758308785375
586.0 47.06723283198314 231.0220872722546 183.9548544402715
587.0 46.40265155543417 233.471358739739 187.0687071843048
588.0 47.08696513478396 231.3325956683345 184.2456305335505
591.0 56.29370782455522 205.722137 149.4284291754448
