0.0 8.05926737624369 857.5835908027779 849.5243234265342
1.0 7.182033129720407 850.969778365755 843.7877452360346
2.0 5.591471537908168 840.91163642973 835.3201648918219
3.0 3.998437215256261 810.8155749284932 806.817137713237
4.0 4.442409949058085 841.2104529974573 836.7680430483992
5.0 3.760554293932769 830.8228072719881 827.0622529780554
6.0 3.74874081620408 838.4222409878847 834.6735001716807
7.0 3.249256417686395 829.0707549077128 825.8214984900264
8.0 3.264611807099175 832.3126342463246 829.0480224392255
9.0 3.291014791809607 830.8249021225295 827.5338873307199
10.0 2.928513657431825 828.1240970218251 825.1955833643933
11.0 2.659963134491073 825.7179518428158 823.0579887083247
12.0 2.460089709400179 823.0170966798348 820.5570069704346
13.0 2.774364558446071 830.4731329711266 827.6987684126805
14.0 2.392784693014068 821.1295209812914 818.7367362882773
15.0 2.221235784072217 815.0694928198827 812.8482570358105
16.0 1.851780886697498 808.9947390682036 807.1429581815061
17.0 2.300214922562408 821.9556547067751 819.6554397842127
18.0 2.24782410097978 818.3069063814075 816.0590822804277
19.0 2.111305532134481 822.4902295609474 820.3789240288129
20.0 2.340250932237711 826.0670915511393 823.7268406189016
21.0 2.136490851665291 819.1213603505907 816.9848694989254
22.0 2.403860681124425 829.5382900716979 827.1344293905735
23.0 2.18733116797538 823.6381444890591 821.4508133210838
24.0 2.06351927871744 819.6047177606568 817.5411984819394
25.0 2.02149169271591 817.4925566713045 815.4710649785886
26.0 2.011523707897107 815.6644430324519 813.6529193245548
27.0 1.907765339100438 811.5901884601104 809.68242312101
28.0 2.236875780961488 819.4088103166809 817.1719345357195
29.0 2.04046710788594 814.3304046337552 812.2899375258693
30.0 2.310446014081517 823.9821568931428 821.6717108790613
31.0 2.01182529602322 814.4172963028382 812.405471006815
32.0 1.763569731496287 809.960696849739 808.1971271182427
33.0 2.209731958594285 819.9625426473233 817.752810688729
34.0 1.878545252404078 808.3308166679547 806.4522714155506
35.0 1.860357201356869 810.0269112060785 808.1665540047216
36.0 1.878619071281416 809.4456422104083 807.5670231391269
37.0 1.921432127349741 811.8267765556215 809.9053444282717
38.0 1.605929940315823 803.745749037442 802.1398190971261
39.0 2.050011297278818 811.6211765366305 809.5711652393517
40.0 2.206736878850748 820.3511888628926 818.1444519840418
41.0 1.961127873389151 810.9546303606311 808.9935024872419
42.0 2.056403782436404 810.538549364712 808.4821455822756
43.0 1.904964167053891 805.6108213670376 803.7058571999837
44.0 1.947767110368985 809.2309944182215 807.2832273078525
45.0 2.199356579665158 811.9647247319759 809.7653681523107
46.0 1.852907057741101 811.1332484733728 809.2803414156317
47.0 1.715203977819122 792.8227480480273 791.1075440702082
48.0 1.761362099163747 799.5478168608081 797.7864547616443
49.0 1.871316986230396 806.7296118712095 804.8582948849791
50.0 1.888881525575414 803.5605568720207 801.6716753464453
51.0 1.907258512548306 807.6129468653009 805.7056883527526
52.0 2.105163249922021 804.1111506968861 802.0059874469641
53.0 1.909189520552849 802.9881152491365 801.0789257285837
54.0 1.835780618278268 803.4763603581096 801.6405797398313
55.0 1.614823336598543 799.4604818117401 797.8456584751415
56.0 1.79177884822169 796.9977715863454 795.2059927381237
57.0 1.785558079526211 803.9496549582842 802.164096878758
58.0 2.005617503412188 798.4583236366748 796.4527061332626
59.0 1.817551447604503 790.2060243491736 788.3884729015691
60.0 2.191305601458528 795.4293844309242 793.2380788294657
61.0 2.2737380482934 794.3446286944302 792.0708906461368
62.0 2.003070681112209 800.1196994105704 798.1166287294582
63.0 1.648196665496634 783.9676800408195 782.3194833753229
64.0 2.230653191849492 794.0053419001856 791.7746887083361
65.0 2.133314011280988 797.4823741662654 795.3490601549845
66.0 1.8241629701817 792.190088428254 790.3659254580723
67.0 2.34586861319588 800.712134286387 798.3662656731911
68.0 2.600456071335582 804.5175298820106 801.917073810675
69.0 2.173935433700806 791.822725976501 789.6487905428002
70.0 2.388479759610984 800.8648091206074 798.4763293609964
71.0 2.335196455808288 790.8194080426461 788.4842115868378
72.0 2.064433036103943 788.9207267861039 786.8562937499999
73.0 2.902061013844146 798.5828457420482 795.6807847282041
74.0 2.084345782181278 783.0218225916541 780.9374768094729
75.0 2.659015847780893 794.9788168890757 792.3198010412948
76.0 2.465969630105043 788.3950860862947 785.9291164561896
77.0 2.605254817879966 783.5566234751556 780.9513686572757
78.0 2.581434507614467 780.8722715855515 778.290837077937
79.0 1.943766675907332 779.5130469021749 777.5692802262676
80.0 3.045735456894248 769.7862512561704 766.7405157992761
81.0 3.176906857513468 790.7175663554284 787.5406594979149
82.0 2.803809939343909 774.7581612885872 771.9543513492433
83.0 3.064398386754562 797.269954063262 794.2055556765074
84.0 2.227429493024797 781.5730951254478 779.345665632423
85.0 2.733090519682054 771.9099124411616 769.1768219214796
86.0 2.786932723356908 789.6096590124129 786.822726289056
87.0 2.441820911044022 782.8856623530911 780.4438414420471
88.0 2.795436401516153 781.6680359146064 778.8725995130903
89.0 2.640886348309784 780.0061930903579 777.3653067420481
90.0 2.463246272870447 773.4153027235794 770.952056450709
91.0 2.680403433537398 771.3901932193256 768.7097897857882
92.0 2.903774107872192 779.0203728432523 776.1165987353801
93.0 3.045987452417305 766.3741983319617 763.3282108795444
94.0 2.9255073660676 779.4189409493943 776.4934335833267
95.0 2.622316507424633 776.4440017429332 773.8216852355086
96.0 4.269017305704784 773.8088300771681 769.5398127714633
97.0 2.651557836649759 765.297384382832 762.6458265461823
98.0 2.841185481774243 753.5628460490242 750.72166056725
99.0 2.483055333929182 761.9232546298635 759.4401992959343
100.0 2.984418306156796 767.486017977653 764.5015996714962
101.0 3.000092865694789 782.869027484962 779.8689346192672
102.0 3.301801977558456 771.0551676792218 767.7533657016634
103.0 3.554449795411223 776.0119921274999 772.4575423320887
104.0 3.585611586178267 759.5193383379024 755.9337267517241
105.0 3.200657249002318 769.8465407424622 766.6458834934598
106.0 2.886655890018651 773.2541584368942 770.3675025468755
107.0 3.307676548838768 748.6150985403245 745.3074219914858
108.0 4.504193740276759 770.6433821642374 766.1391884239606
109.0 3.856458058822484 729.2770799171977 725.4206218583752
110.0 2.992185480998044 765.9722443015517 762.9800588205537
111.0 3.487767745948115 760.8235324006947 757.3357646547466
112.0 3.407275606395493 752.0057505051114 748.5984748987159
113.0 5.68398752234114 805.722137 800.0381494776589
114.0 4.942449477603674 789.722137 784.7796875223963
115.0 3.161122677230372 772.1641196717359 769.0029969945055
116.0 3.349411610359158 772.2507897397633 768.9013781294041
117.0 3.288526809754794 776.2666931128626 772.9781663031078
118.0 3.878303286571191 778.9625863039268 775.0842830173557
119.0 3.399287497759968 778.9825039238403 775.5832164260803
120.0 3.624506405982818 775.1331455116219 771.5086391056391
121.0 3.874522281738771 756.7180310561536 752.8435087744149
122.0 3.841965358923547 736.4465918911316 732.6046265322081
123.0 3.241579793176821 769.2607991783716 766.0192193851947
124.0 4.53176067652114 735.722137 731.1903763234789
125.0 4.73185574787015 785.2597646702261 780.527908922356
126.0 3.439062044682307 755.829417547191 752.3903555025087
127.0 5.356467157383269 800.5025583645359 795.1460912071526
128.0 3.429447425796308 752.8153864933525 749.3859390675561
129.0 3.506545336390307 766.4343385316731 762.9277931952828
130.0 3.449157707625774 759.7094219691556 756.2602642615298
131.0 3.901721757072242 789.3779499312357 785.4762281741635
132.0 3.475274387211423 772.1700227282726 768.6947483410612
134.0 3.868251375246659 740.4890947890454 736.6208434137987
135.0 3.701191508079696 753.8778807381501 750.1766892300704
136.0 4.34532190247194 761.1550218873304 756.8096999848585
138.0 3.807008108512503 744.1060584036685 740.299050295156
139.0 3.36090538879746 770.7307062818854 767.3698008930879
140.0 3.846435044143491 733.7468452625719 729.9004102184284
141.0 3.765713796187327 756.2421235534309 752.4764097572435
142.0 4.463510477354012 755.722137 751.258626522646
143.0 4.515010328291554 769.722137 765.2071266717084
144.0 2.582358908956953 741.0250678779191 738.4427089689622
145.0 3.122960839012782 753.3971556267833 750.2741947877705
146.0 4.020107410238346 757.2775419700636 753.2574345598253
147.0 3.793869766937962 744.7260108961385 740.9321411292006
148.0 3.822453536341683 760.2025333529963 756.3800798166546
149.0 3.392849242499959 743.8929999333063 740.5001506908063
150.0 6.409091038133606 817.722137 811.3130459618664
151.0 3.839850952705009 729.4683174672882 725.6284665145832
153.0 4.559569782610481 773.722137 769.1625672173895
154.0 3.171967156678685 749.8359333498699 746.6639661931912
156.0 7.072188468136589 827.722137 820.6499485318634
157.0 3.373644595957348 773.1246994189419 769.7510548229845
158.0 4.401962060495423 758.3689878691883 753.9670258086929
160.0 4.00012320196657 776.3308943369689 772.3307711350024
161.0 3.825037446707726 739.1059739999782 735.2809365532705
162.0 3.910667579215598 722.8746786558984 718.9640110766828
163.0 7.901629028271888 839.9768530701943 832.0752240419225
164.0 3.267880328963434 761.5790694753421 758.3111891463786
165.0 4.715135854074997 705.722137 701.007001145925
166.0 6.156482328773061 813.722137 807.5656546712269
167.0 6.571506350585378 829.3804808061505 822.8089744555651
168.0 4.181794631986202 787.2070076942707 783.0252130622845
170.0 4.463456629536934 757.722137 753.2586803704631
171.0 3.538167371846376 751.4977642197788 747.9595968479324
173.0 3.786623378124925 749.8774884291558 746.0908650510309
174.0 2.866801491120842 749.9138006665789 747.0469991754581
175.0 3.845035103351196 739.1694858112095 735.3244507078583
176.0 3.920935079897557 734.8366948885219 730.9157598086243
177.0 4.564960279244547 729.7221371528713 725.1571768736268
178.0 3.525741356655134 741.246761049996 737.7210196933408
180.0 4.663371492736853 713.722137 709.0587655072631
181.0 3.21485392979209 740.6643262488545 737.4494723190624
182.0 6.156482328773061 813.722137 807.5656546712269
183.0 4.479241733519265 747.722137 743.2428952664807
184.0 4.649742893424458 710.8508095281075 706.2010666346831
185.0 6.936726237829677 825.7221370270685 818.7854107892388
186.0 3.935484769490329 718.7283905963666 714.7929058268763
187.0 3.735659749790174 749.9239060260784 746.1882462762883
188.0 4.516010379295482 787.5831505497007 783.0671401704052
189.0 4.611387433989895 721.9691898508121 717.3578024168222
190.0 4.553559174565919 731.722137 727.1685778254341
191.0 3.85128416773461 745.1112577404813 741.2599735727467
192.0 6.802523447146821 823.722137 816.9196135528532
193.0 4.473369372393685 749.722137 745.2487676276063
194.0 3.878848232890609 714.998784924421 711.1199366915304
196.0 3.873606501569598 729.0414321429517 725.1678256413821
197.0 4.794025060364907 693.722137 688.9281119396351
199.0 3.960135723577131 737.7202624920195 733.7601267684423
200.0 4.706034353481515 781.722137 777.0161026465185
202.0 3.81145171559387 740.7632908389157 736.9518391233218
203.0 6.033820528077277 811.722137 805.6883164719227
204.0 3.985798756401583 716.7224785458642 712.7366797894626
205.0 4.498714882016163 767.722137 763.2234221179838
207.0 4.663371492736853 713.722137 709.0587655072631
208.0 5.181600197143655 795.722137 790.5405368028563
209.0 3.438130316257195 734.8520253594965 731.4138950432393
212.0 4.463510477354012 755.722137 751.258626522646
214.0 3.440338361798569 745.836702243988 742.3963638821895
215.0 3.915321268469258 750.4297988836323 746.514477615163
216.0 4.514995563195011 769.7244010023066 765.2094054391116
219.0 4.612939400517212 721.722137 717.1091975994828
220.0 13.26024250435865 903.722137 890.4618944956413
222.0 3.466785529469042 729.7385817463552 726.2717962168861
224.0 4.472114664112652 764.1590952281405 759.6869805640279
225.0 4.247202923941581 778.8934415818612 774.6462386579196
227.0 3.176198944901031 759.3729084345095 756.1967094896085
230.0 3.852003367165712 753.4231941543629 749.5711907871972
231.0 4.754454130946814 699.722137 694.9676828690532
233.0 4.007530169757078 737.0671965560744 733.0596663863173
234.0 4.276257927336182 740.0590078833424 735.7827499560062
236.0 3.87780293660414 750.0683009506084 746.1904980140042
237.0 3.792780999749911 762.5427041666143 758.7499231668644
238.0 4.038182186381572 702.8851541739135 698.846971987532
239.0 4.479241733519265 747.722137 743.2428952664807
240.0 3.839881622577773 759.9581183635825 756.1182367410048
241.0 4.913482903428181 675.722137 670.8086540965718
242.0 4.580612959185705 724.1573716296888 719.576758670503
243.0 4.344555314779268 731.9664974750838 727.6219421603046
244.0 4.940104568354736 671.722137 666.7820324316453
245.0 4.486135948437641 745.722137 741.2360010515624
246.0 3.812570047192549 755.6347177117107 751.8221476645182
247.0 4.706034353481515 781.722137 777.0161026465185
249.0 5.016404506768972 791.722137 786.705732493231
250.0 4.900178696695704 677.722137 672.8219583033043
251.0 3.926114643968291 743.7833651731213 739.857250529153
252.0 4.311286557927253 765.876589440509 761.5653028825818
253.0 3.467012869011374 758.3410634358314 754.87405056682
254.0 4.511683210785114 739.722137 735.2104537892149
255.0 4.689133907383804 709.722137 705.0330030926162
256.0 4.479241733519265 747.722137 743.2428952664807
257.0 3.207247674294839 743.436896488028 740.2296488137332
258.0 3.418023416975768 741.9714736224402 738.5534502054644
259.0 3.456542307764309 740.4033171768972 736.9467748691329
260.0 3.398758061129891 765.473188845055 762.0744307839251
261.0 4.521473788456537 737.722137 733.2006632115435
262.0 4.559569782610481 773.722137 769.1625672173895
264.0 4.780813293412977 695.722137 690.941323706587
266.0 3.723583334821836 755.5786563374633 751.8550730026414
268.0 3.129567948067695 702.2798364864902 699.1502685384225
269.0 3.461992278173823 733.7465708459089 730.2845785677351
270.0 3.924566494924122 730.3158189399922 726.3912524450681
271.0 4.612939400517212 721.722137 717.1091975994828
272.0 3.990945390020141 715.3819527441397 711.3910073541196
273.0 3.424675166182392 690.912738218252 687.4880630520696
274.0 3.304304711205319 746.8227940897346 743.5184893785293
275.0 2.827863286320564 700.0982251496216 697.270361863301
276.0 2.912689997709308 718.6172717425306 715.7045817448213
277.0 2.850624310779284 722.7910877999347 719.9404634891554
278.0 3.28174029669596 716.1536769093358 712.8719366126398
279.0 4.190528637916722 680.0004863918115 675.8099577538948
280.0 2.847774288412444 699.7790563741532 696.9312820857408
281.0 3.32640104575318 722.1736836409452 718.847282595192
282.0 3.289426132002053 730.3079218942829 727.0184957622809
283.0 3.207164993314146 692.7757188647961 689.5685538714819
284.0 3.696900890605861 731.5136872741816 727.8167863835757
285.0 3.010727675144644 711.6096981874584 708.5989705123137
286.0 4.486135948437641 745.722137 741.2360010515624
287.0 3.963611514843968 732.0711747364303 728.1075632215864
288.0 3.324017545493482 710.7173925395563 707.3933749940628
289.0 4.162066773597994 684.3821466133567 680.2200798397587
290.0 3.185557847058819 694.765677855386 691.5801200083272
291.0 2.929727625250945 705.1078233460651 702.1780957208142
292.0 3.816397564439658 677.1802833760374 673.3638858115978
293.0 3.536304683140166 740.3727022273511 736.836397544211
294.0 3.105469940980103 709.5669706096394 706.4615006686593
295.0 2.589630960222954 716.0699332544279 713.480302294205
296.0 3.199091593079126 749.586172600184 746.3870810071048
297.0 2.509173323293781 706.9948667413718 704.485693418078
298.0 2.960790383822439 678.814136787863 675.8533464040405
299.0 3.810292428305809 677.7237580796972 673.9134656513914
300.0 3.346851873754574 703.9808742589917 700.6340223852371
301.0 2.685907402796037 705.7160915081028 703.0301841053068
302.0 2.97751787010973 695.9250339026352 692.9475160325254
303.0 2.499724593570162 692.4411835601694 689.9414589665992
304.0 2.573605516465763 683.0236483713248 680.450042854859
305.0 3.773029330219438 696.9591945592032 693.1861652289838
306.0 2.553765206081195 685.837976798486 683.2842115924048
307.0 2.357521209607144 687.3189255311019 684.9614043214947
308.0 2.107550417808623 691.678320886198 689.5707704683894
309.0 3.063877592578981 689.6543971781642 686.5905195855852
310.0 2.370199863917468 685.4810259848368 683.1108261209194
311.0 2.493321782888142 679.2109428666485 676.7176210837604
312.0 3.005758345245675 670.6448118431111 667.6390534978655
313.0 3.107958397983715 679.5325436687213 676.4245852707376
314.0 2.402318076847914 679.3305709526514 676.9282528758035
315.0 2.137787639201618 676.3754435374558 674.2376558982542
316.0 2.681191068012336 685.1745435468114 682.493352478799
317.0 2.605730645187032 662.7683684179509 660.1626377727639
318.0 2.462503582082637 670.8652075324403 668.4027039503577
319.0 2.777743636262777 683.5394859226424 680.7617422863796
320.0 2.117251847841498 652.8440616159098 650.7268097680683
321.0 3.256613096093345 656.3323477389956 653.0757346429022
322.0 2.814560473852626 679.5286086840451 676.7140482101925
323.0 2.902941541996077 702.5780591319944 699.6751175899983
324.0 2.430420276354397 676.9650148254075 674.5345945490531
325.0 2.112033908851549 680.3700834870509 678.2580495781994
326.0 2.295796209111745 673.2122763683506 670.9164801592388
327.0 2.166432753915928 662.8233750309974 660.6569422770815
328.0 2.521246186042868 662.3618755255255 659.8406293394827
329.0 2.615024343824973 676.994852245301 674.379827901476
330.0 2.285469819020745 664.6531313823426 662.3676615633218
331.0 2.222110158712649 672.8037221392497 670.581611980537
332.0 1.669941928811136 668.6314681411636 666.9615262123525
333.0 1.866233450975847 650.2085455441113 648.3423120931355
334.0 1.991904822095823 684.1204837265408 682.128578904445
335.0 1.829625530843727 662.3413620466267 660.511736515783
336.0 1.83115332301182 667.1119179959664 665.2807646729546
337.0 1.770537989067761 659.3654181781572 657.5948801890895
338.0 1.833292340026816 661.5210382821973 659.6877459421704
339.0 1.419131481441877 658.8207921424949 657.4016606610531
340.0 2.112905875080799 665.0681453881488 662.955239513068
341.0 1.786166918092848 669.5214027430504 667.7352358249575
342.0 1.818263341237716 652.0758373151403 650.2575739739026
343.0 2.027726761909786 652.3694336947164 650.3417069328067
344.0 1.728530914001981 654.6720182631464 652.9434873491444
345.0 2.180254388133736 661.6182264226452 659.4379720345115
346.0 1.92813574712442 646.7227176765996 644.7945819294751
347.0 1.801750452192591 655.1751246723765 653.373374220184
348.0 1.391779143043005 659.1060645890254 657.7142854459824
349.0 1.50337819184154 663.1874245399891 661.6840463481476
350.0 1.448892721271017 654.046949276919 652.5980565556479
351.0 1.533470855654012 658.6547718370631 657.1213009814091
352.0 1.430473422449181 657.5830268366544 656.1525534142052
353.0 1.395780903800709 654.205295125057 652.8095142212563
354.0 1.530405765049343 649.8932118796827 648.3628061146334
355.0 1.813907129972811 635.0305213741705 633.2166142441977
356.0 1.583680630660236 650.6975191117658 649.1138384811055
357.0 1.395423310227842 657.8186302658595 656.4232069556316
358.0 1.347496713464324 649.7020448671725 648.3545481537082
359.0 1.28192543872792 646.5451168517987 645.2631914130708
360.0 1.191868130864494 650.5269562930947 649.3350881622302
361.0 1.412805296801643 647.3683184811148 645.9555131843132
362.0 1.384319843607486 645.2728926541668 643.8885728105593
363.0 1.37764800727817 649.3783422405912 648.000694233313
364.0 1.367340979116221 643.0838332434524 641.7164922643361
365.0 1.356130222411982 650.2539013331041 648.8977711106921
366.0 1.464818498741953 643.5301831960938 642.0653646973518
367.0 1.241101143879638 642.7527323058192 641.5116311619396
368.0 1.24845949932024 651.7394263848202 650.4909668855
369.0 1.354025729844668 639.4426394701388 638.0886137402941
370.0 1.233583129715039 644.6355875167883 643.4020043870733
371.0 1.274599594218358 640.4796776587748 639.2050780645565
372.0 0.978037471497672 645.2958369049984 644.3177994335007
373.0 1.059054263519371 639.8124238132399 638.7533695497205
374.0 1.307842790635509 636.231884181458 634.9240413908224
375.0 1.143136264395135 646.6394347397204 645.4962984753253
376.0 1.043084781850324 643.1059067899889 642.0628220081385
377.0 1.052886691720612 639.2372113935549 638.1843247018343
378.0 0.7820920516535398 641.4493147708168 640.6672227191633
379.0 0.8350468546720614 637.3903632184558 636.5553163637838
380.0 0.8942080211370909 636.8841516284874 635.9899436073503
381.0 0.6572036958323083 638.2241855106678 637.5669818148355
382.0 0.9553344274923499 636.901513770052 635.9461793425597
383.0 0.7895492343042353 633.0058157233637 632.2162664890595
384.0 0.9196611127216256 638.3142323285111 637.3945712157895
385.0 1.008711469652214 639.7371806110294 638.7284691413772
386.0 0.8963042824800415 631.3045714798251 630.408267197345
387.0 0.7426494495381121 636.93316318537 636.1905137358319
388.0 0.7500975256993235 633.4249267960929 632.6748292703935
389.0 0.9688486234385253 636.7837488029701 635.8149001795316
390.0 0.653762449489435 634.1967118722475 633.5429494227581
391.0 0.8124259849998252 630.7260068476385 629.9135808626387
392.0 0.5776114476180028 633.2240807974838 632.6464693498658
393.0 0.5745517862951067 629.8456599852446 629.2711081989495
394.0 0.7649099006355527 631.3815589253604 630.6166490247248
395.0 0.5212525715601509 629.6799040611756 629.1586514896154
396.0 0.6892877713835859 630.1337920089041 629.4445042375206
397.0 0.7338236932665351 632.3644655533039 631.6306418600374
398.0 0.5452256775310416 628.5543931336509 628.0091674561199
399.0 0.6877226631212854 626.2843444144583 625.596621751337
400.0 0.4831370113124118 624.0769847440713 623.5938477327589
401.0 0.4731735406187307 624.8699393419209 624.3967658013022
402.0 0.5552902334653242 626.41865486914 625.8633646356747
403.0 0.6636229061560804 627.0709561917274 626.4073332855713
404.0 0.3852843016099579 625.4580659064266 625.0727816048166
405.0 0.4773700834769039 621.5310043164985 621.0536342330216
406.0 0.6224814305246112 621.3130984068673 620.6906169763427
407.0 0.3595806760169333 626.4457877110766 626.0862070350597
408.0 0.5395647145760798 623.3555913510571 622.816026636481
409.0 0.4064844631732774 621.8528945093479 621.4464100461746
410.0 0.3448724055693137 616.9351952484994 616.5903228429301
411.0 0.2774547030650279 621.1863044552844 620.9088497522194
412.0 0.4120271470657572 623.0197284349479 622.6077012878821
413.0 0.3265361743273317 616.6304738502397 616.3039376759123
414.0 0.1988667628131852 620.3000733639606 620.1012066011474
415.0 0.2487216557045732 614.1437066299519 613.8949849742474
416.0 0.2284894769225252 616.7462962188274 616.5178067419048
417.0 0.3938733655571215 614.2470762637168 613.8532028981597
418.0 0.2688026881247703 616.7364526508495 616.4676499627247
419.0 0.2065220244161038 618.5888760308515 618.3823540064354
420.0 0.138150161008571 617.1314058898826 616.9932557288741
421.0 0.3043593774724372 614.7714521240687 614.4670927465962
422.0 0.1833002841115107 612.165127885514 611.9818276014025
423.0 0.05519606045966829 611.684108933327 611.6289128728673
424.0 0.07983520499999572 615.6921103896178 615.6122751846178
425.0 0.1313913602551876 611.0682266308436 610.9368352705884
426.0 0.1633490796087339 609.8040681230482 609.6407190434395
427.0 0.08932009533986325 607.3839288231025 607.2946087277626
428.0 0.1626972258050069 607.2403827926202 607.0776855668151
429.0 0.2485394016237956 609.706062743699 609.4575233420752
430.0 0.2401822626315875 603.9318698586636 603.691687596032
431.0 0.1472003441240178 605.5526187557108 605.4054184115868
432.0 0.08878727508818338 607.2733962475046 607.1846089724164
433.0 0.1053023667761855 604.8297982217198 604.7244958549436
434.0 0 604.8770399517658 604.8770399517658
435.0 0.1949243725950005 605.5690331035972 605.3741087310022
436.0 0.1818091322553586 602.5827620899103 602.4009529576549
437.0 0.02693077454144273 604.6186490964536 604.5917183219121
438.0 0.1051307435577489 601.8667573287186 601.7616265851609
439.0 0.09871994283105574 602.3898659282506 602.2911459854195
440.0 0.1374969223718084 601.4901197881717 601.3526228657999
441.0 0.1027800044381414 596.2370143961098 596.1342343916717
442.0 0.03332757794075196 600.6614305549749 600.6281029770342
443.0 0.1437707810078488 599.0485342879674 598.9047635069596
444.0 0.05432995955131682 599.5042424593937 599.4499124998424
445.0 0.02529045389329326 599.774904392698 599.7496139388047
446.0 0.2368407475745729 591.478417435502 591.2415766879274
447.0 0.1192195856308049 604.0824536598676 603.9632340742368
448.0 0.1853682551548906 595.0836967041936 594.8983284490388
449.0 0.04556414895903739 593.965625906485 593.920061757526
450.0 0.2209093836967072 595.8349781480365 595.6140687643398
451.0 0.1584268778963918 594.993304849964 594.8348779720676
452.0 0.03245125953448506 597.6806370694626 597.6481858099281
453.0 0.1530372836074579 591.9276366113785 591.774599327771
454.0 0.1019529202680137 591.8722330447819 591.7702801245139
455.0 0.2766728298229374 591.0199245886675 590.7432517588445
456.0 0.2582384923938538 589.8066898989789 589.548451406585
457.0 0.2536594033637212 587.5654693701151 587.3118099667514
458.0 0.2484448235410736 586.923670278608 586.6752254550669
459.0 0.342588548304828 587.6658676504942 587.3232791021894
460.0 0.171058463177543 587.9369926660815 587.7659342029039
461.0 0.3181120602323855 589.102165739859 588.7840536796266
462.0 0.2427057348844579 587.151320341187 586.9086146063025
463.0 0.2875122783767071 587.4362597812985 587.1487475029218
464.0 0.3260284504353761 584.7168013797429 584.3907729293076
465.0 0.3176827569104261 584.7685625168787 584.4508797599683
466.0 0.5428307512116394 581.0950120047269 580.5521812535153
467.0 0.5635088028271272 586.2876761704177 585.7241673675906
468.0 0.4417277792217875 581.4303369547415 580.9886091755197
469.0 0.4962513291441286 579.7437150142877 579.2474636851435
470.0 0.4898527680587513 582.3140961659464 581.8242433978877
471.0 0.4878506446747644 581.2003560826265 580.7125054379517
472.0 0.5989291153041709 577.8449376714316 577.2460085561274
473.0 0.6913351575506531 577.4869555248393 576.7956203672886
474.0 0.5898339811360181 577.339848200382 576.750014219246
475.0 0.6074227007321643 578.681177362688 578.0737546619558
476.0 0.73514334224538 577.5163990276861 576.7812556854407
477.0 0.7827184496590491 575.9991333710447 575.2164149213857
478.0 0.7452923888429767 577.6088810671093 576.8635886782664
479.0 0.9420047398519421 574.1145235745666 573.1725188347146
480.0 0.8700012481228897 575.7931587062274 574.9231574581045
481.0 0.9582570182337028 574.9006750464926 573.9424180282589
482.0 1.110757331201446 574.2395217891593 573.1287644579578
483.0 1.075757355170112 572.5347828312216 571.4590254760515
484.0 1.156675111522562 569.6316772634163 568.4750021518938
485.0 1.216704733896363 570.4593184923453 569.242613758449
486.0 1.324127256535428 566.79650243926 565.4723751827246
487.0 1.235608661026642 573.2692257459332 572.0336170849065
488.0 1.322821919064008 566.1987839983141 564.8759620792501
489.0 1.457098753998068 570.7305956453203 569.2734968913223
490.0 1.431210819043236 564.6841405132593 563.252929694216
491.0 1.459058960705461 568.488591758619 567.0295327979136
492.0 1.763339789068468 567.0325362845274 565.2691964954589
493.0 1.589537058348515 570.2108061200062 568.6212690616577
494.0 1.667073604521669 567.717621590395 566.0505479858733
495.0 1.930168405669547 567.2420610422238 565.3118926365542
496.0 2.020089682659516 560.495586769912 558.4754970872524
497.0 2.146512827129818 558.3312841799406 556.1847713528108
498.0 2.085326331800494 565.2226332101922 563.1373068783917
499.0 2.135033724717799 566.7226776328523 564.5876439081345
500.0 2.128119063354405 557.3452810660314 555.217162002677
501.0 2.419347126897919 570.2114930653736 567.7921459384757
502.0 2.806935850387543 556.9465655674049 554.1396297170174
503.0 2.675482834591837 561.374850828047 558.6993679934551
504.0 2.587732096923503 558.0483339715371 555.4606018746136
505.0 2.728395806703815 554.5029143270641 551.7745185203603
506.0 2.780394647793548 559.548909487208 556.7685148394144
507.0 3.202227253842991 549.4274521827485 546.2252249289055
508.0 3.287767561859684 552.441085995712 549.1533184338523
509.0 3.04682132111879 561.1887046933242 558.1418833722054
510.0 3.121623705232148 554.0915524591679 550.9699287539358
511.0 3.385401041094581 559.6949594721533 556.3095584310588
512.0 3.663677187804611 550.5805090683111 546.9168318805065
513.0 3.607634441025861 559.8190326169917 556.2113981759658
514.0 3.88688804134951 551.6159755249958 547.7290874836462
515.0 3.715950768190727 551.7509943126285 548.0350435444378
516.0 4.372287693390485 548.9826685179346 544.6103808245441
517.0 3.830602515524487 563.4882228912927 559.6576203757683
518.0 4.383098878667137 540.239397234347 535.8562983556798
519.0 4.365221439920598 575.6728086594211 571.3075872195005
520.0 4.437787550748451 556.9340437089655 552.4962561582171
521.0 5.587556905619344 522.9707682973321 517.3832113917128
522.0 5.313560019645706 529.8525318367661 524.5389718171204
523.0 5.463617083279781 535.3024511984492 529.8388341151694
524.0 6.702791009001852 519.7414588750581 513.0386678660562
525.0 5.180703835064097 544.7993968047208 539.6186929696567
526.0 4.833950715876561 543.4591176344284 538.6251669185518
527.0 5.619054391858078 539.1765885538544 533.5575341619963
528.0 5.829571431473316 533.35692526964 527.5273538381667
529.0 7.911946936016302 519.0723839935159 511.1604370574996
530.0 8.589350899565225 511.1076702597851 502.5183193602199
531.0 6.636467949473761 527.7142751813463 521.0778072318726
532.0 5.601122589853629 562.881177795822 557.2800552059684
533.0 6.931276671526651 522.2173055020682 515.2860288305415
534.0 7.608958288229062 516.4359312578433 508.8269729696143
535.0 8.748283580144244 513.7059002844507 504.9576167043065
536.0 5.729185698355551 569.2833094408383 563.5541237424828
537.0 12.29225124341066 481.14580879584 468.8535575524293
538.0 11.74142041036662 491.027329511218 479.2859091008514
539.0 7.143744625468802 535.1075047153609 527.9637600898921
540.0 5.848025519580603 563.5087382575584 557.6607127379778
541.0 10.9231100705052 501.7094102181634 490.7863001476582
542.0 12.50501019355954 484.2146275467514 471.7096173531919
543.0 13.85629088236311 468.3240761441188 454.4677852617557
544.0 13.54717344211601 488.384227070556 474.83705362844
545.0 13.20545042688702 486.9168368087779 473.7113863818909
546.0 14.48701985933685 465.0614506412151 450.5744307818782
547.0 14.99822259795799 468.7082739757387 453.7100513777807
548.0 17.62324523066966 450.8955265977276 433.272281367058
549.0 18.69751355465437 441.940060549299 423.2425469946447
550.0 13.95122326338373 484.8228620551033 470.8716387917195
551.0 19.51341415355424 434.5797890729545 415.0663749194002
552.0 19.23326429179191 441.3498827434254 422.1166184516335
553.0 18.01285575185103 450.8237217818721 432.8108660300211
554.0 16.5790476094676 460.6906644633231 444.1116168538555
555.0 22.00870642035634 421.6446789679305 399.6359725475741
556.0 20.04822535465 438.5336821647765 418.4854568101265
557.0 23.61352178711378 420.3204978810659 396.7069760939522
558.0 18.119817455389 447.7132566524513 429.5934391970623
559.0 18.94950312663304 444.3450937138844 425.3955905872513
560.0 23.67702401766354 421.4943461066985 397.8173220890349
561.0 27.37208361155219 402.9230175742087 375.5509339626565
562.0 30.94737414281975 384.1071251033112 353.1597509604915
563.0 28.56915754925528 394.8578558248614 366.2886982756061
564.0 29.4777873523089 393.2889924817435 363.8112051294346
565.0 24.911315044879 415.5242503618089 390.6129353169299
566.0 30.90207469902806 382.0887042460832 351.1866295470552
567.0 32.41829716662227 378.6032233388083 346.184926172186
568.0 37.09478305962891 361.684336610516 324.5895535508871
569.0 34.72582685168832 368.6927279767679 333.9669011250796
570.0 38.28987952622662 357.6790182920687 319.3891387658421
571.0 36.51521977863143 363.5823798405442 327.0671600619128
572.0 45.25506279326331 334.4574668144556 289.2024040211923
573.0 36.52333572912446 363.7215109459941 327.1981752168696
574.0 43.48869273941476 341.5567785825853 298.0680858431705
575.0 38.29178536578798 357.7219721739921 319.4301868082041
576.0 54.95553865798138 306.7669401817025 251.8114015237211
577.0 55.51952551865047 304.5752487105949 249.0557231919444
578.0 37.09634042143771 361.7221364156531 324.6257959942154
579.0 47.57138925628899 329.7221327586579 282.1507435023689
580.0 72.58033266273227 262.1114110277518 189.5310783650195
581.0 59.2892747844475 295.7221359816173 236.4328611971698
582.0 66.43504823364996 277.7216169999743 211.2865687663243
583.0 73.17680018781644 263.4866119702297 190.3098117824133
584.0 78.26359103992475 253.7169707076612 175.4533796677365
585.0 91.45950946720556 227.3623782495515 135.902868782346
586.0 89.45360625359841 231.5079489095195 142.0543426559211
587.0 88.44771173920826 233.6488645281886 145.2011527889804
588.0 89.45672377254547 231.5755255670554 142.1188017945099
591.0 102.734436832711 205.722137 102.987700167289
