0.0 5.212806886520657 864.3359863833175 859.1231794967968
1.0 4.284109847558383 871.9933217368786 867.7092118893203
2.0 3.094529154221453 858.3165830513529 855.2220538971314
3.0 2.216751115243473 845.5020961064236 843.2853449911801
4.0 1.952445152053775 854.3529165873097 852.4004714352559
5.0 1.480288238544081 851.7412561307564 850.2609678922123
6.0 1.290191577747665 854.0189798267504 852.7287882490028
7.0 0.9942571522389536 851.0072820326819 850.0130248804429
8.0 0.9168331186759716 852.7706825583163 851.8538494396403
9.0 0.9183045102553377 855.023658820199 854.1053543099437
10.0 0.6443990401288421 852.1436776855423 851.4992786454135
11.0 0.460807835083085 849.3331215719933 848.8723137369102
12.0 0.3305026568040465 848.4351296750161 848.1046270182121
13.0 0.4617045792156318 851.7290867042192 851.2673821250036
14.0 0.2803775263193415 848.2435886462125 847.9632111198932
15.0 0.1858865601738735 846.8079539091381 846.6220673489643
16.0 0.04096384533143492 842.7076186176608 842.6666547723293
17.0 0.1952293882790661 847.0695821479934 846.8743527597143
18.0 0.2029631100443984 847.6411795273374 847.438216417293
19.0 0.02691014623482584 845.599520321656 845.5726101754212
20.0 0.1755067017415349 847.5633268784269 847.3878201766853
21.0 0.07761370623407866 846.2039495943448 846.1263358881107
22.0 0.1781580000032117 847.713572192895 847.5354141928918
23.0 0.1129328909340585 844.6141325570323 844.5011996660982
24.0 0.08101980521989215 843.3608141440062 843.2797943387863
25.0 0.02070905185838978 844.0632332786016 844.0425242267432
26.0 0.1015794148525918 842.9473563780752 842.8457769632226
27.0 0.08656591114418921 840.5853161265998 840.4987502154556
28.0 0.2026812551326348 844.6081869492634 844.4055056941308
29.0 0.08816440762917393 844.4095202989651 844.3213558913359
30.0 0.2105480769998357 845.0912786107554 844.8807305337556
31.0 0.1164343721433727 841.7957662520769 841.6793318799335
32.0 0 838.6462138148163 838.6462138148163
33.0 0.2020184058638146 843.7517049490899 843.5496865432261
34.0 0.1325606738580135 838.6443660558177 838.5118053819597
35.0 0.1022405662376543 838.7617232657483 838.6594826995106
36.0 0.1429383546453478 838.6823024328092 838.5393640781638
37.0 0.1935073724064429 836.8573050626549 836.6637976902485
38.0 0.05788676313161514 833.8947736534541 833.8368868903225
39.0 0.3104658078548239 837.8516171202679 837.5411513124131
40.0 0.2829793552233664 839.861948740222 839.5789693849986
41.0 0.2566564448465332 835.8034007582022 835.5467443133556
42.0 0.2927950112461995 838.3445907487521 838.0517957375059
43.0 0.2719287893886098 835.6209958775414 835.3490670881528
44.0 0.2889756130630573 835.5740786984941 835.2851030854311
45.0 0.4521641202119723 836.6826788904225 836.2305147702105
46.0 0.266759443554338 830.1538475835881 829.8870881400337
47.0 0.400752723506543 830.0929811231171 829.6922283996105
48.0 0.3343494297522526 831.6045424719645 831.2701930422122
49.0 0.3309326825590867 830.7654691615195 830.4345364789604
50.0 0.4333182753777427 829.8526683797587 829.419350104381
51.0 0.3879334352906855 829.7083936383489 829.3204602030582
52.0 0.6015182615743489 831.7717270115866 831.1702087500123
53.0 0.508735957566734 827.6008234759368 827.0920875183701
54.0 0.4490062950351329 826.0592320145524 825.6102257195173
55.0 0.366580313558296 822.1897856508507 821.8232053372924
56.0 0.5440565637781868 825.1581746044523 824.6141180406741
57.0 0.3860901783056826 825.8145676618713 825.4284774835656
58.0 0.6124826948571924 829.2164946834724 828.6040119886153
59.0 0.7076068301324305 823.3914526167252 822.6838457865927
60.0 0.9485150272575177 826.8565833247133 825.9080682974557
61.0 1.077550706867116 826.4838401939329 825.4062894870658
62.0 0.7868050360953212 820.747187963232 819.9603829271366
63.0 0.8420064698202341 814.5150108828625 813.6730044130422
64.0 1.044926944461668 823.5438416864902 822.4989147420285
65.0 0.9025034775698935 822.570843005608 821.6683395280381
66.0 0.8508267989157494 815.6845412969131 814.8337144979974
67.0 1.057974328616674 823.7223666543535 822.6643923257369
68.0 1.223321068621386 824.5303685674056 823.3070474987842
69.0 1.170199081494203 817.2140871747399 816.0438880932457
70.0 1.134278128756728 821.3045169507058 820.170238821949
71.0 1.345277567837602 817.5562614549869 816.2109838871493
72.0 1.230062877644203 811.540665993691 810.3106031160468
73.0 1.695385749908053 822.8857323092433 821.1903465593352
74.0 1.271446451499515 814.481274893233 813.2098284417335
75.0 1.596257794624678 817.6144250124116 816.0181672177869
76.0 1.688239267804086 809.6517310222974 807.9634917544933
77.0 1.864664330706656 814.1428375135635 812.2781731828568
78.0 1.890237137753047 809.8261573688035 807.9359202310504
79.0 1.379974369343972 805.1867649687916 803.8067905994476
80.0 2.283138666741385 822.773846235733 820.4907075689916
81.0 2.122312027715816 819.4734278094079 817.351115781692
82.0 2.164510365753455 814.5607951076337 812.3962847418803
83.0 1.968011025870046 817.2459159771779 815.2779049513078
84.0 1.635197970107718 805.9848504934551 804.3496525233474
85.0 2.417791560097726 803.3119566488873 800.8941650887895
86.0 1.877247217744335 814.0812863071766 812.2040390894323
87.0 1.886298397865095 804.5886688868734 802.7023704890083
88.0 2.209504001334719 803.8880443451588 801.678540343824
89.0 2.086407463427723 805.9727356748579 803.8863282114302
90.0 2.176940481486135 796.0248572604247 793.8479167789386
91.0 2.360021186159641 800.4570793325659 798.0970581464062
92.0 2.262768564767018 807.8328621040957 805.5700935393286
93.0 2.800807925298491 804.625916975231 801.8251090499325
94.0 2.444241701687418 804.6913437304431 802.2471020287556
95.0 2.35966816420285 794.2744676781698 791.914799513967
96.0 3.776128385594439 814.0178060792424 810.241677693648
97.0 2.679324947552423 787.7114462333722 785.0321212858198
98.0 2.576409160620888 809.6638120911273 807.0874029305064
99.0 2.456862243250221 792.4727944593171 790.0159322160669
100.0 2.823660829075793 794.2581800419063 791.4345192128305
101.0 2.591308975705281 796.640968930629 794.0496599549238
102.0 2.947775723238854 805.2698209291251 802.3220452058862
103.0 3.467959638015964 786.0916051315342 782.6236454935182
104.0 3.607804485608253 798.0188384109219 794.4110339253136
105.0 3.222698711845951 783.7841182909792 780.5614195791333
106.0 2.854769072382849 784.1522937384882 781.2975246661053
107.0 3.664612880057748 788.5864554688878 784.9218425888301
108.0 4.637963097814936 785.2030415157687 780.5650784179538
109.0 4.792048830651398 792.63600678827 787.8439579576186
110.0 3.230869805535295 774.6185390053835 771.3876691998482
111.0 3.912356573051552 771.6254217720065 767.7130651989549
112.0 4.201467231941565 759.3284911993207 755.1270239673791
113.0 4.744844126747573 805.722137 800.9772928732524
114.0 4.559077875082558 789.722137 785.1630591249174
115.0 3.198496612036347 782.3476031531359 779.1491065410996
116.0 3.235206251792399 790.7276532087324 787.49244695694
117.0 3.215221253936577 784.3967686212827 781.1815473673461
118.0 3.542401078490918 797.2811222085577 793.7387211300668
119.0 3.23023800540337 786.8039078793481 783.5736698739448
120.0 3.482235367933728 791.496974829179 788.0147394612452
121.0 4.413412690098728 769.1501049687728 764.736692278674
122.0 5.271561472371817 741.0804358012198 735.808874328848
123.0 3.422783861128312 776.1129532491415 772.6901693880132
124.0 6.100317627603116 735.722137 729.6218193723969
125.0 4.368239911312286 795.7369156313726 791.3686757200603
126.0 4.060329063308132 765.6110033331262 761.5506742698181
127.0 4.517899100151824 806.8192942836269 802.301395183475
128.0 3.834764636724504 780.4880654347843 776.6533007980598
129.0 3.755635960835721 774.8390853733355 771.0834494124998
130.0 3.942508262700267 768.4825772488222 764.5400689861219
131.0 3.425796367152066 794.1833953947806 790.7575990276285
132.0 3.640822294428622 774.2496087232411 770.6087864288125
134.0 4.489857616975131 785.4901691664008 781.0003115494257
135.0 4.195851899639796 779.9881980721603 775.7923461725205
136.0 4.518888003889668 790.7482211199315 786.2293331160418
138.0 4.981954351573409 747.4213605046773 742.4394061531038
139.0 3.187820435235237 790.6465180694881 787.4586976342528
140.0 5.449012580771153 735.7366049737218 730.2875923929507
141.0 4.410229250765366 770.6671730322914 766.256943781526
142.0 5.301104672837035 755.722137 750.421032327163
143.0 4.844546571325238 769.722137 764.8775904286748
144.0 3.40375061415196 767.999579613395 764.595828999243
145.0 3.718480365706796 770.6438137461285 766.9253333804217
146.0 4.345405495664661 779.7638525702192 775.4184470745545
147.0 5.00695714684549 744.760983568958 739.7540264221125
148.0 4.368273524899835 765.8263528811565 761.4580793562567
149.0 4.56775431728562 749.9314284028618 745.3636740855762
150.0 5.059272605035888 817.722137 812.6628643949641
151.0 4.72027712104117 789.0784488107444 784.3581716897032
153.0 4.745033687887706 773.722137 768.9771033121123
154.0 3.881647801958656 764.8888705034765 761.0072227015179
156.0 5.382284179840228 827.722137 822.3398528201598
157.0 3.320075527677977 783.5481405764661 780.2280650487881
158.0 4.689933491992968 790.5268046065174 785.8368711145245
160.0 3.99434925526979 780.51017677254 776.5158275172702
161.0 5.194344380418619 741.8100562154342 736.6157118350156
162.0 5.908774944138252 723.7353120001803 717.826537056042
163.0 5.769035333451556 842.2008734204766 836.4318380870251
164.0 3.398322528171263 786.0506646143665 782.6523420861953
165.0 7.383087265266466 705.722137 698.3390497347335
166.0 4.943158280433597 813.722137 808.7789787195664
167.0 4.782543994222296 830.525364114626 825.7428201204037
168.0 3.852211807075111 787.7640050869359 783.9117932798608
170.0 5.228201181556488 757.722137 752.4939358184435
171.0 4.115510797477682 772.6861305606444 768.5706197631667
173.0 4.772341371361365 752.0479446681908 747.2756032968294
174.0 3.37886928365772 773.3744172032076 769.9955479195499
175.0 5.07593372969382 748.7193081646402 743.6433744349464
176.0 4.954161396419147 759.3697092239266 754.4155478275074
177.0 6.353264394792463 729.7234108852712 723.3701464904787
178.0 4.338455195380349 767.9048881371941 763.5664329418137
180.0 7.038046718581633 713.722137 706.6840902814184
181.0 4.053229208487447 771.8266231875565 767.7733939790691
182.0 4.943158280433597 813.722137 808.7789787195664
183.0 5.608799650253483 747.722137 742.1133373497465
184.0 5.109949532855715 812.9657614567478 807.8558119238921
185.0 5.314735486769503 825.722152787171 820.4074173004015
186.0 6.10066355217294 718.7633595160044 712.6626959638315
187.0 4.310195324428106 783.2356066958239 778.9254113713958
188.0 4.062652188344683 795.5378465309978 791.4751943426531
189.0 6.331082090224602 768.8620888257942 762.5310067355696
190.0 6.268605474914395 731.722137 725.4535315250856
191.0 4.779934093762807 758.728618301479 753.9486842077162
192.0 5.248492287224973 823.722137 818.473644712775
193.0 5.529865713060379 749.722137 744.1922712869396
194.0 4.535061937661447 791.0673946013325 786.532332663671
196.0 5.200093401434941 773.942465550386 768.7423721489511
197.0 7.901936012182941 693.722137 685.8202009878171
199.0 4.741385768154377 767.9772809919677 763.2358952238133
200.0 4.605442332532253 781.722137 777.1166946674677
202.0 5.164435638922992 741.0765604428922 735.9121248039692
203.0 4.888876347924426 811.722137 806.8332606520756
204.0 5.708091429985996 739.8138893192434 734.1057978892574
205.0 4.900505264424166 767.722137 762.8216317355758
207.0 7.038046718581633 713.722137 706.6840902814184
208.0 4.588396336062838 795.722137 791.1337406639372
209.0 4.948979388943412 737.4578555551673 732.5088761662239
212.0 5.301104672837035 755.722137 750.421032327163
214.0 4.36719329849377 758.6520930309174 754.2848997324236
215.0 4.514966685069912 770.4979021840706 765.9829354990007
216.0 4.841201501145774 770.2162359938013 765.3750344926555
219.0 6.69438696737382 721.722137 715.0277500326262
220.0 9.027518992215961 903.722137 894.694618007784
222.0 5.150816113623776 733.0031186304783 727.8523025168545
224.0 4.867993652681791 778.1124496306818 773.244455978
225.0 3.878014947971355 799.4601437791955 795.5821288312241
227.0 3.646293188892022 769.6048515035968 765.9585583147048
230.0 4.049751598273441 788.877819737805 784.8280681395316
231.0 7.642380711163524 699.722137 692.0797562888365
233.0 4.665364610546396 772.6619818711199 767.9966172605735
234.0 4.552038689806487 792.7222544968824 788.1702158070759
236.0 4.57174086648457 766.3607802303942 761.7890393639097
237.0 4.326486411837418 764.2331365066884 759.906650094851
238.0 6.769035285055042 703.7453631140375 696.9763278289825
239.0 5.608799650253483 747.722137 742.1133373497465
240.0 4.361236517598579 767.3423669117234 762.9811303941248
241.0 8.681374107808031 675.722137 667.040762892192
242.0 5.323289249377863 807.3705912059056 802.0473019565278
243.0 4.592094745752398 795.3129502767842 790.7208555310318
244.0 8.854660800264991 671.722137 662.867476199735
245.0 5.688792661079414 745.722137 740.0333443389206
246.0 4.509202393983665 762.0103676360118 757.5011652420281
247.0 4.605442332532253 781.722137 777.1166946674677
249.0 4.562878948356594 791.722137 787.1592580516434
250.0 8.594737628644969 677.722137 669.127399371355
251.0 4.651878587415113 768.2433567518268 763.5914781644116
252.0 4.386381739217566 789.8876305692849 785.5012488300674
253.0 3.931012750863778 769.8992011765703 765.9681884257065
254.0 5.93381349920776 739.722137 733.7883235007922
255.0 7.210442863563374 709.722137 702.5116941364366
256.0 5.608799650253483 747.722137 742.1133373497465
257.0 3.98726017127946 765.0979491285782 761.1106889572987
258.0 4.594119219754643 748.4103553984665 743.8162361787119
259.0 4.495577417787688 754.5097187534332 750.0141413356455
260.0 3.811352639882144 767.5335718338104 763.7222191939283
261.0 6.016808369443409 737.722137 731.7053286305566
262.0 4.745033687887706 773.722137 768.9771033121123
264.0 7.815395339812093 695.722137 687.9067416601879
266.0 3.875560036843315 784.9851920102011 781.1096319733578
268.0 5.688566804936224 711.1079094577765 705.4193426528402
269.0 4.852599296527571 743.5358596944463 738.6832603979187
270.0 5.157264714055018 753.3741828183888 748.2169181043338
271.0 6.69438696737382 721.722137 715.0277500326262
272.0 5.784926820034876 737.6382405602076 731.8533137401727
273.0 6.465535225826385 697.4350219545493 690.9694867287229
274.0 3.809412039817219 775.239175757301 771.4297637174837
275.0 4.871521777905721 753.5216508735421 748.6501290956364
276.0 4.242285048369834 755.7127634605079 751.470478412138
277.0 4.368423712802375 743.7748915329858 739.4064678201834
278.0 5.112197976563378 736.013537730847 730.9013397542836
279.0 5.558573827273057 820.3357744076715 814.7772005803985
280.0 4.713025674036149 749.9889317200053 745.2759060459691
281.0 4.4675008376525 765.7596714258952 761.2921705882427
282.0 4.239949816291707 765.5376697005203 761.2977198842286
283.0 5.796144257545234 716.1166610214025 710.3205167638573
284.0 4.369966976499942 780.2544704962766 775.8845035197767
285.0 4.292542446143259 773.644620324623 769.3520778784798
286.0 5.688792661079414 745.722137 740.0333443389206
287.0 4.58047218137348 785.7190301843623 781.1385580029888
288.0 5.217013179793943 736.403966760959 731.1869535811651
289.0 7.525877844405017 687.6578520348251 680.1319741904201
290.0 5.781249961828539 717.5558333736409 711.7745834118123
291.0 5.334640978006235 716.4969918847316 711.1623509067254
292.0 7.190811364710218 690.7172981189903 683.52648675428
293.0 4.263588132956345 764.1147832236709 759.8511950907146
294.0 4.992947569378375 740.5988739177225 735.6059263483442
295.0 4.411053883391792 734.2983464209839 729.8872925375921
296.0 3.861448184658317 767.2798998547414 763.4184516700831
297.0 3.81383460400116 765.4186017196399 761.6047671156387
298.0 6.100728248254619 699.3482931790423 693.2475649307877
299.0 5.521661422862358 810.5361085794912 805.0144471566289
300.0 5.731927202645467 719.867211265754 714.1352840631086
301.0 4.335977538634757 751.7958066896745 747.4598291510398
302.0 4.588689054535322 783.344777016956 778.7560879624207
303.0 5.348178921255651 703.6958051217104 698.3476262004547
304.0 5.428900125908207 711.7335983639244 706.3046982380162
305.0 5.28359308042357 753.8155707048263 748.5319776244028
306.0 5.346279025694031 712.7415286209734 707.3952495952793
307.0 5.168285142760072 710.5431257610375 705.3748406182775
308.0 3.816356417394102 764.1515632941528 760.3352068767587
309.0 5.340054335321233 731.9257345849375 726.5856802496163
310.0 5.277473278052662 707.0857806618555 701.8083073838029
311.0 5.780367825858525 692.6836041254063 686.9032362995478
312.0 6.586742722385807 685.7934910835389 679.2067483611531
313.0 6.197174379968029 703.3076308645689 697.1104564846008
314.0 5.71893758265668 691.3814341272306 685.6624965445739
315.0 5.419867633917702 695.4965952275579 690.0767275936402
316.0 5.294812932789077 720.125737390144 714.8309244573549
317.0 6.366804271869638 683.8504622818651 677.4836580099954
318.0 5.918664297843113 693.4375503394543 687.5188860416112
319.0 6.048638950851129 691.0146224709488 684.9659835200977
320.0 6.387639384549348 664.9667543201045 658.5791149355552
321.0 7.336052586587416 673.0890015179172 665.7529489313298
322.0 5.92520403189004 703.4369093938478 697.5117053619577
323.0 4.127504628655938 767.8273560789706 763.6998514503147
324.0 5.547995775232005 703.4997722236467 697.9517764484147
325.0 5.321381555369749 694.215722513762 688.8943409583922
326.0 5.642447427773656 694.7721847967472 689.1297373689736
327.0 6.030299343664567 676.3116061687602 670.2813068250956
328.0 6.2363256901938 686.8999991780858 680.663673487892
329.0 5.734626000965255 702.5968761061745 696.8622501052093
330.0 5.86331693884067 690.5376119489797 684.674295010139
331.0 5.7139518356204 689.136171107984 683.4222192723636
332.0 5.042705712575555 697.182261095153 692.1395553825774
333.0 6.105654675991968 668.1580518372156 662.0523971612236
334.0 4.347035888908112 747.7572219755328 743.4101860866247
335.0 5.241892096484281 706.1203529341112 700.8784608376269
336.0 5.569359219663823 679.14648749364 673.5771282739762
337.0 5.570764967474096 681.173866553262 675.6031015857879
338.0 5.620127497325027 680.5973536721663 674.9772261748413
339.0 5.050280522483613 693.1096058654783 688.0593253429947
340.0 4.933632667335805 735.5228872339251 730.5892545665893
341.0 4.861817409266276 715.5128894218206 710.6510720125543
342.0 5.083909346463056 758.4750530863909 753.3911437399278
343.0 6.184743147845619 670.790881187996 664.6061380401504
344.0 5.650039529710357 680.9833595337623 675.333320004052
345.0 5.79999442914768 692.2993213807521 686.4993269516044
346.0 6.340477982389338 662.6571560989448 656.3166781165555
347.0 5.510998558050791 693.1794760656101 687.6684775075593
348.0 5.190938823131297 681.1096415570168 675.9187027338855
349.0 4.930466416254646 702.2023161777791 697.2718497615244
350.0 5.423448132030963 678.0779919445568 672.6545438125258
351.0 5.345534087209204 683.1061087162937 677.7605746290845
352.0 5.135363893990286 690.2098405896305 685.0744766956402
353.0 5.503188233840261 671.1947376680626 665.6915494342224
354.0 5.709015264696017 670.7845372049279 665.0755219402319
355.0 6.688898865360732 648.8975873180675 642.2086884527067
356.0 5.821813643772128 667.3541356461325 661.5323220023604
357.0 5.346934204954137 674.221256082098 668.8743218771439
358.0 5.528056336928751 671.6962351925719 666.1681788556432
359.0 5.406942893312869 679.0085297273847 673.6015868340718
360.0 5.265537565715051 675.0372844336851 669.77174686797
361.0 5.76486198433179 664.0866657574886 658.3218037731568
362.0 5.659700084262033 670.2298895757262 664.5701894914642
363.0 5.584031407541265 669.4027001441595 663.8186687366182
364.0 5.835482766663175 662.4307611551266 656.5952783884634
365.0 5.603488005049386 666.3070172739103 660.7035292688609
366.0 5.850774380504633 666.6780504754243 660.8272760949197
367.0 5.676504145950299 663.2678079820792 657.5913038361289
368.0 5.202073600247209 680.9428401829807 675.7407665827335
369.0 5.886238300734083 661.268636672232 655.3823983714979
370.0 5.428555820963005 674.9022867852448 669.4737309642818
371.0 5.880464947517555 656.7046006073189 650.8241356598014
372.0 5.223084301868139 672.169845641645 666.9467613397769
373.0 5.552778186871837 663.3025926244573 657.7498144375855
374.0 5.861656390658825 665.5141151374665 659.6524587468077
375.0 5.245553612680493 678.611567540854 673.3660139281735
376.0 5.31285422773754 672.7102666572029 667.3974124294654
377.0 5.511713935734318 664.807186954771 659.2954730190367
378.0 5.30857709636604 659.3791093377826 654.0705322414166
379.0 5.46624922237177 658.0911793094856 652.6249300871139
380.0 5.513941298718398 660.279133951375 654.7651926526566
381.0 5.007518146045765 672.8793546897857 667.87183654374
382.0 5.450786197832385 667.7412670143604 662.290480816528
383.0 5.532801841908091 655.977818719733 650.445016877825
384.0 5.408423839929946 664.5230307687722 659.1146069288423
385.0 5.699809142941363 652.4461358090919 646.7463266661505
386.0 5.576316631569227 661.5611844487322 655.984867817163
387.0 5.432014525175578 653.9360331363261 648.5040186111506
388.0 5.499740164347923 656.0616662139438 650.5619260495959
389.0 5.344616422863998 672.8885403809596 667.5439239580956
390.0 5.282579260521141 660.4200302600174 655.1374509994962
391.0 5.608611743584017 656.1730584770045 650.5644467334205
392.0 5.241641075259504 658.6181700516622 653.3765289764027
393.0 5.342975697633935 657.345836905955 652.0028612083211
394.0 5.345604240826592 670.2439592954773 664.8983550546507
395.0 5.291707030283284 658.053927275234 652.7622202449507
396.0 5.522517780031062 654.2521815711936 648.7296637911626
397.0 5.465181391576711 656.2177637205742 650.7525823289975
398.0 5.453490759280969 650.2583046420739 644.8048138827929
399.0 5.64181962723595 650.095689867867 644.4538702406311
400.0 5.466468377006923 650.2282416180471 644.7617732410401
401.0 5.435828883351366 650.8727319446143 645.436903061263
402.0 5.513298289571418 650.3337722939165 644.8204740043451
403.0 5.467503825978719 659.2680663075075 653.8005624815287
404.0 5.334449299504612 651.29307073618 645.9586214366754
405.0 5.642165385939646 644.0825232440151 638.4403578580755
406.0 5.878173814925765 638.8310221800562 632.9528483651304
407.0 5.18690553644908 658.4535492234355 653.2666436869864
408.0 5.654533050128864 643.4990363993042 637.8445033491754
409.0 5.534251421645486 645.2047833909216 639.6705319692761
410.0 5.678020641101673 638.6403756891658 632.9623550480641
411.0 5.474062159958154 641.6928670512596 636.2188048913015
412.0 5.338473049597867 654.7919216140099 649.453448564412
413.0 5.649234580183402 639.4808766824181 633.8316421022347
414.0 4.297849417786005 725.4262323129068 721.1283828951208
415.0 5.589718422631171 641.8073530921868 636.2176346695556
416.0 5.489921752980444 644.6384956948215 639.148573941841
417.0 5.826231933296774 635.8779655915 630.0517336582032
418.0 5.454124791820482 647.350724722958 641.8965999311375
419.0 5.484548311442717 640.0355321160954 634.5509838046527
420.0 5.382630434465165 643.0248764070797 637.6422459726145
421.0 5.578433484174467 645.5636859524858 639.9852524683113
422.0 5.529142584711905 644.2569269819464 638.7277843972345
423.0 5.534546218701226 635.3492199871835 629.8146737684823
424.0 5.390655251050229 640.3632977095718 634.9726424585215
425.0 5.655902184389403 633.3772991305189 627.7213969461295
426.0 5.777487391673227 629.3525339189447 623.5750465272715
427.0 5.725629251302958 631.093596519372 625.3679672680691
428.0 5.83447983556478 630.1939303021306 624.3594504665658
429.0 5.713707716844599 639.8852486031495 634.1715408863049
430.0 5.981970154696551 631.5088400604958 625.5268699057992
431.0 5.820500054138762 631.2552717402673 625.4347716861286
432.0 5.668698467623451 634.9332674027001 629.2645689350767
433.0 5.709813581868088 637.3035435522637 631.5937299703956
434.0 5.700527178991471 631.4462497762561 625.7457225972646
435.0 5.733020913982403 644.9832339490674 639.250213035085
436.0 5.929601320761543 630.7457108280519 624.8161095072904
437.0 5.732185440795782 629.6625449421815 623.9303595013857
438.0 5.856585877615407 632.8917535972082 627.0351677195928
439.0 5.840075339984487 632.8007760865433 626.9607007465588
440.0 5.759298873138383 639.877260099188 634.1179612260496
441.0 5.918634714188503 639.5008805091135 633.582245794925
442.0 5.851523956959028 628.6569287497124 622.8054047927534
443.0 5.978229739598205 629.1511875845209 623.1729578449227
444.0 5.831731878258461 633.7667607204842 627.9350288422257
445.0 5.946677617703297 623.2284610531356 617.2817834354324
446.0 6.456102102667005 616.9006178836734 610.4445157810063
447.0 4.39232636923409 743.2391767482673 738.8468503790332
448.0 6.120554135249372 627.8955793669278 621.7750252316784
449.0 6.109473152205008 621.387165610755 615.27769245855
450.0 6.209563141015718 623.474114327615 617.2645511865993
451.0 6.158455676072693 624.5077964783987 618.349340802326
452.0 5.929441510243949 626.8167615008797 620.8873199906358
453.0 6.381795145279634 613.7919281453964 607.4101330001168
454.0 6.040862766620161 636.045814347143 630.0049515805228
455.0 6.434413678778708 618.922698382871 612.4882847040923
456.0 6.465522715722074 619.2406091322382 612.7750864165162
457.0 6.594073570549411 613.4273806281224 606.833307057573
458.0 6.579071384726784 615.048900434614 608.4698290498872
459.0 6.687997122598124 613.2820645223716 606.5940673997735
460.0 6.532379037924509 610.7128456291833 604.1804665912588
461.0 6.536417112281073 618.8292799542264 612.2928628419453
462.0 6.60650892832322 611.7178683774264 605.1113594491032
463.0 6.407100413418037 628.1292012570326 621.7221008436146
464.0 6.795000864634278 608.5533653220299 601.7583644573956
465.0 6.70309119881017 612.9840351580435 606.2809439592334
466.0 7.15315946530877 604.3665632757718 597.213403810463
467.0 5.430838482548698 716.8365169520686 711.4056784695199
468.0 7.108788096653733 601.5173126969147 594.408524600261
469.0 7.246216615146125 597.8258846974579 590.5796680823118
470.0 6.931911999898529 616.6697442018951 609.7378322019965
471.0 6.962624387267498 615.1390144979897 608.1763901107222
472.0 7.37022037134301 599.4591432390104 592.0889228676674
473.0 7.480207890640388 598.7340396912593 591.2538318006189
474.0 7.336589805880216 601.9362838902611 594.5996940843809
475.0 7.314274231190823 602.8425825103613 595.5283082791705
476.0 7.481015254897576 600.6715353335497 593.1905200786521
477.0 7.51861456402395 604.4198476275845 596.9012330635605
478.0 7.484081070044969 602.2405093120703 594.7564282420253
479.0 7.702957056626911 605.1929739249192 597.4900168682923
480.0 7.622584780964083 603.9118282335925 596.2892434526284
481.0 7.694490696982236 605.4370754362574 597.7425847392752
482.0 8.038686232794317 594.8484141350447 586.8097279022504
483.0 7.985226331838561 598.9589323955962 590.9737060637576
484.0 7.504169927576823 650.5519662952157 643.0477963676389
485.0 8.20591354680686 596.6519461625748 588.4460326157679
486.0 8.555009039766569 585.9307557215357 577.3757466817691
487.0 8.095855285694311 599.7608889823027 591.6650336966084
488.0 8.607959887312107 584.800223044044 576.1922631567319
489.0 8.342759791642522 601.9385203604415 593.5957605687989
490.0 8.803681145173177 581.4155410943614 572.6118599491882
491.0 8.598115189260683 590.9840543999435 582.3859392106828
492.0 8.847552318971373 594.3634561433475 585.5159038243762
493.0 8.657211424289656 592.5876869560441 583.9304755317545
494.0 8.664888846593362 600.6660556831175 592.0011668365242
495.0 8.933554514516064 601.3806131497341 592.4470586352181
496.0 9.469524874438544 582.0169944779476 572.5474696035091
497.0 9.615756106796075 584.6080564508269 574.9923003440308
498.0 9.345812492619999 587.5567564594259 578.2109439668059
499.0 9.321832900997813 590.6364665590802 581.3146336580824
500.0 9.63037667482276 586.3875629180429 576.7571862432202
501.0 9.253270149706334 607.5370753897762 598.2838052400699
502.0 10.5006016515903 574.0006750867257 563.5000734351354
503.0 9.97105992970888 590.0339441790015 580.0628842492927
504.0 10.17048252563833 578.9323383469074 568.7618558212691
505.0 10.51666714530635 571.1703381638106 560.6536710185042
506.0 10.14592079438234 588.848746480522 578.7028256861396
507.0 11.24774229217526 562.8711079439441 551.6233656517689
508.0 11.14683812950293 570.4209300716058 559.2740919421029
509.0 10.45099981480305 584.8755370531252 574.4245372383221
510.0 10.90160824918067 574.3070100663389 563.4054018171583
511.0 10.25389085451556 616.9019836581017 606.6480928035861
512.0 11.52308983283008 573.9913310336421 562.468241200812
513.0 11.27349031649647 573.766834433034 562.4933441165375
514.0 11.75053436122494 571.9312692997721 560.1807349385472
515.0 11.5704391013896 572.9000168483287 561.3295777469391
516.0 12.50516231373186 560.7595678983513 548.2544055846194
517.0 11.35698540499103 577.6562546533398 566.2992692483488
518.0 12.82581508656886 553.0603627188756 540.2345476323067
519.0 11.25306068272141 597.7025476234346 586.4494869407132
520.0 11.9372691047065 585.3677524227098 573.4304833180033
521.0 14.89385575277621 525.631193691643 510.7373379388667
522.0 14.33464560166902 533.7948092274425 519.4601636257735
523.0 14.20993753141212 543.386602723245 529.1766651918329
524.0 16.19636076833932 520.7242968446324 504.5279360762931
525.0 13.59749748339547 551.141937207703 537.5444397243075
526.0 13.31058342848176 548.8716211847443 535.5610377562625
527.0 14.30687735668154 543.259224867653 528.9523475109714
528.0 14.78696694221987 534.8121358899841 520.0251689477642
529.0 17.4424441871121 521.5795214510289 504.1370772639168
530.0 18.43567525415532 513.5484742649344 495.1127990107791
531.0 15.7936734907422 530.9812458337921 515.1875723430499
532.0 13.37184134906512 568.5940652987986 555.2222239497335
533.0 16.33424730548722 523.7143085000798 507.3800611945926
534.0 17.2523710476926 517.6818633653077 500.4294923176151
535.0 18.5316027277814 514.8852080061219 496.3536052783405
536.0 13.39343438467411 569.688061690435 556.2946273057609
537.0 23.35771468716861 484.052426345674 460.6947116585054
538.0 22.39210654128449 495.7165733244719 473.3244667831875
539.0 16.10379294281326 535.5788882623634 519.4750953195502
540.0 13.73252872037947 563.6982240991295 549.96569537875
541.0 21.205543007076 503.7868732417367 482.5813302346607
542.0 23.49687454903146 485.6345387376744 462.1376641886429
543.0 25.46873547850756 470.134848543835 444.6661130653274
544.0 24.42871402662046 489.449539486729 465.0208254601085
545.0 24.08904696570944 489.9243499289182 465.8353029632087
546.0 26.24269423119096 466.8180336925503 440.5753394613594
547.0 26.65509142900212 469.617227877132 442.9621364481299
548.0 30.00944100508954 452.5202471720701 422.5108061669806
549.0 31.4551361346419 443.3249534928558 411.8698173582139
550.0 24.98779540599167 485.45237785004 460.4645824440484
551.0 32.57698325418264 435.5839740717509 403.0069908175683
552.0 32.03879279802888 442.3772279627991 410.3384351647702
553.0 30.43815023915253 451.3659573775121 420.9278071383596
554.0 28.59271780964537 461.2423822346273 432.6496644249819
555.0 35.63871602760152 422.4303682243905 386.791652196789
556.0 32.99574136693996 439.0726657552613 406.0769243883213
557.0 37.35088730101454 421.0251903660472 383.6743030650326
558.0 30.66353631645369 448.2389290769985 417.5753927605448
559.0 31.64455774053895 444.9327434611218 413.2881857205829
560.0 37.38538428141768 421.6327027995976 384.2473185181799
561.0 41.88524193069155 403.3664656877425 361.481223757051
562.0 46.27815916489047 384.4735075387273 338.1953483738368
563.0 43.42731184332977 394.9345197087796 351.5072078654498
564.0 44.42328090036311 393.5057890348065 349.0825081344434
565.0 38.88248717602064 415.6444060929551 376.7619189169345
566.0 46.30841374648852 382.2660516824999 335.9576379360114
567.0 48.00352068743283 378.9501844460886 330.9466637586557
568.0 53.4728490332531 361.7061540016741 308.233304968421
569.0 50.7594296825891 368.8711177384784 318.1116880558893
570.0 54.85733096463653 357.702692733653 302.8453617690164
571.0 52.80219815763609 363.6467842557836 310.8445860981475
572.0 62.91821461750461 334.6834305119225 271.7652158944179
573.0 52.8068302439288 363.7219700617318 310.915139817803
574.0 60.83166716877478 341.6342368640926 280.8025696953178
575.0 54.85822727416207 357.7220952211148 302.8638679469527
576.0 73.98121909326245 306.9624904244269 232.9812713311644
577.0 74.6463511211017 304.732303075573 230.0859519544713
578.0 53.47354101485119 361.7221369199405 308.2485959050893
579.0 65.49569434500633 329.7221361519402 264.2264418069338
580.0 93.87551817124764 262.256307556701 168.3807893854534
581.0 78.87880081213822 295.72213675716 216.8433359450218
582.0 86.94049296204723 277.7219019486067 190.7814089865595
583.0 94.44508820917445 263.5500444824401 169.1049562732656
584.0 100.0741738574485 253.7194543575998 153.6452805001513
585.0 114.7092726432647 227.4388471672071 112.7295745239424
586.0 112.4795166421178 231.5724043748294 119.0928877327116
587.0 111.3598104685953 233.6714366284667 122.3116261598714
588.0 112.4808238068467 231.6124850591184 119.1316612522717
591.0 127.1845482133233 205.722137 78.53758878667669
