0.0 5.107766130571256 866.2671724587825 861.1594063282113
1.0 4.117863429645417 875.8384792332138 871.7206158035684
2.0 3.006096594656642 862.8664031086384 859.8603065139818
3.0 2.197938045423469 852.0400806520708 849.8421426066474
4.0 1.885921720629489 857.6863858475154 855.8004641268859
5.0 1.423765533642501 856.1981395672435 854.774374033601
6.0 1.220529945087714 857.6615795147417 856.4410495696539
7.0 0.9389577031538272 855.5704439251439 854.6314862219901
8.0 0.8507446116460114 857.0297246168933 856.1789800052473
9.0 0.8374629245422424 859.3630015432343 858.525538618692
10.0 0.5799415830363172 856.5795932048755 855.9996516218391
11.0 0.4131372957986674 853.7774911076394 853.3643538118407
12.0 0.2862167094784172 853.3457966114763 853.0595799019979
13.0 0.3992303084086955 856.0169535445981 855.6177232361894
14.0 0.237492011105269 852.9920829123835 852.7545909012782
15.0 0.1518824084354296 851.4688503423098 851.3169679338744
16.0 0.02884721956242149 848.3942688390463 848.3654216194839
17.0 0.1598273070319612 851.6641913945767 851.5043640875447
18.0 0.1619988534993568 852.8179507272975 852.6559518737981
19.0 0 850.1505071056016 850.1505071056016
20.0 0.1369376686736801 852.1345752749147 851.997637606241
21.0 0.04736236019957455 850.6669294241958 850.6195670639962
22.0 0.1399330337816157 851.8992091334238 851.7592760996422
23.0 0.0930923871835911 849.1043999634797 849.0113075762961
24.0 0.06765466175220784 848.256261733553 848.1886070718007
25.0 0.004250745579703147 848.3815944844686 848.3773437388889
26.0 0.08992157940792439 848.1551967632501 848.0652751838422
27.0 0.09048313491033939 845.6172165917112 845.5267334568009
28.0 0.1844371572107835 848.7618137968709 848.5773766396601
29.0 0.06872266191949664 849.0832324535554 849.0145097916359
30.0 0.18953514793754 849.1779718832004 848.9884367352628
31.0 0.1139616251518951 846.4694120421129 846.355450416961
32.0 0.01582426270679702 843.6610427936933 843.6452185309865
33.0 0.1884849922419654 848.1445112264634 847.9560262342214
34.0 0.149998007641407 843.4093066193159 843.2593086116745
35.0 0.1179434492334722 843.7789710918881 843.6610276426546
36.0 0.1589895626304902 843.8134947761918 843.6545052135613
37.0 0.2218052777029608 841.9421405197095 841.7203352420065
38.0 0.1024755392102093 839.5158083598063 839.4133328205961
39.0 0.3329728041008213 842.9798382822655 842.6468654781647
40.0 0.2948373771160181 844.2867586873466 843.9919213102306
41.0 0.2931621611156463 840.5538258447299 840.2606636836143
42.0 0.3134427651231865 843.0308791051648 842.7174363400416
43.0 0.3087829066989258 840.6373115840237 840.3285286773247
44.0 0.3257913404469145 840.7375838780113 840.4117925375643
45.0 0.4853764935855059 841.09777180443 840.6123953108445
46.0 0.3400298843960037 834.7592559766556 834.4192260922596
47.0 0.4712465844170907 835.8680744015305 835.3968278171134
48.0 0.395013139546838 837.3022920489603 836.9072789094134
49.0 0.4000859596202522 835.540748308465 835.1406623488448
50.0 0.5075931110394796 835.0322308712027 834.5246377601632
51.0 0.4643143846729973 834.4426117188542 833.9782973341812
52.0 0.6650200438524463 836.8031500787095 836.1381300348571
53.0 0.5983394608926243 832.6495885454806 832.051249084588
54.0 0.5491240616152284 830.7935710088444 830.2444469472291
55.0 0.4903776099231169 827.0961011064273 826.6057234965042
56.0 0.647895106792243 830.6818429862395 830.0339478794472
57.0 0.4880802746880436 830.3313954423802 829.8433151676921
58.0 0.6935916066247535 833.8453914218584 833.1517998152336
59.0 0.8227342845959869 829.2213101530564 828.3985758684604
60.0 1.043614954901929 832.4955914950692 831.4519765401673
61.0 1.173900383681338 832.7515555546991 831.5776551710177
62.0 0.9238009128944523 825.233340622985 824.3095397100905
63.0 1.012903966493234 820.9496663265742 819.9367623600809
64.0 1.164768849694897 828.2619897816366 827.0972209319417
65.0 1.02929875281582 826.8020326569692 825.7727339041534
66.0 1.017070108699733 821.3113046793726 820.2942345706729
67.0 1.177614893623595 828.2374291769775 827.0598142833539
68.0 1.34158319369683 828.1837017800683 826.8421185863714
69.0 1.330408364636536 822.2559868485494 820.9255784839129
70.0 1.272102053224289 825.1042582667276 823.8321562135033
71.0 1.504536914407649 822.5369031867398 821.0323662723321
72.0 1.426469728449981 816.758180092979 815.331710364529
73.0 1.823458538474449 827.699169085868 825.8757105473936
74.0 1.448525013007136 819.863052973852 818.4145279608448
75.0 1.758945979438477 821.9366412846141 820.1776953051756
76.0 1.900282150452181 814.6782107241468 812.7779285736947
77.0 2.043787269175264 820.7558036211498 818.7120163519746
78.0 2.101890535300497 815.0112271660117 812.9093366307112
79.0 1.617836692906359 810.3967657629259 808.7789290700195
80.0 2.410154262291217 829.1465764140876 826.7364221517964
81.0 2.27827785167482 823.1710158021994 820.8927379505246
82.0 2.343292051402686 820.988009264903 818.6447172135003
83.0 2.138427296764037 820.6020471245752 818.4636198278112
84.0 1.869267477892662 811.2986761187515 809.4294086408588
85.0 2.665958866840386 811.1753009231717 808.5093420563313
86.0 2.064838116808941 818.20939655723 816.1445584404211
87.0 2.129473834848979 810.3760480011183 808.2465741662693
88.0 2.466495136400966 807.3357879129599 804.8692927765589
89.0 2.323019618198469 811.4229267936773 809.0999071754789
90.0 2.480674222819007 800.5833770523499 798.1027028295309
91.0 2.635439688554553 805.2703796024299 802.6349399138753
92.0 2.492747659309626 811.9525516659954 809.4598040066858
93.0 3.043818432442882 812.1040327611158 809.060214328673
94.0 2.689707534726789 810.634248263349 807.9445407286222
95.0 2.675263342611833 798.9847771118682 796.3095137692564
96.0 3.966421190455912 821.050126191081 817.083705000625
97.0 3.040435440164928 791.8633382943443 788.8229028541794
98.0 2.793109204895633 814.7071190848117 811.914009879916
99.0 2.783801617737518 797.333561075024 794.5497594572865
100.0 3.14432666048583 798.2912089018732 795.1468822413873
101.0 2.894530877296302 801.0059349756574 798.1114040983611
102.0 3.190496928160496 811.8949833062044 808.7044863780439
103.0 3.848229074321025 789.148726316547 785.3004972422259
104.0 3.897529389243843 805.7654807130691 801.8679513238252
105.0 3.618039790107955 786.1654029995008 782.5473632093928
106.0 3.242721351665408 787.5148491454026 784.2721277937372
107.0 4.017892698892218 795.3370982106662 791.319205511774
108.0 5.01721597573973 792.9916058210342 787.9743898452945
109.0 5.095601414797449 808.7422407843136 803.6466393695162
110.0 3.689024527364143 775.6708166871099 771.9817921597458
111.0 4.391346053015697 773.5110096814059 769.1196636283902
112.0 4.763667034414795 760.3402970727356 755.5766300383208
113.0 5.017349928130802 805.722137 800.7047870718692
114.0 4.932633093388245 789.722137 784.7895039066118
115.0 3.600435834387499 785.6138901953462 782.0134543609587
116.0 3.579947116269808 795.1720379066281 791.5920907903583
117.0 3.605826346762573 787.1189855396611 783.5131591928986
118.0 3.848451170486174 801.2931136218313 797.4446624513452
119.0 3.606137058612103 789.3576095513652 785.7514724927531
120.0 3.821481015114495 796.6792199659425 792.857738950828
121.0 4.912481340369346 770.6791951190662 765.7667137786968
122.0 5.958281869929872 741.7602247587687 735.8019428888388
123.0 3.871719698972452 777.468299138174 773.5965794392015
124.0 6.828768946563793 735.722137 728.8933680534362
125.0 4.688975300921677 800.0139018684426 795.324926567521
126.0 4.579411750072371 767.2721092414255 762.6926974913531
127.0 4.772894261051131 809.8000094680583 805.0271152070071
128.0 4.246345598074891 785.6242901739742 781.3779445758993
129.0 4.215640811740137 775.9196784974685 771.7040376857283
130.0 4.443421844893346 769.8516744718937 765.4082526270003
131.0 3.757714427209347 796.1260849255998 792.3683704983905
132.0 4.10614015605325 774.6371750472951 770.5310348912418
134.0 4.855988622101489 796.2739644123977 791.4179757902962
135.0 4.607166531874862 786.9177502868945 782.3105837550196
136.0 4.865194203596271 797.0521512962045 792.1869570926082
138.0 5.626847949573791 747.9356153056495 742.3087673560757
139.0 3.540840432518505 792.4336409642061 788.8928005316876
140.0 6.163352501361678 739.4776555261925 733.3143030248308
141.0 4.876943286468602 779.8908963799743 775.0139530935057
142.0 5.896653672597901 755.722137 749.8254833274021
143.0 5.347721397913549 769.722137 764.3744156020865
144.0 3.892137367440808 773.2026628066652 769.3105254392244
145.0 4.191207516688944 776.3443703686743 772.1531628519853
146.0 4.773013718962271 782.2576282264462 777.4846145074839
147.0 5.67064647364148 744.7670724984387 739.0964260247972
148.0 4.890571831083099 766.6702383241077 761.7796664930246
149.0 5.176786976163705 756.6759496717771 751.4991626956134
150.0 5.257110217781944 817.722137 812.4650267822181
151.0 5.062873616227351 799.8697747407044 794.8069011244771
153.0 5.222013543974771 773.722137 768.5001234560252
154.0 4.403770941297342 766.6519700895796 762.2481991482822
156.0 5.51828800073209 827.722137 822.2038489992679
157.0 3.721998320352515 784.5057471960625 780.78374887571
158.0 5.030594977155532 799.4451938068356 794.41459882968
160.0 4.420880888385058 781.2199280064264 776.7990471180413
161.0 5.876731529121289 742.2374863478278 736.3607548187065
162.0 6.712130278717687 723.8805989564739 717.1684686777562
163.0 5.811509399337604 843.3624125988267 837.5509031994891
164.0 3.775835711206253 789.7828668602762 786.00703114907
165.0 8.311428486065289 705.722137 697.4107085139347
166.0 5.165813054045071 813.722137 808.5563239459549
167.0 4.896126824886382 830.7376703173911 825.8415434925047
168.0 4.233450649117951 787.8615445706506 783.6280939215326
170.0 5.810504791596688 757.722137 751.9116322084033
171.0 4.584546479443866 775.9183534020713 771.3338069226275
173.0 5.386858290293888 752.4000524310496 747.0131941407557
174.0 3.84056105982424 776.0763712097107 772.2358101498865
175.0 5.711008885704518 749.8757044358543 744.1646955501498
176.0 5.519390799499243 760.7835527168119 755.2641619173126
177.0 7.12165086347734 729.7282827633434 722.6066318998661
178.0 4.838720890706075 771.4428137666976 766.6040928759915
180.0 7.913064996590147 713.722137 705.8090720034099
181.0 4.511716462686518 780.2648007108708 775.7530842481843
182.0 5.165813054045071 813.722137 808.5563239459549
183.0 6.257432962969077 747.722137 741.4647040370309
184.0 5.322127133163888 817.556767705791 812.2346405726271
185.0 5.463087054438214 825.7221849104779 820.2590978560397
186.0 6.937460425727958 718.7694471971737 711.8319867714458
187.0 4.68914784245924 794.1541988171268 789.4650509746675
188.0 4.3903785370804 797.2661767209592 792.8757981838788
189.0 6.734682815726971 805.8351766112835 799.1004937955565
190.0 7.023691221014384 731.722137 724.6984457789856
191.0 5.348199831402794 760.1669609629104 754.8187611315076
192.0 5.40920031327589 823.722137 818.3129366867241
193.0 6.165215102854588 749.722137 743.5569218971454
194.0 4.887354651959705 794.6730598855404 789.7857052335807
196.0 5.608584068454374 796.0911134698583 790.482529401404
197.0 8.910269876731962 693.722137 684.811867123268
199.0 5.250338340594036 769.3519846542259 764.1016463136319
200.0 5.030412020214396 781.722137 776.6917249797856
202.0 5.852520630016311 741.1305683159401 735.2780476859238
203.0 5.123963824842366 811.722137 806.5981731751576
204.0 6.403561689325639 741.0894135848663 734.6858518955407
205.0 5.416817207262229 767.722137 762.3053197927378
207.0 7.913064996590147 713.722137 705.8090720034099
208.0 4.923800234630204 795.722137 790.7983367653698
209.0 5.657757200430872 737.8377291503245 732.1799719498937
212.0 5.896653672597901 755.722137 749.8254833274021
214.0 4.931634855114277 760.6310518775685 755.6994170224542
215.0 5.005003816497756 772.3225285442188 767.3175247277211
216.0 5.339130462762794 770.9799063784429 765.6407759156801
219.0 7.51609112556632 721.722137 714.2060458744337
220.0 8.701192045135826 903.722137 895.0209449548642
222.0 5.889189287437996 733.4298320789399 727.5406427915019
224.0 5.28853708203086 787.896642871602 782.6081057895712
225.0 4.173462912694311 803.0131745852274 798.8397116725331
227.0 4.137341762527273 771.2215826207706 767.0842408582434
230.0 4.411961080025204 793.0090749789475 788.5971138989223
231.0 8.610717417239611 699.722137 691.1114195827604
233.0 5.14429735368718 773.9068462138892 768.7625488602021
234.0 4.896649196857079 795.5420435328205 790.6453943359634
236.0 5.08920539142301 768.0067360435646 762.9175306521416
237.0 4.86051985848894 764.515321008194 759.654801149705
238.0 7.705619209684014 703.8905171853172 696.1848979756331
239.0 6.257432962969077 747.722137 741.4647040370309
240.0 4.873095533748609 768.4017241159723 763.5286285822237
241.0 9.80970438191387 675.722137 665.9124326180861
242.0 5.54880392547513 819.043815432758 813.4950115072829
243.0 4.922919736826023 797.365743815667 792.442824078841
244.0 10.00965744301267 671.722137 661.7124795569873
245.0 6.350716663960054 745.722137 739.3714203360399
246.0 5.05654118838527 762.927309954822 757.8707687664368
247.0 5.030412020214396 781.722137 776.6917249797856
249.0 4.923678901954638 791.722137 786.7984580980454
250.0 9.709734762308743 677.722137 668.0124022376913
251.0 5.157655442597164 769.9085796646375 764.7509242220404
252.0 4.74186882928795 794.8100397409493 790.0681709116613
253.0 4.42375860652754 770.9452526094516 766.521494002924
254.0 6.635641788594083 739.722137 733.0864952114059
255.0 8.112121819814526 709.722137 701.6100151801855
256.0 6.257432962969077 747.722137 741.4647040370309
257.0 4.508904967676073 766.7707906722723 762.2618857045963
258.0 5.229052178681604 749.2797549821127 744.0507028034311
259.0 5.090970645753516 755.3281833926388 750.2372127468853
260.0 4.318873828602635 768.5980910868919 764.2792172582892
261.0 6.731946530204959 737.722137 730.990190469795
262.0 5.222013543974771 773.722137 768.5001234560252
264.0 8.810396676103129 695.722137 686.9117403238969
266.0 4.2692156287451 786.7166159961598 782.4474003674147
268.0 6.568366757645958 712.1167662440689 705.548399486423
269.0 5.520594077515065 744.3038889714462 738.7832948939311
270.0 5.762239187094202 754.7502337828178 748.9879945957236
271.0 7.51609112556632 721.722137 714.2060458744337
272.0 6.494729319063791 738.9345005512072 732.4397712321434
273.0 7.437554193092261 698.4953936473035 691.0578394542113
274.0 4.262977418055978 777.5865263341852 773.3235489161292
275.0 5.406193643955701 777.0084398532727 771.602246209317
276.0 4.82152668638496 758.6089565909639 753.7874299045789
277.0 5.028630487253448 745.5151434705074 740.486512983254
278.0 5.826067868164909 737.9520129646513 732.1259450964864
279.0 5.709157933883707 829.591417192634 823.8822592587503
280.0 5.324498831416856 755.0231942518548 749.698695420438
281.0 4.981120827791576 769.4607883483492 764.4796675205576
282.0 4.758087876924509 767.9004933760646 763.1424054991401
283.0 6.641938193552956 717.9047898162941 711.2628516227411
284.0 4.790811837679057 783.8059611610126 779.0151493233335
285.0 4.743496686931475 780.6379748366872 775.8944781497557
286.0 6.350716663960054 745.722137 739.3714203360399
287.0 4.951551971595252 794.6415726007709 789.6900206291756
288.0 5.928367544705112 738.5394849364481 732.611117391743
289.0 8.568938171271923 688.1606409645208 679.5917027932488
290.0 6.613084299041325 720.8118034937349 714.1987191946936
291.0 6.176292829038705 717.9541476947711 711.7778548657324
292.0 8.21070256943911 691.6467620004704 683.4360594310313
293.0 4.79775087824253 764.4336167226388 759.6358658443962
294.0 5.670716878126777 744.3584911183248 738.687774240198
295.0 5.132280572081066 735.9878473553812 730.8555667833001
296.0 4.367125918463216 769.3718623612325 765.0047364427693
297.0 4.323128972509228 769.8447890615753 765.5216600890661
298.0 7.056235722904549 700.9668346496193 693.9105989267147
299.0 5.715808260728951 825.313546265768 819.5977380050391
300.0 6.552054635015849 722.1013946937769 715.549340058761
301.0 4.93821643244722 755.4283020295439 750.4900855970966
302.0 4.961307703869796 795.5588148241599 790.5975071202901
303.0 6.271956532407887 705.0814497908544 698.8094932584465
304.0 6.295705607111615 714.9625752783241 708.6668696712125
305.0 5.88782378517966 754.7677898710363 748.8799660858566
306.0 6.206114478880589 715.9860127764403 709.7798982975597
307.0 6.041607258698993 713.6293460036889 707.5877387449899
308.0 4.323920939083989 771.5213472961724 767.1974263570884
309.0 6.079072096119622 734.5370959829062 728.4580238867866
310.0 6.173686614459065 710.1639516652245 703.9902650507655
311.0 6.776213197832868 694.3997908989289 687.6235777010961
312.0 7.631522019369396 687.5758290771369 679.9443070577675
313.0 7.12469676518874 705.9494453943327 698.8247486291439
314.0 6.722770579533611 693.0799663305614 686.3571957510278
315.0 6.392290899059107 698.1775523969904 691.7852614979313
316.0 6.106509006412872 723.5530800448639 717.446571038451
317.0 7.418331358109002 686.9619436234883 679.5436122653793
318.0 6.903659660784713 697.3026845755286 690.3990249147439
319.0 7.05819242938865 692.3393120299806 685.2811196005919
320.0 7.564328683712779 666.7323909969442 659.1680623132314
321.0 8.466531146956707 674.9400891069731 666.4735579600164
322.0 6.847804813512369 706.8148600315 699.9670552179877
323.0 4.629494259406311 770.3592716657254 765.7297774063191
324.0 6.467547897111611 706.9626590060286 700.495111108917
325.0 6.305425705972528 695.6345760558955 689.329150349923
326.0 6.620817526669747 697.4677480367553 690.8469305100856
327.0 7.132998987154697 677.8203345283598 670.6873355412051
328.0 7.266171132575034 690.4054061230575 683.1392349904825
329.0 6.663365857691204 705.352201639111 698.6888357814198
330.0 6.868335430427344 693.7877420460864 686.9194066156591
331.0 6.727600019545816 692.264768461064 685.5371684415182
332.0 5.997192904821694 701.338453686895 695.3412607820733
333.0 7.257932071488919 670.6045924338426 663.3466603623537
334.0 4.92153080235718 768.8952309712418 763.9737001688846
335.0 6.128419388103118 713.952043346066 707.8236239579629
336.0 6.650332962943276 680.8803739823214 674.2300410193781
337.0 6.637221806753518 683.3526739835429 676.7154521767894
338.0 6.690882465666635 682.6956833649238 676.0048008992571
339.0 6.028064421247987 698.0784553298376 692.0503909085897
340.0 5.628400064378806 743.6319431233278 738.003543058949
341.0 5.688064161950772 722.6533397613076 716.9652755993569
342.0 5.539615928079873 794.829598384529 789.2899824564491
343.0 7.320754507413835 673.2115939040508 665.8908393966369
344.0 6.712190964721174 685.090184605126 678.3779936404049
345.0 6.789404035811244 696.7702510115022 689.980846975691
346.0 7.529821895305674 664.9841129073418 657.4542910120361
347.0 6.489793260767783 698.5913570021032 692.1015637413354
348.0 6.254316792041906 683.6375009302427 677.3831841382008
349.0 5.84463809009655 708.6257134206995 702.781075330603
350.0 6.505224312193074 681.360002485784 674.8547781735909
351.0 6.392931611967954 686.9668574832278 680.5739258712599
352.0 6.131891862058532 695.3246350073609 689.1927431453024
353.0 6.631394174015547 673.9137486072642 667.2823544332486
354.0 6.841613178634587 673.3176254691027 666.4760122904682
355.0 7.969394240011967 650.9093050221248 642.9399107821128
356.0 6.977882854992666 669.6562654107024 662.6783825557097
357.0 6.458217111453717 675.8451859245821 669.3869688131284
358.0 6.650771045781576 675.1655523714143 668.5147813256327
359.0 6.475171483164656 684.6345676631396 678.1593961799749
360.0 6.366346188421576 678.1269535748346 671.760607386413
361.0 6.941305698766161 666.4349579753123 659.4936522765461
362.0 6.792046371907688 673.8721731093527 667.080126737445
363.0 6.724453016055405 672.0237641642104 665.299311148155
364.0 7.021031223810328 665.3775616042144 658.3565303804041
365.0 6.765627712634981 668.3715392348238 661.6059115221888
366.0 7.007375041749427 670.2140913841777 663.2067163424283
367.0 6.856657949714113 665.89756055811 659.0409026083959
368.0 6.262061383578358 684.852762320959 678.5907009373807
369.0 7.080150043389352 664.0055421487937 656.9253921054043
370.0 6.52752036430294 679.1622716752115 672.6347513109086
371.0 7.10516628363912 658.9471525438211 651.841986260182
372.0 6.33758056520808 676.651085687282 670.3135051220739
373.0 6.729469114178871 666.6998050535894 659.9703359394105
374.0 7.021332569496056 670.4186471116347 663.3973145421387
375.0 6.317803990619316 683.432948691265 677.1151447006457
376.0 6.423885677108341 677.3586144702223 670.934728793114
377.0 6.678864785923633 668.0866614786746 661.4077966927509
378.0 6.511281655106752 662.0110083799573 655.4997267248505
379.0 6.676344293172259 661.300799658894 654.6244553657218
380.0 6.707089147322851 664.531805468068 657.8247163207451
381.0 6.113047185207586 678.2652998586368 672.1522526734292
382.0 6.59158242839604 673.3043216887259 666.7127392603299
383.0 6.756776288705336 659.1685618789784 652.4117855902731
384.0 6.57520680390038 668.289558087821 661.7143512839206
385.0 6.952012683086919 654.244311598544 647.2922989154571
386.0 6.76059271182323 666.0934015082273 659.3328087964041
387.0 6.671965934502966 656.0393995875254 649.3674336530224
388.0 6.720439676821758 660.0979678335584 653.3775281567367
389.0 6.452349428168265 678.2433019107291 671.7909524825609
390.0 6.47524244983805 664.0230226133251 657.5477801634871
391.0 6.828312753103785 660.5021710128695 653.6738582597657
392.0 6.446364237562938 661.9881388590861 655.5417746215232
393.0 6.553811282588078 661.5524093935989 654.9985981110109
394.0 6.463008393812551 677.8775129239946 671.414504530182
395.0 6.495073804291814 663.1280687552016 656.6329949509098
396.0 6.754818491894201 658.3206280283034 651.5658095364092
397.0 6.68770043315563 659.2523490278561 652.5646485947004
398.0 6.714428518460871 653.1780541080826 646.4636255896217
399.0 6.904020910419936 653.3226093729401 646.4185884625202
400.0 6.725768168111245 653.7393647957561 647.0135966276448
401.0 6.690323669311696 654.5437387765264 647.8534151072147
402.0 6.772054224456854 653.9040894945898 647.1320352701329
403.0 6.661797799497871 665.1086013116646 658.4468035121667
404.0 6.585400368677869 655.018534344854 648.4331339761762
405.0 6.941383652771247 647.7747190410855 640.8333353883143
406.0 7.216511321131855 641.2433507781689 634.0268394570371
407.0 6.385013596042702 664.1284419664514 657.7434283704087
408.0 6.961547380603574 645.9163826137197 638.9548352331161
409.0 6.826344767210494 648.6437431468928 641.8173983796823
410.0 7.013676907336112 641.8715301348126 634.8578532274765
411.0 6.78946562055193 644.756665733951 637.9672001133991
412.0 6.564292798549403 659.3829861056967 652.8186933071473
413.0 6.979035625240565 642.7924414329129 635.8134058076723
414.0 5.018958231036135 743.4717939931445 738.4528357621083
415.0 6.899926297026745 646.4949885108651 639.5950622138384
416.0 6.77918783209258 650.0404176365046 643.261229804412
417.0 7.180847126313083 638.9891402752499 631.8082931489368
418.0 6.727766019465638 652.0932533365952 645.3654873171295
419.0 6.809892074378525 643.3161036841383 636.5062116097598
420.0 6.686149309827462 646.9468694737651 640.2607201639377
421.0 6.861280497281567 651.3031691638491 644.4418886665675
422.0 6.817980656861262 650.6835644188867 643.8655837620254
423.0 6.889490618525116 638.8246889642668 631.9351983457417
424.0 6.712565517749623 643.8561487458099 637.1435832280603
425.0 7.025169144761315 636.561916678739 629.5367475339777
426.0 7.175333927051621 631.8844255987054 624.7090916716538
427.0 7.108680414171075 634.6771188383669 627.5684384241958
428.0 7.222755429311259 634.1861899563548 626.9634345270436
429.0 7.033832977029932 645.6132266985668 638.5793937215369
430.0 7.356147685177657 637.6564439252185 630.3002962400409
431.0 7.202050438503662 635.1614182982458 627.9593678597422
432.0 7.023165439358776 639.6995820763781 632.6764166370193
433.0 7.044667484969377 643.5612522296372 636.5165847446678
434.0 7.075489897365665 636.9005184895138 629.8250285921482
435.0 7.004532810067684 655.8883037698155 648.8837709597478
436.0 7.312766265501126 635.3912924960223 628.0785262305212
437.0 7.124259337528435 633.2876468077712 626.1633874702427
438.0 7.220196357263417 639.277534071274 632.0573377140106
439.0 7.204879761181604 638.9448090397893 631.7399292786077
440.0 7.076661701756323 646.4689207504926 639.3922590487363
441.0 7.225074671525955 650.7277875514097 643.5027128798837
442.0 7.247116738114823 633.4491000662457 626.2019833281309
443.0 7.371437631858336 633.9317654655291 626.5603278336708
444.0 7.186788175834571 641.0572188027691 633.8704306269345
445.0 7.380451093878892 627.1376577893842 619.7572066955053
446.0 7.929448723985744 622.1618204598634 614.2323717358777
447.0 4.995502907308343 761.9440447894188 756.9485418821104
448.0 7.521129046578924 633.1540592414629 625.632930194884
449.0 7.55467990611313 625.6852373358901 618.130557429777
450.0 7.64271355194374 627.5666190729605 619.9239055210168
451.0 7.581013240071239 629.8035322251294 622.2225189850581
452.0 7.33793462044418 631.3797134146668 624.0417787942226
453.0 7.88114495208309 616.8863803551944 609.0052354031113
454.0 7.372859190488062 646.3636267968579 638.9907676063698
455.0 7.898558106163121 622.8512509415922 614.9526928354291
456.0 7.923166618308356 624.6847216134479 616.7615549951395
457.0 8.093145451470751 617.7705043046892 609.6773588532185
458.0 8.065670905713002 620.0305401576163 611.9648692519033
459.0 8.188223429160054 617.7605300811875 609.5723066520274
460.0 8.051613173470254 614.0450236778741 605.9934105044038
461.0 7.998565041855283 623.7956235773844 615.7970585355291
462.0 8.118747605919623 615.3672481232017 607.2485005172821
463.0 7.799772507501331 635.9729162565831 628.1731437490817
464.0 8.328722027970149 612.1989535632453 603.8702315352752
465.0 8.206050523641704 617.1962341685561 608.9901836449144
466.0 8.717468058150739 607.5046763387914 598.7872082806407
467.0 6.224495580114741 731.3732558928359 725.1487603127212
468.0 8.690662687049558 604.8111035602099 596.1204408731604
469.0 8.855539210552885 600.1587395025583 591.3032002920054
470.0 8.401207143324345 624.6103409715939 616.2091338282696
471.0 8.443480125407845 622.5812160890396 614.1377359636317
472.0 8.967168924567012 602.6416435114846 593.6744745869176
473.0 9.082780684915674 601.837595336227 592.7548146513113
474.0 8.914089218789402 606.2256524572517 597.3115632384623
475.0 8.886095343423401 607.0472894603505 598.1611941169271
476.0 9.071446120228532 603.6770397279276 594.6055936076991
477.0 9.080301883758712 608.9992241932958 599.9189223095371
478.0 9.061150450546258 606.3324093716609 597.2712589211146
479.0 9.259910493833437 610.0582484976419 600.7983380038084
480.0 9.188416687873412 608.4140456768335 599.2256289889601
481.0 9.250290241602252 610.1743080773168 600.9240178357145
482.0 9.670847952281356 597.5633410342455 587.8924930819642
483.0 9.585143110628407 603.4584911715439 593.8733480609154
484.0 8.731929375167517 666.557922352151 657.8259929769835
485.0 9.822921402083444 600.8400815808073 591.0171601787238
486.0 10.24846463768765 588.3295421270955 578.0810774894078
487.0 9.69416916562469 603.3430083639166 593.6488391982919
488.0 10.30691122464537 587.8778553047306 577.5709440800852
489.0 9.925981387095201 606.3588878495371 596.4329064624419
490.0 10.52707633701689 583.9977912076024 573.4707148705855
491.0 10.25509910075064 594.8088619981033 584.5537628973526
492.0 10.48568113092751 597.7660886966339 587.2804075657064
493.0 10.30615583040112 595.8107385004006 585.5045826699995
494.0 10.25518529576711 606.0649503069947 595.8097650112276
495.0 10.51992846796153 607.1296617804787 596.6097333125172
496.0 11.19222060372532 584.9116037711258 573.7193831674005
497.0 11.31870748521992 588.7854512299239 577.4667437447039
498.0 11.03198759155024 590.5623483453219 579.5303607537716
499.0 10.98679646952636 594.0711900609212 583.0843935913948
500.0 11.31511676895903 592.7969181581226 581.4818013891635
501.0 10.80320977507136 612.9787256533772 602.1755158783058
502.0 12.28263060457446 576.4437337211385 564.161103116564
503.0 11.64397088351322 593.4412393621038 581.7972684785906
504.0 11.9165786837797 582.0855154314303 570.1689367476506
505.0 12.31729440984447 573.4737990697907 561.1565046599463
506.0 11.82659291298616 592.5391715509827 580.7125786379966
507.0 13.10783603626602 564.6330392161025 551.5252031798365
508.0 12.955406399151 573.0053560181922 560.0499496190412
509.0 12.162464727811 587.505787196236 575.343322468425
510.0 12.68030062312943 577.9880391897438 565.3077385666144
511.0 11.74886593167943 622.5955776446051 610.8467117129257
512.0 13.30761711887642 577.6846365009083 564.3770193820319
513.0 13.06431886459873 575.4660336039372 562.4017147393384
514.0 13.55293599225149 574.6097220297226 561.0567860374711
515.0 13.36366411993887 576.1581075244187 562.7944434044798
516.0 14.3876989844894 562.2389975623389 547.8512985778495
517.0 13.12412566472349 579.1535852421448 566.0294595774214
518.0 14.75842520805154 554.9044752069379 540.1460499988864
519.0 12.89218181400768 598.9450796289859 586.0528978149782
520.0 13.65507022709685 587.9715674663367 574.3164972392399
521.0 17.01957745109651 526.0528774545961 509.0333000034996
522.0 16.40405238069022 534.3949155301985 517.9908631495083
523.0 16.21570743860921 544.4578380556047 528.2421306169955
524.0 18.36280423300952 520.818219744746 502.4554155117365
525.0 15.55103170704851 551.8296204011387 536.2785886940901
526.0 15.27673731054332 549.5818945789237 534.3051572683804
527.0 16.3157576295512 543.8170933953386 527.5013357657874
528.0 16.85411250627221 534.9918533701358 518.1377408638636
529.0 19.61086024774086 521.8339516802987 502.2230914325579
530.0 20.66180280057188 513.7877424659082 493.1259396653363
531.0 17.89094568520955 531.4027743537586 513.5118286685491
532.0 15.21361712523179 568.9060491853156 553.6924320600838
533.0 18.48214370300949 523.909155721677 505.4270120186675
534.0 19.44476352157453 517.8513496914625 498.406586169888
535.0 20.75025115463611 514.9868333749703 494.2365822203342
536.0 15.22936648299722 569.7000812744558 554.4707147914586
537.0 25.80341540349431 484.4017390702177 458.5983236667234
538.0 24.75635456383958 496.2971959832361 471.5408414193965
539.0 18.1749354419533 535.608727071189 517.4337916292357
540.0 15.60891774563152 563.7055162175607 548.0965984719292
541.0 23.51177442547188 504.0181396121802 480.5063651867083
542.0 25.93387995155892 485.8233262865459 459.889446334987
543.0 28.0172022023818 470.378607381104 442.3614051787222
544.0 26.84768799466593 489.5149119002222 462.6672239055562
545.0 26.50209645190342 490.2099095502805 463.7078130983771
546.0 28.81729515406636 467.0636613913065 438.2463662372402
547.0 29.21489818781122 469.7205023082833 440.5056041204721
548.0 32.69971585877212 452.6873231367716 419.9876072779995
549.0 34.21339243786026 443.4973257145155 409.2839332766553
550.0 27.43593582491622 485.5024078947497 458.0664720698334
551.0 35.39198020720678 435.7233079690712 400.3313277618644
552.0 34.80699671326198 442.499276769576 407.692280056314
553.0 33.13891404403423 451.4187480924077 418.2798340483735
554.0 31.21856362299504 461.3008858834785 430.0823222604835
555.0 38.55740609814579 422.5450214847466 383.9876153866008
556.0 35.79137117942105 439.1344190270855 403.3430478476645
557.0 40.28960854932484 421.1040982268449 380.8144896775201
558.0 33.38565570794698 448.312949925951 414.927294218004
559.0 34.39407578731911 445.0049294215188 410.6108536341997
560.0 40.32065816384931 421.6458797399398 381.3252215760905
561.0 44.96587640408332 403.4132244442374 358.4473480401541
562.0 49.50757298337388 384.5246796109631 335.0171066275893
563.0 46.57179901737258 394.9444022856423 348.3726032682697
564.0 47.58321433733575 393.5300090150156 345.9467946776798
565.0 41.86559596926117 415.6561001898879 373.7905042206268
566.0 49.55220912956863 382.2915062439783 332.7392971144097
567.0 51.27926104947827 378.998502071079 327.7192410216007
568.0 56.89387148700571 361.7083619852483 304.8144904982426
569.0 54.11724992569027 368.8987538637031 314.7815039380128
570.0 58.31278019499641 357.7052033950649 299.3924232000685
571.0 56.20651768206875 363.6543632303524 307.4478455482837
572.0 66.57215933109433 334.7169532417278 268.1447939106335
573.0 56.21072349108625 363.7220043296961 307.5112808386099
574.0 64.42794341386391 341.6433653574831 277.2154219436192
575.0 58.31356643220842 357.7221040849167 299.4085376527083
576.0 77.88299705823513 306.9921458213677 229.1091487631326
577.0 78.56664415089136 304.7574781528683 226.190834001977
578.0 56.89447299486566 361.7221369433666 304.827663948501
579.0 69.19791804388312 329.7221363594272 260.5242183155441
580.0 98.1900979063756 262.2801047555416 164.090006849166
581.0 82.88379196112734 295.7221368107693 212.8383448496419
582.0 91.11201389699719 277.7219322148813 186.6099183178841
583.0 98.75508748927607 263.5591743315871 164.804086842311
584.0 104.4829855064785 253.7197432702915 149.2367577638131
585.0 119.3794905458761 227.4503126846927 108.0708221388166
586.0 117.1090820593541 231.5814605729732 114.4723785136191
587.0 115.9688279482226 233.6745808018401 117.7057528536175
588.0 117.110153318255 231.6178808110362 114.5077274927811
591.0 132.0732821558349 205.722137 73.64885484416509
