0.0 4.94256894746035 876.6227731652763 871.6802042178159
1.0 3.656146957616627 888.6849903492398 885.0288433916231
2.0 2.765540831285732 881.3711231103676 878.6055822790819
3.0 2.146036739583861 874.0241731751506 871.8781364355668
4.0 1.785017657780845 873.2562572160552 871.4712395582744
5.0 1.313099610873668 874.1152112514166 872.8021116405429
6.0 1.100921772496431 873.1502727435971 872.0493509711007
7.0 0.8310812349406823 873.393634812111 872.5625535771703
8.0 0.7179959389865689 873.9156148415605 873.1976189025739
9.0 0.6580978689257909 875.2150772022907 874.556979333365
10.0 0.451580764908072 873.3051367009914 872.8535559360833
11.0 0.3431358000865098 870.9855369673284 870.6424011672419
12.0 0.2096906393751156 871.4743876603468 871.2646970209717
13.0 0.2836802675026427 872.4787152405575 872.1950349730548
14.0 0.1751920274167992 870.6124813663806 870.4372893389638
15.0 0.120614541749588 869.5817959959798 869.4611814542302
16.0 0.04165597412978033 868.1721413809951 868.1304854068653
17.0 0.1294746305646586 869.2275494411642 869.0980748105995
18.0 0.09390059269082724 870.8191481944961 870.7252476018053
19.0 0 867.9437235096781 867.9437235096781
20.0 0.09531629266460348 869.5202942638916 869.424977971227
21.0 0.04806578714774495 867.3449850680988 867.2969192809511
22.0 0.1124247146961082 868.8189004352304 868.7064757205342
23.0 0.1212287200386936 866.7791459407815 866.6579172207428
24.0 0.1035014345985021 866.7479978701705 866.644496435572
25.0 0.06269744474235584 864.7362390555764 864.6735416108341
26.0 0.1229253376578537 866.9834989337538 866.860573596096
27.0 0.1860124259987398 864.497885167374 864.3118727413753
28.0 0.2437217241056731 864.7079784530771 864.4642567289714
29.0 0.1057170928179783 865.7174339369347 865.6117168441168
30.0 0.2375669184225307 865.2854066077271 865.0478396893046
31.0 0.2031492706271841 864.3008190381807 864.0976697675536
32.0 0.1567463220750228 862.4175381094473 862.2607917873723
33.0 0.2550579345117979 864.5367590357696 864.2817011012578
34.0 0.3112047482182879 861.4213213511918 861.1101166029735
35.0 0.2614722684289965 862.2398050210144 861.9783327525854
36.0 0.3052784603034328 861.8804922493452 861.5752137890418
37.0 0.4040619925472002 861.062265652503 860.6582036599558
38.0 0.3238620599701072 859.7844938844121 859.460631824442
39.0 0.4973817191684029 861.6001403204905 861.1027586013221
40.0 0.4419964660636197 862.0097225439806 861.567726077917
41.0 0.5204315268212589 859.0504774785749 858.5300459517537
42.0 0.4939953080101498 860.2252505069238 859.7312551989136
43.0 0.5332339334196967 858.8950107732488 858.3617768398291
44.0 0.5411362388645406 859.5749290215667 859.0337927827022
45.0 0.7170576666421617 858.5940766087189 857.8770189420767
46.0 0.6985535287979359 854.1129145534236 853.4143610246257
47.0 0.7881564518810019 856.0898058885706 855.3016494366896
48.0 0.685031472279256 856.4539011547519 855.7688696824726
49.0 0.7410847633377496 854.8404849243863 854.0994001610486
50.0 0.8578644476679831 854.429363389353 853.571498941685
51.0 0.8405275200248068 852.9109335801708 852.070406060146
52.0 0.9901263184705134 854.9452097250332 853.9550834065627
53.0 1.007379460111587 852.223444544582 851.2160650844704
54.0 1.007447676650975 850.0920877004591 849.0846400238081
55.0 1.024366747583313 847.3705917791225 846.3462250315392
56.0 1.095713313003395 850.7583623094607 849.6626489964573
57.0 0.9631439316876256 849.0524175200291 848.0892735883414
58.0 1.113073101162922 850.0133166497204 848.9002435485575
59.0 1.304780553517171 849.434294538642 848.1295139851248
60.0 1.465273842950839 851.6349192963275 850.1696454533766
61.0 1.560046746548208 854.7065398310145 853.1464930844663
62.0 1.536295996640155 843.4470366045113 841.9107406078712
63.0 1.65612955793217 844.8762098982005 843.2200803402683
64.0 1.723357904919284 844.9246376155099 843.2012797105906
65.0 1.626460540537041 843.2861890557628 841.6597285152257
66.0 1.662413153784446 844.8900419525142 843.2276287987297
67.0 1.718708983622375 847.071480475799 845.3527714921766
68.0 1.926611987844815 843.8369715936745 841.9103596058297
69.0 2.005327609003921 841.7688422685544 839.7635146595505
70.0 1.925998312542319 840.8271996820294 838.901201369487
71.0 2.190638633242229 840.5713134386436 838.3806748054014
72.0 2.208481535282309 839.0278757122266 836.8193941769443
73.0 2.386498919502699 846.8336141945272 844.4471152750245
74.0 2.189891690477751 838.2315244910378 836.04163280056
75.0 2.476802493500695 839.6229128601206 837.1461103666199
76.0 2.749864700714758 836.272796391919 833.5229316912042
77.0 2.734637150330629 842.1391300626154 839.4044929122847
78.0 2.945257301873116 836.8480719120837 833.9028146102106
79.0 2.578866269946517 829.8750180297249 827.2961517597784
80.0 2.950105505506601 847.0117734221651 844.0616679166585
81.0 3.028753966373639 836.1926820344024 833.1639280680287
82.0 3.058928431158762 840.2538675423126 837.1949391111538
83.0 2.950354848035721 833.5524299763812 830.6020751283455
84.0 2.81112962563808 831.0523358407352 828.2412062150971
85.0 3.518509826933794 839.4788483657617 835.9603385388279
86.0 2.899080187744102 833.8698628210926 830.9707826333485
87.0 3.078916817551653 831.424064969509 828.3451481519574
88.0 3.594573828267586 821.3793815774576 817.78480774919
89.0 3.261118228865393 832.3576055556349 829.0964873267695
90.0 3.687758489593195 822.2381333387063 818.5503748491131
91.0 3.777716752486499 821.7010508081704 817.9233340556839
92.0 3.492712671543563 826.7866184390972 823.2939057675536
93.0 3.943589153693469 835.0145157537539 831.0709266000604
94.0 3.649386168656745 831.4834566205434 827.8340704518867
95.0 3.934402823320331 819.0150359379318 815.0806331146114
96.0 4.737764019014705 837.7121408259595 832.9743768069448
97.0 4.535067184174584 806.1266124623927 801.5915452782181
98.0 3.749658326893299 827.651095613905 823.9014372870117
99.0 4.111633509168266 814.4296911140342 810.318057604866
100.0 4.45412512409976 817.6347221807376 813.1805970566379
101.0 4.099267593998486 822.7374845221941 818.6382169281956
102.0 4.109220413789214 834.5779749746049 830.4687545608157
103.0 5.434531295557151 803.8542458867831 798.419714591226
104.0 4.912100110819344 834.9694322634191 830.0573321525997
105.0 5.334611229858448 794.5561278213601 789.2215165915017
106.0 4.792349744624125 809.5183111453945 804.7259614007703
107.0 5.349109600990874 819.3441704138662 813.9950608128754
108.0 6.25355650781286 831.1716655982354 824.9181090904225
109.0 5.933094153347985 843.9001477491669 837.9670535958189
110.0 5.720080157987567 778.6883914274862 772.9683112694986
111.0 6.455287108185629 779.370442261253 772.9151551530674
112.0 7.185943341097831 763.3161465066802 756.1302031655824
113.0 6.402687133141111 805.722137 799.3194498668589
114.0 6.69690561185694 789.722137 783.0252313881431
115.0 5.208861815073324 807.7967549751005 802.5878931600271
116.0 4.953678924691126 815.1848482526031 810.231169327912
117.0 5.235222333086787 802.4251555434689 797.1899332103821
118.0 5.11437199017942 819.0702071551776 813.9558351649981
119.0 5.170766060325537 806.7404842568512 801.5697181965257
120.0 5.105011534536956 822.6515918924615 817.5465803579246
121.0 7.079314129055991 774.4890930081728 767.4097788791168
122.0 8.863082423506541 743.8226220911266 734.9595396676201
123.0 5.843416422382928 782.3931595483468 776.5497431259639
124.0 9.923901842489071 735.722137 725.7982351575109
125.0 5.960245893518731 821.2089844207134 815.2487385271946
126.0 6.805611463966646 772.3864082089447 765.5807967449781
127.0 5.854538164915663 828.6440809675127 822.789542802597
128.0 5.871230512084606 803.6417861861162 797.7705556740316
129.0 6.252959608521186 778.9319995625407 772.6790399540195
130.0 6.616601167662854 774.0497301478269 767.433128980164
131.0 5.197691476308691 810.4873537734731 805.2896622971644
132.0 6.192915980554954 776.0646387547023 769.8717227741473
134.0 5.973891283322646 836.7269701090274 830.7530788257047
135.0 6.147269037879351 810.3481128771128 804.2008438392334
136.0 6.242512269999873 812.6046980069691 806.3621857369692
138.0 8.382249836242755 749.5806688222663 741.1984189860235
139.0 5.146033554797101 797.2784580186586 792.1324244638615
140.0 8.195423071953414 853.2037634364053 845.0083403644518
141.0 6.286794910403679 829.6865429437023 823.3997480332986
142.0 8.493402871523959 755.722137 747.228734128476
143.0 7.598067447442402 769.722137 762.1240695525576
144.0 5.809476296895095 790.5033292846109 784.6938529877158
145.0 5.889173205255963 809.6342186833969 803.7450454781409
146.0 6.617362889617547 791.148149515132 784.5307866255145
147.0 8.522585863911903 744.7892018597299 736.266615995818
148.0 7.170607665366639 769.2281942158823 762.0575865505157
149.0 6.860155851924632 844.1227005307146 837.2625446787899
150.0 6.362441715402846 817.722137 811.3596952845972
151.0 6.33184359605473 816.8290530015636 810.4972094055088
153.0 7.37412845412408 773.722137 766.3480085458759
154.0 6.647175093348698 771.0128886094219 764.3657135160732
156.0 6.391742778899516 827.722137 821.3303942211005
157.0 5.552498454989139 786.6700099529479 781.1175114979587
158.0 6.232029143373776 825.6499379254108 819.417908782037
160.0 6.346421666904725 783.5893154053565 777.2428937384518
161.0 8.776926141234108 743.6338358173961 734.856909676162
162.0 10.08029247265361 724.3905946368372 714.3103021641836
163.0 6.225291968722022 853.0619109004904 846.8366189317684
164.0 5.373131674768974 800.6639170717301 795.2907853969612
165.0 12.1561485138834 705.722137 693.5659884861166
166.0 6.364208904910276 813.722137 807.3579280950897
167.0 5.673602808416348 831.5279545338174 825.8543517254011
168.0 6.021166575773729 788.2142931004789 782.1931265247051
170.0 8.357583779070419 757.722137 749.3645532209296
171.0 6.561340019642657 784.0351207675612 777.4737807479185
173.0 8.036189095259799 753.5791759546844 745.5429868594246
174.0 5.805241208319202 783.854442979119 778.0492017707998
175.0 8.403745441911164 752.8350303974246 744.4312849555134
176.0 7.953407999275531 763.0500862179823 755.0966782187068
177.0 10.35881931203883 731.5965834094651 721.2377640974263
178.0 6.78710334971765 800.890305869367 794.1032025196493
180.0 11.55782398894457 713.722137 702.1643130110554
181.0 6.017744072961886 821.9348154942739 815.917071421312
182.0 6.364208904910276 813.722137 807.3579280950897
183.0 9.053248335475392 747.722137 738.6688886645246
184.0 6.36714817530457 821.4714772893247 815.1043291140201
185.0 6.382830804457312 825.7248605758916 819.3420297714343
186.0 10.43855319865579 718.791570536147 708.3530173374912
187.0 5.860547883119491 833.6501367834343 827.7895889003148
188.0 5.886453736583123 803.5425646701283 797.6561109335451
189.0 7.01363282949045 877.6882188679899 870.6745860384995
190.0 10.21870321871234 731.722137 721.5034337812877
191.0 7.781728455480509 763.4518119051667 755.6700834496862
192.0 6.375295860789538 823.722137 817.3468411392105
193.0 8.911215764405879 749.722137 740.8109212355941
194.0 6.464649844745217 799.0312053438091 792.5665554990638
196.0 6.511220494102555 845.0947417057821 838.5835212116795
197.0 13.05496231861361 693.722137 680.6671746813864
199.0 7.477909079951465 771.2918538170548 763.8139447371034
200.0 6.987488798845717 781.722137 774.7346482011543
202.0 8.793318585703868 741.3246178054422 732.5312992197383
203.0 6.368982313107638 811.722137 805.3531546868924
204.0 9.3309392103241 743.1222115527234 733.7912723423993
205.0 7.716427442727981 767.722137 760.005709557272
207.0 11.55782398894457 713.722137 702.1643130110554
208.0 6.545005304080883 795.722137 789.1771316959191
209.0 8.659855666284125 739.0309514164977 730.3710957502136
212.0 8.493402871523959 755.722137 747.228734128476
214.0 7.317575933978186 766.131337810252 758.8137618762738
215.0 7.13436079381262 775.9715875024559 768.8372267086433
216.0 7.357526369362986 800.6620028239614 793.3044764545984
219.0 10.96092216861066 721.722137 710.7612148313893
220.0 7.840906443408021 903.722137 895.881230556592
222.0 9.000900605798151 734.6641182466101 725.663217640812
224.0 6.464652196440368 842.0257832511493 835.5611310547089
225.0 5.479955272118643 812.3755031077986 806.8955478356799
227.0 6.261540980301707 776.1286193465023 769.8670783662006
230.0 5.940886882376203 804.3004597940543 798.3595729116781
231.0 12.60542051484755 699.722137 687.1167164851524
233.0 7.266100513506584 775.4601558738614 768.1940553603548
234.0 6.465915935543431 799.1315757649591 792.6656598294156
236.0 7.325312582885134 771.5863574263989 764.2610448435138
237.0 7.211494846002297 765.4853221256938 758.2738272796915
238.0 11.57339709269992 704.3999064577339 692.826509365034
239.0 9.053248335475392 747.722137 738.6688886645246
240.0 7.10474058972896 771.4548891036313 764.3501485139023
241.0 14.40438335963308 675.722137 661.3177536403669
242.0 6.413462048213369 832.4565912055259 826.0431291573125
243.0 6.470661111633154 799.4935263967907 793.0228652851576
244.0 14.70433530313904 671.722137 657.017801696861
245.0 9.196372124585227 745.722137 736.5257648754148
246.0 7.427756878069877 765.6108876700182 758.1831307919483
247.0 6.987488798845717 781.722137 774.7346482011543
249.0 6.640119177770127 791.722137 785.0820178222299
250.0 14.25441446337077 677.722137 663.4677225366292
251.0 7.357839752435914 772.7574799113274 765.3996401588915
252.0 6.207032680402725 807.9131255676428 801.7060928872401
253.0 6.591230701227426 773.3045608984447 766.7133301972173
254.0 9.63093832361527 739.722137 730.0911986763847
255.0 11.85685835557911 709.722137 697.8652786444209
256.0 9.053248335475392 747.722137 738.6688886645246
257.0 6.764748776969914 769.9579039574612 763.1931551804913
258.0 7.931174661971903 751.8244463091779 743.893271647206
259.0 7.656812657528805 756.8234686645455 749.1666560070167
260.0 6.379547002837468 794.9380802278889 788.5585332250514
261.0 9.777155082883466 737.722137 727.9449819171165
262.0 7.37412845412408 773.722137 766.3480085458759
264.0 12.90509213701739 695.722137 682.8170448629826
266.0 6.039943574320249 790.4017362046529 784.3617926303326
268.0 10.18517025951015 714.7440802944372 704.558910034927
269.0 8.35837581230027 745.8914595644533 737.533083752153
270.0 8.345963408433039 757.0109012694915 748.6649378610584
271.0 10.96092216861066 721.722137 710.7612148313893
272.0 9.474463666942501 741.0564803358447 731.5820166689022
273.0 11.39154124030978 701.8898106660205 690.4982694257107
274.0 6.225089215271961 783.317002287203 777.091913071931
275.0 6.517150144369012 845.1025149992026 838.5853648548336
276.0 7.236363356485449 765.1440935363964 757.9077301799109
277.0 7.790693311443871 749.8857610545821 742.0950677431383
278.0 8.784791775420034 742.3862620738794 733.6014702984593
279.0 6.437139804810819 835.5434252500833 829.1062854452725
280.0 7.801849236709509 763.3677305488742 755.5658813121647
281.0 7.137602052648439 775.7460451712073 768.6084431185588
282.0 6.971895812706123 772.7314400878832 765.7595442751771
283.0 10.10928788363479 721.2749472024368 711.165659318802
284.0 6.606267757075853 789.7450164391695 783.1387486820937
285.0 6.558331102782347 791.3923381777752 784.8340070749929
286.0 9.196372124585227 745.722137 736.5257648754148
287.0 6.21529345019683 824.9116995129049 818.6964060627081
288.0 8.872364140953 743.1602950221159 734.2879308811629
289.0 12.8181449004879 689.7595567714847 676.9414118709968
290.0 9.953009910767813 728.640829851667 718.6878199408991
291.0 9.628514694087264 721.8456715898755 712.2171568957883
292.0 12.36139161321084 693.6236689754699 681.262277362259
293.0 7.155796635961606 764.7528990805305 757.5971024445689
294.0 8.424235344048419 752.1481657970009 743.7239304529525
295.0 8.122663615916421 740.4949276140101 732.3722639980937
296.0 6.528943929780847 775.1058465837331 768.5769026539523
297.0 6.421679524095976 778.9651970750223 772.5435175509263
298.0 10.93543490876583 704.6173447130633 693.6819098042974
299.0 6.447954132270597 837.1587895874834 830.7108354552128
300.0 9.888131288931632 727.9788526196893 718.0907213307576
301.0 7.426362985854881 761.9834828174224 754.5571198315676
302.0 6.353799705334905 810.1757587185763 803.8219590132413
303.0 10.03364824296277 708.9912064257523 698.9575581827896
304.0 9.77112767321514 722.5572528782916 712.7861252050765
305.0 8.492660221258071 755.6446885274591 747.152028306201
306.0 9.649987208801702 724.0609692098035 714.4109820010018
307.0 9.536969056263875 721.9090877862408 712.3721187299769
308.0 6.30398796503572 786.2141384321454 779.9101504671097
309.0 9.119150522965924 739.1780002345079 730.058849711542
310.0 9.74700274857978 719.2251101209925 709.4781073724127
311.0 10.79045674156324 699.4449468218284 688.6544900802652
312.0 11.8296550874201 692.4447019642289 680.6150468768088
313.0 10.84926372082609 712.5243544998996 701.6750907790735
314.0 10.76852042439558 697.9710405882184 687.2025201638228
315.0 10.27553537903113 705.5962771556415 695.3207417766104
316.0 9.364002496159195 731.8629946656127 722.4989921694535
317.0 11.57381276549849 695.9690786635712 684.3952658980727
318.0 10.77256922001968 708.4296514251235 697.6570822051038
319.0 11.13599746454629 696.9413895754592 685.8053921109129
320.0 12.25265324573203 672.0749564508022 659.8223032050702
321.0 12.98816282378798 679.4461458090361 666.4579829852481
322.0 10.51828492567385 715.4184273699124 704.9001424442386
323.0 6.790208501593129 774.4170404317723 767.6268319301792
324.0 10.11621926422048 716.4832763633994 706.3670570991789
325.0 10.29463215694168 699.3316764036341 689.0370442466924
326.0 10.53213721178435 704.2767828692305 693.7446456574462
327.0 11.56122179906767 681.940990836043 670.3797690369753
328.0 11.33238543401858 699.4039131772437 688.0715277432251
329.0 10.386912274498 712.2660190398401 701.8791067653421
330.0 10.85484725965598 702.0109060278691 691.1560587682131
331.0 10.72666073752003 702.6544737442697 691.9278130067496
332.0 9.738458272357317 713.3476512596246 703.6091929872673
333.0 11.82297632101433 677.7870912125025 665.9641148914881
334.0 6.34956895459107 828.1909232470589 821.8413542924678
335.0 9.480059012425424 731.747028429869 722.2669694174436
336.0 10.97889872877338 686.3891931649782 675.4102944362048
337.0 10.90344632105577 688.8046574470777 677.9012111260219
338.0 10.97322606898267 688.2974818117403 677.3242557427576
339.0 9.837498584379427 710.3067929490698 700.4692943646904
340.0 8.327405397453257 755.4304083761702 747.1030029787169
341.0 8.846471250346272 738.7772352929078 729.9307640425615
342.0 6.462063891850877 839.136160030643 832.6740961387921
343.0 11.83026613821357 679.87801114072 668.0477450025065
344.0 10.84607405692539 698.2877045352241 687.4416304782987
345.0 10.66064082972193 708.1749024533636 697.5142616236417
346.0 12.23595707595794 672.2112879551856 659.9753308792277
347.0 10.2875426151416 711.5130008027326 701.225458187591
348.0 10.48371245721142 690.9602171971203 680.4765047399089
349.0 9.355017332406013 723.9009987124577 714.5459813800517
350.0 10.77264447427249 690.167761733625 679.3951172593525
351.0 10.48850997003003 698.9607472659541 688.4722372959241
352.0 9.988514347887616 709.5376698605564 699.5491555126688
353.0 11.08607133754082 682.5551987448352 671.4691274072944
354.0 11.3379195785448 679.8275142268267 668.4895946482819
355.0 13.03502684376818 656.9665731406118 643.9315462968436
356.0 11.56403803328415 676.4373592479449 664.8733212146607
357.0 10.91626858606849 679.9929497030056 669.0766811169371
358.0 11.05027848688135 685.7925604857139 674.7422819988326
359.0 10.57446624240067 700.3148293036541 689.7403630612534
360.0 10.71321222055882 686.600065212575 675.8868529920162
361.0 11.60099212343975 673.389475457809 661.7884833343692
362.0 11.22101126540145 684.8327268775741 673.6117156121727
363.0 11.23657885036218 679.7234587272245 668.4868798768624
364.0 11.68502518090968 674.1290623231559 662.4440371422462
365.0 11.38464143284888 674.6399118443565 663.2552704115076
366.0 11.53379064985582 680.7208278746984 669.1870372248426
367.0 11.52127452059588 673.2187653589719 661.697490838376
368.0 10.42080093389469 695.1437989692562 684.7229980353615
369.0 11.7918882568353 671.5793000163191 659.7874117594838
370.0 10.80565228299557 691.5278201891089 680.7221679061133
371.0 11.9485519132894 665.90825259013 653.9597006768406
372.0 10.65532138081405 690.3100370942928 679.6547157134787
373.0 11.33987698758324 676.6454382653837 665.3055612778004
374.0 11.49725522788003 684.2866538676576 672.7893986397776
375.0 10.47639248241084 696.4662527699477 685.9898602875368
376.0 10.72571731158195 690.9711716950693 680.2454543834874
377.0 11.26362151953107 677.2661130182548 666.0024914987238
378.0 11.25356554127294 670.0183710442421 658.7648055029691
379.0 11.41481962607278 671.3616442670369 659.9468246409641
380.0 11.32136986914638 678.505553187946 667.1841833187996
381.0 10.36994398085582 692.8082892355419 682.438345254686
382.0 10.95166182005959 690.3881331655228 679.4364713454632
383.0 11.56298187277071 667.6166042475987 656.053622374828
384.0 11.12941096232566 679.4156226823971 668.2862117200714
385.0 11.92021892540445 659.8700583305437 647.9498394051392
386.0 11.34831824757689 678.8458802658428 667.4975620182659
387.0 11.58253553118576 662.2520479234928 650.6695123923071
388.0 11.44888774189994 673.4277161171404 661.9788283752405
389.0 10.71455952157147 693.2637632682792 682.5492037467078
390.0 11.14292150717922 673.7754251137959 662.6325036066167
391.0 11.54288225428864 674.2712219456705 662.7283396913818
392.0 11.16108818159777 672.1444571055707 660.9833689239729
393.0 11.24859837320415 674.2442795987356 662.9956812255315
394.0 10.64924707542096 699.1468865793569 688.4976395039359
395.0 11.09544605046981 680.8004522352733 669.7050061848035
396.0 11.52132957704153 672.3053335863489 660.7840040093073
397.0 11.49407938875904 667.4878725204693 655.9937931317103
398.0 11.66531573115434 661.6128061491818 649.9474904180274
399.0 11.84205766165464 662.950693137469 651.1086354758144
400.0 11.64019932702555 664.0991900408969 652.4589907138713
401.0 11.57626458970661 665.6250257557713 654.0487611660647
402.0 11.68219415263042 664.248567274376 652.5663731217456
403.0 11.18739854477317 685.2504518245086 674.0630532797354
404.0 11.46165331973811 665.5458636684314 654.0842103486933
405.0 11.98503326420216 659.780172917339 647.7951396531368
406.0 12.47909199898059 648.5438485003276 636.064756501347
407.0 10.95183625097295 681.8578849711983 670.9060487202254
408.0 12.11211959251822 652.6545780306767 640.5424584381585
409.0 11.86556159323312 658.9131030913488 647.0475414981157
410.0 12.22289558716702 651.8980076373168 639.6751120501498
411.0 11.9291694685685 654.4706834488214 642.5415139802529
412.0 11.30448687388875 672.3602228185409 661.0557359446522
413.0 12.16830509996215 652.4088657704725 640.2405606705104
414.0 7.532800318685993 765.8549954308508 758.3221951121648
415.0 11.93704637178398 661.2504891644045 649.3134427926205
416.0 11.69556813702019 667.4487934357253 655.7532252987051
417.0 12.47050665192568 648.303437636917 635.8329309849913
418.0 11.63791626470245 665.6930370930663 654.0551208283638
419.0 11.97863930354144 653.4127745135681 641.4341352100267
420.0 11.74051735722336 659.0735403437007 647.3330229864773
421.0 11.73431703607327 669.9726792824423 658.238362246369
422.0 11.65556558774991 673.846874466456 662.1913088787061
423.0 12.1642491674669 649.0040224951201 636.8397733276532
424.0 11.86500197032162 653.8346668817264 641.9696649114048
425.0 12.3662170518748 646.0891828423568 633.722965790482
426.0 12.65806410065177 639.2543794016965 626.5963153010447
427.0 12.47726692604282 645.8532410458546 633.3759741198118
428.0 12.57926438231415 647.7090240690682 635.129759686754
429.0 12.02914368999524 666.3154778774577 654.2863341874625
430.0 12.51703137479849 661.0358702785021 648.5188389037037
431.0 12.55405085135359 646.7539978588974 634.1999470075438
432.0 12.20828543947543 656.2550595206997 644.0467740812242
433.0 12.07917174568311 664.5821431800555 652.5029714343724
434.0 12.27212269832711 658.7256646267846 646.4535419284575
435.0 11.54718884958542 691.3551393340623 679.8079504844769
436.0 12.6306185116704 649.4552368428063 636.8246183311359
437.0 12.52829565191342 644.2021127977053 631.6738171457919
438.0 12.35218198507506 661.0629059225422 648.7107239374671
439.0 12.36453370643437 658.7418315386051 646.3772978321707
440.0 12.06823539601956 664.4199569297027 652.3517215336832
441.0 11.91151942816319 684.550139492302 672.6386200641388
442.0 12.59645641932381 648.8011782609352 636.2047218416114
443.0 12.72087263947363 648.4189569905969 635.6980843511233
444.0 12.23446325254557 665.9523321498815 653.7178688973359
445.0 12.90862079882748 640.8216880313334 627.9130672325059
446.0 13.50564402336003 643.3238601915078 629.8182161681478
447.0 7.163827195151319 776.9936865361531 769.8298593410018
448.0 12.87957817347198 648.4596307599732 635.5800525865012
449.0 13.12324753338004 638.7400758326703 625.6168282992903
450.0 13.17921246309349 639.6899854530237 626.5107729899302
451.0 12.99036784409234 648.3358169016695 635.3454490575772
452.0 12.7591686421254 644.7964887393096 632.0373200971842
453.0 13.71301104006 626.3159130242239 612.6029019841639
454.0 12.21772958401259 676.1519277783711 663.9341981943585
455.0 13.56666046223961 633.7234896624371 620.1568292001975
456.0 13.46739997080934 642.4479289781228 628.9805290073135
457.0 13.85607347182151 631.4662097797834 617.6101363079619
458.0 13.74471816206393 636.1888278925808 622.4441097305168
459.0 13.94017819684076 632.7628105861266 618.8226323892858
460.0 13.94403360560789 624.4340904407982 610.4900568351903
461.0 13.59824796004733 638.6147376181353 625.0164896580879
462.0 13.97402997150878 626.1301489719394 612.1561190004306
463.0 12.99932209774304 658.740198486623 645.74087638888
464.0 14.25821589406171 623.6509181387664 609.3927022447047
465.0 13.99569466075945 630.0043625670138 616.0086679062544
466.0 14.79817655554625 616.2769766692677 601.4788001137215
467.0 9.186438854426183 744.7007452269396 735.5143063725134
468.0 14.81103420153916 615.9664682637166 601.1554340621775
469.0 15.14115519310712 606.9377154531289 591.7965602600218
470.0 13.84084279617013 651.7605928541589 637.9197500579888
471.0 13.94869283074255 648.6798805135174 634.7311876827748
472.0 15.16437576767328 611.8896347565113 596.725258988838
473.0 15.2994458661886 611.4698115330537 596.1703656668651
474.0 14.95980423221976 621.3232113485939 606.3634071163742
475.0 14.91880789195572 621.3963338096318 606.4775259176761
476.0 15.25739852940957 612.0033524192451 596.7459538898355
477.0 15.07906282842867 622.0237943682432 606.9447315398146
478.0 15.1254684561383 619.6855786656204 604.5601102094821
479.0 15.23319528725247 623.2674413848605 608.0342460976081
480.0 15.20831343538171 621.0377693890269 605.8294559536452
481.0 15.2173354644821 623.9233482726532 608.7060128081711
482.0 16.02563751268472 605.2132259943776 589.1875884816929
483.0 15.71762661102233 617.6882118987362 601.9705852877139
484.0 13.17177424969609 688.7866478081572 675.6148735584611
485.0 16.04294128666515 613.3280912865992 597.2851499999341
486.0 16.84938362881857 594.9832026825167 578.1338190536982
487.0 15.88202600965793 613.2775381073862 597.3955120977283
488.0 16.87972862041455 598.1085470094538 581.2288183890392
489.0 16.02347414243025 617.9504521880203 601.92697804559
490.0 17.22035366614863 592.3041203948419 575.0837667286933
491.0 16.63147549358209 607.4518089786854 590.8203334851033
492.0 16.83760492228226 606.596116128706 589.7585112064237
493.0 16.696521787372 605.1687844799394 588.4722626925674
494.0 16.33000351312742 620.5096673995811 604.1796638864537
495.0 16.5559339009638 623.2868383114011 606.7309044104373
496.0 17.88080032439797 592.7363662761338 574.8555659517358
497.0 17.87045990505651 600.2716798917346 582.4012199866781
498.0 17.57362647280318 599.2269855409172 581.653359068114
499.0 17.42806790060207 603.9349509685439 586.5068830679418
500.0 17.66735006389741 612.5733461486014 594.905996084704
501.0 16.73003143129274 627.098697556439 610.3686661251463
502.0 19.2076270260777 583.8109054360484 564.6032784099707
503.0 18.13165724233681 601.7147107003807 583.5830534580438
504.0 18.67564241352787 591.1009757647956 572.4253333512677
505.0 19.32496796701865 579.7659172809536 560.440949313935
506.0 18.33228482331855 601.3341737276459 583.0018889043274
507.0 20.36264466944448 569.6075203981203 549.2448757286759
508.0 19.97413441328028 580.65640240853 560.6822679952497
509.0 18.83139012324472 593.6330805945298 574.801690471285
510.0 19.52943894607186 589.0889273132133 569.5594883671415
511.0 17.52202969738778 631.5132619624919 613.9912322651041
512.0 20.19128439526662 587.5006700008825 567.3093856056159
513.0 20.06378297950351 580.1166665035801 560.0528835240765
514.0 20.55277932063822 581.6161426189854 561.0633632983471
515.0 20.29830365650713 585.0354568718379 564.7371532153308
516.0 21.74029952118074 566.3998862600311 544.6595867388504
517.0 20.04680292420293 583.0060521954723 562.9592492712694
518.0 22.28085139701672 560.117299168671 537.8364477716542
519.0 19.35409106839091 601.4525205216405 582.0984294532496
520.0 20.35859978484932 593.1232817332121 572.7646819483628
521.0 25.33191852997276 527.5064571756125 502.1745386456397
522.0 24.49653304069896 536.3668273686394 511.8702943279404
523.0 24.04979070330846 547.4652626542588 523.4154719509504
524.0 26.84608394901348 521.0705830355157 494.2244990865022
525.0 23.208671652753 553.654686090163 530.44601443741
526.0 22.97847225540913 551.6863641404105 528.7078918850014
527.0 24.18466798282467 545.5224372121766 521.3377692293519
528.0 24.96030358210001 535.5537201106677 510.5934165285677
529.0 28.09418456331437 522.5105583236377 494.4163737603233
530.0 29.36236533823324 514.4120097490304 485.0496444107971
531.0 26.09842973868025 532.661308210743 506.5628784720628
532.0 22.47217038011555 569.4718338408662 546.9996634607507
533.0 26.89039748688043 524.5154253498657 497.6250278629852
534.0 28.02094846434014 518.4009613768093 490.3800129124692
535.0 29.42917479617156 515.2361695446342 485.8069947484626
536.0 22.47715947254873 569.7175197071635 547.2403602346148
537.0 35.32129081925158 485.4239430571324 450.1026522378808
538.0 33.95770632263613 497.9761814405049 464.0184751178687
539.0 26.30396079389864 535.6717705075364 509.3678097136377
540.0 23.00856089190264 563.7175982114138 540.7090373195111
541.0 32.5126006548858 504.671223138792 472.1586224839062
542.0 35.42651859614044 486.4191197078018 450.9926011116614
543.0 37.92510279109331 471.1401493559573 433.215046564864
544.0 36.27973441789561 489.645054140943 453.3653197230474
545.0 35.90190084747739 490.9144572612254 455.0125564137481
546.0 38.82298638880128 467.8427135906289 429.0197272018276
547.0 39.17262598320347 470.021277092498 430.8486511092945
548.0 43.14411576003145 453.1208861285527 409.9767703685213
549.0 44.91186972581556 444.0077138197214 399.0958440939058
550.0 36.97779240044129 485.6171195450943 448.639327144653
551.0 46.30462459787118 436.1587785319374 389.8541539340662
552.0 45.54533923162766 442.8499817423007 397.3046425106731
553.0 43.62785942576104 451.5525355290889 407.9246761033279
554.0 41.42622243882106 461.4581121737984 420.0318897349774
555.0 49.86000970053556 422.9181097583599 373.0581000578243
556.0 46.63548237806708 439.3093781218373 392.6738957437702
557.0 51.66955586887767 421.3212374802597 369.651681611382
558.0 43.95326296381258 448.5491687815407 404.5959058177282
559.0 45.06471613442775 445.2147953278547 400.150079193427
560.0 51.69078827591683 421.6791478553355 369.9883595794187
561.0 56.87955369713783 403.5369340896958 346.657380392558
562.0 61.97870090513256 384.6881519366858 322.7094510315532
563.0 58.72656648814723 394.9755501117513 336.248983623604
564.0 59.79526859331913 393.596835553727 333.8015669604079
565.0 53.41517247445953 415.6856585194795 362.27048604502
566.0 62.07856595949742 382.3745548806069 320.2959889211094
567.0 63.92428334436278 379.1500777249892 315.2257943806264
568.0 70.08604609419107 361.7140935714917 291.6280474773006
569.0 67.07105684206931 368.9920305904906 301.9209737484213
570.0 71.63403982098669 357.7118871551133 286.0778473341266
571.0 69.33579459448165 363.6758923497311 294.3400977552494
572.0 80.63614899005422 334.8272449051636 254.1910959151094
573.0 69.33876220816893 363.7220794207218 294.3833172125529
574.0 78.27698478515746 341.6692134337725 263.392228648615
575.0 71.634528363849 357.7221231573937 286.0875947935447
576.0 92.87655484567316 307.0904807621294 214.2139259164562
577.0 93.62983964485907 304.8439732251108 211.2141335802517
578.0 70.08640836889814 361.722136983922 291.6357286150239
579.0 83.44469735644333 329.7221367692913 246.277439412848
580.0 114.7319285728496 262.3633545391745 147.6314259663249
581.0 98.26594921750384 295.7221369235875 197.4561877060837
582.0 107.1186564606682 277.722012848066 170.6033563873978
583.0 115.2805574968751 263.5884362176766 148.3078787208015
584.0 121.3794559361659 253.7205548342843 132.3410988981184
585.0 137.2556513006095 227.4880705304484 90.23241922983883
586.0 134.8329331470725 231.61002936832 96.77709622124745
587.0 133.6159248319044 233.6844492978398 100.0685244659354
588.0 134.8333014748267 231.6353374208171 96.8020359459904
591.0 150.7694748900759 205.722137 54.95266210992404
