0.0 4.883530172459507 894.0052626668758 889.1217324944163
1.0 3.334914484070443 900.6178124139545 897.2828979298841
2.0 2.529961001605653 898.2580842287588 895.7281232271531
3.0 2.040462467044674 893.4800521074623 891.4395896404176
4.0 1.697169605196993 892.6054698965148 890.9083002913179
5.0 1.197589828472737 892.7885642578599 891.5909744293871
6.0 1.020842708807505 890.4404510149299 889.4196083061224
7.0 0.7296442241026934 891.2659008729322 890.5362566488295
8.0 0.6076075374751518 891.3539026512982 890.746295113823
9.0 0.5332800639585464 891.2618152007909 890.7285351368323
10.0 0.3540241711233719 890.3890848331238 890.0350606620004
11.0 0.286685661297757 888.992890476708 888.7062048154103
12.0 0.1411761988999034 889.110492080149 888.9693158812491
13.0 0.2025614029504066 889.4799061352358 889.2773447322854
14.0 0.1267341146271705 888.2294864840423 888.1027523694151
15.0 0.08146443774594992 888.3470676750826 888.2656032373366
16.0 0.03559245023317708 886.6639508673177 886.6283584170846
17.0 0.1063060619005127 887.4367455596582 887.3304394977576
18.0 0.04623203224597313 887.7475874214617 887.7013553892158
19.0 0 886.4149078727548 886.4149078727548
20.0 0.07824564956434884 886.3522172648172 886.2739716152528
21.0 0.07632523106817445 884.7738951982102 884.697569967142
22.0 0.1067963706247154 886.1774075836219 886.0706112129972
23.0 0.1564074856713202 884.7396530474996 884.5832455618283
24.0 0.1384998010834974 884.6604404799036 884.5219406788201
25.0 0.1530832395513559 882.1415009338972 881.9884176943458
26.0 0.1529616906720971 884.8832590014481 884.730297310776
27.0 0.263658658199076 883.5065982027677 883.2429395445687
28.0 0.3404497243033144 881.9984682620944 881.6580185377911
29.0 0.1822299591978135 882.321015914532 882.1387859553342
30.0 0.3194304754356938 882.6610466333177 882.341616157882
31.0 0.2944440564166628 882.5724604476787 882.278016391262
32.0 0.2905143503289637 880.5730350681813 880.2825207178523
33.0 0.3625568781115211 881.1120089741948 880.7494520960832
34.0 0.4633365496371956 880.608897345128 880.1455607954908
35.0 0.4052851693302192 880.1163060492013 879.7110208798711
36.0 0.4666123355893866 879.1424732098059 878.6758608742165
37.0 0.5719671104341986 879.4945837487307 878.9226166382965
38.0 0.513862053052155 878.6403922970242 878.1265302439721
39.0 0.6648356914516496 879.2013760215337 878.5365403300821
40.0 0.6003940844900845 879.3611741307371 878.760780046247
41.0 0.7308370754421005 878.2278723278495 877.4970352524074
42.0 0.7065029132485429 876.7201346615141 876.0136317482655
43.0 0.7664355024491757 876.330726334626 875.5642908321768
44.0 0.7525361754616799 877.5588151315891 876.8062789561275
45.0 0.9486347324480295 877.3883617694166 876.4397270369685
46.0 1.019973735413716 873.7503792295525 872.7304054941388
47.0 1.07514472097349 874.969868127667 873.8947234066935
48.0 0.9882690164144062 872.9015381868248 871.9132691704104
49.0 1.047749487813276 874.3693403235826 873.3215908357693
50.0 1.187160429773381 873.1469219014657 871.9597614716923
51.0 1.207768790424259 871.47029049833 870.2625217079058
52.0 1.32731821630335 872.3044216984097 870.9771034821063
53.0 1.381602599787094 871.8884387668786 870.5068361670915
54.0 1.422930639299215 870.5357477302729 869.1128170909737
55.0 1.494823951178618 868.39175885371 866.8969349025314
56.0 1.508512905544686 870.2176765090966 868.7091636035519
57.0 1.411672454302867 868.4875082826636 867.0758358283608
58.0 1.583776785938668 866.2368858142381 864.6531090282994
59.0 1.767856410029276 867.3578247866246 865.5899683765953
60.0 1.887177945075164 869.3002275802485 867.4130496351733
61.0 1.883879190084324 874.5682846924393 872.684405502355
62.0 2.122411418427831 863.9180657330979 861.79565431467
63.0 2.178333286629345 867.6122393568217 865.4339060701923
64.0 2.313200592895994 862.5201648166906 860.2069642237947
65.0 2.23931019928618 861.9514372672195 859.7121270679333
66.0 2.177310321126847 868.0336797008114 865.8563693796846
67.0 2.224725450333739 866.9963361931312 864.7716107427975
68.0 2.531650222938986 862.7423750114679 860.2107247885289
69.0 2.641530442282539 862.0099857792316 859.368455336949
70.0 2.612241740480285 858.5405167480242 855.928275007544
71.0 2.894033757104707 857.4208630925607 854.526829335456
72.0 2.858499052449673 864.0049200215875 861.1464209691378
73.0 2.917077962879135 866.5732784338876 863.6562004710085
74.0 2.950002974628885 855.0621542818321 852.1121513072032
75.0 3.179976611031434 859.3793621938556 856.1993855828241
76.0 3.501293173827009 858.6557284388596 855.1544352650326
77.0 3.423451818695786 857.6913090800171 854.2678572613213
78.0 3.684054216229391 859.6693528197552 855.9852986035258
79.0 3.531003831170002 847.342451157 843.81144732583
80.0 3.554878255458256 861.0464203167781 857.4915420613199
81.0 3.893210739471885 850.0393201846427 846.1461094451708
82.0 3.82320420105841 853.9023175381225 850.079113337064
83.0 3.860980295229653 848.9301528500311 845.0691725548014
84.0 3.736348961670254 849.0198012363535 845.2834522746833
85.0 4.239459284119831 858.2699340192478 854.0304747351279
86.0 3.778012339970275 851.0138770921 847.2358647521297
87.0 4.02354950182788 846.8677675255829 842.844218023755
88.0 4.740301248801566 843.496755282843 838.7564540340414
89.0 4.152636087755736 851.0942300147738 846.941593927018
90.0 4.745575529616523 848.4319878715943 843.6864123419777
91.0 4.966822299257775 837.9758641982995 833.0090418990417
92.0 4.57633313815827 841.4291136011906 836.8527804630324
93.0 4.79595530087119 854.0145713486023 849.2186160477312
94.0 4.586378489098916 849.2565123861437 844.6701338970448
95.0 5.117648100554037 842.0946641408315 836.9770160402775
96.0 5.665274620305252 845.4292782909195 839.7640036706143
97.0 6.156081519176749 817.2155233551619 811.0594418359851
98.0 4.838388938394892 841.2391192130176 836.4007302746227
99.0 5.474549941452688 830.6502312496133 825.1756813081606
100.0 5.595649906559423 848.8581126604557 843.2624627538963
101.0 5.160196461799788 849.1022750336165 843.9420785718167
102.0 4.975522773789785 852.6145949977293 847.6390722239395
103.0 7.083738953815726 819.0549353696918 811.9711964158761
104.0 5.683045806658915 861.5965609885145 855.9135151818556
105.0 7.293712257445474 801.582857096654 794.2891448392085
106.0 6.105532347237836 841.1630125661668 835.057480218929
107.0 6.443033393614042 853.5756391670562 847.1326057734422
108.0 7.196173278751915 850.5053864042804 843.3092131255285
109.0 6.600203909698766 863.9314782962905 857.3312743865917
110.0 8.116661279827639 780.7216578768509 772.6049965970232
111.0 8.831063746727232 783.1076316605003 774.2765679137731
112.0 9.974777148833044 765.2773089588317 755.3025318099987
113.0 8.211352047280875 805.722137 797.5107849527191
114.0 8.884505839454994 789.722137 780.837631160545
115.0 6.468539312263023 850.6315393032109 844.1629999909479
116.0 6.27885116630549 834.0528680720549 827.7740169057494
117.0 6.871340893751035 821.3516660806138 814.4803251868628
118.0 6.266138149235147 849.1653830271998 842.8992448779647
119.0 6.606995966311112 834.8209297917166 828.2139338254055
120.0 6.115709728160222 856.4602101132994 850.3445003851392
121.0 9.606785653063994 776.2699208906013 766.6631352375373
122.0 12.15129438803086 745.2147570674743 733.0634626794434
123.0 8.131634748323363 786.5554927885923 778.4238580402689
124.0 13.44236244754373 735.722137 722.2797745524563
125.0 7.185191734086944 837.8577491794609 830.6725574453739
126.0 9.35805296567898 775.6402563683181 766.2822034026391
127.0 6.858718525832966 849.8518932475242 842.9931747216912
128.0 7.567566725744211 815.2041657891858 807.6365990634416
129.0 8.65817567047897 780.77692323801 772.1187475675311
130.0 9.131979283426493 776.8608538343339 767.7288745509074
131.0 6.589389287472538 835.1880533872658 828.5986640997933
132.0 8.670821081180196 777.393919639983 768.7230985588028
134.0 6.659495539798644 869.1672498310521 862.5077542912534
135.0 7.444813495319812 852.6123819345731 845.1675684392532
136.0 7.814821560583402 817.8091773634896 809.9943558029062
138.0 11.52770852412739 750.8025084043269 739.2747998801995
139.0 7.07931062235004 800.8384428371102 793.7591322147602
140.0 7.903810548409973 915.7171149773169 907.8133044289069
141.0 7.2176671382642 851.569065198559 844.3513980602948
142.0 11.51347977957951 755.722137 744.2086572204205
143.0 10.27174120610061 769.722137 759.4503957938994
144.0 7.825981776221497 800.7705226057828 792.9445408295613
145.0 7.250672759370918 835.6650327011992 828.4143599418283
146.0 8.296964340915911 850.8381232581441 842.5411589172281
147.0 11.79735070573347 744.8102642760046 733.0129135702712
148.0 9.824763162133213 770.9272108955783 761.1024477334451
149.0 7.119443300459803 886.6425910860259 879.5231477855661
150.0 7.891100922153374 817.722137 809.8310360778466
151.0 7.842531981819536 819.3280067705783 811.4854747887588
153.0 9.949571073402877 773.722137 763.7725659265971
154.0 9.240888131932856 773.1823456971178 763.9414575651849
156.0 7.688525266196407 827.722137 820.0336117338036
157.0 7.772002450959839 787.6282307669572 779.8562283159974
158.0 7.26109534673572 857.195709535828 849.9346141890923
160.0 8.64623092914929 785.4285198306449 776.7822889014956
161.0 12.07167972538934 744.7136206022405 732.6419408768512
162.0 13.86057548225489 724.8436621945434 710.9830867122885
163.0 6.709897431904994 873.4503454726115 866.7404480407065
164.0 7.190448052948752 807.4798148479459 800.2893667949971
165.0 16.42419625083094 705.722137 689.2979407491691
166.0 7.98593246490519 813.722137 805.7362045350948
167.0 6.856315245946948 832.2890596947417 825.4327444487947
168.0 8.224266637349805 788.5439856599707 780.3197190226209
170.0 11.32799047567355 757.722137 746.3941465243264
171.0 8.831749863420161 787.5106802748484 778.6789304114282
173.0 11.08403755692975 754.5330530798534 743.4490155229237
174.0 8.046562179976538 788.843983124858 780.7974209448814
175.0 11.4697419930903 754.3156041276338 742.8458621345435
176.0 10.78319069048401 763.56185558593 752.778664895446
177.0 12.93154280870852 893.3216386887693 880.3900958800608
178.0 7.677905376811466 890.5618785035184 882.8839731267069
180.0 15.62591069042825 713.722137 698.0962263095717
181.0 7.048469234183627 851.2303356396535 844.1818664054698
182.0 7.98593246490519 813.722137 805.7362045350948
183.0 12.27239141711116 747.722137 735.4497455828888
184.0 7.804901875910675 821.7054688059854 813.9005669300748
185.0 7.725157374816636 825.8509009184898 818.1257435436731
186.0 14.36247158542048 718.8126250565861 704.4501534711656
187.0 6.641157226284387 863.389298282335 856.7481410560506
188.0 7.673633172225289 808.4609566450678 800.7873234728425
189.0 7.096131657902494 881.5828372898718 874.4867056319693
190.0 13.83704292553956 731.722137 717.8850940744604
191.0 10.58758305759641 764.7996518689631 754.2120688113667
192.0 7.764719117432738 823.722137 815.9574178825673
193.0 12.08054413508652 749.722137 737.6415928649135
194.0 8.421509474193194 799.6172881870292 791.195778712836
196.0 7.309914077173328 851.1714914250295 843.8615773478562
197.0 17.6229824696245 693.722137 676.0991545303755
199.0 10.10718247002939 771.639369929333 761.5321874593036
200.0 9.367893286606357 781.722137 772.3542437133936
202.0 12.15308744869568 741.5050959631272 729.3520085144315
203.0 8.037328510502395 811.722137 803.6848084894976
204.0 12.65697889631282 743.5791738130255 730.9221949167127
205.0 10.43936538732308 767.722137 757.2827716126769
207.0 15.62591069042825 713.722137 698.0962263095717
208.0 8.589538082661067 795.722137 787.1325989173389
209.0 12.06123140015555 739.9166711356238 727.8554397354683
212.0 11.51347977957951 755.722137 744.2086572204205
214.0 10.03050757688182 769.0579043594601 759.0273967825783
215.0 9.635723441352681 777.1520874610945 767.5163640197418
216.0 8.050062592675519 903.3829757415417 895.3329131488662
219.0 14.82908092078431 721.722137 706.8930560792157
220.0 7.403948550809884 903.722137 896.3181884491901
222.0 12.51264868289226 735.4581930718257 722.9455443889334
224.0 7.10530113675004 864.0867337587411 856.9814326219911
225.0 7.056958339354699 816.5553055141649 809.4983471748102
227.0 8.715143461726555 779.3493986622038 770.6342552004772
230.0 7.688197930118414 810.9077597266725 803.2195617965541
231.0 17.02345132158489 699.722137 682.6986856784151
233.0 9.795283695447308 775.6814462811582 765.8861625857109
234.0 8.421735211164728 799.6339461416712 791.2122109305064
236.0 9.931244193535948 772.9272148366269 762.9959706430909
237.0 9.964931745208482 766.3076994968274 756.3427677516189
238.0 15.85331135813718 704.8522526632509 688.9989413051137
239.0 12.27239141711116 747.722137 735.4497455828888
240.0 9.703417588467556 773.3003487871272 763.5969311986597
241.0 19.42239004648165 675.722137 656.2997469535183
242.0 7.582217925158225 833.6127216980819 826.0305037729237
243.0 8.422560203878007 799.6979037784915 791.2753435746134
244.0 19.82234087239487 671.722137 651.8997961276051
245.0 12.46535529433984 745.722137 733.2567817056602
246.0 10.17206157806814 767.2910159062205 757.1189543281523
247.0 9.367893286606357 781.722137 772.3542437133936
249.0 8.779887162715206 791.722137 782.9422498372848
250.0 19.22242187356218 677.722137 658.4997151264378
251.0 9.945252675241031 773.4707953148277 763.5255426395867
252.0 7.888437358800912 813.1969746914646 805.3085373326637
253.0 9.144362471041101 774.3738979767489 765.2295355057078
254.0 13.04956256776597 739.722137 726.672574432234
255.0 16.02492260047303 709.722137 693.697214399527
256.0 12.27239141711116 747.722137 735.4497455828888
257.0 9.399407314430807 771.0066317817759 761.6072244673451
258.0 11.00807765566024 753.5054606851972 742.4973830295369
259.0 10.6249842014066 757.3405004350571 746.7155162336505
260.0 7.380511061484657 884.8818914075819 877.5013803460973
261.0 13.24569134469158 737.722137 724.4764456553084
262.0 9.949571073402877 773.722137 763.7725659265971
264.0 17.42311530706103 695.722137 678.299021692939
266.0 8.171191739808089 792.4533521147926 784.2821603749845
268.0 14.17924995837199 716.1916021616715 702.0123522032995
269.0 11.59610746723182 746.4747543190923 734.8786468518605
270.0 11.3250421592202 757.5450646135838 746.2200224543636
271.0 14.82908092078431 721.722137 706.8930560792157
272.0 12.85130438173426 741.5564990246177 728.7051946428834
273.0 15.70087095105473 704.3465379945338 688.6456670434791
274.0 8.511171443218266 786.4524795954423 777.941308152224
275.0 7.256855620254445 854.8583621560747 847.6015065358203
276.0 9.968684377552812 768.1965230536048 758.227838676052
277.0 10.89953319445085 752.3203149963655 741.4207818019147
278.0 12.0950491580816 744.466339796628 732.3712906385464
279.0 7.550110599197639 835.7162266832634 828.1661160840657
280.0 10.6019575040625 765.1786635066781 754.5767060026156
281.0 9.639265003187721 777.2348380431317 767.5955730399439
282.0 9.533099585144126 774.9085802861745 765.3754807010304
283.0 13.95378337052156 722.313932422519 708.3601490519975
284.0 8.770672593260316 791.1986905210466 782.4280179277863
285.0 8.67573674903777 793.2960291788071 784.6202924297693
286.0 12.46535529433984 745.722137 733.2567817056602
287.0 7.395670946367792 837.659751628242 830.2640806818742
288.0 12.16690228499427 745.2072262988566 733.0403240138624
289.0 17.45846657778989 690.9378856839021 673.4794191061122
290.0 13.59442599814711 731.8042400960881 718.209814097941
291.0 13.43570802997105 723.975725126259 710.540017096288
292.0 16.90356039256955 694.5753983976162 677.6718380050466
293.0 9.934107121403432 764.7990418250347 754.8649347036313
294.0 11.49172029993857 754.6175541129018 743.1258338129632
295.0 11.45497472316103 743.1420073149625 731.6870325918015
296.0 9.009524758485586 778.5384395677429 769.5289148092573
297.0 8.801611801508693 782.9441902066179 774.1425784051092
298.0 15.17798168034931 706.4113109317028 691.2333292513535
299.0 7.517687460136515 837.6924741343119 830.1747866741754
300.0 13.54769978727383 730.9222859598343 717.3745861725605
301.0 10.24586265867229 764.2765557345812 754.0306930759089
302.0 8.035783762858934 811.5694587933517 803.5336750304928
303.0 14.14524590193769 711.5072728993715 697.3620269974338
304.0 13.54542071069313 726.2029599161524 712.6575392054593
305.0 11.51340776824534 755.7148793125332 744.2014715442878
306.0 13.38084893218289 728.1562379056811 714.7753889734982
307.0 13.30851278148531 726.5949694881783 713.286456706693
308.0 8.489770065535535 791.8049982906329 783.3152282250974
309.0 12.51564523962153 740.9468706538635 728.431225414242
310.0 13.5751799647082 724.7666449856632 711.191465020955
311.0 15.13072882864824 702.8628816400278 687.7321528113796
312.0 16.36210733883362 695.3925000103994 679.0303926715658
313.0 14.8858670070706 715.8674796328762 700.9816126258056
314.0 15.14662801973007 701.0072131023946 685.8605850826645
315.0 14.44933883987841 709.8152638099333 695.3659249700549
316.0 12.90818596546556 735.7887791288317 722.8805931633661
317.0 15.98766810660674 701.2988216227426 685.3111535161358
318.0 14.86844497103828 714.3901262265236 699.5216812554853
319.0 15.53916916940794 700.7151718272961 685.1760026578882
320.0 17.26046028674325 675.7336117546115 658.4731514678682
321.0 17.85852793136404 681.6229335247797 663.7644055934157
322.0 14.46936578645367 719.5202727196044 705.0509069331507
323.0 9.31366826537571 776.1923700472647 766.878701781889
324.0 14.01912346293154 721.7704521223205 707.7513286593889
325.0 14.64140358568624 701.4519986136474 686.8105950279611
326.0 14.75320857199913 707.5803309461589 692.8271223741597
327.0 16.33666081409099 684.5108850769672 668.1742242628762
328.0 15.67132720744044 703.7972632523498 688.1259360449093
329.0 14.41596558550434 715.8390464735304 701.423080888026
330.0 15.12502562605409 706.2308669631437 691.1058413370896
331.0 14.94556182307237 709.6076131621385 694.6620513390661
332.0 13.6818745847796 720.5682573951846 706.886382810405
333.0 16.67520238023559 682.4416725183086 665.766470138073
334.0 7.473907898745832 838.5031833156233 831.0292754168775
335.0 13.00246187763836 737.3618207681535 724.3593588905151
336.0 15.61944902592312 690.4771807683594 674.8577317424363
337.0 15.49725163739304 691.8898598760835 676.3926082386905
338.0 15.57589476038288 691.7961302003978 676.2202354400149
339.0 13.87415473176267 715.6955505979221 701.8213958661594
340.0 11.32228837584584 757.3175416065484 745.9952532307026
341.0 12.19146593002816 744.4611199793622 732.2696540493341
342.0 7.454663121069325 841.5713024468964 834.116639325827
343.0 16.64281910015707 683.7728647062021 667.130045606045
344.0 15.14874822086743 706.827921665064 691.6791734441966
345.0 14.76637001363775 713.5964316569746 698.8300616433369
346.0 17.22226919571594 677.354906530528 660.132637334812
347.0 14.30452080771788 717.0690535309605 702.7645327232426
348.0 14.9941129770661 696.039855234654 681.0457422575879
349.0 13.05590414936076 729.8047012301911 716.7487970808303
350.0 15.3107363518221 694.8005992577936 679.4898629059715
351.0 14.77722805909757 706.7837443678108 692.0065163087133
352.0 14.0215266573 716.9700326138973 702.9485059565973
353.0 15.79470489431593 688.469804381113 672.6750994867971
354.0 16.1442098245492 683.3869665608278 667.2427567362786
355.0 18.40699088398459 661.049936650773 642.6429457667884
356.0 16.44393493671941 680.932054284647 664.4881193479276
357.0 15.7237025770301 682.4125611985599 666.6888586215298
358.0 15.66914629849151 692.7835765918253 677.1144302933338
359.0 14.83317469808266 707.7574885750013 692.9243138769186
360.0 15.32732149360111 691.8530360450771 676.525714551476
361.0 16.55303263935711 677.7914263520229 661.2383937126658
362.0 15.86532261399316 691.8561291575868 675.9908065435937
363.0 16.02563735345017 684.73922980826 668.7135924548098
364.0 16.60803290802096 679.6307159747113 663.0226830666903
365.0 16.30263427951936 679.1616506804107 662.8590164008913
366.0 16.28557913599378 687.3888601267844 671.1032809907906
367.0 16.47515099917751 677.6364602302379 661.1613092310603
368.0 14.82543171612345 700.5335209033274 685.708089187204
369.0 16.78737627605769 676.2604477552952 659.4730714792375
370.0 15.27387631697657 699.4444918767278 684.1706155597512
371.0 17.07428297455486 671.1682595115795 654.0939765370246
372.0 15.14074046593187 698.7324296736069 683.591689207675
373.0 16.18526028116441 683.0970091263628 666.9117488451984
374.0 16.15341671070537 691.6664981702607 675.5130814595553
375.0 14.83351830887987 703.2429779514426 688.4094596425627
376.0 15.20320815115431 698.8543160612212 683.6511079100669
377.0 16.10212080203111 682.9242442183708 666.8221234163397
378.0 16.26429669626086 675.4119062933786 659.1476095971177
379.0 16.37638807480261 678.5939913938927 662.2176033190901
380.0 16.08598241363757 687.8441401535295 671.7581577398919
381.0 14.80087003303823 700.2404743329378 685.4396042998996
382.0 15.41910626157328 700.5315968933248 685.1124906317515
383.0 16.6458737279277 672.1336850794033 655.4878113514756
384.0 15.89578576473162 686.6390086066094 670.7432228418778
385.0 17.19931400428273 663.9536055963821 646.7542915920994
386.0 16.13072047844242 686.0737593756066 669.9430388971641
387.0 16.79559399649129 666.5511514080044 649.7555574115131
388.0 16.3388057613315 682.4367830653302 666.0979773039987
389.0 15.12847480543683 701.9965459525733 686.8680711471365
390.0 16.06233830661856 679.1155781009833 663.0532397943648
391.0 16.4146641000245 683.3398192023852 666.9251551023607
392.0 16.09824918649252 679.4284350288278 663.3301858423353
393.0 16.12604668185823 682.3768011390658 666.2507544572076
394.0 14.90448597407001 709.0512093696089 694.1467233955389
395.0 15.76041642443035 693.4636753018001 677.7032588773697
396.0 16.4181302748117 683.2709965859286 666.8528663111169
397.0 16.57584795385787 672.2644839383105 655.6886359844526
398.0 16.88024548197588 667.0686191438893 650.1883736619134
399.0 17.01548665518078 669.6682314014676 652.6527447462869
400.0 16.7766056078693 671.2687805745691 654.4921749666998
401.0 16.66880002133967 673.3453950108303 656.6765949894907
402.0 16.82594447983515 670.4149177203736 653.5889732405384
403.0 15.73975307415947 698.5606550622084 682.820901988049
404.0 16.56880098850436 671.8588284410408 655.2900274525365
405.0 17.21163765480122 668.384395405914 651.1727577511128
406.0 18.02160258630941 653.6804796488233 635.6588770625139
407.0 15.60681665637685 692.9721828135629 677.365366157186
408.0 17.56062962633207 656.9035799201597 639.3429502938277
409.0 17.13039146321264 665.8244020873573 648.6940106241447
410.0 17.65747102835451 658.9803905899989 641.3229195616444
411.0 17.29831499823839 661.4504001314346 644.1520851331963
412.0 16.2344771553215 679.7660761055096 663.5315989501881
413.0 17.60166915394317 658.4024117507672 640.8007425968241
414.0 10.25197861184295 768.763034345448 758.511055733605
415.0 17.11318297828391 670.9375689220136 653.8243859437297
416.0 16.70803095797487 678.0304076665092 661.3223767085344
417.0 18.00375547934001 654.5937531983843 636.5899977190443
418.0 16.72425842708927 673.6599114741707 656.9356530470815
419.0 17.37293731669871 660.4316432279485 643.0587059112498
420.0 16.9784192916897 667.6902317443846 650.7118124526949
421.0 16.67903346216089 681.2928426399829 664.613809177822
422.0 16.45857093234395 689.0569011703507 672.5983302380067
423.0 17.67124449115519 655.45302117823 637.7817766870748
424.0 17.25746794188079 659.8457335744729 642.5882656325921
425.0 17.94684488903105 652.5168511369343 634.5700062479032
426.0 18.42247205284045 644.2351874112364 625.812715358396
427.0 18.04847405492907 653.7227391598117 635.6742651048826
428.0 18.08517276154203 657.5018286425705 639.4166558810285
429.0 17.02258894617726 681.3195130645383 664.2969241183611
430.0 17.63048319427767 676.8238610647243 659.1933778704467
431.0 18.10954516602997 654.2708094150103 636.1612642489804
432.0 17.47213136421725 668.9610817651572 651.48895040094
433.0 17.13366759831611 677.7765576960926 660.6428900977765
434.0 17.41921301736045 676.0911440049318 658.6719309875713
435.0 15.94383149455453 705.0144137053263 689.0705822107718
436.0 18.11121856866186 657.8844966838488 639.773278115187
437.0 18.14579600958837 651.4638013190298 633.3180053094415
438.0 17.48602977730679 675.0061094308239 657.5200796535171
439.0 17.58522119987286 669.893543252447 652.3083220525741
440.0 17.18402060323831 672.822970871108 655.6389502678697
441.0 16.48514036756207 697.6617784266142 681.1766380590521
442.0 18.07103012945375 658.9897969054046 640.9187667759508
443.0 18.21802227753441 657.7857373258908 639.5677150483564
444.0 17.24844326732487 679.6764520817217 662.4280088143968
445.0 18.57113606361337 651.6904819995395 633.1193459359261
446.0 19.04349851558716 660.4209213189238 641.3774228033367
447.0 9.646974441345965 777.6773201619374 768.0303457205914
448.0 18.38515102773173 657.1481795626626 638.7630285349309
449.0 18.86326171057802 647.5145435874003 628.6512818768223
450.0 18.91102253423087 647.3383799601006 628.4273574258697
451.0 18.44716332695659 661.5512482692859 643.1040849423293
452.0 18.35693446535445 652.7960597183428 634.4391252529883
453.0 19.78229143078803 633.0083028640655 613.2260114332775
454.0 17.01335732304317 687.945934264251 670.9325769412078
455.0 19.46415179803363 639.8470783588319 620.3829265607983
456.0 19.09352974985093 653.8398235589244 634.7462938090735
457.0 19.77626740017167 640.6622444900939 620.8859770899223
458.0 19.52844504234137 647.3493021966131 627.8208571542717
459.0 19.81318729276535 643.5477701693889 623.7345828766236
460.0 20.05081901317234 632.1332382734268 612.0824192602545
461.0 19.35219902944769 647.063910076422 627.7117110469743
462.0 20.05080246909367 632.8967011153221 612.8458986462284
463.0 18.23140802220625 670.0557003725453 651.8242923503391
464.0 20.38580817659485 631.5821250869609 611.196316910366
465.0 19.95959786330044 638.7544920687698 618.7948942054694
466.0 21.1411853159991 621.613107037704 600.4719217217049
467.0 12.46426988200801 745.6217095143615 733.1574396323535
468.0 21.12357961460377 624.5454670142373 603.4218873996336
469.0 21.71882319772007 611.6304182697059 589.9115950719858
470.0 19.20799852535872 666.5393576866373 647.3313591612786
471.0 19.38674945200017 663.8311328805479 644.4443834285477
472.0 21.6131256826547 617.5938352390893 595.9807095564346
473.0 21.74882968325163 618.3022426171537 596.5534129339021
474.0 21.1090210118344 633.3826246584985 612.2736036466641
475.0 21.08058924124504 632.0977611350216 611.0171718937765
476.0 21.71284790516431 617.1870386251312 595.4741907199669
477.0 21.26951494289935 629.2238697996914 607.9543548567921
478.0 21.34569480339479 629.2374037565865 607.8917089531917
479.0 21.40347176756244 629.9837480884115 608.580276320849
480.0 21.42808576201822 627.9961853635075 606.5680996014893
481.0 21.35540302938252 632.122472377132 610.7670693477495
482.0 22.66141779085596 610.0282462022691 587.3668284114131
483.0 21.998589802613 627.0713099432446 605.0727201406316
484.0 17.81788219596058 691.3345630672238 673.5166808712632
485.0 22.45272305916491 621.0956207896873 598.6428977305223
486.0 23.74981056786704 599.2041724293406 575.4543618614736
487.0 22.31247338268838 619.1947318886841 596.8822585059957
488.0 23.66448075272207 606.0143459844367 582.3498652317146
489.0 22.34666489756569 623.8538255699563 601.5071606723906
490.0 24.16789406280593 598.5631461940118 574.3952521312059
491.0 23.17569964843687 616.666159367122 593.4904597186851
492.0 23.45796350670628 611.5047070904611 588.0467435837548
493.0 23.33615635950707 610.9583792735695 587.6222229140625
494.0 22.58614013468827 627.4506205792758 604.8644804445876
495.0 22.73547517021626 631.6084384363923 608.872963266176
496.0 24.8546305804348 597.0556632422766 572.2010326618418
497.0 24.64634850320279 606.2829995572939 581.6366510540911
498.0 24.37462964680176 604.8658311554307 580.491201508629
499.0 24.10992826352774 610.010978856321 585.9010505927932
500.0 24.10170621341784 622.1922672737217 598.0905610603039
501.0 22.8445650872071 633.8688024016527 611.0242373144456
502.0 26.4127541420401 588.8603919732004 562.4476378311603
503.0 24.90608296527323 605.696636454215 580.7905534889418
504.0 25.69489201753149 596.3014670720059 570.6065750544745
505.0 26.64449279924683 583.2621472561737 556.6176544569269
506.0 25.12004759668032 605.2875884232834 580.1675408266031
507.0 27.94820781911738 572.7333259599603 544.7851181408429
508.0 27.2708247113788 585.6201259832722 558.3493012718934
509.0 25.82581194716412 596.3617574419811 570.535945494817
510.0 26.60060194210969 595.3770910651563 568.7764891230466
511.0 23.61530443127351 633.2536682053414 609.6383637740679
512.0 27.33453065076743 592.1458467294044 564.811316078637
513.0 27.40256119875393 582.8349266466735 555.4323654479196
514.0 27.85552051138599 585.2625540407126 557.4070335293266
515.0 27.50370360026909 589.5603491219816 562.0566455217125
516.0 29.43921315958098 568.9713654015953 539.5321522420143
517.0 27.32541701881262 585.1241412155777 557.7987241967651
518.0 30.13205982549573 563.1598820230042 533.0278221975085
519.0 26.19931112081426 602.652732211588 576.4534210907737
520.0 27.41305929041652 594.8022514585945 567.389192168178
521.0 34.03597149993418 528.7722190744633 494.7362475745291
522.0 32.97123238802556 537.9353837035467 504.9641513155211
523.0 32.25238007084651 549.2472207643764 516.9948406935299
524.0 35.7479873934071 521.2331672674172 485.4851798740101
525.0 31.25676358409341 554.7307470311505 523.473983447057
526.0 31.06278310152397 553.12519056573 522.062407464206
527.0 32.44322611946334 546.7338276207651 514.2906015013018
528.0 33.47820305519387 536.000415615375 502.5222125601811
529.0 36.98858543923546 522.9137129356395 485.9251274964041
530.0 38.47507131699872 514.7767007173136 476.3016294003149
531.0 34.7047066425073 533.533407027037 498.8287003845297
532.0 30.14640768604247 569.6409780633441 539.4945703773016
533.0 35.70964652810497 524.9779266662877 489.2682801381827
534.0 37.00888894805273 518.8519574308194 481.8430684827666
535.0 38.52714050755701 515.3695599958311 476.8424194882741
536.0 30.14807757926506 569.7210756377178 539.5729980584527
537.0 45.24256994631936 486.139153570172 440.8965836238527
538.0 43.5503716862286 499.0877780446179 455.5374063583893
539.0 34.85534415043303 535.6979010419383 500.8425568915052
540.0 30.83137691721987 563.7207896605231 532.8894127433032
541.0 41.92431821685034 505.1071320609938 463.1828138441434
542.0 45.33023319049275 486.884002939242 441.5537697487492
543.0 48.24079965011618 471.7247630313891 423.4839633812729
544.0 46.1332167401856 489.6917727273235 443.5585559871379
545.0 45.71308696743013 491.2752243517295 445.5621373842994
546.0 49.23601611098711 468.4466604419208 419.2106443309337
547.0 49.54778275234498 470.235700841106 420.687918088761
548.0 54.00420862157085 453.3624358667729 399.3582272452021
549.0 56.02369302400371 444.366080887457 388.3423878634533
550.0 46.94112547629011 485.669758876323 438.7286334000329
551.0 57.63178544387515 436.4859014482521 378.8541160043769
552.0 56.7003131951141 443.0836953819842 386.3833821868701
553.0 54.53781464500579 451.6244669844385 397.0866523394327
554.0 52.05435542743751 461.5519361629823 409.4975807355448
555.0 61.57813220271066 423.2194864308498 361.6413542281391
556.0 57.89960843350339 439.4240456632077 381.5244372297043
557.0 63.46882788770003 421.4551618814762 357.9863339937762
558.0 54.9393227483568 448.7345413162133 393.7952185678565
559.0 56.15465480790868 445.3560361355296 389.2013813276209
560.0 63.4836698777239 421.6970537571115 358.2133838793876
561.0 69.21434734400057 403.6081858300655 334.3938384860649
562.0 74.86977002467379 384.817678353837 309.9479083291633
563.0 71.30401372791904 395.0006430786499 323.6966293507309
564.0 72.42941499918122 393.6383327294308 321.2089177302496
565.0 65.38756610460079 415.701434423756 350.3138683191553
566.0 75.0264985130015 382.4429818114929 307.4164832984914
567.0 76.98955516507816 379.2648773667508 302.2753222016726
568.0 83.70144727472766 361.7173040315397 278.015856756812
569.0 80.44618737699409 369.0714830831246 288.6252957061306
570.0 85.37850707185218 357.715780718818 272.3372736469658
571.0 82.88799265450667 363.6898813739814 280.8018887194748
572.0 95.12113817281133 334.9179323739968 239.7967942011855
573.0 82.89012746635801 363.7221109902894 280.8319835239314
574.0 92.5488675974773 341.6858569657796 249.1369893683023
575.0 85.37881771186432 357.7221309310772 272.3433132192129
576.0 108.2913576168493 307.1717743860272 198.8804167691779
577.0 109.1144818277727 304.9194522935845 195.8049704658117
578.0 83.70167145152815 361.7221369951616 278.0204655436334
579.0 98.11480437222604 329.7221369129597 231.6073325407336
580.0 131.6952503266049 262.4381889585711 130.7429386319662
581.0 114.0714341813058 295.7221369678026 181.6507027864968
582.0 123.5486252839789 277.7220598766356 154.1734345926568
583.0 132.2287511434653 263.6113743585417 131.3826232150764
584.0 138.6992389012961 253.7210704042017 115.0218315029057
585.0 155.5543439704928 227.5189760371559 71.9646320666631
586.0 152.9795293116058 231.6318597837295 78.6523304721237
587.0 151.6861488973375 233.6919337685884 82.00578487125088
588.0 152.9794143935919 231.6492266269659 78.66981223337396
591.0 169.8889953334455 205.722137 35.83314166655443
