0.0 4.487572536991592 943.014839584526 938.5272670475344
1.0 3.033097470721684 932.7552403419332 929.7221428712115
2.0 2.239255375399438 932.2025009088867 929.9632455334872
3.0 1.766352866702343 934.4434516804926 932.6770988137903
4.0 1.397592944799067 934.9328903579837 933.5352974131846
5.0 0.9397231043742537 932.7479555102518 931.8082324058776
6.0 0.8791762483194155 930.9985129959233 930.1193367476039
7.0 0.5462852612200506 931.1125967884794 930.5663115272594
8.0 0.4370854600873848 930.0064068257523 929.5693213656649
9.0 0.3835264531454517 929.6520189091209 929.2684924559755
10.0 0.2090966680627651 929.5120094260734 929.3029127580106
11.0 0.1692577442421489 929.3880462452647 929.2187885010226
12.0 0.05238848899138916 928.1044861318514 928.05209764286
13.0 0.1001839703792556 928.4170679352519 928.3168839648726
14.0 0.08240683815562681 927.0613397079123 926.9789328697567
15.0 0 927.9026493848582 927.9026493848582
16.0 0.03897440852779877 926.1858136632525 926.1468392547247
17.0 0.06421500385020373 927.342084676279 927.2778696724288
18.0 0.04285210067239106 925.9040632842302 925.8612111835578
19.0 0.02407173452645867 925.1385753265872 925.1145035920607
20.0 0.1663617627326099 924.0309312549417 923.8645694922091
21.0 0.1887994284495793 924.1103269517121 923.9215275232625
22.0 0.1932628889146879 923.7488058957852 923.5555430068705
23.0 0.2829523848888406 923.6063039294024 923.3233515445135
24.0 0.2835578165969857 922.9367126075426 922.6531547909456
25.0 0.3674916463990957 922.9525228776048 922.5850312312057
26.0 0.3088370311826724 921.9401632122408 921.6313261810582
27.0 0.4290930162194062 922.9683468649602 922.5392538487408
28.0 0.5916643647207133 921.9260776136516 921.3344132489309
29.0 0.4488317808075667 920.893691940975 920.4448601601674
30.0 0.5340436216013862 922.5336184266027 921.9995748050013
31.0 0.5499678076558605 920.2814559050796 919.7314880974238
32.0 0.6511434687748225 918.7005740551076 918.0494305863328
33.0 0.7054554190326546 919.5027280509214 918.7972726318887
34.0 0.7437898814883167 921.4367018677176 920.6929119862292
35.0 0.8116332317812582 917.4828766043793 916.671243372598
36.0 0.9050915438710897 917.7222469287145 916.8171553848434
37.0 0.9787525047591927 918.4638704250273 917.4851179202681
38.0 0.9736386276483306 916.6224158329583 915.64877720531
39.0 1.110247703601748 917.7086230081966 916.5983753045948
40.0 1.09550039350081 915.2916704196396 914.1961700261387
41.0 1.198717663546915 916.5712375027682 915.3725198392213
42.0 1.297688577837866 915.3125798729682 914.0148912951304
43.0 1.363258860790374 915.0219428251108 913.6586839643204
44.0 1.282943469441987 915.5209115425559 914.2379680731139
45.0 1.433471352862609 917.4128367739402 915.9793654210776
46.0 1.725657302386072 913.0712887843082 911.3456314819221
47.0 1.717200801244074 914.5694180938161 912.8522172925721
48.0 1.789052244534002 912.0782703127846 910.2892180682506
49.0 1.780675862832464 910.4460947887224 908.6654189258899
50.0 1.947390349838875 911.6685450398933 909.7211546900544
51.0 2.034055037119322 910.7402959355245 908.7062408984052
52.0 2.13038941059476 912.1409497994036 910.0105603888088
53.0 2.151638709034681 912.460408619913 910.3087699108783
54.0 2.242304004984062 911.7564491216523 909.5141451166683
55.0 2.468142755468784 907.4855570574237 905.017414301955
56.0 2.395123801717702 909.249906298794 906.8547824970763
57.0 2.408658796275283 907.0657669858232 904.6571081895479
58.0 2.674825675192543 907.6618128318602 904.9869871566676
59.0 2.888845953746233 905.2572937942396 902.3684478404933
60.0 2.837502922885278 910.1012904784894 907.2637875556042
61.0 2.644957629897386 910.2534959997092 907.6085383698119
62.0 3.227336139465456 907.5606810358773 904.3333448964118
63.0 3.148482481898915 909.474333522968 906.3258510410691
64.0 3.517417195042389 907.4211922917064 903.903775096664
65.0 3.467431038067299 907.3593275556637 903.8918965175964
66.0 3.180327953563271 906.9991050436238 903.8187770900605
67.0 3.392697034938161 902.4779961655194 899.0852991305813
68.0 3.763339027629431 905.3724466556524 901.609107628023
69.0 3.854821376490245 907.2586064305248 903.4037850540346
70.0 4.088790000658426 903.1637581778123 899.0749681771539
71.0 4.646199632765915 891.4524689981875 886.8062693654216
72.0 3.937660006960775 907.5539005830687 903.6162405761079
73.0 4.056200905265398 906.0083180246811 901.9521171194157
74.0 4.683297667875554 895.654383849507 890.9710861816314
75.0 4.694488935250015 897.0092415768354 892.3147526415854
76.0 5.051565503069785 897.6838574126228 892.632291909553
77.0 5.269261047472205 890.9302734726476 885.6610124251754
78.0 5.042222872095442 906.2272479172981 901.1850250452027
79.0 5.609902659908272 895.3051231094717 889.6952204495634
80.0 5.138561781370112 897.7250090887643 892.5864473073942
81.0 6.052110015853358 886.4561588383466 880.4040488224932
82.0 5.746292650585184 898.1400648191183 892.3937721685331
83.0 5.873557322675834 892.0054676903605 886.1319103676847
84.0 5.918069948664549 882.609928094937 876.6918581462725
85.0 6.111883715416839 891.5917984951051 885.4799147796882
86.0 5.683868951538404 892.8925700053256 887.2087010537872
87.0 6.580869730525525 870.580212375383 863.9993426448575
88.0 6.580743798155341 902.6344168277785 896.0536730296232
89.0 6.421247522060699 878.4408117685956 872.0195642465349
90.0 6.859984986587089 883.7855890948667 876.9256041082796
91.0 7.859565548221046 865.9065695524111 858.0470040041901
92.0 7.180969756119944 876.1753112420642 868.9943414859443
93.0 6.448217567260358 903.3034448849282 896.8552273176678
94.0 6.71670707797909 887.958639153922 881.2419320759429
95.0 7.273032762921681 890.2415685460233 882.9685357831017
96.0 8.759681408030382 853.7181776043702 844.9584961963398
97.0 10.53676343343542 830.5550301127654 820.01826667933
98.0 7.297977899491998 883.5789903657818 876.2810124662898
99.0 8.886809168256463 852.841127484249 843.9543183159925
100.0 7.551515403259754 885.8905041489673 878.3389887457075
101.0 6.781412467716017 905.2458730926205 898.4644606249045
102.0 7.29709905268866 873.3050583717918 866.0079593191031
103.0 9.81802468215497 949.330319038918 939.512294356763
104.0 7.470311723718751 884.7137524932258 877.243440769507
105.0 12.63674298534445 810.6584472463402 798.0217042609958
106.0 8.750704247022641 869.4389591827996 860.688254935777
107.0 8.078456061959695 893.2875514357541 885.2090953737944
108.0 10.15535658015224 855.589308223329 845.4339516431768
109.0 8.442890707196187 883.0789727153722 874.636082008176
110.0 14.72833784627234 783.3919437526877 768.6636059064154
111.0 15.32998024367179 786.5078296756452 771.1778494319734
112.0 17.46008248312213 767.5733782822862 750.113295799164
113.0 13.65096592963073 805.722137 792.0711710703693
114.0 15.15777741141365 789.722137 774.5643595885863
115.0 8.222404751242444 889.7393952825885 881.5169905313461
116.0 9.673597560464362 851.1585570980696 841.4849595376052
117.0 10.85429650209841 840.627269654338 829.7729731522396
118.0 7.889927294905694 897.8795270994378 889.9895998045321
119.0 9.626214938356579 861.4733823900527 851.8471674516962
120.0 6.91469797894632 926.0916447690329 919.1769467900866
121.0 16.55115730413745 777.4582346747217 760.9070773705843
122.0 20.76855782462495 746.7729480040525 726.0043901794276
123.0 14.37020664464817 792.0905329053256 777.7203262606774
124.0 22.64352684990654 735.722137 713.0786101500935
125.0 10.65339361985071 847.0046195580928 836.3512259382421
126.0 16.26915787769377 778.6344054947223 762.3652476170286
127.0 9.527007643150301 864.5512068950104 855.0241992518601
128.0 12.25714939077091 822.6585209738899 810.401371583119
129.0 15.30846788639565 782.875399674925 767.5669317885294
130.0 15.97279938191232 779.9023524089664 763.9295530270541
131.0 9.622600051022531 861.2779746332862 851.6553745822636
132.0 15.48824056571935 779.7545135824605 764.2662730167411
134.0 7.894157257646095 898.7094338448478 890.8152765872017
135.0 7.795967678408551 930.2887463396894 922.4927786612808
136.0 12.56654092501705 819.6099316050282 807.0433906800112
138.0 19.835109967988 752.3828558618101 732.5477458938221
139.0 12.55343439710992 806.6310356544631 794.0776012573531
140.0 7.740693120736729 917.7214332710532 909.9807401503165
141.0 10.15642975517094 855.6618766036634 845.5054468484924
142.0 19.61820004854416 755.722137 736.1039369514558
143.0 17.61437454639138 769.722137 752.1077624536086
144.0 13.2672080549516 807.9413282626842 794.6741202077326
145.0 10.79087350365297 845.3695023840999 834.5786288804469
146.0 7.979140842725146 941.4220848688055 933.4429440260804
147.0 20.46078488578775 744.8531271949425 724.3923423091548
148.0 17.03203253591519 772.7466964105755 755.7146638746603
149.0 8.329363838450366 889.7159238298136 881.3865599913632
150.0 12.71470224824696 817.722137 805.007434751753
151.0 12.56842187595008 819.7156260165017 807.1472041405516
153.0 17.07609590705879 773.722137 756.6460410929412
154.0 16.30077420583786 775.1992537522581 758.8984795464202
156.0 12.00199780949206 827.722137 815.7201391905079
157.0 14.07049068815821 788.4528064413093 774.3823157531511
158.0 7.77656171171459 928.7791245472627 921.0025628355481
160.0 15.05493618823555 787.8437674872272 772.7888312989916
161.0 20.71374739979199 746.2071821642874 725.4934347644954
162.0 23.60576405250904 725.6466555892619 702.0408915367529
163.0 7.611318367090495 914.6319514389597 907.0206330718692
164.0 12.28260667606288 814.724672770828 802.4420660947652
165.0 27.27445234335802 705.722137 678.447684656642
166.0 13.01427536813622 813.722137 800.7078616318638
167.0 10.86216459799776 833.7675558635465 822.9053912655488
168.0 14.50727344366173 789.1798805524326 774.6726071087709
170.0 19.32343627944286 757.722137 738.3987007205571
171.0 15.15024494363373 789.423141323273 774.2728963796393
173.0 19.18839887338857 755.9528333242946 736.764434450906
174.0 14.16677099324878 794.2269001847102 780.0601291914614
175.0 19.60841669644979 755.4177860724347 735.8093693759849
176.0 18.45397341543639 763.7137339131071 745.2597604976707
177.0 10.03208305815154 987.7200907091884 977.6880076510369
178.0 7.740015182979559 917.6403327951955 909.9003176122159
180.0 26.03625250493538 713.722137 687.6858844950646
181.0 9.782036615729213 861.3750102015364 851.5929735858072
182.0 13.01427536813622 813.722137 800.7078616318638
183.0 20.81505726795232 747.722137 726.9070797320477
184.0 12.42434273385708 821.7220724541057 809.2977297202486
185.0 10.91274143319924 945.0531925524809 934.1404511192817
186.0 24.45404429953342 718.8554653910362 694.4014210915028
187.0 8.375852739935158 885.7504818154421 877.3746290755069
188.0 12.79376400832409 813.7339057063114 800.9401416979873
189.0 8.680987224809419 881.7220023418046 873.0410151169952
190.0 23.25794135180212 731.722137 708.4641956481979
191.0 18.16677313827669 765.5829386512533 747.4161655129766
192.0 12.28200135329028 823.722137 811.4401356467097
193.0 20.51361762182653 749.722137 729.2085193781735
194.0 14.17296816082973 799.7198599299962 785.5468917691664
196.0 10.40976661091881 851.7189135264755 841.3091469155567
197.0 29.13317787309127 693.722137 664.5889591269087
199.0 17.3427697798956 771.719328696398 754.3765589165023
200.0 16.06533423092252 781.722137 765.6568027690775
202.0 20.99176742550452 741.8551455455222 720.8633781200177
203.0 13.16824121601332 811.722137 798.5538957839867
204.0 21.42117232142224 743.7146436698455 722.2934713484233
205.0 17.89037993667501 767.722137 749.831757063325
207.0 26.03625250493538 713.722137 687.6858844950646
208.0 14.54806126677991 795.722137 781.1740757332201
209.0 20.95021426226693 741.1420747889222 720.1918605266552
212.0 19.61820004854416 755.722137 736.1039369514558
214.0 17.32724748021242 771.2007047329868 753.8734572527744
215.0 16.55760498931791 777.6668679264246 761.1092629371067
216.0 7.744615104377186 923.6927782526097 915.9481631482325
219.0 24.79958124680919 721.722137 696.9225557531908
220.0 7.903192258336497 903.722137 895.8189447416635
222.0 21.65536229782793 736.3377973818834 714.6824350840555
224.0 9.430155849267585 867.6808302625485 858.2506744132809
225.0 11.81833078223237 819.0212150544412 807.2028842722088
227.0 15.39797415054027 782.8578019296102 767.45982777907
230.0 12.67439619956103 816.3462522781682 803.6718560786071
231.0 28.20367016764967 699.722137 671.5184668323503
233.0 16.81461540209877 775.7212428932355 758.9066274911367
234.0 14.17297520159548 799.7203593361453 785.5473841345499
236.0 17.07368086131898 773.6216434178114 756.5479625564924
237.0 17.4278506797378 767.6298848784353 750.2020341986975
238.0 26.6977490241728 705.6535457131481 678.9557966889753
239.0 20.81505726795232 747.722137 726.9070797320477
240.0 16.78742040666655 775.0221224150966 758.23470200843
241.0 31.92255582879118 675.722137 643.7995811712088
242.0 11.59145543349176 833.7214232582312 822.1299678247395
243.0 14.1729953120581 799.7218932139809 785.5488979019228
244.0 32.54250419600002 671.722137 639.179632804
245.0 21.11766933904236 745.722137 724.6044676609576
246.0 17.58231400395602 768.9538419147755 751.3715279108195
247.0 16.06533423092252 781.722137 765.6568027690775
249.0 14.94792780083684 791.722137 776.7742091991632
250.0 31.61258924722569 677.722137 646.1095477527743
251.0 17.07581323991875 773.7064395617728 756.630626321854
252.0 12.85897261946971 815.5097850660537 802.6508124465839
253.0 16.16954427870742 775.3764720538349 759.2069277751275
254.0 22.03108697613981 739.722137 717.6910500238602
255.0 26.65521501048213 709.722137 683.0669219895179
256.0 20.81505726795232 747.722137 726.9070797320477
257.0 16.61336782146431 771.7078023903009 755.0944345688366
258.0 19.14195854888832 755.5199117234746 736.3779531745863
259.0 18.59131028493543 757.8109324503102 739.2196221653748
260.0 7.801546792363788 909.6539670622604 901.8524202698966
261.0 22.33702219191174 737.722137 715.3851148080883
262.0 17.07609590705879 773.722137 756.6460410929412
264.0 28.82331735239959 695.722137 666.8988196476004
266.0 14.19847239581228 795.1417019271197 780.9432295313074
268.0 24.35245361028776 717.6223872756331 693.2699336653454
269.0 20.15666145966433 746.8089921858711 726.6523307262068
270.0 19.32325943690131 757.7120089903004 738.3887495533991
271.0 24.79958124680919 721.722137 696.9225557531908
272.0 21.725646060396 741.7126645557201 719.9870184953241
273.0 26.49968620776448 707.3225295738975 680.8228433661331
274.0 14.8370432895043 789.6453411776743 774.80829788817
275.0 10.15708489804708 855.716843650982 845.559758752935
276.0 17.29767666454335 770.6750133910142 753.3773367264709
277.0 19.07001834620372 754.9109276202961 735.8409092740923
278.0 20.7361108137402 746.3763482595061 725.6402374457659
279.0 11.45670469620004 835.7221315085403 824.2654268123403
280.0 18.16987907020889 765.6918998952767 747.5220208250678
281.0 16.55829444751325 777.6942221172804 761.1359276697671
282.0 16.52211124737526 776.844018247181 760.3219069998057
283.0 23.83488090294223 722.801048802138 698.9661678991957
284.0 14.94727586513731 791.6870268126279 776.7397509474906
285.0 14.744551394838 793.7083063624765 778.9637549676385
286.0 21.11766933904236 745.722137 724.6044676609576
287.0 11.05537594735663 841.5639207274668 830.5085447801102
288.0 20.77909338987822 746.9154466959653 726.136353306087
289.0 29.05747286020417 692.4504115277024 663.3929386674982
290.0 22.94417837240816 733.4702171387756 710.5260387663675
291.0 23.16721427140189 725.8834424025351 702.7162281311332
292.0 28.30399806939517 695.719520797032 667.4155227276368
293.0 17.50483391149943 764.8445935069913 747.3397595954919
294.0 19.61613099605284 755.6235132545836 736.0073822585308
295.0 20.11005773479246 745.7112698596729 725.6012121248805
296.0 15.74782786023278 781.967243945243 766.2194160850103
297.0 15.31055829080423 786.2527841494529 770.9422258586487
298.0 25.87844026627915 708.2997397649888 682.4212994987097
299.0 11.32286601990835 837.7220590351875 826.3991930152792
300.0 22.92728593383021 733.0754757670167 710.1481898331865
301.0 17.80254099528863 766.2449787827803 748.4424377874916
302.0 13.16822597067114 811.7207238152988 798.5524978446276
303.0 24.5062473441303 714.6200755108637 690.1138281667334
304.0 23.13039651842998 729.5337722781387 706.4033757597087
305.0 19.61819940213585 755.7220758080112 736.1038764058754
306.0 22.84997542637673 731.7756846211981 708.9257091948213
307.0 22.82577661154621 731.1667255233656 708.3409489118194
308.0 14.53219306415643 795.1206348999263 780.5884418357698
309.0 21.36141705218669 742.6059996864275 721.2445826342408
310.0 23.18008995608616 729.7811306816405 706.6010407255544
311.0 25.94198711974111 707.060958753573 681.1189716338319
312.0 27.6337444974698 698.6238776352123 670.9901331377425
313.0 25.06765012896701 718.6598516929434 693.5922015639764
314.0 26.07669342603466 704.2026915957014 678.1259981696668
315.0 24.87921786408524 713.8120026584705 688.9327847943852
316.0 21.98969539930284 738.7000400596858 716.7103446603829
317.0 26.89629477895535 705.9701925613913 679.073897782436
318.0 25.07397602440764 718.6447869694263 693.5708109450187
319.0 26.4524637867538 705.8635095150212 679.4110457282674
320.0 29.52748329221316 680.1751449897008 650.6476616974876
321.0 29.93173661375804 683.4226161866211 653.4908795728631
322.0 24.4389899568162 722.5487502945704 698.1097603377542
323.0 16.22762795803033 778.2234856695908 761.9958577115605
324.0 23.81325515713791 726.1579804788567 702.3447253217187
325.0 25.55076821383956 703.7607769432103 678.2100087293707
326.0 25.3489825428322 710.1665728238751 684.8175902810429
327.0 28.15635383991582 687.6450836858428 659.488729845927
328.0 26.47445980499181 707.3215519292734 680.8470921242816
329.0 24.56543953344469 719.049507992141 694.4840684586963
330.0 25.76979152347872 710.2034121749858 684.433620651507
331.0 25.34148503920405 715.7128545604374 690.3713695212334
332.0 23.45653458836101 727.1058311459234 703.6492965575624
333.0 28.55228335859717 687.7341530047701 659.1818696461729
334.0 11.18975327027467 839.7091068465442 828.5193535762696
335.0 22.02601017472328 739.5010528874288 717.4750427127055
336.0 27.04531240778659 695.7232349940097 668.6779225862231
337.0 26.89182191570621 695.5356935273916 668.6438716116854
338.0 26.95344153078701 696.4832656148558 669.5298240840688
339.0 23.98037837794694 719.586095775749 695.605717397802
340.0 19.32319990126149 757.7074426888062 738.3842427875447
341.0 20.80143508126522 747.2433006602647 726.4418655789994
342.0 11.057772117122 841.7215663717608 830.6637942546388
343.0 28.48324436260902 687.9510453796096 659.4678010170005
344.0 25.66350323557236 713.8174132527103 688.1539100171379
345.0 25.01371174985404 717.7670176763277 692.7533059264736
346.0 29.35094022787291 683.7948053353213 654.4438651074484
347.0 24.35511744747785 721.2814529094978 696.9263354620199
348.0 26.07842990994829 702.4007224409903 676.322292531042
349.0 22.42294639515955 733.346257593561 710.9233111984015
350.0 26.53724991759625 698.5796204146419 672.0423704970456
351.0 25.26795186528051 714.3327931557831 689.0648412905026
352.0 24.01184024203466 722.8119805703844 698.8001403283498
353.0 27.29367587959652 694.7571039620095 667.463428082413
354.0 27.99011628960124 687.1815704863032 659.191454196702
355.0 31.45575606488743 665.7833546875583 634.3275986226709
356.0 28.38168311017269 686.4368810919693 658.0551979817966
357.0 27.62452440770275 685.2932720462853 657.6687476385825
358.0 26.91420280979027 700.209291386838 673.2950885770478
359.0 25.3611084862371 712.0988216149891 686.737713128752
360.0 26.63908812323318 698.2383356111515 671.5992474879183
361.0 28.67613500236257 682.2566860054646 653.580551003102
362.0 27.17638365887449 698.8189852722785 671.6426016134041
363.0 27.74735912024537 690.237091452475 662.4897323322297
364.0 28.60757026169224 685.3289966086362 656.721426346944
365.0 28.30592569514464 685.3475264846796 657.041600789535
366.0 27.8434746085427 694.3926596118042 666.5491850032615
367.0 28.59898867197045 682.2666868246477 653.6676981526772
368.0 25.71788140078861 705.1315924955349 679.4137110947463
369.0 28.97244995648531 681.9134691195799 652.9410191630946
370.0 26.1423280240076 707.572590196303 681.4302621722954
371.0 29.47607317785845 678.9121582173446 649.4360850394861
372.0 26.04165459971012 706.6978753469272 680.6562207472171
373.0 27.94382754937379 690.5766910457479 662.6328634963741
374.0 27.5147113291781 697.5646892670979 670.0499779379198
375.0 25.55678178137587 709.0193376218006 683.4625558404247
376.0 26.13397065121983 705.5355457496224 679.4015750984025
377.0 27.90213368627542 688.9725793118496 661.0704456255742
378.0 28.44715562965269 681.5667887435998 653.1196331139471
379.0 28.32495615102391 687.7661329237816 659.4411767727577
380.0 27.55268482514039 696.5867515567291 669.0340667315887
381.0 25.66231032418936 706.3150922415062 680.6527819173169
382.0 26.22579144667159 708.7944032459057 682.5686117992341
383.0 29.06136234474429 676.4841074859746 647.4227451412303
384.0 27.44146245843711 694.8330133800686 667.3915509216315
385.0 30.03122100094438 669.1893676360024 639.158146635058
386.0 27.75937450385873 692.3821618346814 664.6227873308226
387.0 29.469065669617 672.1380844525773 642.6690187829603
388.0 28.09973067788855 690.7278417902159 662.6281111123273
389.0 25.86084151465222 710.0366689902789 684.1758274756267
390.0 28.08270933414322 683.9245996463925 655.8418903122493
391.0 28.1239834973656 692.1266909754247 664.0027074780591
392.0 27.98071974609705 689.0546136694642 661.0738939233671
393.0 27.88541537851377 690.765342608399 662.8799272298853
394.0 25.31141470275351 715.4575486302074 690.1461339274538
395.0 26.85075995566365 704.5028791895593 677.6521192338956
396.0 28.03757285972217 695.2191857392458 667.1816128795236
397.0 28.96393020252951 677.2493498272769 648.2854196247473
398.0 29.50568594226321 673.4867119792246 643.9810260369614
399.0 29.45286386376018 678.5984204497475 649.1455565859873
400.0 29.10990808626287 680.5700028313249 651.4600947450621
401.0 28.87961898539778 683.0465778986706 654.1669589132729
402.0 29.2878757503535 676.3537809040114 647.0659051536579
403.0 26.61040505079709 708.0221918129929 681.4117867621958
404.0 28.92389851380568 678.7925975389687 649.868699025163
405.0 29.6914517645813 677.9923728895829 648.3009211250016
406.0 31.37118712713511 660.2662265649758 628.8950394378407
407.0 26.75003729217864 703.1374888760022 676.3874515838235
408.0 30.76799271696279 661.931676792133 631.1636840751702
409.0 29.77316857935717 674.3675122885435 644.5943437091864
410.0 30.6605511190066 667.7882493782241 637.1276982592175
411.0 30.16916518530733 669.8353189535098 639.6661537682024
412.0 28.17787257939593 686.2993273687203 658.1214547893244
413.0 30.69116356981517 664.924823267367 634.2336596975519
414.0 17.6120416742175 769.6230470615094 752.0110053872919
415.0 29.45603435466013 680.5015154254524 651.0454810707923
416.0 28.69729684901374 686.5272849307036 657.8299880816898
417.0 31.27553516397563 662.2435614850993 630.9680263211237
418.0 28.96323381559036 681.6183847823794 652.655150966789
419.0 30.29139809730425 669.2024603999442 638.9110623026399
420.0 29.45614288054169 678.4729164119518 649.0167735314101
421.0 28.49989024901973 689.7436237134682 661.2437334644485
422.0 27.8119259289213 699.3929779354458 671.5810520065245
423.0 30.89294296287706 662.6765569180567 631.7836139551796
424.0 30.26707992417223 665.9289427142973 635.6618627901251
425.0 31.31306951022655 660.4560919056605 629.143022395434
426.0 32.27010173872456 650.6604202723337 618.3903185336091
427.0 31.31575471093168 663.045477118101 631.7297224071693
428.0 31.13823391236317 667.3133321723982 636.175098260035
429.0 28.74864713485952 693.1780475743054 664.4294004394459
430.0 29.6486932574299 687.2593116988017 657.6106184413718
431.0 31.36853027848736 663.1632785367082 631.7947482582208
432.0 29.82046929433357 682.1753581709127 652.3548888765791
433.0 29.10947109058308 687.5932882044323 658.4838171138493
434.0 29.37623455135834 689.327853727894 659.9516191765357
435.0 26.64882614255104 709.4139702520814 682.7651441095303
436.0 31.22067910454234 665.0659472362527 633.8452681317103
437.0 31.56433657409638 659.512648711957 627.9483121378606
438.0 29.58680001296556 685.9417537100236 656.3549536970581
439.0 30.0508232233913 677.2413442078222 647.1905209844309
440.0 29.54792047789364 678.1949416273534 648.6470211494597
441.0 27.56155115421138 702.9579147683104 675.396363614099
442.0 31.05401472429366 668.5742685253731 637.5202538010794
443.0 31.26741678401773 667.7684669867896 636.5010502027718
444.0 29.19391390441513 687.1786135879924 657.9846996835773
445.0 31.87522639631169 663.8434536950958 631.9682272987841
446.0 31.86779576913385 673.5530545293506 641.6852587602168
447.0 16.55878256583179 777.7218961617006 761.1631135958688
448.0 31.54519853661342 664.3004018843914 632.755203347778
449.0 32.45219393623636 657.9800150252556 625.5278210890192
450.0 32.58103826688543 654.9739127955831 622.3928745286977
451.0 31.25734020964634 672.9290624682292 641.6717222585829
452.0 31.73436871194509 660.0320321762079 628.2976634642628
453.0 34.19187904594162 641.9178635367015 607.7259844907599
454.0 28.60486798208626 693.3124683539455 664.7076003718592
455.0 33.5941470662146 645.4837010966862 611.8895540304716
456.0 32.37265931189641 663.7421381342249 631.3694788223285
457.0 33.76759284067548 650.2716353453265 616.504042504651
458.0 33.11074172150616 659.0762151457852 625.965473424279
459.0 33.61168229146849 654.8105088357487 621.1988265442802
460.0 34.47059770332407 642.7669939120441 608.2963962087201
461.0 33.08049066251889 653.575895404631 620.4954047421121
462.0 34.51804830794224 640.0672963027619 605.5492479948197
463.0 30.71379528421669 677.8521720700799 647.1383767858632
464.0 34.8924408441748 640.1605877405625 605.2681468963877
465.0 34.04950445972653 648.7225215059382 614.6730170462116
466.0 36.26455067557109 627.5722870197675 591.3077363441964
467.0 21.11765234855551 745.720751967978 724.6030996194225
468.0 35.98182648118929 634.429156372189 598.4473298909997
469.0 37.35665256069371 618.4534866378043 581.0968340771106
470.0 31.89135607074514 674.5360372847461 642.644681214001
471.0 32.19622192543587 672.4033715083066 640.2071495828707
472.0 36.95782018825914 623.5607991797556 586.6029789914965
473.0 37.00138441718711 626.6640093607302 589.6626249435431
474.0 35.42250114395838 646.4976506528327 611.0751495088743
475.0 35.51273060654513 643.3877880618404 607.8750574552953
476.0 37.07876058804307 623.5451631764625 586.4664025884195
477.0 36.00169158471637 635.4561955313827 599.4545039466663
478.0 35.96757535598986 639.4599285869871 603.4923532309973
479.0 36.13011299463655 635.2648010224825 599.1346880278459
480.0 36.22473968146227 634.5544444874595 598.3297048059973
481.0 35.90467705782951 639.8303298581355 603.9256528003059
482.0 38.44622033632417 615.8917229897199 577.4455026533958
483.0 36.78905525684626 636.2484996562109 599.4594443993647
484.0 29.44287334124015 691.7107255447166 662.2678522034765
485.0 37.60617850150779 629.0356158942979 591.4294373927901
486.0 40.14470441906939 604.5918229770399 564.4471185579705
487.0 37.60131666951855 625.6279376064662 588.0266209369477
488.0 39.57595451801048 616.2292641418503 576.6533096238399
489.0 37.44029593167908 628.7220183907376 591.2817224590585
490.0 40.53254575477967 606.9149510586426 566.3824053038629
491.0 38.52316840525443 626.7318238030517 588.2086553977973
492.0 39.22150604786452 616.7902487912453 577.5687427433808
493.0 39.09689221725891 616.9676106285975 577.8707184113386
494.0 37.50534578708954 632.4099226355526 594.9045768484631
495.0 37.41938180396722 637.667036395204 600.2476545912368
496.0 41.44392016099253 600.9717658753684 559.5278457143759
497.0 40.73092770025991 611.2657288305979 570.534801130338
498.0 40.47751374768413 611.5449234266774 571.0674096789933
499.0 39.94410444055713 616.5042064178533 576.5601019772962
500.0 39.34821662557619 627.0973147092351 587.7490980836589
501.0 37.46265009098925 638.5122807098246 601.0496306188354
502.0 43.43431318230852 594.9411515070576 551.5068383247491
503.0 41.08239787057988 609.025016338685 567.9426184681051
504.0 42.34279972283918 600.8654004058242 558.5226006829851
505.0 44.03521040155554 586.4220365326474 542.3868261310919
506.0 41.33361078073878 608.4101543340339 567.0765435532952
507.0 45.92126762684246 576.4164259407231 530.4951583138807
508.0 44.51588450311204 590.8781372286985 546.3622527255864
509.0 42.55030422373537 598.4931437254238 555.9428395016884
510.0 43.32982087740849 600.1192525708539 556.7894316934455
511.0 38.43236753317258 633.6995488321988 595.2671812990262
512.0 44.31539217212106 595.0783359225152 550.7629437503942
513.0 44.8685699685466 585.4774068511502 540.6088368826036
514.0 45.20844645136115 588.3189860484636 543.1105395971025
515.0 44.61494657175256 592.7978236797343 548.1828771079817
516.0 47.69873452582741 571.7197745498486 524.0210400240212
517.0 44.69069392824971 587.1831111508195 542.4924172225698
518.0 48.71192415497095 565.9998263928618 517.2879022378909
519.0 42.65259774099341 604.0740968428482 561.4214991018548
520.0 44.3322404076609 595.6013215242092 551.2690811165483
521.0 54.55746931975843 530.9491654950047 476.3916961752462
522.0 52.97548425128337 540.258482934964 487.2829986836806
523.0 51.66788105037769 550.9328556606724 499.2649746102947
524.0 56.78277982334214 521.4621979831455 464.6794181598034
525.0 50.36406801022917 555.9474977250885 505.5834297148594
526.0 50.22428717118118 554.9516863791589 504.7273992079777
527.0 52.00094459902671 548.2751872324344 496.2742426334077
528.0 53.64760231234467 536.758124995811 483.1105226834664
529.0 57.99490679838162 523.3552969293321 465.3603901309505
530.0 59.96368631523969 515.182498634625 455.2188123193853
531.0 55.047871396122 534.6307315263097 479.5828601301877
532.0 48.48436427086766 569.7139137997226 521.2295495288549
533.0 56.54269111380987 525.6792575576946 469.1365664438847
534.0 58.21206027494092 519.6123490583164 461.4002887833754
535.0 59.99625733278062 515.5067305720608 455.5104732392801
536.0 48.48454465076162 569.7220822636765 521.2375376129149
537.0 68.48585308244505 487.1412671848676 418.6554141024226
538.0 66.05108344716416 500.4284540914024 434.3773706442382
539.0 55.12780108271459 535.7162618077048 480.5884607249902
540.0 49.50201708441879 563.7220210997219 514.2200040153032
541.0 64.06435940232417 505.6970999655105 441.6327405631864
542.0 68.54848952020148 487.608015545939 419.0595260257375
543.0 72.35766514871967 472.6363893138314 400.2787241651117
544.0 69.26960699222672 489.7174877957318 420.447880803505
545.0 68.74084253828817 491.585403673683 422.8445611353948
546.0 73.56609949021522 469.3669960930237 395.8008966028085
547.0 73.81999294104818 470.5584672355448 396.7384742944966
548.0 79.34465261094174 453.5941731617876 374.2495205508459
549.0 81.90843348776162 444.8544666519743 362.9460331642127
550.0 70.31863106566604 485.7093254051873 415.3906943395212
551.0 83.99152593909261 436.9560581308981 352.9645321918055
552.0 82.68818055048202 443.37622436935 360.688043818868
553.0 79.99668537009703 451.6902996317814 371.6936142616844
554.0 76.89175802788009 461.6519611239615 384.7602030960814
555.0 88.79833638385484 423.7100586066006 334.9117222227458
556.0 84.13460633726349 439.565422293926 355.4308159566625
557.0 90.88043293589358 421.6037432917955 330.7233103559019
558.0 80.55704681331432 449.0237980987897 368.4667512854754
559.0 82.00484012676947 445.532178880957 363.5273387541876
560.0 90.8876637083219 421.7136603957951 330.8259966874732
561.0 97.8077318018568 403.6795615326096 305.8718297307528
562.0 104.68204496854 385.0262677347795 280.3442227662395
563.0 100.4332001354782 395.0449433605233 294.6117432250452
564.0 101.6827994296583 393.6848832654729 292.0020838358146
565.0 93.18660344706036 415.7156416580776 322.5290382110173
566.0 104.9677663392997 382.5615264964447 277.593760157145
567.0 107.1864261927507 379.4326387588991 272.2462125661484
568.0 115.1157164721071 361.7204151205928 246.6046986484857
569.0 111.3264990493614 369.2094154323075 257.882916382946
570.0 117.0766816386979 357.7197399269593 240.6430582882614
571.0 114.1625836462309 363.7065398290172 249.5439561827863
572.0 128.4424955871782 335.0694398247823 206.6269442376042
573.0 114.1636807628224 363.722131860537 249.5584510977146
574.0 125.4066231617958 341.7052866850422 216.2986635232464
575.0 117.0768050241727 357.7221358719821 240.6453308478094
576.0 143.6589582467715 307.3066190905038 163.6476608437323
577.0 144.6359053048508 305.0545774970161 160.4186721921653
578.0 115.1158013041789 361.7221369995849 246.6063356954061
579.0 131.8495908727056 329.7221369881729 197.8725461154674
580.0 170.469677488181 262.5786097253474 92.10893223716643
581.0 150.3040521711105 295.7221369944947 145.4180848233842
582.0 161.1551052946983 277.7221077887208 116.5670024940225
583.0 170.9738343063768 263.646635817696 92.67280151131928
584.0 178.2632837473847 253.7216601002498 75.45837635286513
585.0 197.269935924214 227.5696192830972 30.29968335888318
586.0 194.3611984598989 231.6641728833929 37.30297442349395
587.0 192.9007176359854 233.7029070362736 40.80218940028819
588.0 194.36049877105 231.6710430505792 37.31054427952926
591.0 213.4124913801014 205.722137 -7.6903543801014
