0.0 4.168907014250881 967.447671705794 963.2787646915432
1.0 2.987722562780733 962.9280365294285 959.9403139666477
2.0 2.145454701656693 964.4288942679944 962.2834395663377
3.0 1.578155092106709 965.0246678363265 963.4465127442198
4.0 1.184657400877893 965.1511774114526 963.9665200105747
5.0 0.7939816312207784 963.1193274029096 962.3253457716888
6.0 0.7376657708189749 964.4874026693119 963.7497368984929
7.0 0.4138962845494023 963.1482388157158 962.7343425311664
8.0 0.3605266036166073 961.6773122134043 961.3167856097877
9.0 0.3011460718773424 962.1875747748258 961.8864287029485
10.0 0.1488607400369962 960.8132502978515 960.6643895578146
11.0 0.1104149461564724 960.6643364961296 960.5539215499731
12.0 0.03173622092630352 960.0281942715033 959.996458050577
13.0 0.07800479749931725 959.8151774758537 959.7371726783543
14.0 0.1081040292531205 958.9176776079576 958.8095735787045
15.0 0 959.0724979194024 959.0724979194024
16.0 0.1173805338158494 957.1142272643617 956.9968467305459
17.0 0.09460747332345761 958.2387154782584 958.1441080049349
18.0 0.1257193715945113 957.2614374234402 957.1357180518456
19.0 0.1681647652126836 954.9655237641874 954.7973589989747
20.0 0.3022251595560262 956.8256352381547 956.5234100785987
21.0 0.3300976397471977 956.4393380399708 956.1092404002236
22.0 0.3711335134158881 955.2023190428174 954.8311855294015
23.0 0.4612361865801964 955.3513312673601 954.8900950807799
24.0 0.4947526984910753 954.4746042305417 953.9798515320507
25.0 0.5626711239084481 955.0010765912002 954.4384054672918
26.0 0.5825199105143763 952.724619673049 952.1420997625347
27.0 0.6514926584691694 954.1300896028502 953.478596944381
28.0 0.8218108011170627 955.1273849847409 954.3055741836238
29.0 0.7381466129226587 952.9296458824229 952.1914992695002
30.0 0.7718254740777856 953.7727858090691 953.0009603349913
31.0 0.9134560370301727 950.3133025939143 949.3998465568841
32.0 1.028621112351431 951.6008383687928 950.5722172564413
33.0 1.059065194398166 951.4700017924064 950.4109365980082
34.0 1.048816129780067 952.0552018433393 951.0063857135592
35.0 1.260127968501375 949.4200755171937 948.1599475486924
36.0 1.323515367578636 950.7562111254292 949.4326957578505
37.0 1.393863246511669 950.0902057874057 948.6963425408941
38.0 1.479167884334963 947.9907420533947 946.5115741690597
39.0 1.559470929175789 949.2688491227616 947.7093781935858
40.0 1.644646343200694 947.4769987040854 945.8323523608847
41.0 1.732409700890805 947.4230569801823 945.6906472792915
42.0 1.795126990202945 949.7807606546139 947.985633664411
43.0 1.907022216095372 947.7053142981126 945.7982920820172
44.0 1.855924289850055 946.2695945261025 944.4136702362525
45.0 1.968949566288598 945.6776516265264 943.7087020602378
46.0 2.342784094589633 947.4117631793314 945.0689790847418
47.0 2.283800011772364 948.4410832146806 946.1572832029083
48.0 2.37937540743201 948.9630640943839 946.5836886869519
49.0 2.572312627947115 942.5486392668404 939.9763266388933
50.0 2.658917918223709 944.7841488791134 942.1252309608897
51.0 2.800124725890427 942.8033068217517 940.0031820958613
52.0 2.79416061074958 946.3207654636131 943.5266048528635
53.0 2.881918380829776 942.8940358205841 940.0121174397544
54.0 2.970360097689485 944.094170467189 941.1238103694996
55.0 3.375961951537698 940.9272313559289 937.5512694043912
56.0 3.285858046115315 939.218221432337 935.9323633862217
57.0 3.354328387380202 938.3303075586787 934.9759791712985
58.0 3.52312589123938 942.6273828639852 939.1042569727458
59.0 3.807095217800403 943.2293289084738 939.4222336906734
60.0 3.661912007144033 941.4025183657301 937.7406063585861
61.0 3.556407611192138 937.7470689597806 934.1906613485885
62.0 4.185738706076958 939.4792663948047 935.2935276887277
63.0 3.987662315427473 943.248462460778 939.2608001453505
64.0 4.484798015014371 937.3900132706217 932.9052152556073
65.0 4.300321895726641 944.8967814194314 940.5964595237047
66.0 4.23881438903173 934.6913970167052 930.4525826276735
67.0 4.555297498988046 935.5773941353165 931.0220966363285
68.0 4.847872147163912 935.0761737763545 930.2283016291905
69.0 4.898623782725705 934.2855925432689 929.3869687605432
70.0 4.982849626562246 946.63226302579 941.6494133992278
71.0 6.169022551002335 934.4933775146935 928.3243549636912
72.0 5.08043245753151 930.9054595650708 925.8250271075392
73.0 5.110460231436682 937.7445388646502 932.6340786332135
74.0 6.087456280695525 932.7945576146271 926.7071013339316
75.0 6.267208586508118 922.8198922521506 916.5526836656425
76.0 6.421690201696368 934.9104115220969 928.4887213204005
77.0 6.68534035974987 938.3267518113357 931.6414114515858
78.0 6.096747806482913 936.8062661823552 930.7095183758723
79.0 6.899212547143634 933.2712416084172 926.3720290612736
80.0 6.571490923330797 927.5827149259234 921.0112240025926
81.0 7.869686142175372 921.6703765654957 913.8006904233203
82.0 6.719719068055372 945.8908184479269 939.1710993798715
83.0 7.66082447628713 915.4605993046884 907.7997748284012
84.0 8.256682899162486 898.7124298328047 890.4557469336422
85.0 7.358902893719184 949.0574247169436 941.6985218232244
86.0 7.522977538613167 911.4105404613622 903.887562922749
87.0 9.513779407754673 883.4258164813249 873.9120370735702
88.0 7.751423578728404 938.0362722014653 930.2848486227369
89.0 8.140908364379819 950.4521641636295 942.3112557992497
90.0 9.280777047433654 895.9419483400436 886.6611712926099
91.0 11.10733075316936 874.8258412325387 863.7185104793694
92.0 9.819675085887633 892.2052447175129 882.3855696316253
93.0 7.711539903032946 931.0637453323883 923.3522054293553
94.0 8.735776933437589 909.9007730917121 901.1649961582745
95.0 9.412886508444411 902.7878190395427 893.3749325310983
96.0 12.67266751288367 856.9714992789793 844.2988317660956
97.0 15.43039167487397 834.9173715868048 819.4869799119308
98.0 9.595258462546404 900.9045299758429 891.3092715132965
99.0 12.78540198228552 858.0973252091464 845.3119232268608
100.0 10.09014699283497 889.7672997191995 879.6771527263645
101.0 8.216460562818802 921.0391993843794 912.8227388215606
102.0 10.31889890020404 877.9873396570401 867.6684407568361
103.0 8.705935907156743 989.4385130717598 980.7325771646031
104.0 10.05376067731355 888.8572263303113 878.8034656529977
105.0 18.45075582956895 813.6089226669803 795.1581668374114
106.0 12.00196888197277 873.531241805665 861.5292729236922
107.0 10.37437425010941 895.541652340315 885.1672780902056
108.0 14.11806895973104 855.7148054242705 841.5967364645394
109.0 11.17037570130072 885.3326724049339 874.1622967036332
110.0 21.76959830566344 784.6336870654427 762.8640887597793
111.0 22.27768638300658 787.3033937180395 765.0257073350329
112.0 25.25777243575032 768.4772324661865 743.2194600304362
113.0 19.77336615609728 805.722137 785.9487708439027
114.0 21.98752355633592 789.722137 767.7346134436641
115.0 10.6797859792214 891.5627633671056 880.8829773878842
116.0 13.71817745412567 854.6270636176829 840.9088861635573
117.0 15.3889805752749 843.1402010414574 827.7512204661825
118.0 9.956551535983331 901.4330677589516 891.4765162229683
119.0 13.27955367664257 863.4648169230571 850.1852632464145
120.0 7.659070943792961 934.9464413027909 927.287370358998
121.0 23.92791964312065 777.6532536826361 753.7253340395155
122.0 29.54856213227514 747.2899101010621 717.7413479687869
123.0 21.02739890678711 794.0739377936518 773.0465388868647
124.0 31.95754569941442 735.722137 703.7645913005856
125.0 14.9696554233752 847.6383009108985 832.6686454875233
126.0 23.57492467172955 779.3466794217228 755.7717547499932
127.0 13.07766211726859 865.593473240056 852.5158111227874
128.0 17.61688418286053 823.5207276373929 805.9038434545324
129.0 22.40136687504138 783.7790390642446 761.3776721892033
130.0 23.20998792185368 780.8786565198431 757.6686685979895
131.0 13.27916277275205 863.4418761388563 850.1627133661043
132.0 22.70513629940527 781.1143297571821 758.4091934577768
134.0 9.95488511796017 901.3840263996941 891.4291412817339
135.0 8.605479202714649 931.6931414699391 923.0876622672244
136.0 18.08128858928194 819.7099843409761 801.6286957516942
138.0 28.34841166597308 753.0163984514071 724.667986785434
139.0 18.52908917721151 809.6641585847471 791.1350694075356
140.0 9.099046509349926 917.7221355460386 908.6230890366887
141.0 14.11814398617172 855.7199213457386 841.6017773595669
142.0 28.00190266365345 755.722137 727.7202343363466
143.0 25.35145794929254 769.722137 744.3706790507075
144.0 19.25431798270617 809.1830867652087 789.9287687825025
145.0 15.18652360478224 845.6975664641081 830.5110428593258
146.0 8.379780505630279 941.720348144124 933.3405676384937
147.0 29.31701617592007 744.8860924448343 715.5690762689142
148.0 24.61051425479888 773.3069247204784 748.6964104656795
149.0 10.84286207347558 889.7220868472827 878.8792247738071
150.0 18.31442515425353 817.722137 799.4077118457465
151.0 18.08150584627407 819.7218626995082 801.6403568532341
153.0 24.62981451645164 773.722137 749.0923224835484
154.0 23.74627474272678 775.9927971479741 752.2465224052474
156.0 17.16888417251887 827.722137 810.5532528274811
157.0 20.8999904561436 788.8149793599328 767.9149889037892
158.0 8.604636288646432 931.6249680730275 923.0203317843811
160.0 21.93535493604975 788.7853476176143 766.8499926815646
161.0 29.51174018266984 746.8633298456559 717.3515896629861
162.0 33.35528404498087 726.1469186499885 692.7916346050077
163.0 8.166270725250305 962.0010733968622 953.8348026716119
164.0 17.93029009628422 817.1968116534234 799.2665215571391
165.0 37.98770050573239 705.722137 667.7344364942676
166.0 18.78771840019909 813.722137 794.9344185998009
167.0 15.71815398553493 834.7580689942489 819.039915008714
168.0 21.32352412186474 789.623036009835 768.2995118879703
170.0 27.61442116650775 757.722137 730.1077158334923
171.0 21.98583070941172 789.6582988339836 767.6724681245719
173.0 27.53049833375156 756.6404217333906 729.109923399639
174.0 20.73387802072972 796.0194180882497 775.28554006752
175.0 27.99886824822145 755.6311346169476 727.6322663687262
176.0 26.46753742878971 763.7212874031114 737.2537499743216
177.0 8.654739948511042 987.7221366574031 979.067396708892
178.0 9.09903975631577 917.7213583485834 908.6223185922676
180.0 36.37624006777743 713.722137 677.3458969322226
181.0 13.49033213655432 861.698846384217 848.2085142476626
182.0 18.78771840019909 813.722137 794.9344185998009
183.0 29.57035007374486 747.722137 718.1517869262551
184.0 17.85071837715846 821.7221361362033 803.8714177590448
185.0 9.267578394590933 1007.515097184261 998.2475187896698
186.0 34.52203043664463 718.8884073283113 684.3663768916666
187.0 11.00432073899572 887.5036001477032 876.4992794087075
188.0 18.52628558973089 815.0637120883849 796.537426498654
189.0 11.53187416457281 881.7221363870691 870.1902622224963
190.0 32.75840119128551 731.722137 698.9637358087145
191.0 26.09072729418037 765.6904634669304 739.59973617275
192.0 17.62181715242997 823.722137 806.10031984757
193.0 29.17592296716952 749.722137 720.5462140328305
194.0 20.55891303818247 799.7220198181204 779.1631067799379
196.0 14.5426556393828 851.7220755415154 837.1794199021326
197.0 40.40637454171763 693.722137 653.3157624582824
199.0 24.98811122179606 771.7219343155046 746.7338230937086
200.0 23.2549816614816 781.722137 758.4671553385184
202.0 29.98613506910559 742.1048128621961 712.1186777930905
203.0 19.02871317122265 811.722137 792.6934238287773
204.0 30.36268954779699 743.7213793934805 713.3586898456835
205.0 25.71942315332503 767.722137 742.002713846675
207.0 36.37624006777743 713.722137 677.3458969322226
208.0 21.11074817353532 795.722137 774.6113888264647
209.0 29.96409894363787 741.7335889284831 711.7694899848452
212.0 28.00190266365345 755.722137 727.7202343363466
214.0 24.9837207333256 771.5800785197293 746.5963577864037
215.0 23.92978696658428 777.7131732440915 753.7833862775072
216.0 8.860925429572991 923.7219733874705 914.8610479578975
219.0 34.76636997093933 721.722137 686.9557670290607
220.0 9.833763245559075 903.722137 893.8883737544409
222.0 30.89763195924589 736.6473084803322 705.7496765210863
224.0 12.87742974153489 867.7208953357213 854.8434655941864
225.0 17.3179000225318 819.5258432703739 802.2079432478421
227.0 22.48687626474279 784.1076332605393 761.6207569957965
230.0 18.30339548592833 817.3557918327589 799.0523963468306
231.0 39.19688672696519 699.722137 660.5252502730348
233.0 24.27697261522912 775.7220909328147 751.4451183175856
234.0 20.55891349392022 799.7220513784375 779.1631378845173
236.0 24.62931569429824 773.7021696080259 749.0728539137276
237.0 25.22675747348487 768.3391114066728 743.1123539331879
238.0 37.38002728507239 706.152476972008 668.7724496869356
239.0 29.57035007374486 747.722137 718.1517869262551
240.0 24.26659693980672 775.4636072267739 751.1970102869672
241.0 44.03572736431436 675.722137 631.6864096356856
242.0 16.49933721208161 833.7221226872508 817.2227854751692
243.0 20.55891455702477 799.7221301521704 779.1632155951456
244.0 44.84234031201642 671.722137 626.8797966879836
245.0 29.96599697599008 745.722137 715.7561400240099
246.0 25.33836504159916 769.4180137949788 744.0796487533797
247.0 23.2549816614816 781.722137 758.4671553385184
249.0 21.68838709280659 791.722137 770.0337499071934
250.0 43.6324287996553 677.722137 634.0897082003447
251.0 24.62978049163337 773.72032067172 749.0905401800866
252.0 18.54910645414846 815.6919713335004 797.142864879352
253.0 23.61004494755953 775.8378996997162 752.2278547521567
254.0 31.15874461862677 739.722137 708.5633923813732
255.0 37.18182732102333 709.722137 672.5403096789767
256.0 29.57035007374486 747.722137 718.1517869262551
257.0 24.22376644495154 771.9938412023294 747.7700747573779
258.0 27.49624757070006 756.3568408406271 728.860593269927
259.0 26.84375203819225 758.0710360835273 731.2272840453351
260.0 9.486167201721929 909.7215124245538 900.2353452228318
261.0 31.55784893402587 737.722137 706.1642880659741
262.0 24.62981451645164 773.722137 749.0923224835484
264.0 40.0031863232202 695.722137 655.7189506767798
266.0 20.74455517324465 796.318909464988 775.5743542917434
268.0 34.45538523216138 718.1401381142498 683.6847528820884
269.0 28.92069933963138 746.8767284898097 717.9560291501783
270.0 27.61440126815694 757.721041576297 730.10664030814
271.0 34.76636997093933 721.722137 686.9557670290607
272.0 30.76030804246938 741.721112489917 710.9608044474477
273.0 37.09218021241649 708.4306558575323 671.3384756451158
274.0 21.6327809236226 790.7144096116223 769.0816286879997
275.0 14.1181700259847 855.7220277474546 841.6038577214699
276.0 24.96891138556268 771.2997347193507 746.330823333788
277.0 27.44190595996754 755.9337173500865 728.491811390119
278.0 29.52803671607089 747.0256423334991 717.4976056174282
279.0 16.27832673175779 835.7221369757149 819.4438102439571
280.0 26.09152281496862 765.7186133426084 739.6270905276398
281.0 23.92992980540333 777.7190728627006 753.7891430572973
282.0 23.91499792113203 777.3742137282127 753.4592158070807
283.0 33.71730152326713 722.8780866353991 689.160785112132
284.0 21.68830324219804 791.7177997614275 770.0294965192294
285.0 21.39618257320407 793.7211337239039 772.3249511506999
286.0 29.96599697599008 745.722137 715.7561400240099
287.0 15.62066372783197 841.7098988699269 826.089235142095
288.0 29.55470298733419 747.384132111788 717.8294291244538
289.0 40.36558634882388 693.0531427998617 652.6875564510378
290.0 32.3563187208669 733.6684794897408 701.3121607688739
291.0 32.88737404371518 726.4330964436443 693.5457223999291
292.0 39.45037474809764 696.3130049286052 656.8626301805076
293.0 25.43389460068581 764.8776612827105 739.4437666820247
294.0 28.00156108657625 755.7066529763259 727.7050918897496
295.0 28.90136525695345 746.4355149582132 717.5341497012597
296.0 22.89155130022603 782.9736883803619 760.0821370801358
297.0 22.26643649294116 787.1232919479718 764.8568554550306
298.0 36.41277801452434 709.1582892488057 672.7455112342813
299.0 16.05827298959627 837.722136208251 821.6638632186548
300.0 32.34941840253753 733.50531626337 701.1558978608324
301.0 25.67206980465516 766.9467407067817 741.2746709021266
302.0 19.0287127320339 811.7220981336495 792.6933854016156
303.0 34.71704205238932 716.0656912589917 681.3486492066024
304.0 32.68975968786473 730.6132440664151 697.9234843785504
305.0 28.00190264644947 755.7221354425871 727.7202327961376
306.0 32.30785664438563 732.8205784653559 700.5127218209702
307.0 32.29913593698677 732.5704495123685 700.2713135753817
308.0 21.10695622605667 795.5842788827826 774.477322656726
309.0 30.33263357648846 743.1770851759518 712.8444515994633
310.0 32.7271594179797 730.9982084598133 698.2710490418336
311.0 36.50906289738786 708.8031096267189 672.2940467293311
312.0 38.62132718715867 699.8417359822171 661.2204087950585
313.0 35.15312778984511 719.3344317194017 684.1813039295566
314.0 36.77805881743642 705.3157952279734 668.537736410537
315.0 35.13951187509812 715.1219360428979 679.9824241677998
316.0 31.14192651010986 739.3373955092079 708.1954689990981
317.0 37.55806416400119 707.079935716958 669.5218715529569
318.0 35.15775508847074 719.4036483337523 684.2458932452815
319.0 37.0819531697874 707.8596719457742 670.7777187759868
320.0 41.32423915849526 681.9794607097352 640.6552215512399
321.0 41.64111902998976 683.9697560232823 642.3286369932925
322.0 34.34152062842218 723.2448827957929 688.9033621673707
323.0 23.54817786140815 778.9818056049215 755.4336277435134
324.0 33.53735283892466 727.156008306392 693.6186554674673
325.0 36.25262281053741 704.7302419989836 668.4776191884462
326.0 35.78788966503471 710.9300984458371 675.1422087808024
327.0 39.60438364778289 689.0981777956882 649.4937941479053
328.0 37.06762781439226 708.347447270556 671.2798194561637
329.0 34.60763352374601 720.0837168993034 685.4760833755574
330.0 36.2095385085199 711.6343819335998 675.4248434250799
331.0 35.54166444179196 717.023485121772 681.48182067998
332.0 33.11369800134627 728.7160814233406 695.6023834219943
333.0 39.99781448302177 689.8348912260416 649.8370767430198
334.0 15.83912179224631 839.7217054665381 823.8825836742918
335.0 31.15772832000605 739.6815965027178 708.5238681827118
336.0 38.10661279627933 697.8316692114017 659.7250564151223
337.0 37.96488612316018 697.2200074369279 659.2551213137677
338.0 37.97484329875483 698.9298761426768 660.955032843922
339.0 33.97427043170996 720.7698071354687 686.7955367037588
340.0 27.61439804241759 757.7208073628454 730.1064093204278
341.0 29.56662093237307 747.6012469432523 718.0346260108793
342.0 15.62085671829059 841.7221288346247 826.1012721163341
343.0 39.92520621638003 689.7133630245764 649.7881568081964
344.0 35.95252936957374 715.1400222180718 679.1874928484981
345.0 35.12394846467464 718.8524621150324 683.7285136503578
346.0 40.9764028257596 686.3995466155406 645.423143789781
347.0 34.2938876414166 722.5119897480385 688.2181021066219
348.0 36.82425016811453 704.7676594321466 667.9434092640321
349.0 31.80432158416233 734.2224136483071 702.4180920641448
350.0 37.48630972187789 699.5863497630203 662.1000400411424
351.0 35.50546797703726 716.3406097895564 680.8351418125192
352.0 33.86846874202906 724.3013576139116 690.4328888718825
353.0 38.40492298740199 696.7796859762846 658.3747629888826
354.0 39.44632589254932 688.8034923827094 649.3571664901601
355.0 43.91221736907241 667.5554634942421 623.6432461251697
356.0 39.86618557797355 688.8621810042405 648.9959954262669
357.0 39.14899500885764 686.6057782264895 647.4567832176319
358.0 37.77890747686934 702.7366461623933 664.9577386855239
359.0 35.72440307517569 712.7061489975129 676.9817459223372
360.0 37.56771382263476 701.0525677588531 663.4848539362184
361.0 40.36160941164859 683.701434841793 643.3398254301444
362.0 38.11678511969714 700.9225543865349 662.8057692668378
363.0 39.06231761730982 692.1587791710923 653.0964615537825
364.0 40.15366320794345 687.3588862671662 647.2052230592228
365.0 39.82117240744903 688.2471896539985 648.4260172465495
366.0 38.98358861611779 696.7960212719758 657.812432655858
367.0 40.27708292595216 683.8952930218745 643.6182100959224
368.0 36.36201588724585 706.459657983045 670.0976420957991
369.0 40.66001855980683 684.5201519522644 643.8601333924576
370.0 36.68110835297589 709.9068815049297 673.2257731519538
371.0 41.27958792960542 682.6784818922029 641.3988939625975
372.0 36.61046833618947 709.1350484822355 672.5245801460461
373.0 39.23126598861061 693.5047623310754 654.2734963424648
374.0 38.5302822203985 699.1995884858438 660.6693062654453
375.0 36.02723473676234 710.8096433448791 674.7824086081167
376.0 36.76948723300095 707.2303551541054 670.4608679211044
377.0 39.27115213779869 691.028761216776 651.7576090789774
378.0 40.13245610318152 683.8790100259925 643.746553922811
379.0 39.72419117106972 691.4570798696498 651.7328886985801
380.0 38.59059860779286 699.0216333800776 660.4310347722848
381.0 36.24554765104168 708.1414183158029 671.8958706647612
382.0 36.72931988170096 710.6211896513937 673.8918697696927
383.0 40.99110102696674 678.1902408716105 637.1991398446438
384.0 38.53237893903869 697.9392301892826 659.4068512502439
385.0 42.28325296401269 671.4133069216885 629.1300539576758
386.0 38.99338547527748 694.0124531239372 655.0190676486597
387.0 41.57256672075286 674.6956445546056 633.1230778338527
388.0 39.40382947893511 692.8056970951527 653.4018676162176
389.0 36.29319255198725 712.1620436418138 675.8688510898266
390.0 39.6757777907555 685.4181307231952 645.7423529324397
391.0 39.36212631260746 694.7063464724071 655.3442201597996
392.0 39.30692189185446 693.0748575331099 653.7679356412554
393.0 39.16454672856312 693.5799436005132 654.4153968719501
394.0 35.5209879757906 716.7764578195232 681.2554698437326
395.0 37.54365557638706 706.6792683983286 669.1356128219416
396.0 39.13577551269159 698.1760257533048 659.0402502406132
397.0 40.85430880972908 679.1342865123801 638.279977702651
398.0 41.55425851168386 676.0907720818164 634.5365135701326
399.0 41.2628751520976 682.5725224450755 641.3096472929779
400.0 40.82649258548244 684.5200742532145 643.6935816677321
401.0 40.48688627341705 686.9725091287284 646.4856228553113
402.0 41.22582260505989 678.2812435094468 637.0554209043869
403.0 37.17096450934084 709.3351542882124 672.1641897788716
404.0 40.72845033118383 681.7081210949659 640.979670763782
405.0 41.55007947967955 681.2171827171463 639.6671032374667
406.0 44.02466795008775 663.0937156850323 619.0690477349446
407.0 37.48475359178858 705.792692717162 668.3079391253734
408.0 43.34507145645345 664.0722598274912 620.7271883710377
409.0 41.77494388621625 677.9760417549257 636.2010978687094
410.0 42.96327401484523 671.4271601844221 628.4638861695768
411.0 42.37703991980072 673.11531033534 630.7382704155393
412.0 39.67095026657305 688.1103575730244 648.4394073064514
413.0 43.13500114848989 667.467543510839 624.3325423623491
414.0 25.35098601231865 769.7031042259858 744.3521182136671
415.0 41.20992933705455 683.4459661391163 642.2360368020617
416.0 40.19603517612058 688.5881591503087 648.3921239741881
417.0 43.83759267404353 665.41074752526 621.5731548512165
418.0 40.65384495195149 684.5554724131934 643.9016274612419
419.0 42.51943656510871 672.9857249495158 630.4662883844071
420.0 41.26463751570927 682.6877474505789 641.4231099348696
421.0 39.86809315582379 691.4415403882163 651.5734472323925
422.0 38.76385826386963 700.9804005368511 662.2165422729814
423.0 43.42824444694533 665.5629878856979 622.1347434387526
424.0 42.66205384975007 668.0395463122015 625.3774924624515
425.0 43.9417592666848 663.9947932365741 620.0530339698893
426.0 45.34595902908808 653.615423205663 608.2694641765749
427.0 43.83960839748527 666.4921788701232 622.6525704726379
428.0 43.49839751055597 669.9553629334864 626.4569654229304
429.0 39.98188540478292 695.055042771799 655.0731573670161
430.0 41.16589368486907 688.8199048164007 647.6540111315316
431.0 43.88211708535782 667.0626594520079 623.1805423666501
432.0 41.50933693458534 685.5229304905486 644.0135935559633
433.0 40.58328998818339 689.5473239988245 648.9640340106411
434.0 40.79136710142122 691.1409352615597 650.3495681601385
435.0 37.18071469722504 709.6749543084286 672.4942396112036
436.0 43.69316454324446 666.9396431070717 623.2464785638272
437.0 44.25491040455138 662.3237267584913 618.0688163539399
438.0 41.1385348075621 688.2298839842633 647.0913491767012
439.0 41.99680262526662 678.4963645064232 636.4995618811566
440.0 41.4394906420339 679.3027121796979 637.863221537664
441.0 38.3839871182627 703.5220678836167 665.138080765354
442.0 43.36240254504795 671.1013563997519 627.738953854704
443.0 43.59817083946796 671.2126288232319 627.6144579837639
444.0 40.71075393486959 688.1209971497779 647.4102432149083
445.0 44.38519485401951 667.3776249572639 622.9924301032444
446.0 44.02316735222301 675.2605717828709 631.2374044306479
447.0 23.92998593435631 777.7221317056969 753.7921457713406
448.0 44.06302408251267 666.1054449924297 622.0424209099171
449.0 45.21081586756215 662.177227662381 616.9664117948188
450.0 45.50638563430047 657.2898268291555 611.783441194855
451.0 43.39942943641823 675.343346304165 631.9439168677468
452.0 44.42809215192419 662.0271184631613 617.5990263112371
453.0 47.67303466674925 646.0454904015573 598.3724557348081
454.0 39.85188244160077 694.243224118932 654.3913416773312
455.0 46.95652436778895 647.2730662312632 600.3165418634742
456.0 44.9281374072955 666.3611412118558 621.4330038045603
457.0 46.91482015100937 653.2987776298834 606.383957478874
458.0 45.86303045904995 662.6282028291569 616.7651723701069
459.0 46.56137261119391 658.1598524536427 611.5984798424488
460.0 47.91554388127285 647.4249243238233 599.5093804425504
461.0 46.10314355783398 654.9261704367991 608.8230268789652
462.0 48.11746431807782 642.7602884936865 594.6428241756087
463.0 42.65016058421948 679.6690377696633 637.0188771854439
464.0 48.50021010182759 642.9062405119709 594.4060304101433
465.0 47.26402006491754 652.0397742795365 604.775754214619
466.0 50.44511927158901 630.0231227488237 579.5780034772347
467.0 29.96599620272716 745.7220776268462 715.7560814241191
468.0 49.85841568389094 637.4202921723272 587.5618764884362
469.0 51.92197610843115 622.3094948895174 570.3875187810863
470.0 44.02801870438107 675.454282563516 631.4262638591349
471.0 44.42926836878817 673.4076465137485 628.9783781449603
472.0 51.33324440274426 625.7714972798412 574.438252877097
473.0 51.2290316544527 629.9558631725912 578.7268315181385
474.0 48.78065186266573 649.7597373734234 600.9790855107576
475.0 49.00439754473291 646.5460079304955 597.5416103857626
476.0 51.44461795104577 626.5061785289256 575.0615605778798
477.0 49.86357690897981 637.3768861389152 587.5133092299353
478.0 49.64086912123356 642.4231749838012 592.7823058625676
479.0 50.01438532282085 636.7528063142467 586.7384209914259
480.0 50.12211830774853 636.9623566141283 586.8402383063798
481.0 49.57656448712445 642.136590062927 592.5600255758025
482.0 53.18092366300152 618.6644235648237 565.4834999018222
483.0 50.6336666902487 638.864662487612 588.2309957973633
484.0 40.80956472972714 691.7210751710771 650.9115104413499
485.0 51.77354756214545 631.8077606726422 580.0342131104967
486.0 55.40809814700931 607.1939958694028 551.7858977223935
487.0 51.91048970566149 628.2659954928619 576.3555057872004
488.0 54.31593640762156 620.0590009110128 565.7430645033912
489.0 51.64499174903609 630.0482367328815 578.4032449838454
490.0 55.69512012892239 610.4873865893027 554.7922664603803
491.0 52.81439428538986 629.6707944278883 576.8564001424984
492.0 53.9626829257101 618.9963226817078 565.0336397559977
493.0 53.82641835434931 619.1055663925531 565.2791480382038
494.0 51.5668223914132 633.5905045606094 582.0236821691962
495.0 51.26185925076948 638.9509900579202 587.6891308071507
496.0 56.93513627115483 602.1633211307865 545.2281848596317
497.0 55.77006313464625 612.7999531098722 557.029889975226
498.0 55.47073072340367 614.1945312496532 558.7238005262496
499.0 54.72165817925559 618.8518823054532 564.1302241261976
500.0 53.71315267425796 627.6010374614181 573.8878847871602
501.0 51.28274446973384 639.3528574813708 588.070113011637
502.0 59.22477984256882 597.2563793892386 538.0315995466698
503.0 56.23877540493774 609.9787498645334 553.7399744595956
504.0 57.8740210848322 602.0506346224364 544.1766135376042
505.0 60.22443501751848 587.3685557825302 527.1441207650117
506.0 56.52498852481622 609.3853523094111 552.8603637845949
507.0 62.57747111711913 578.0276904917432 515.4502193746241
508.0 60.52884068329261 592.4928168110376 531.963976127745
509.0 58.19874439035269 599.143945722742 540.9452013323893
510.0 58.93546612661879 601.0927958453175 542.1573297186987
511.0 52.50589237822614 633.7197558312987 581.2138634530725
512.0 60.176277198593 595.5408746693224 535.3645974707294
513.0 61.1329445520912 586.2701180884109 525.1371735363197
514.0 61.37139627529666 589.1163907929837 527.7449945176871
515.0 60.57655364959568 593.416517221733 532.8399635721373
516.0 64.63019182061668 572.6644811718965 508.0342893512798
517.0 60.8817256902771 587.8687967315487 526.9870710412716
518.0 65.91757940106479 566.8381225206693 500.9205431196045
519.0 58.08012607762366 604.720106387767 546.6399803101433
520.0 60.18165163639946 595.6952687210784 535.513617084679
521.0 73.40737865279685 532.2395813710118 458.832202718215
522.0 71.38784731921734 541.4025185960319 470.0146712768145
523.0 69.61010546024358 551.3955271519124 481.7854216916689
524.0 76.13028841498807 521.5994573666711 445.469168951683
525.0 68.05035492470101 556.4728638185291 488.4225088938281
526.0 67.93877163597076 555.7709159544136 487.8321443184428
527.0 70.060743355699 548.9083625792494 478.8476192235504
528.0 72.24309532690457 537.2493374985338 465.0062421716292
529.0 77.31409928156338 523.5189079712427 446.2048086896793
530.0 79.69266201560416 515.3481428427762 435.6554808271721
531.0 73.78603420716341 535.0857431626186 461.2997089554552
532.0 65.54968408575357 569.720725113887 504.1710410281334
533.0 75.70479313099901 526.0646051061425 450.3598119751435
534.0 77.68513558957867 520.0793157664874 442.3941801769087
535.0 79.71588539948225 515.5610101317064 435.8451247322241
536.0 65.54971660552912 569.7221313743765 504.1724147688474
537.0 89.68460795890921 487.6658065757887 397.9811986168795
538.0 86.61381177464059 500.9696705367305 414.3558587620899
539.0 73.83527008126874 535.720098689831 461.8848286085623
540.0 66.85072450827799 563.722119543215 496.871395034937
541.0 84.33928371383268 506.0098517406856 421.670568026853
542.0 89.73350027699694 488.0128240889149 398.279323811918
543.0 94.29885255058933 473.1717637363245 378.8729111857351
544.0 90.40700139515343 489.7210303312322 399.3140289360788
545.0 89.77960936879944 491.6662724331413 401.8866630643419
546.0 95.68877310514532 469.8686814244471 374.1799083193018
547.0 95.91144416919466 470.7494825295452 374.8380383603506
548.0 102.3471430893034 453.6637729892715 351.3166298999682
549.0 105.3640668368691 445.0947846667405 339.7307178298714
550.0 91.66024253533319 485.7178104689765 394.0575679336434
551.0 107.8505519625172 437.1914408791889 329.3408889166717
552.0 106.2374282884268 443.5032481134982 337.2658198250714
553.0 103.1036121667405 451.7087108885735 348.605098721833
554.0 99.47038713241521 461.6866268676571 362.2162397352418
555.0 113.385672289512 424.0041325524448 310.6184602629328
556.0 107.897719899963 439.6257830885883 331.7280631886253
557.0 115.641935837707 421.658144184942 306.016208347235
558.0 103.7913280539018 449.1871352823833 345.3958072284816
559.0 105.4405039075049 445.6069081438872 340.1664042363822
560.0 115.6461225645427 421.7184442893498 306.0723217248071
561.0 123.5740364735292 403.7021199324005 280.1280834588712
562.0 131.4776705404222 385.1510545228847 253.6733839824625
563.0 126.6543353980478 395.0761022054643 268.4217668074164
564.0 128.00962657448 393.7021248194334 265.6924982449534
565.0 118.2803136191401 415.719494535545 297.4391809164049
566.0 131.8755034862888 382.6407265720664 250.7652230857777
567.0 134.3100109024462 379.5187935991068 245.2087826966606
568.0 143.2771445288216 361.7213577250806 218.4442131962589
569.0 139.0304397958492 369.2971041319956 230.2666643361464
570.0 145.4789767333446 357.7210106238613 212.2420338905167
571.0 142.205128242379 363.7131976879316 221.5080694455526
572.0 158.2172571644096 335.1630355672075 176.9457784027979
573.0 142.2057867573841 363.7221355343992 221.5163487770151
574.0 154.7923922865269 341.7127970034675 186.9204047169406
575.0 145.4790371587164 357.7221366933868 212.2430995346704
576.0 175.1705075194293 307.3877687557422 132.2172612363128
577.0 176.2777762489281 305.1436390848182 128.8658628358901
578.0 143.2771847781081 361.7221369999382 218.4449522218301
579.0 161.9800163496389 329.7221369974904 167.7421206478516
580.0 204.8713642611936 262.67692705705 57.80556279585644
581.0 182.5538498215949 295.7221369985997 113.1682871770049
582.0 194.5706028909382 277.7221232165528 83.15152032561457
583.0 205.354344472124 263.6659634347154 58.31161896259134
584.0 213.3397313548831 253.7218812553555 40.38214990047242
585.0 234.1703504212437 227.5997340032204 -6.570616418023311
586.0 230.9789232577626 231.6810329441775 0.7021096864149753
587.0 229.3772989671651 233.7085730911843 4.331274124019203
588.0 230.9780182025813 231.6833267056979 0.7053085031165925
591.0 251.8484885944639 205.722137 -46.12635159446395
