0.0 4.115659558139289 983.4022816148685 979.2866220567292
1.0 2.956961560748714 983.4058283174423 980.4488667566935
2.0 2.04117040355058 984.7888292032188 982.7476587996682
3.0 1.468677417086287 983.7137684644034 982.2450910473171
4.0 1.05728015538615 984.078229124679 983.0209489692929
5.0 0.7145589823174921 981.9808060797143 981.2662470973968
6.0 0.5999432065517118 984.2805830747738 983.6806398682221
7.0 0.3175530391691086 982.2467877625608 981.9292347233916
8.0 0.2924169509998825 981.7542797457431 981.4618627947432
9.0 0.2145787028422344 982.2242207975099 982.0096420946676
10.0 0.1025015678425086 980.7474251256758 980.6449235578333
11.0 0.07191617119916234 980.2751521649886 980.2032359937894
12.0 0 980.2109472375241 980.2109472375241
13.0 0.05991982149826389 979.6132896922054 979.5533698707072
14.0 0.109808995408407 979.1585939034256 979.0487849080172
15.0 0.00276886224552915 978.7775025948837 978.7747337326381
16.0 0.1689894207883678 977.8162559659861 977.6472665451977
17.0 0.1247955135292088 977.9355059079085 977.8107103943793
18.0 0.1699440691899403 978.086977744997 977.9170336758071
19.0 0.289714815890658 975.3443226715727 975.0546078556821
20.0 0.3554653800146214 978.1281130464808 977.7726476664662
21.0 0.4010758349719258 977.401882142439 977.0008063074671
22.0 0.4772759585995094 976.3840320312345 975.906756072635
23.0 0.57018383678576 976.1566520822577 975.5864682454719
24.0 0.6274370465871612 975.4874723478051 974.860035301218
25.0 0.6884763770557617 975.6249073509067 974.9364309738509
26.0 0.7643972752624625 974.1137951455733 973.3493978703109
27.0 0.8039289624819891 974.8519115842458 974.0479826217638
28.0 0.9397365096326531 976.2590090327891 975.3192725231564
29.0 0.9156096543067004 974.546352028674 973.6307423743673
30.0 0.941570929590609 974.2795002746215 973.3379293450309
31.0 1.179251695762569 971.5801584540067 970.4009067582442
32.0 1.231634716357255 974.6568078590051 973.4251731426479
33.0 1.304175342201743 971.7964637987982 970.4922884565964
34.0 1.27869653235122 972.4293680248959 971.1506714925446
35.0 1.556397269623357 970.8538046227799 969.2974073531566
36.0 1.576550691201912 972.4740068978709 970.897456206669
37.0 1.682420303790886 971.1038204925098 969.421400188719
38.0 1.809211030724369 970.6083945055471 968.7991834748228
39.0 1.886729974028555 969.4948515810988 967.6081216070703
40.0 1.994352256146684 969.8649535566707 967.870601300524
41.0 2.072125774050174 971.0985371826035 969.0264114085534
42.0 2.090360762262481 971.3888141255383 969.2984533632758
43.0 2.283589767843666 968.4059930916692 966.1224033238255
44.0 2.248233896358452 968.9903796843622 966.7421457880037
45.0 2.439158678825124 964.4283993886333 961.9892407098082
46.0 2.706818078148107 970.2431763993009 967.5363583211528
47.0 2.620641847143249 970.7572624546626 968.1366206075194
48.0 2.728320912991337 969.270668597312 966.5423476843207
49.0 3.048371135082753 968.3680812813009 965.3197101462182
50.0 3.115826589973583 966.8898955673741 963.7740689774005
51.0 3.331214630512841 964.4756408940578 961.1444262635449
52.0 3.218857180523254 968.0961277325206 964.8772705519973
53.0 3.419096284909315 964.4348931979613 961.015796913052
54.0 3.464870990500706 965.9829544032213 962.5180834127206
55.0 3.926401734451444 966.195512020683 962.2691102862316
56.0 3.928870090412651 961.5887633502646 957.659893259852
57.0 4.022543552236763 961.1297561805819 957.1072126283451
58.0 4.06674843059485 965.1655292343746 961.0987808037798
59.0 4.306715042393198 967.251357147336 962.9446421049428
60.0 4.26530201333056 963.3037303494682 959.0384283361377
61.0 4.273978903127935 958.5705482064313 954.2965693033033
62.0 4.818856801812121 963.5170943198143 958.6982375180022
63.0 4.517559311143192 966.0353493012184 961.5177899900753
64.0 5.286798523935748 955.2197888832771 949.9329903593414
65.0 4.810506760690081 966.1576027487651 961.347095988075
66.0 5.05237140248546 956.6811696080579 951.6287982055724
67.0 5.322035202484802 958.1016759085114 952.7796407060266
68.0 5.699925533254916 954.5909553232665 948.8910297900115
69.0 5.800717036216784 953.455967474291 947.6552504380742
70.0 5.481687179805089 965.7235162045777 960.2418290247726
71.0 6.786641582028689 972.3716183211213 965.5849767390926
72.0 6.058513637931145 951.6795522430301 945.6210386050989
73.0 5.811548312523113 963.2798740424429 957.4683257299198
74.0 6.879225728199128 963.1984506348219 956.3192249066228
75.0 7.463888527019924 946.3990886987756 938.9352001717557
76.0 7.089478980121823 970.9766602516378 963.8871812715159
77.0 7.409055309119056 960.928768040071 953.5197127309519
78.0 7.001454495215245 950.8540809604289 943.8526264652136
79.0 8.014190664304134 940.9183050756236 932.9041144113194
80.0 7.734732778409138 943.4346319115808 935.6998991331716
81.0 9.261569962799078 934.9967388563485 925.7351688935494
82.0 7.424603680866745 955.5755599053717 948.150956224505
83.0 9.330264771497515 922.8242934392401 913.4940286677426
84.0 10.46434172912024 904.0971405865294 893.6327988574091
85.0 7.681788014925011 978.637185064088 970.955397049163
86.0 9.352611547740346 915.7899339719807 906.4373224242404
87.0 12.21143597836548 888.3714737388308 876.1600377604653
88.0 8.663876338144614 951.3366290333202 942.6727526951755
89.0 8.314661297845144 983.2919237185142 974.9772624206691
90.0 11.61375955341927 900.4848952654722 888.8711357120529
91.0 14.13681113461853 877.5678111578203 863.4310000232018
92.0 12.27955098822178 896.4045030583879 884.1249520701661
93.0 8.898342782798263 940.2397026745905 931.3413598917923
94.0 10.61502061515712 916.0763321447132 905.4613115295561
95.0 11.57776654384035 905.4775847880224 893.8998182441821
96.0 16.29132785222882 858.2770797100076 841.9857518577788
97.0 19.76745674551258 836.4817035481918 816.7142468026792
98.0 11.80772083939291 904.2239953745123 892.4162745351193
99.0 16.37438236043585 859.3411518209116 842.9667694604758
100.0 12.68404610918059 890.7031401887177 878.0190940795371
101.0 9.798621402215374 924.7968392271733 914.9982178249579
102.0 13.25849799691821 879.1283247268111 865.8698267298929
103.0 8.365211449238334 989.7147352930923 981.3495238438539
104.0 12.66631543869981 890.2288176764844 877.5625022377846
105.0 23.50560284847769 814.5777020842389 791.0720992357612
106.0 15.12132926817835 874.6324049512014 859.511075683023
107.0 12.8203295380211 895.6925872475408 882.8722577095197
108.0 17.83577780556881 855.7211742237558 837.885396418187
109.0 13.93454504429259 885.6225946673869 871.6880496230944
110.0 27.77143180026713 785.2344852076564 757.4630534073892
111.0 28.22214962844697 787.5228807592064 759.3007311307594
112.0 31.8348997937823 768.8684423269 737.0335425331177
113.0 25.11201170133106 805.722137 780.6101252986689
114.0 27.85667854041168 789.722137 761.8654584595883
115.0 13.25091948378055 891.6938773791019 878.4429578953213
116.0 17.43781765281866 855.7804235278169 838.3426058749983
117.0 19.50320122962805 843.5370012302677 824.0338000006397
118.0 12.2170261623427 901.6754121976623 889.4583860353196
119.0 16.74363530431159 863.6637768898758 846.9201415855642
120.0 8.866750019175992 935.7387660689122 926.8720160497363
121.0 30.20440454228186 777.695315914822 747.4909113725402
122.0 36.8708909617223 747.4749355219354 710.6040445602131
123.0 26.73054505859329 794.7835651496162 768.0530200910229
124.0 39.68990521192917 735.722137 696.0322317880708
125.0 18.94634620282484 847.7036135165471 828.7572673137222
126.0 29.78928117664005 779.5441429413232 749.7548617646831
127.0 16.47561462463333 865.6950058324901 849.2193912078568
128.0 22.37192031420764 823.6588636107276 801.28694329652
129.0 28.44888325546284 784.2256896677922 755.7768064123293
130.0 29.36678186934331 781.2279446514412 751.8611627820979
131.0 16.74356098942591 863.6594096670084 846.9158486775825
132.0 28.83517733242708 781.8194197915384 752.9842424591114
134.0 12.21643804888088 901.6506856134411 889.4342475645602
135.0 9.949232025032321 931.7202619494636 921.7710299244312
136.0 22.96306269369366 819.7195779557498 796.7565152620561
138.0 35.46787308423378 753.2760677528392 717.8081946686054
139.0 23.69493362755757 811.070114943387 787.3751813158294
140.0 10.86465362792557 917.7221369808154 906.8574833528898
141.0 17.83578882436205 855.7219162774784 837.8861274531164
142.0 35.03652500036951 755.722137 720.6856119996305
143.0 31.90111587685243 769.722137 737.8210211231476
144.0 24.47205669272681 809.4841497766216 785.0120930838948
145.0 19.22684839412423 845.7182946924782 826.491446298354
146.0 9.425423110877537 941.7220875557421 932.2966644448645
147.0 36.7052220803829 744.9089720141903 708.2037499338074
148.0 31.03115764360153 773.4957239145773 742.4645662709758
149.0 13.47479432605359 889.722135274127 876.2473409480734
150.0 23.26106270914249 817.722137 794.4610742908575
151.0 22.96311013461361 819.7221068672255 796.7589967326119
153.0 31.04194884888025 773.722137 742.6801881511197
154.0 30.06056407013017 776.3862428159947 746.3256787458645
156.0 21.79089432017268 827.722137 805.9312426798273
157.0 26.76062141959759 789.0372793860635 762.2766579664659
158.0 9.949146097325564 931.7133848073747 921.7642387100492
160.0 27.82445850188411 789.1550542215131 761.3305957196289
161.0 36.84389668137284 747.151202876252 710.3073061948791
162.0 41.40292305582723 726.4355306044168 685.0326075485896
163.0 8.310202819820948 979.2676666757158 970.9574638558949
164.0 22.8660541321997 818.1500388338749 795.2839847016752
165.0 46.7694820028973 705.722137 658.9526549971027
166.0 23.86464604963002 813.722137 789.85749095037
167.0 20.08421699715592 835.344399408013 815.2601824108571
168.0 27.17209650189637 789.9020941038031 762.7299976019068
170.0 34.5795052071905 757.722137 723.1426317928095
171.0 27.85607709069904 789.7002469835997 761.8441698929007
173.0 34.51966062376913 756.9645877188501 722.444927095081
174.0 26.3725525576124 796.6875884114671 770.3150358538547
175.0 35.03518910384585 755.683179031328 720.6479899274822
176.0 33.22447212652895 763.7219663698194 730.4974942432905
177.0 8.368571139819145 987.7221369992243 979.3535658594052
178.0 10.86465336045335 917.7221070656824 906.8574537052291
180.0 44.87807611529318 713.722137 668.8440608847068
181.0 17.01521337196969 861.7186192442997 844.70340587233
182.0 23.86464604963002 813.722137 789.85749095037
183.0 36.88366505347327 747.722137 710.8384719465267
184.0 22.66734506296519 821.7221369579169 799.0547918949517
185.0 8.418120186932848 1007.719314659006 999.3011944720736
186.0 42.81905310203331 718.9112676803902 676.0922145783569
187.0 13.7024367815146 887.67601279404 873.9735760125254
188.0 23.55060269663177 815.4238792108514 791.8732765142196
189.0 14.4168840253515 881.7221369859708 867.3052529606193
190.0 40.63059144628206 731.722137 691.0915455537179
191.0 32.77899615118375 765.7109221335178 732.9319259823341
192.0 22.37352437716868 823.722137 801.3486126228313
193.0 36.41949735156073 749.722137 713.3026396484393
194.0 26.09519730828816 799.7221223251302 773.6269250168421
196.0 18.38914517450875 851.7221331159034 833.3329879413946
197.0 49.60811741857128 693.722137 644.1140195814287
199.0 31.46893650533543 771.722104853304 740.2531683479686
200.0 29.39406260978476 781.722137 752.3280743902152
202.0 37.47278850868985 742.2665928991371 704.7938043904473
203.0 24.17091251301367 811.722137 787.5512244869863
204.0 37.81559821608908 743.7219848450201 705.9063866289311
205.0 32.33805094119648 767.722137 735.3840860588035
207.0 44.87807611529318 713.722137 668.8440608847068
208.0 26.77960872898589 795.722137 768.9425282710141
209.0 37.45875007935631 742.0341582681845 704.5754081888282
212.0 35.03652500036951 755.722137 720.6856119996305
214.0 31.46712676169978 771.6652336424449 740.1981068807451
215.0 30.20517486472282 777.7196313881355 747.5144565234127
216.0 10.44484096775284 923.7221326852912 913.2772917175384
219.0 42.98830688942086 721.722137 678.7338301105791
220.0 12.0285368613601 903.722137 891.6936001386399
222.0 38.5702479468236 736.7705643836782 698.2003164368546
224.0 16.20941099295972 867.722030398803 851.5126194058433
225.0 22.17959456125726 819.7501563110986 797.5705617498414
227.0 28.52606225724122 784.6247277492478 756.0986654920066
230.0 23.25663543872968 817.578857932922 794.3222224941924
231.0 48.18864452183583 699.722137 651.5334924781642
233.0 30.62057813687662 775.7221312299044 745.1015530930278
234.0 26.09519737379063 799.7221267701352 773.6269293963445
236.0 31.04178351506105 773.7157052387324 742.6739217236713
237.0 31.80757144599483 768.6999218012519 736.8923503552571
238.0 46.12726696516193 706.4402254880389 660.312958522877
239.0 36.88366505347327 747.722137 710.8384719465267
240.0 30.61530722008037 775.5942451706599 744.9789379505795
241.0 53.86745139134075 675.722137 621.8546856086592
242.0 20.92708885279016 833.7221360743479 812.7950472215578
243.0 26.09519750750305 799.7221364392086 773.6269389317055
244.0 54.81406277441276 671.722137 616.9080742255872
245.0 37.34908807908491 745.722137 708.3730489209151
246.0 31.89414024392093 769.5642775435902 737.6701372996692
247.0 29.39406260978476 781.722137 752.3280743902152
249.0 27.49057693716785 791.722137 764.2315600628321
250.0 53.39415383936146 677.722137 624.3279831606385
251.0 31.04194111998623 773.7217360852407 742.6797949652545
252.0 23.56131041287894 815.7144626124448 792.1531521995659
253.0 29.92690169532381 776.1031679504196 746.1762662550958
254.0 38.75133322587587 739.722137 700.9708037741241
255.0 45.8236319293131 709.722137 663.8985050706869
256.0 36.88366505347327 747.722137 710.8384719465267
257.0 30.67186754182071 772.1660472588961 741.4941797170754
258.0 34.49177977829142 756.7388009513153 722.2470211730239
259.0 33.77379808083631 758.2357999788887 724.4620018980524
260.0 11.49606472451676 909.7221132955501 898.2260485710333
261.0 39.22031436599539 737.722137 698.5018226340046
262.0 31.04194884888025 773.722137 742.6801881511197
264.0 49.13493342671962 695.722137 646.5872035732804
266.0 26.37751175049836 796.8232942588217 770.4457825083234
268.0 42.76903376846232 718.3719051176082 675.6028713491459
269.0 36.23927906138926 746.9056103566323 710.6663312952431
270.0 34.5795008956555 757.7219063618359 723.1424054661804
271.0 42.98830688942086 721.722137 678.7338301105791
272.0 38.28305439353635 741.7219212926682 703.4388668991318
273.0 45.76203240961035 708.8753876802491 663.1133552706387
274.0 27.45634860238107 791.1170232515282 763.6606746491471
275.0 17.83579153903432 855.7221296772106 837.8863381381763
276.0 31.4583138736404 771.4962994564915 740.0379855828511
277.0 34.44687008762969 756.4014256968565 721.9545556092268
278.0 36.85636205212448 747.2836909665745 710.42732891445
279.0 20.64138860462023 835.7221369994549 815.0807483948347
280.0 32.77929448702231 765.7213295505664 732.9420350635441
281.0 30.20521974615468 777.721482580858 747.5162628347034
282.0 30.19724416869287 777.5414360308304 747.3441918621375
283.0 41.87456032415017 722.9079242220778 681.0333638979276
284.0 27.49055697321018 791.7211337134315 764.2305767402213
285.0 27.13162259253473 793.7219755967091 766.5903530041743
286.0 37.34908807908491 745.722137 708.3730489209151
287.0 19.78997873860335 841.7201018673451 821.9301231287417
288.0 36.87493156135587 747.5385545993182 710.6636230379623
289.0 49.58177114595982 693.2995884775714 643.7178173316116
290.0 40.15950621135058 733.7036220286006 693.5441158172501
291.0 40.91418368987682 726.6357503560545 685.7215666661777
292.0 48.54402481147048 696.6296270858564 648.0856022743859
293.0 32.12672019552516 764.9006091926196 732.7738889970944
294.0 35.03642717463114 755.717852988722 720.6814258140908
295.0 36.22884985734894 746.6743837825114 710.4455339251624
296.0 28.97822875052573 783.3087490345962 754.3305202840704
297.0 28.21494323081056 787.4010462492803 759.1861030184698
298.0 45.04171912186308 709.6157206390367 664.5740015171736
299.0 20.35667310968607 837.7221369681093 817.3654638584232
300.0 40.15589262485137 733.6191355921536 693.4632429673022
301.0 32.30744177910154 767.2319078698447 734.9244660907432
302.0 24.17091247592978 811.7221338211233 787.5512213451936
303.0 43.09108600371256 716.8058022229138 673.7147162192012
304.0 40.58574842262087 731.0265470462779 690.440798623657
305.0 35.03652499899995 755.7221368797626 720.6856118807626
306.0 40.12910101368537 733.1877117340649 693.0586107203795
307.0 40.12540186732641 733.0630711093052 692.9376692419788
308.0 26.77821193133911 795.6729426143089 768.8947306829698
309.0 37.79709936762472 743.3946754523174 705.5975760846927
310.0 40.61376849001276 731.3525867006085 690.7388182105957
311.0 45.14589534691231 709.592183597709 664.4462882507967
312.0 47.58469597233359 700.3681245653528 652.7834285930192
313.0 43.4526763119131 719.5310642998413 676.0783879879282
314.0 45.52928594075029 705.7769126017194 660.2476266609691
315.0 43.55609991864808 715.6680195711551 672.111919652507
316.0 38.74222190191037 739.5230162810599 700.7807943791495
317.0 46.2825766902092 707.4001527820077 661.1175760917985
318.0 43.45562363682656 719.5841002353921 676.1284765985656
319.0 45.76306369716243 708.6212395833535 662.858175886191
320.0 50.88234331318533 682.7831401687532 631.9007968555679
321.0 51.15919753856331 684.2103172190185 633.0511196804552
322.0 42.50325229246336 723.4612066297376 680.9579543372742
323.0 29.77098572516374 779.2756251827625 749.5046394575988
324.0 41.56060876049159 727.4395082315047 685.8788994710131
325.0 45.00538514490705 705.2173960481057 660.2120109031987
326.0 44.34856297443669 711.2828368712204 666.9342738967837
327.0 48.90611960034312 689.8473682342628 640.9412486339197
328.0 45.7397465005223 708.758913402612 663.0191669020897
329.0 42.86593131653842 720.5194489205228 677.6535176039844
330.0 44.75765295813848 712.2605896892771 667.5029367311386
331.0 43.91727877997817 717.3753439967273 673.4580652167491
332.0 41.07604715536288 729.1941659709158 688.1181188155529
333.0 49.28613580888636 690.795326029837 641.5091902209506
334.0 20.07289125823127 839.7220960202167 819.6492047619854
335.0 38.75099050395327 739.7091468413732 700.9581563374199
336.0 47.10766121238714 698.7360303193959 651.6283691070087
337.0 46.98079145249822 698.0650641288635 651.0842726763653
338.0 46.93476950525084 700.2012873634167 653.2665178581659
339.0 42.19237304864541 721.3298541998053 679.1374811511599
340.0 34.57950046659314 757.7218763445772 723.1423758779841
341.0 36.88211736463575 747.6743259505993 710.7922085859635
342.0 19.79001177356142 841.7221365756336 821.9321248020722
343.0 49.21639457152439 690.5885790756624 641.372184504138
344.0 44.39541953981722 715.4604803190341 671.0650607792169
345.0 43.43398680508318 719.2226485539884 675.7886617489052
346.0 50.39081016845288 687.50660517645 637.1157950079971
347.0 42.47173010708898 722.9775050107122 680.5057749036232
348.0 45.58580454984876 705.662753390191 660.0769488403422
349.0 39.57021320194772 734.59204811844 695.0218349164923
350.0 46.42623677299948 699.9689309988461 653.5426942258466
351.0 43.89551242114919 716.9720218646269 673.0765094434777
352.0 41.98088478159942 724.8225025984178 682.8416178168184
353.0 47.4472418679661 697.5487296678738 650.1014877999077
354.0 48.75101998175089 689.6179902999456 640.8669703181947
355.0 53.96657891924354 668.3064047374068 614.3398258181633
356.0 49.17594556948596 690.0268418590962 640.8508962896102
357.0 48.51142595556427 687.2610653172748 638.7496393617105
358.0 46.62577509124708 703.7474845003703 657.1217094091232
359.0 44.2345970572241 712.8421365477985 668.6075394905744
360.0 46.4531311105695 702.3624685206332 655.9093374100636
361.0 49.84481641292388 684.2878389290986 634.4430225161747
362.0 47.02959069042655 701.7232709481317 654.6936802577051
363.0 48.25828226938643 692.9404320250292 644.6821497556427
364.0 49.51958954384362 688.2562482285799 638.7366586847362
365.0 49.14412510177721 689.6312535541343 640.4871284523571
366.0 48.0392564067616 697.7638728768087 649.7246164700471
367.0 49.75078059198367 684.5713589184276 634.8205783264439
368.0 45.06680871346341 706.9847975673733 661.9179888539099
369.0 50.11753125096733 685.8074242630184 635.6898930120511
370.0 45.2906286223032 710.6768553905593 665.3862267682561
371.0 50.80181201950544 684.3980339313565 633.5962219118511
372.0 45.23814627554012 710.0639889595849 664.8258426840448
373.0 48.38560346208979 694.7629437459882 646.3773402838984
374.0 47.50767390692807 699.8552758508632 652.3476019439351
375.0 44.59233783119424 711.5440094716177 666.9516716404235
376.0 45.46260743314077 707.8159408024302 662.3533333692894
377.0 48.50576488090823 691.8267650125201 643.3210001316118
378.0 49.59757352896791 684.8697923672404 635.2722188382725
379.0 48.94822337772818 692.9809351855427 644.0327118078145
380.0 47.57103747509878 699.9166843425342 652.3456468674354
381.0 44.89423539129756 708.9118336864812 664.0175982951836
382.0 45.32322084573124 711.147332652944 665.8241118072128
383.0 50.64939348463267 679.0394158305191 628.3900223458865
384.0 47.53657126495289 699.2314554451781 651.6948841802252
385.0 52.17358907901502 672.4483058724736 620.2747167934585
386.0 48.13690813622445 694.5532157220647 646.4163075858403
387.0 51.34325413657718 675.9570103209483 624.6137561843712
388.0 48.59209827230632 693.4967314770538 644.9046332047475
389.0 44.82720487904651 712.837253587448 668.0100487084014
390.0 49.08854450858134 686.0364799741812 636.9479354655998
391.0 48.48960533049459 695.6744361172528 647.1848307867582
392.0 48.46927574221166 694.7539456823476 646.284669940136
393.0 48.3164369141688 694.7258538133419 646.4094168991731
394.0 43.90243666448947 717.1823343635818 673.2798976990923
395.0 46.27559414057271 707.2275688641179 660.9519747235452
396.0 48.15760754723461 698.9800632767589 650.8224557295243
397.0 50.48098155261962 679.9797153887564 629.4987338361368
398.0 51.28496979193548 677.2593122845414 625.9743424926059
399.0 50.78716865248165 684.3209303820586 633.533761729577
400.0 50.28201730970271 686.2239190625407 635.941901752838
401.0 49.86194562893698 688.6154973167254 638.7535516877885
402.0 50.88895249106927 679.067216384252 628.1782638931827
403.0 45.81952026669661 709.5820121174093 663.7624918507126
404.0 50.26817484217381 683.1021695565091 632.8339947143353
405.0 51.12950022327057 682.4887904470492 631.3592902237786
406.0 54.20390775066105 664.3949298708854 610.1910221202244
407.0 46.23625852999016 706.6378369040105 660.4015783740203
408.0 53.48038522701827 665.0948806789724 611.6144954519542
409.0 51.45045727702455 679.5730066358439 628.1225493588194
410.0 52.86376446504553 673.0546512218863 620.1908867568408
411.0 52.21366690230711 674.5947639597531 622.381097057446
412.0 49.00427800053015 688.7756923670902 639.77141436656
413.0 53.16300707125463 668.6356602578664 615.4726531866117
414.0 31.90096042375961 769.7160660460548 737.8151056222951
415.0 50.71615779963006 684.6182064780282 633.9020486783981
416.0 49.52965350644332 689.3216886399369 639.7920351334936
417.0 53.9418932703813 666.8379719025367 612.8960786321555
418.0 50.10954638415872 685.870518781997 635.7609723978383
419.0 52.35982405006711 674.7340768715126 622.3742528214455
420.0 50.78584255774078 684.4113834920183 633.6255409342775
421.0 49.11231189842871 691.9588330328225 642.8465211343938
422.0 47.70004688986045 701.3635005660355 653.6634536761751
423.0 53.51799293719585 666.8750573919057 613.3570644547098
424.0 52.66357168427784 668.9441225172919 616.280550833014
425.0 54.08591737169661 665.7275106771453 611.6415933054487
426.0 55.83763419794583 655.0656716594068 599.228037461461
427.0 53.91249748413395 667.9009555467222 613.9884580625882
428.0 53.46803211067124 670.866556406914 617.3985242962427
429.0 49.12578658019096 695.4512281154283 646.3254415352374
430.0 50.52601246030269 689.2213614191682 638.6953489588655
431.0 53.93295733679599 668.9327569057057 614.9997995689097
432.0 50.96578656014367 686.5275856609519 635.5617991008082
433.0 49.90189810882903 690.1708083604126 640.2689102515835
434.0 50.07355856229975 691.4924675707777 641.418909008478
435.0 45.8232775089828 709.7081633154342 663.8848858064514
436.0 53.75961960283112 667.6534294263889 613.8938098235578
437.0 54.4655958214227 663.4575524830583 608.9919566616356
438.0 50.51073260479983 688.9010224732047 638.3902898684049
439.0 51.68281792230342 678.8368111198515 627.1539931975481
440.0 51.0851679356199 679.6956774397922 628.6105095041723
441.0 47.23945405434822 703.6376201084279 656.3981660540797
442.0 53.29553294759024 671.9560579899919 618.6605250424017
443.0 53.52706455561083 672.5832884544779 619.056223898867
444.0 50.08070446878708 688.3563132555855 638.2756087867985
445.0 54.45034281842297 668.6338735562169 614.1835307377939
446.0 53.86282593450745 675.5607930408616 621.6979671063541
447.0 30.20523211017172 777.72213661246 747.5169045022883
448.0 54.16547216629373 666.7533031617488 612.587830995455
449.0 55.44343963544642 663.967526157795 608.5240865223486
450.0 55.904264987573 658.1522670289396 602.2480020413666
451.0 53.21183406528188 676.0836259687933 622.8717919035114
452.0 54.65887037477151 662.741452900889 608.0825825261175
453.0 58.44486672357254 648.0162971427252 589.5714304191526
454.0 49.01666312129983 694.6084947438717 645.5918316225718
455.0 57.69033044015315 648.0248025638341 590.334472123681
456.0 55.04322754575718 667.3372563823753 612.2940288366181
457.0 57.46575665559183 654.4274320041826 596.9616753485907
458.0 56.10977922641751 663.8581625305088 607.7483833040913
459.0 56.9592254357443 659.3593036863313 602.400078250587
460.0 58.65349661369465 649.4131483647142 590.7596517510196
461.0 56.59461967911808 655.3059543298432 598.7113346507251
462.0 59.00908683012459 644.0062663601237 584.9971795299991
463.0 52.31641958282826 680.3138132162787 627.9973936334505
464.0 59.40129213357445 643.9594404174689 584.5581482838945
465.0 57.86063081219549 653.2322571261322 595.3716263139367
466.0 61.77680593694216 631.1855005864186 569.4086946494765
467.0 37.34908798775097 745.7221302335043 708.3730422457533
468.0 60.95943657393474 638.4127401005081 577.4533035265734
469.0 63.50692327592022 624.446534242422 560.9396109665018
470.0 53.86444551895 675.6231869219836 621.7587414030336
471.0 54.33663468441707 673.5986262401812 619.2619915557642
472.0 62.81695325298515 626.7794242208118 563.9624709678267
473.0 62.58129536723328 631.3749548362526 568.7936594690193
474.0 59.49174090858031 650.6829164565213 591.191175547941
475.0 59.81365675324176 647.614214301624 587.8005575483823
476.0 62.90304649331019 627.9896623513161 565.0866158580059
477.0 60.96940938929915 638.1853035777473 577.2158941884482
478.0 60.58994801224389 643.4120749567856 582.8221269445417
479.0 61.1458219421614 637.3645157847 576.2186938425386
480.0 61.24324239667819 638.0553572456149 576.8121148489367
481.0 60.5340758384854 643.0202202222891 582.4861443838037
482.0 64.91913007565034 620.102090517296 555.1829604416456
483.0 61.71651126962569 639.7856557383537 578.069144468728
484.0 50.08131885425347 691.721921527501 641.6406026732475
485.0 63.09161696357893 632.9740171475656 569.8824001839867
486.0 67.54708213560306 608.5042438401402 540.9571617045371
487.0 63.33445706460274 629.5335375966084 566.1990805320057
488.0 66.04535080536345 621.5150848792321 555.4697340738687
489.0 63.02120137351394 630.5192781135443 567.4980767400303
490.0 67.74209687255856 612.0628091283393 544.3207122557807
491.0 64.227886336426 630.6175449202736 566.3896585838476
492.0 65.71954473445743 620.0582701018189 554.3387253673614
493.0 65.57790475816835 620.0436182080462 554.4657134498779
494.0 62.83847788822035 634.0067253709969 571.1682474827765
495.0 62.36903072049641 639.3226199751301 576.9535892546337
496.0 69.27758102707934 602.646352763165 533.3687717360857
497.0 67.76604593717488 613.4629733341228 545.696927396948
498.0 67.40998752447037 615.3274194918532 547.9174319673828
499.0 66.50600621419844 619.8157930459442 553.3097868317458
500.0 65.22692235088848 627.6824840817674 562.4555617308789
501.0 62.38144873090718 639.5580762592641 577.1766275283569
502.0 71.76977558894431 598.1836535477326 526.4138779587883
503.0 68.3352055817395 610.3337188317283 541.9985132499888
504.0 70.24833565628756 602.4415992315506 532.193263575263
505.0 73.09532384246322 587.737521461099 514.6421976186358
506.0 68.64607322458343 609.8111865857865 541.165113361203
507.0 75.7826871782637 578.8176200162002 503.0349328379365
508.0 73.2563563879922 593.039715141622 519.7833587536298
509.0 70.66900787128367 599.4321359121669 528.7631280408833
510.0 71.37026578758448 601.375499021634 530.0052332340495
511.0 63.80765650774741 633.7216272843053 569.9139707765579
512.0 72.81175589844435 595.644882132854 522.8331262344096
513.0 74.06355962266576 586.5534994311338 512.489939808468
514.0 74.22634038948977 589.3790118672999 515.1526714778101
515.0 73.28466672785524 593.5768539299943 520.292187202139
516.0 78.05764030236089 573.0340264205032 494.9763861181423
517.0 73.75854654659079 588.1526914091729 514.3941448625821
518.0 79.55314048002361 567.1480201465313 487.5948796665077
519.0 70.38429038072157 605.0217166786742 534.6374262979526
520.0 72.81423041422726 595.7125404757549 522.8983100615277
521.0 88.262973528522 532.9509508972376 444.6879773687156
522.0 85.91993440474597 541.9599480574249 456.0400136526789
523.0 83.80548768925828 551.544279868186 467.7387921789277
524.0 91.38453590180877 521.686434428006 430.3018985261972
525.0 82.05085395889795 556.7335244449864 474.6826704860884
526.0 81.95433802506029 556.1704060384857 474.2160680134254
527.0 84.33987245114398 549.1792671165938 464.8393946654498
528.0 86.92508178300072 537.5531105718973 450.6280287888965
529.0 92.54714455328752 523.5866569356828 431.0395123823953
530.0 95.23283431323925 515.4259801578368 420.1931458445976
531.0 88.577400311981 535.2843688057807 446.7069684937997
532.0 79.0954305335069 569.7217229344207 490.6262924009138
533.0 90.8146922553002 526.2762973235133 435.4616050682131
534.0 93.02616367483902 520.3511345249325 427.3249708500934
535.0 95.25132599345628 515.5872143111058 420.3358883176496
536.0 79.09544040136043 569.7221358462986 490.6266954449381
537.0 106.3190136439969 487.9490630536506 381.6300494096537
538.0 102.7719103275855 501.2046713361392 398.4327610085537
539.0 88.61265397332013 535.721154309273 447.1085003359528
540.0 80.60909921940976 563.7221323539269 483.1130331345172
541.0 100.2853215060349 506.1874921730725 405.9021706670377
542.0 106.3601495261459 488.2347037114536 381.8745541853076
543.0 111.489400981145 473.4855985862668 361.9961976051218
544.0 107.0068411753554 489.7217285129499 382.7148873375946
545.0 106.3041167736485 491.691962132216 385.3878453585676
546.0 113.0165928486825 470.1403855863522 357.1237927376697
547.0 113.2224943149245 470.8634894115742 357.6409950966496
548.0 120.3445892655746 453.6881708604598 333.3435815948852
549.0 123.6974848770131 445.2181404156044 321.5206555385913
550.0 108.4131572695359 485.7201101182336 377.3069528486977
551.0 126.4866475801465 437.3103680698922 310.8237204897457
552.0 124.6436047736306 443.5621252003791 318.9185204267485
553.0 121.1803256532203 451.7147807899489 330.5344551367286
554.0 117.1505457755317 461.7000575699995 344.5495117944678
555.0 132.5663198135562 424.1765858875115 291.6102660739553
556.0 126.4656705229171 439.6533390125036 313.1876684895866
557.0 134.9588546115189 421.6802359921156 286.7213813805967
558.0 121.9602494188192 449.2779522989207 327.3177028801016
559.0 123.7625821002955 445.6406097763781 321.8780276760826
560.0 134.9617261798373 421.7200651248466 286.7583389450093
561.0 143.6451941237489 403.7102774827458 260.0650833589969
562.0 152.3183926633531 385.2241671143331 232.90577445098
563.0 147.0662771541226 395.0969998580483 248.0307227039257
564.0 148.501257704783 393.7091497883561 245.2078920835731
565.0 137.8473739715788 415.720728839696 277.8733548681172
566.0 152.801269291958 382.6917011968159 229.8904319048579
567.0 155.3976911757945 379.5632038200066 224.1655126442121
568.0 165.1450437802417 361.7216880247133 196.5766442444716
569.0 160.5532158816473 369.3499216487481 208.7967057671008
570.0 167.5275199166701 357.721472794322 190.1939528776519
571.0 163.9837497186102 363.7160660969884 199.7323163783783
572.0 181.2930221153825 335.2189762449486 153.9259541295661
573.0 163.9842115718558 363.7221363900531 199.7379248181973
574.0 177.5784170023643 341.7159421432245 164.1375251408602
575.0 167.5275566225084 357.7221368766538 190.1945802541454
576.0 199.5491738076853 307.4348176405366 107.8856438328513
577.0 200.7539421083711 305.198794853504 104.4448527451328
578.0 165.1450677589347 361.7221369999837 196.577069241049
579.0 185.3246808325923 329.7221369991528 144.3974561665605
580.0 231.4171257615633 262.7407113347993 31.32358557323597
581.0 207.488043434781 295.7221369994627 88.23409356468164
582.0 220.3790711776644 277.7221288454577 57.34305766779336
583.0 231.8861474006706 263.676427503421 31.79028010275039
584.0 240.3939081383923 253.7219715543531 13.32806341596074
585.0 262.5918256275421 227.6170779722509 -34.97474765529121
586.0 259.188697655095 231.6898209951661 -27.49887665992887
587.0 257.4814581914176 233.7115069417635 -23.76995124965409
588.0 259.1877305814017 231.6901094239392 -27.49762115746244
591.0 281.4223318806198 205.722137 -75.70019488061982
