0.0 149.3322173265788 852.1295740833177 702.7973567567389
1.0 143.4909263874064 835.7221560975294 692.231229710123
2.0 139.7362497756686 826.1599021533339 686.4236523776652
3.0 125.5225392516739 785.7221878429761 660.1996485913022
4.0 137.5985487941888 819.9373487160471 682.3387999218583
5.0 131.1039464181161 801.7746695699876 670.6707231518715
6.0 136.3150785404208 818.3486432896667 682.0335647492459
7.0 128.9813640235115 795.7770236670608 666.7956596435493
8.0 129.6888255775924 797.7295286494378 668.0407030718453
9.0 130.1894555859898 800.2677645873049 670.0783090013151
10.0 126.8915915914143 789.7809842645514 662.8893926731371
11.0 124.1655786009656 781.7223648511017 657.5567862501362
12.0 126.1835754038339 787.9994561359015 661.8158807320676
13.0 130.3598377151724 800.0937807605379 669.7339430453656
14.0 122.8231117913643 777.7424914255225 654.9193796341583
15.0 111.8162919657916 743.7224304335457 631.9061384677542
16.0 114.3686980643641 751.7222072628607 637.3535091984966
17.0 122.158636719847 775.7232499301071 653.5646132102601
18.0 124.6075342969498 784.4924664700256 659.8849321730758
19.0 125.3081598724711 786.2864651040267 660.9783052315555
20.0 128.9305809941624 796.278896083061 667.3483150888986
21.0 120.8356638562848 771.7586903431769 650.9230264868921
22.0 132.1020053350997 807.2066747968278 675.1046694617281
23.0 128.0435387949351 794.6077993636988 666.5642605687638
24.0 125.4078703923969 786.4362971003702 661.0284267079734
25.0 118.2225914747805 763.8042484904141 645.5816570156336
26.0 122.8201708305536 777.7933037245644 654.9731328940108
27.0 116.2921400765182 757.7268168311751 641.4346767546569
28.0 120.8239507870038 771.8817509733178 651.057800186314
29.0 115.0088090935745 753.7221450359168 638.7133359423424
30.0 124.8412405625773 783.7404303878472 658.8991898252699
31.0 117.5811623058571 761.7246989675536 644.1435366616965
32.0 115.4255717965747 756.2832168342033 640.8576450376286
33.0 123.488082018784 779.7959879402238 656.3079059214398
34.0 116.2622200950796 758.0675987682639 641.8053786731843
35.0 117.7556037247816 763.7236339352033 645.9680302104217
36.0 121.0049618484364 773.8994657573266 652.8945039088902
37.0 122.7797139095078 778.1638649720194 655.3841510625116
38.0 115.0078086232669 753.7435564054913 638.7357477822244
39.0 123.3223708974593 780.6484663662155 657.3260954687562
40.0 125.5203345162319 785.7640509120262 660.2437163957942
41.0 120.8219371594461 771.9180402560406 651.0961030965945
42.0 116.2535860537098 758.0534619735724 641.7998759198626
43.0 108.6373413936463 733.7221409260474 625.0847995324011
44.0 119.5273010007462 767.7405848955478 648.2132838948016
45.0 117.5804227540554 761.7391060053738 644.1586832513184
46.0 123.4866352730686 779.8270849147754 656.3404496417068
47.0 110.3128566445467 740.3507583981517 630.037901753605
48.0 113.7233491007873 749.8121020523254 636.0887529515381
49.0 115.0087901055954 753.7227573556709 638.7139672500756
50.0 118.1903584647429 764.0479245749044 645.8575661101615
51.0 120.1813677633395 769.7287978268261 649.5474300634866
52.0 116.2922575144846 757.7237870412115 641.4315295267269
53.0 118.8700312784938 765.8348159048352 646.9647846263414
54.0 116.9359571407737 759.7239024534129 642.7879453126392
55.0 115.0084531602621 753.7306344026051 638.7221812423431
56.0 116.9203906526518 759.9110333458049 642.9906426931531
57.0 116.2900278197552 757.7625475871602 641.472519767405
58.0 109.2724432877317 735.7224520976051 626.4500088098734
59.0 107.367836020191 729.7221399197661 622.354303899575
60.0 117.5415464070734 762.0803405577754 644.5387941507019
61.0 119.8839475827085 770.8599933017458 650.9760457190373
62.0 120.7406932957211 772.3056334250108 651.5649401292897
63.0 114.3097182555515 752.3127892450503 638.0030709894989
64.0 111.1797114876151 741.7224453667733 630.5427338791582
65.0 116.8274387786501 760.3880899753264 643.5606511966763
66.0 115.6471753571333 755.7745594240307 640.1273840668973
67.0 116.9351656027583 759.7395820049095 642.8044164021512
68.0 116.2923120616734 757.7221376331105 641.4298255714371
69.0 113.7291427853091 749.730675724045 636.0015329387358
70.0 115.649946152919 755.7227301403328 640.0727839874138
71.0 115.4255713590105 756.2832362762153 640.8576649172048
72.0 115.6486878654633 755.7498643215793 640.1011764561161
73.0 118.2282041636934 763.7224181230876 645.4942139593942
74.0 106.7333527252302 727.7229063479858 620.9895536227556
75.0 115.6499550777656 755.7224768999482 640.0725218221826
76.0 117.1086677490287 761.7230480458409 644.6143802968122
77.0 117.4528980738347 762.506201578393 645.0533035045582
78.0 104.1969241331726 719.7221388212386 615.525214688066
79.0 111.1726527670843 741.8320190917517 630.6593663246674
80.0 101.6619015137207 711.7221478763998 610.0602463626791
81.0 112.4534023300627 745.722137487868 633.2687351578054
82.0 105.4649132736186 723.7221474176342 618.2572341440156
83.0 117.5812492619039 761.722150469026 644.1409012071221
84.0 115.4102550555746 756.4608814759024 641.0506264203278
85.0 110.5372518238245 739.8147020572594 629.2774502334349
86.0 113.0911035752066 747.7222523876363 634.6311488124297
87.0 119.4180322370354 769.8650810152815 650.4470487782461
88.0 112.4524522339851 745.7416351210487 633.2891828870636
89.0 114.3292336399923 752.0607974529144 637.7315638129221
90.0 106.7333527253606 727.7229063387417 620.9895536133811
91.0 111.7047334049895 744.4063481324503 632.7016147274608
92.0 102.2955655394131 713.7221370000062 611.4265714605931
93.0 106.7333764593397 727.7221418771971 620.9887654178573
94.0 118.7773849841405 767.748570303367 648.9711853192265
95.0 115.0083685725131 753.7331888816248 638.7248203091117
96.0 117.5812495646732 761.72213700001 644.1408874353368
97.0 107.9999485899939 731.7666627618723 623.7667141718784
98.0 102.2539299202375 714.0888130884355 611.834883168198
99.0 101.0282835482235 709.7221992027914 608.6939156545679
100.0 108.410916344241 734.2873408195106 625.8764244752696
101.0 119.5173917974211 767.879275921853 648.3618841244319
102.0 109.2724522285869 735.7221374945044 626.4496852659176
103.0 119.4349686106245 768.2332736760674 648.7983050654429
104.0 109.2724292358658 735.7228792342972 626.4504499984314
105.0 111.179719636351 741.7221615698737 630.5424419335227
106.0 113.7294736867625 749.7231710439636 635.9936973572011
107.0 104.1943623347758 719.76714531939 615.5727829846142
108.0 120.1816117688459 769.722137 649.5405252311541
109.0 103.5620547462032 717.7429071523624 614.1808524061592
110.0 109.2724515180718 735.7221692282096 626.4497177101378
111.0 112.4509626020375 745.7650040905697 633.3140414885322
112.0 108.0024575446741 731.7228947757526 623.7204372310785
113.0 132.5380366853369 805.722137 673.1841003146631
114.0 126.8956019198693 789.722137 662.8265350801307
115.0 117.5290551158083 762.2052325903358 644.6761774745274
116.0 113.0910986723006 747.7224160437942 634.6313173714936
117.0 119.4302583077377 768.2985769718026 648.8683186640649
118.0 118.2282098940957 763.7222152668027 645.494005372707
119.0 118.8765273966073 765.7358100104581 646.8592826138507
120.0 118.22259174894 763.8042363511311 645.5816446021911
121.0 109.9078535175742 737.7221372366171 627.8142837190429
122.0 105.4649040439333 723.7224697248502 618.2575656809169
123.0 115.6438676964595 755.8126628831382 640.1687951866787
124.0 109.2724522370151 735.722137 626.4496847629849
125.0 124.842076164265 783.7221370000001 658.8800608357351
126.0 111.1637162973161 741.9077485899717 630.7440322926556
127.0 130.3966703554267 799.722137 669.3254666445733
128.0 102.2955655385865 713.7221370533588 611.4265715147723
129.0 112.4534011530647 745.7221857564096 633.2687846033449
130.0 111.179573410772 741.7260119511621 630.5464385403901
131.0 125.0499557366379 785.7230113495166 660.6730556128786
132.0 118.7831768820565 766.2389202456597 647.4557433636032
134.0 99.76116717541954 705.7221370000999 605.9609698246803
135.0 112.4135222523834 746.0630495317499 633.6495272793665
136.0 115.0088092600388 753.7221370000003 638.7133277399614
138.0 108.6372819358108 733.7238835087738 625.0866015729631
139.0 106.7333765556197 727.7221370028125 620.9887604471928
140.0 107.9041022942395 732.2596375542486 624.3555352600091
141.0 114.3530974936646 751.9031427616843 637.5500452680196
142.0 115.6499645190375 755.722137 640.0721724809625
143.0 120.1816117688459 769.722137 649.5405252311541
144.0 88.99334792517948 671.7221370000497 582.7287890748703
145.0 103.5630669125502 717.7221377809474 614.1590708683973
146.0 109.272452237011 735.7221370003206 626.4496847633095
147.0 111.5904373212957 744.2861572412352 632.6957199199395
148.0 113.0911035835642 747.7222519200367 634.6311483364725
149.0 109.2674351183668 735.8101232271548 626.542688108788
150.0 136.8845473500304 817.722137 680.8375896499696
151.0 103.5565810084978 717.8168224731195 614.2602414646216
153.0 121.4966272924732 773.722137 652.2255097075268
154.0 105.4486236736145 723.9110250310542 618.4624013574397
156.0 140.5465836849662 827.722137 687.1755533150338
157.0 111.816300298572 743.7221371602547 631.9058368616826
158.0 115.0088092600388 753.722137 638.7133277399612
160.0 119.5281523699306 767.7225827899905 648.19443042006
161.0 107.3676820189401 729.7262040049385 622.3585219859984
162.0 103.5565810084978 717.8168224731195 614.2602414646216
163.0 144.9665553207194 839.722137 694.7555816792806
164.0 107.3678268248037 729.722462596047 622.3546357712433
165.0 99.76116717542072 705.722137 605.9609698245793
166.0 135.4283063387095 813.722137 678.2938306612905
167.0 139.8111995838609 825.7405547084994 685.9293551246385
168.0 124.8300416749549 783.8621170835464 659.0320754085915
170.0 116.2923120726715 757.722137 641.4298249273285
171.0 108.0014857673722 731.742560022185 623.7410742548128
173.0 111.1793429390281 741.7309881786105 630.5516452395824
174.0 94.06023018468908 687.7221370019164 593.6619068172273
175.0 104.1969241331728 719.722138821222 615.5252146880492
176.0 96.59382901338181 695.7221370000011 599.1283079866193
177.0 107.3678360737049 729.722137 622.3543009262951
178.0 100.3947072777098 707.7221989100213 607.3274916323116
180.0 102.2955655394131 713.722137 611.4265714605869
181.0 103.52240639963 718.0697625553278 614.5473561556978
182.0 135.4283063387095 813.722137 678.2938306612905
183.0 113.0911065968979 747.722137 634.6310304031021
184.0 95.96041315982291 693.722137 597.7617238401771
185.0 139.812246740654 825.722137 685.909890259346
186.0 103.3362873165719 718.2880866604867 614.9517993439149
187.0 111.1637163068554 741.9077480608567 630.7440317540013
188.0 124.1655850152903 781.7221377824007 657.5565527671104
189.0 104.8308682582707 721.722137 616.8912687417293
190.0 108.0024810188004 731.722137 623.7196559811996
191.0 104.830868257502 721.7221370496094 616.8912687921074
192.0 139.0787647137645 823.722137 684.6433722862355
193.0 113.7295044974584 749.722137 635.9926325025416
194.0 85.1933081197107 659.7221370016788 574.5288288819681
196.0 104.1965258503068 719.7314824125032 615.5349565621964
197.0 95.96041315982291 693.722137 597.7617238401771
199.0 95.96041315982291 693.722137 597.7617238401771
200.0 124.1655850309785 781.722137 657.5565519690215
202.0 109.8675823429355 738.0662949985609 628.1987126556254
203.0 134.7026584276411 811.722137 677.0194785723589
204.0 90.2600451393855 675.7221370000013 585.4620918606158
205.0 119.5281661844539 767.722137 648.1939708155461
207.0 102.2955655394131 713.722137 611.4265714605869
208.0 128.9850916467093 795.722137 666.7370453532907
209.0 104.8304466127386 721.7322423622974 616.9017957495588
212.0 115.6499645190375 755.722137 640.0721724809625
214.0 107.7759851397439 732.287489892732 624.5115047529881
215.0 105.4649134954304 723.7221370004722 618.2572235050417
216.0 120.1816117688459 769.722137 649.5405252311541
219.0 104.8308682582707 721.722137 616.8912687417293
220.0 169.1576799678324 903.722137 734.5644570321676
222.0 102.2955313958619 713.7232670817926 611.4277356859307
224.0 118.2282119463386 763.722137 645.4939250536614
225.0 119.5281661844358 767.722137001283 648.1939708168472
227.0 111.1396160957262 742.0649468991875 630.9253308034613
230.0 103.5630669264888 717.7221370000322 614.1590700735434
231.0 97.86070441634372 699.722137 601.8614325836563
233.0 94.06023018471395 687.722137 593.661906815286
234.0 101.0282850592893 709.722137 608.6938519407107
236.0 106.0990764950213 725.7221370074564 619.6230605124351
237.0 115.6490803337401 755.7402823711556 640.0912020374154
238.0 97.22074562004242 697.817216670552 600.5964710505096
239.0 113.0911065968979 747.722137 634.6310304031021
240.0 112.4534018910302 745.7221567044543 633.2687548134242
241.0 90.26004513938551 675.722137 585.4620918606145
242.0 103.5630669264892 717.722137 614.1590700735108
243.0 95.96041315982291 693.722137 597.7617238401771
244.0 88.99334792518004 671.722137 582.72878907482
245.0 112.4534023388127 745.722137 633.2687346611873
246.0 111.1797189290277 741.7221886029973 630.5424696739695
247.0 124.1655850309785 781.722137 657.5565519690215
249.0 127.5881872873491 791.722137 664.1339497126509
250.0 90.89339824408704 677.722137 586.828738755913
251.0 101.0282850592892 709.7221370000059 608.6938519407166
252.0 116.2923120726713 757.7221370000129 641.4298249273415
253.0 106.7333765537718 727.7221371166538 620.988760562882
254.0 110.543591705638 739.722137 629.178545294362
255.0 101.0282850592893 709.722137 608.6938519407107
256.0 113.0911065968979 747.722137 634.6310304031021
257.0 99.7585915899545 705.7673864426231 606.0087948526686
258.0 104.8308440317067 721.7229194765982 616.8920754448916
259.0 96.59382901338048 695.7221370001148 599.1283079867343
260.0 116.2767780213606 757.906144336364 641.6293663150034
261.0 109.907853521607 737.722137 627.814283478393
262.0 121.4966272924732 773.722137 652.2255097075268
264.0 96.59382901338182 695.722137 599.1283079866182
266.0 100.3947087851055 707.7221370000004 607.3274282148949
268.0 89.62017555929427 673.8173195632261 584.1971440039318
269.0 97.86070441586355 699.7221370327961 601.8614326169326
270.0 95.32700914929585 691.7221370000029 596.3951278507071
271.0 104.8308682582707 721.722137 616.8912687417293
272.0 90.26004513938548 675.7221370000031 585.4620918606176
273.0 90.16108934882018 676.265400691642 586.1043113428218
274.0 94.06023018469241 687.7221370016428 593.6619068169504
275.0 73.79385589483664 623.7221389701573 549.9282830753207
276.0 83.27692118436355 653.9121740171204 570.6352528327569
277.0 80.76000966760745 645.7221370000664 564.962127332459
278.0 92.14372962161885 681.9121285538265 589.7683989322076
279.0 89.39977197080115 674.2883886502249 584.8886166794238
280.0 83.2932443946548 653.7241356675883 570.4308912729335
281.0 89.62669511886789 673.7221393040802 584.0954441852124
282.0 92.1535974261751 681.8172936082614 589.6636961820863
283.0 81.39292640850498 647.7316677062709 566.3387412977659
284.0 92.16011577137431 681.7221370098504 589.5620212384761
285.0 88.3595990868444 669.7316286785482 581.3720295917038
286.0 112.4534023388127 745.722137 633.2687346611873
287.0 90.26004513938551 675.722137 585.4620918606145
288.0 86.45991792773468 663.723983523959 577.2640655962243
289.0 89.62663223583037 673.7239829349462 584.0973506991158
290.0 88.3425934609823 669.93310829559 581.5905148346077
291.0 90.87601383277704 677.9323396765935 587.0563258438164
292.0 76.96016387380623 633.7221370016914 556.7619731278851
293.0 83.29331130422598 653.722137 570.428825695774
294.0 90.25963045288902 675.7320083386334 585.4723778857444
295.0 79.49337552461959 641.7221389685075 562.2287634438879
296.0 101.0282850233079 709.7221389010394 608.6938538777315
297.0 72.52745419605026 619.7221417472104 547.1946875511601
298.0 74.32824464561317 626.2620017006656 551.9337570550524
299.0 81.39292793957146 647.7316048456666 566.3386769060952
300.0 92.32089824555328 683.7230593950733 591.40216114952
301.0 83.29284099345554 653.7335970794971 570.4407560860416
302.0 82.02665555354399 649.722152932274 567.69549737873
303.0 82.65738983575308 651.7678658172008 569.1104759814477
304.0 78.85699700500903 639.7794449522766 560.9224479472676
305.0 74.42706410317411 625.7229399633451 551.295875860171
306.0 80.72657891510531 646.1145886099934 565.3880096948881
307.0 82.53885063413368 652.7311034615738 570.1922528274401
308.0 78.22008168797758 637.8219910950809 559.6019094071033
309.0 79.45221091511679 642.0798263087854 562.6276153936686
310.0 73.16064293167656 621.7221421228003 548.5614991911237
311.0 77.36651981168622 636.2884416152736 558.9219218035874
312.0 74.42692946926075 625.726348811479 551.2994193422183
313.0 77.58693441990731 635.8174029237505 558.2304685038432
314.0 81.88705203827124 650.6107782951459 568.7237262568747
315.0 75.05925351630174 627.7449798571684 552.6857263408667
316.0 68.72264132816469 607.8175393822009 539.0948980540362
317.0 71.88760966578864 617.821578101935 545.9339684361463
318.0 77.98730506043152 638.4301796966845 560.4428746362529
319.0 85.72689803863361 662.2806335889531 576.5537355503194
320.0 71.83106961426307 618.344821543406 546.5137519291429
321.0 72.51105194071014 619.9123615690452 547.4013096283351
322.0 80.12397859957938 643.771334431297 563.6473558317176
323.0 81.35242975195735 648.0745087245744 566.7220789726171
324.0 72.5110291905429 619.9130753137372 547.4020461231943
325.0 69.99505182106699 611.7221638004152 541.7271119793482
326.0 71.2611062697228 615.7239924566953 544.4628861869725
327.0 67.46361818297748 603.7230931702664 536.2594749872889
328.0 75.432405455137 630.585535431616 555.153129976479
329.0 71.89324727976146 617.7439175283093 545.8506702485479
330.0 71.66711222810264 618.2940228932695 546.6269106651669
331.0 76.95955091243031 633.7374277801873 556.777876867757
332.0 69.35998184802352 609.7657496008591 540.4057677528355
333.0 61.14916856657276 583.7268157921188 522.577647225546
334.0 66.79018622864513 602.0713645635749 535.2811783349298
335.0 72.26178861343933 620.6455121081552 548.3837234947159
336.0 70.62699942998669 613.7450040033342 543.1180045733475
337.0 65.94186890750895 600.5199745091961 534.5781056016871
338.0 66.19499325222819 599.7887520235083 533.5937587712801
339.0 67.45656588699652 603.8313543945629 536.3747885075663
340.0 70.99339451292202 616.6369796732084 545.6435851602863
341.0 73.19144607292125 624.1315088869767 550.9400628140555
342.0 65.56264621698931 597.791176413776 532.2285301967867
343.0 59.89244909430924 579.7221373948081 519.8296883004989
344.0 61.76228490704766 585.9158351647994 524.1535502577518
345.0 68.72812365579215 607.7441066843018 539.0159830285097
346.0 61.77852403933244 585.7318144032323 523.9532903638998
347.0 60.52040396920774 581.7240477615753 521.2036437923675
348.0 62.30949500534777 588.2696792432451 525.9601842378973
349.0 71.25855193891594 615.778850074608 544.520298135692
350.0 64.69047571463484 596.4815885320271 531.7911128173923
351.0 62.40646414780294 587.7698436471935 525.3633794993906
352.0 59.8897635025448 579.7696747843774 519.8799112818326
353.0 53.70670202415025 559.7221370029576 506.0154349788074
354.0 67.6945709911617 606.6776340456533 538.9830630544916
355.0 64.28545897390338 594.0012800739321 529.7158211000287
356.0 58.01518047632628 573.7221374473748 515.7069569710485
357.0 66.09591686864258 600.3309838394696 534.235066970827
358.0 67.2355090451648 605.0607492177761 537.8252401726113
359.0 64.06439423911468 596.192293312245 532.1278990731303
360.0 61.77769256973622 585.749172536406 523.9714799666698
361.0 59.24855867205137 577.9180152265655 518.6694565545141
362.0 57.38547446004998 571.8229822118681 514.4375077518181
363.0 61.5205063274727 586.5397200197478 525.0192136922751
364.0 62.99793196940657 590.0940119714621 527.0960800020555
365.0 50.74225573043291 549.7226956456607 498.9804399152278
366.0 62.40590832300399 587.7895249643028 525.3836166412988
367.0 41.55145146991837 515.7221370000113 474.1706855300929
368.0 65.5660762587893 600.3801004367425 534.8140241779532
369.0 57.37457771564441 571.9359682605844 514.56139054494
370.0 61.76940082651334 585.8809333445986 524.1115325180853
371.0 61.75051638692216 586.101239106657 524.3507227197349
372.0 54.29484008942228 561.9346411191718 507.6398010297495
373.0 60.21865231422351 582.6543509900627 522.4356986758392
374.0 58.6367288793475 575.7745576748243 517.1378287954767
375.0 56.7709875154346 569.7338010718148 512.9628135563802
376.0 56.53984484840313 570.3199181133884 513.7800732649853
377.0 56.72081776002038 570.2083282317349 513.4875104717146
378.0 56.15266237599108 567.7247969617936 511.5721345858025
379.0 61.98546929413762 588.9091991996895 526.9237299055519
380.0 58.53216555748939 576.3727760142719 517.8406104567825
381.0 56.76319175685903 569.8559924154068 513.0928006585478
382.0 56.15215422050527 567.7370282296566 511.5848740091513
383.0 60.90791202952326 584.5136694035313 523.605757374008
384.0 57.15167148114421 572.4495731343173 515.297901653173
385.0 52.50631151362687 555.7223782244973 503.2160667108704
386.0 48.46288363150612 541.7982253104351 493.335341678929
387.0 47.91176497500563 539.7352249407581 491.8234599657525
388.0 51.05059589746358 552.5816570975001 501.5310612000365
389.0 49.59350227036453 545.7221455874803 496.1286433171158
390.0 50.74226326393249 549.7224700377276 498.9802067737951
391.0 54.84877351865893 564.4746080052461 509.6258344865871
392.0 48.46286212806958 541.7989837628413 493.3361216347717
393.0 48.77966455899671 544.3535700747433 495.5739055157466
394.0 48.46721830319216 541.7222073414782 493.254989038286
395.0 52.85467590640104 558.461346485252 505.606670578851
396.0 50.74227083504334 549.7221749613396 498.9799041262962
397.0 53.10127040582471 557.7904139416443 504.6891435358196
398.0 46.75930620619482 536.2123685709245 489.4530623647296
399.0 47.33940262806869 540.4095859255901 493.0701832975214
400.0 46.64396156132484 536.7592911176119 490.1153295562871
401.0 50.72318115724798 550.0108758637089 499.2876947064609
402.0 46.75906573230357 536.21959173718 489.4605260048764
403.0 51.60760540988238 554.8332683894735 503.2256629795911
404.0 45.73797995688204 531.7720514609713 486.0340715040893
405.0 45.20604789487366 529.7609978951548 484.5549500002812
406.0 44.6770214702877 527.7493377104666 483.0723162401789
407.0 46.36570945209784 536.8227062658428 490.4569968137449
408.0 46.80252252213319 535.963148294329 489.1606257721958
409.0 43.6276892419907 523.7222136794246 480.0945244374339
410.0 43.13791587698041 523.9414946504441 480.8035787734637
411.0 42.58547250010637 519.7423387999898 477.1568662998835
412.0 41.00400542254933 514.0909949704558 473.0869895479065
413.0 44.14892029268419 529.1619557588422 485.013035466158
414.0 42.56848409092616 520.0011359403573 477.4326518494311
415.0 41.28757904089351 516.4072729668765 475.119693925983
416.0 47.08594403086672 539.2483445665088 492.1624005356421
417.0 44.0752586330673 526.4451416876894 482.3698830546221
418.0 38.84252124422935 500.6177258110468 461.7752045668174
419.0 35.89226655142868 487.7260533215906 451.8337867701619
420.0 39.18698571433648 502.3679002262021 463.1809145118656
421.0 42.91228091923685 522.9570702174786 480.0447892982417
422.0 35.38632024196359 485.7259773808054 450.3396571388419
423.0 35.35205961068383 486.1233853921588 450.771325781475
424.0 35.88735643266245 487.8347607256226 451.9474042929602
425.0 27.66219480617514 453.7221373102581 426.0599425040829
426.0 34.87958750941993 483.766255975116 448.8866684656961
427.0 40.90876671076337 511.5924966498147 470.6837299390513
428.0 35.89217015343067 487.7280706197585 451.8359004663278
429.0 34.87148824861962 483.9125834148232 449.0410951662036
430.0 38.34073246570388 499.5092580310992 461.1685255653953
431.0 32.37737772144696 473.7514919182946 441.3741141968477
432.0 32.37829163484663 473.7230026881875 441.3447110533409
433.0 33.73464608334752 480.4673113476144 446.7326652642669
434.0 33.36209994182881 477.9439050939397 444.5818051521109
435.0 29.47187398254745 461.8172688881584 432.345394905611
436.0 30.42428930292992 465.7375387460142 435.3132494430843
437.0 40.01512606372737 510.430384002577 470.4152579388497
438.0 30.4222183606276 465.7862112347836 435.363992874156
439.0 33.30402158236787 478.5411773504513 445.2371557680834
440.0 33.89375713317982 481.9079206244665 448.0141634912867
441.0 34.26735351880221 482.9141726646262 448.6468191458239
442.0 29.47648027066141 461.7239112289251 432.2474309582637
443.0 28.92644312652466 460.4844981487746 431.5580550222499
444.0 36.00996461364665 493.2582681150605 457.2483035014138
445.0 29.47585338213662 461.7432944547176 432.2674410725809
446.0 31.07044179356594 470.806786756539 439.7363449629731
447.0 30.7603538972479 468.5203294539108 437.7599755566629
448.0 22.51979921707426 427.7221496308424 405.2023504137681
449.0 26.80070320892988 449.7697763130412 422.9690731041113
450.0 32.32981319872549 474.4895815831963 442.1597683844709
451.0 29.78258445145813 466.4133919797752 436.6308075283171
452.0 28.43881146006737 458.9109579045695 430.4721464445021
453.0 23.63653853520615 433.7271940275646 410.0906554923584
454.0 24.77243339411479 439.9342978202411 415.1618644261263
455.0 25.14105593108527 442.1937674708154 417.0527115397301
456.0 20.32057206490858 415.9406917182 395.6201196532914
457.0 26.7986899124345 449.8311766206425 423.032486708208
458.0 18.52435367446063 405.724228736406 387.1998750619454
459.0 19.24418168014102 409.7604039999815 390.5162223198405
460.0 23.62969363299047 433.8916329161228 410.2619392831323
461.0 20.97941274383122 420.5987490190018 399.6193362751706
462.0 25.53532830171524 444.2908781518262 418.755549850111
463.0 24.37425160765565 438.1401426380912 413.7658910304355
464.0 21.7733742373896 424.0268991487876 402.2535249113981
465.0 21.68513280029652 425.0429312812267 403.3577984809302
466.0 23.46792774719093 435.5595324114514 412.0916046642605
467.0 20.6071201520324 418.8074891260167 398.2003689739843
468.0 18.06940083154444 404.952122266036 386.8827214344915
469.0 19.82575991870799 416.3162940477859 396.4905341290779
470.0 21.5752187033291 426.2057659186812 404.6305472153521
471.0 20.6475686343372 421.6634718053374 401.0159031710002
472.0 17.43364929909506 400.0489334210289 382.6152841219339
473.0 14.9605705155181 385.7370885706656 370.7765180551475
474.0 18.12466538677576 404.5054639385383 386.3807985517625
475.0 14.95986427790401 385.7633393346553 370.8034750567513
476.0 18.27020287769495 409.296561837625 391.0263589599301
477.0 18.79637274532608 409.2444328605025 390.4480601151764
478.0 18.88298283542008 412.5189176804694 393.6359348450493
479.0 14.93836931950668 386.2449595828829 371.3065902633763
480.0 16.5574109279033 400.5633454470008 384.0059345190975
481.0 11.00966964810522 359.7277496143843 348.7180799662791
482.0 13.59483907220769 377.7779025833133 364.1830635111056
483.0 16.28215277300617 398.6755328940879 382.3933801210817
484.0 14.2033460441742 383.0474103206479 368.8440642764737
485.0 12.61374404176613 372.2679364545138 359.6541924127477
486.0 11.23257056919822 362.270639404097 351.0380688348988
487.0 14.319618643432 385.8821660145287 371.5625473710967
488.0 14.79436201770506 390.7546454590768 375.9602834413717
489.0 13.88102585238961 386.6451310490022 372.7641051966126
490.0 14.06070112152204 384.4630482811675 370.4023471596455
491.0 15.05857811807213 394.0056392912012 378.947061173129
492.0 9.729084579649732 354.1379016682909 344.4088170886412
493.0 11.17586672521458 366.3578189106946 355.18195218548
494.0 10.14303627125973 357.0165943117382 346.8735580404785
495.0 9.890228214185997 350.8005661979432 340.9103379837572
496.0 9.574985465859344 350.6537338240913 341.078748358232
497.0 11.36126021840881 368.6655323582723 357.3042721398635
498.0 9.80158284084687 351.7136713192318 341.9120884783849
499.0 7.538526598594908 324.2345878416067 316.6960612430118
500.0 7.156197819297172 324.7641176093286 317.6079197900315
501.0 7.045958346722032 323.9046303897044 316.8586720429824
502.0 9.01240683383225 346.3803093547074 337.3679025208751
503.0 10.09661150280771 362.9523770248206 352.8557655220129
504.0 8.580875218923096 344.978962247781 336.3980870288579
505.0 6.109124560356168 319.4228432397013 313.3137186793452
506.0 7.776048773648549 335.2891016890108 327.5130529153622
507.0 6.096101454522277 313.5463114280421 307.4502099735198
508.0 5.514309952955598 305.6521038973533 300.1377939443977
509.0 4.717906608639487 301.2672618573684 296.5493552487289
510.0 7.342978160979346 337.1760994115187 329.8331212505394
511.0 6.352003684432982 316.7910513578349 310.4390476734019
512.0 6.410165288771282 328.4403833989287 322.0302181101574
513.0 4.631317869911796 298.5191977723408 293.887879902429
514.0 5.305364765215754 319.0605127024787 313.7551479372629
515.0 4.129251430828949 275.6338530885376 271.5046016577087
516.0 5.227409170732446 319.8474734185448 314.6200642478124
517.0 4.147047017621675 301.3255251741071 297.1784781564854
518.0 4.622835677176417 305.1035293127979 300.4806936356215
519.0 3.444754279595343 284.4704338907053 281.02567961111
520.0 3.451017116685684 292.7360434168044 289.2850263001187
521.0 3.373190551192681 283.9963676495246 280.623177098332
522.0 3.536719536376069 288.8468301501622 285.3101106137862
523.0 3.378373352507564 285.9781504007935 282.599777048286
524.0 2.855232065436877 281.6195259693779 278.764293903941
525.0 3.229132645826421 290.4135485427099 287.1844158968834
526.0 2.758890612678643 287.6587128717065 284.8998222590278
527.0 2.436137333480175 283.9754701032984 281.5393327698182
528.0 2.509040156749882 283.0626804668509 280.553640310101
529.0 2.400430789792746 281.2225581678506 278.8221273780578
530.0 2.360825831871672 285.7804169813278 283.4195911494561
531.0 2.134771710357283 274.5211694137146 272.3863977033573
532.0 1.841618226413526 276.8304211243765 274.9888028979629
533.0 1.813626687069847 278.0903852150234 276.2767585279536
534.0 1.626870233159034 279.2330274664935 277.6061572333345
535.0 1.589195492739066 277.5371552470917 275.9479597543526
536.0 1.417343528893135 274.9354798995646 273.5181363706714
537.0 1.335419608118753 275.633865345225 274.2984457371062
538.0 1.272994767302635 276.0593167752734 274.7863220079708
539.0 1.214999668483741 273.5712746109455 272.3562749424618
540.0 1.148128612107611 273.5805844906966 272.432455878589
541.0 0.9348894205381022 271.7761860885898 270.8412966680517
542.0 0.8811126106758924 270.5677329806995 269.6866203700236
543.0 0.7173083829085627 270.941345519665 270.2240371367564
544.0 0.6512037555723734 270.9251460459481 270.2739422903757
545.0 0.5834980293178459 268.9951589303985 268.4116609010807
546.0 0.5669148275546282 268.6952361209132 268.1283212933586
547.0 0.4772610151334733 268.7558930608366 268.2786320457031
548.0 0.3900012815605103 266.5560930707569 266.1660917891964
549.0 0.2762935286372748 266.0109177402718 265.7346242116345
550.0 0.2540387410729608 264.6920172978631 264.4379785567902
551.0 0.2477712580825546 263.3608670929652 263.1130958348826
552.0 0.1864658018013619 264.1711115015287 263.9846456997274
553.0 0.0859019320698601 263.8799445957285 263.7940426636587
554.0 0.1011154885480987 261.7984390090553 261.6973235205072
555.0 0.08337718329063248 260.4474332461303 260.3640560628397
556.0 0.02841894912867932 260.3338810181621 260.3054620690334
557.0 0.02867058093624222 259.0577875407627 259.0291169598265
558.0 0.05901338883506146 258.8677519233525 258.8087385345174
559.0 0 257.6370879867242 257.6370879867242
560.0 0.0714982236805847 256.2365643078681 256.1650660841875
561.0 0.02872267755674277 255.9908915647896 255.9621688872328
562.0 0.05852747607229578 254.6728019103874 254.6142744343151
563.0 0.08248579635980316 254.6025945177633 254.5201087214035
564.0 0.08502016636953486 252.666149863495 252.5811296971255
565.0 0.1750183765945713 251.7827609900981 251.6077426135036
566.0 0.2583177772746765 251.1739631202149 250.9156453429402
567.0 0.2624635009269778 250.4069037327518 250.1444402318248
568.0 0.3552337182032654 249.2213692502397 248.8661355320364
569.0 0.3923701816590487 248.9325933507736 248.5402231691146
570.0 0.4646180698988044 249.7706487615704 249.3060306916716
571.0 0.6028337546334714 246.0347680800741 245.4319343254406
572.0 0.6710048819651557 247.0576472881612 246.386642406196
573.0 0.836657945063035 244.1401208027263 243.3034628576633
574.0 0.9496984316306595 243.5734161878677 242.6237177562371
575.0 1.103099930133404 242.6818370860285 241.5787371558951
576.0 1.144041911494114 242.4886831338798 241.3446412223857
577.0 1.437446979049868 243.5551639184123 242.1177169393624
578.0 1.667761263641468 240.1207728153013 238.4530115516599
579.0 1.843545287141162 236.9250566527243 235.0815113655832
580.0 2.06460755486653 238.8282036683615 236.763596113495
581.0 2.330770478602415 233.131826262476 230.8010557838736
582.0 2.611435872362067 235.7472656800523 233.1358298076902
583.0 2.933995074570426 242.375853067208 239.4418579926376
584.0 3.309928424352282 229.156333091005 225.8464046666527
585.0 4.001498404097914 212.1750220866489 208.173523682551
586.0 3.681048259129942 215.6923900836391 212.0113418245092
587.0 4.436233079096733 227.040599794209 222.6043667151123
588.0 4.356592545001517 222.4218668491377 218.0652743041362
591.0 5.70142115098312 205.722137 200.0207158490169
