0.0 142.8881779401432 852.1616056429428 709.2734277027996
1.0 137.2017449254246 835.7221701165142 698.5204251910897
2.0 133.5317757907204 826.1990196312542 692.6672438405338
3.0 119.7021124737491 785.7222262551475 666.0201137813984
4.0 131.4538044241047 819.9840577980352 688.5302533739304
5.0 125.1301947796672 801.7874268918232 676.657232112156
6.0 130.1746684940531 818.4130163806939 688.2383478866408
7.0 123.0643182291873 795.7901078597903 672.725789630603
8.0 123.7536308554035 797.7325846032782 673.9789537478747
9.0 124.2242918469982 800.2915767593878 676.0672849123895
10.0 121.0317048561246 789.7948853337388 668.7631804776142
11.0 118.3838270900531 781.722517589356 663.3386904993029
12.0 120.3391292295374 788.0511529451814 667.712023715644
13.0 124.3994340935953 800.1572266345817 675.7577925409864
14.0 117.0799050462065 777.7500608111865 660.6701557649799
15.0 106.4099155096549 743.7226245474983 637.3127090378433
16.0 108.8826048940359 751.7222673371313 642.8396624430954
17.0 116.4353040469273 775.7238745939525 659.2885705470251
18.0 118.7913066404349 784.5491275557534 665.7578209153185
19.0 119.4761566109979 786.311745883062 666.8355892720641
20.0 123.0048921740131 796.3697509910598 673.3648588170467
21.0 115.1509152881182 771.7697797676243 656.6188644795061
22.0 126.0626660345666 807.3165928088707 681.2539267743041
23.0 122.1294198809424 794.6847848082257 672.5553649272833
24.0 119.5748295945037 786.5037589527599 666.9289293582561
25.0 112.6159514521968 763.8234067355099 651.2074552833132
26.0 117.0760762145417 777.8153148790365 660.7392386644948
27.0 110.746307466261 757.7290737961715 646.9827663299105
28.0 115.1371024765369 771.9105391532804 656.7734366767435
29.0 109.5028163613972 753.7221531843614 644.2193368229642
30.0 119.0397973967892 783.7473280017322 664.707530604943
31.0 111.9956940792144 761.7260509316496 649.7303568524352
32.0 109.8880725268638 756.3005605870587 646.4124880601948
33.0 117.7244775538011 779.8145061051963 662.0900285513952
34.0 110.7105466678193 758.1280968078798 647.4175501400605
35.0 112.1434399998232 763.7243330339176 651.5808930340944
36.0 115.2912457706803 773.9267229954333 658.635477224753
37.0 117.0292427568967 778.2362204536453 661.2069776967486
38.0 109.5014331866998 753.7514642441942 644.2500310574945
39.0 117.5434714252656 780.7211574275532 663.1776860022876
40.0 119.6991686238535 785.7776115399131 666.0784429160596
41.0 115.1344519514245 771.9577504092503 656.8232984578258
42.0 110.7021225377572 758.0955148280814 647.3933922903241
43.0 103.3307906837364 733.7221450622282 630.3913543784918
44.0 113.8822379224004 767.7473323395233 653.865094417123
45.0 111.9947014306503 761.7449465332959 649.7502451026457
46.0 117.7224752745544 779.8570393753533 662.1345641007989
47.0 104.9335948085999 740.3822742789401 635.4486794703402
48.0 108.2556164230266 749.8331333730253 641.5775169499987
49.0 109.5027856880969 753.7231278269155 644.2203421388186
50.0 112.5795122961203 764.0903001579478 651.5107878618275
51.0 114.5168051552859 769.732050507125 655.2152453518392
52.0 110.7464802156967 757.7246982661849 646.9782180504883
53.0 113.2430760728375 765.8646562199235 652.6215801470861
54.0 111.3703292186687 759.7249100834339 648.3545808647652
55.0 109.5023066611853 753.7341739804508 644.2318673192655
56.0 111.3515375292599 759.9485572129244 648.5970196836645
57.0 110.7435741187143 757.7743614386076 647.0307873198933
58.0 103.9459125348707 735.7226606402328 631.7767481053621
59.0 102.1012437872987 729.7221434284345 627.6208996411358
60.0 111.949931000148 762.1324818064145 650.1825508062666
61.0 114.1979298276966 770.9389477848484 656.7410179571518
62.0 115.0462070318365 772.3644174016607 657.3182103698242
63.0 108.8134305111619 752.4095515757612 643.5961210645993
64.0 105.7932872113029 741.7226520442495 635.9293648329467
65.0 111.2500550806903 760.4512029166536 649.2011478359634
66.0 110.120372330436 755.7913398418245 645.6709675113884
67.0 111.3692615153267 759.7456122462051 648.3763507308784
68.0 110.7465658702326 757.7221384546489 646.9755725844163
69.0 108.262810998511 749.7341593863753 641.4713483878643
70.0 110.124056734151 755.7230823826722 645.5990256485213
71.0 109.8880716841563 756.3005974921291 646.4125258079728
72.0 110.1223136213672 755.7602181656874 645.6379045443202
73.0 112.6229778337552 763.7226110979542 651.099633264199
74.0 101.486729388116 727.7233628733402 626.2366334852242
75.0 110.1240703230176 755.7227088012111 645.5986384781935
76.0 111.5163149217534 761.7235496120968 650.2072346903434
77.0 111.8536271105962 762.5751783180661 650.7215512074699
78.0 99.03026980020163 719.7221409006398 620.6918711004382
79.0 105.7843222076142 741.8606086683504 636.0762864607362
80.0 96.57522227187026 711.7221584042163 615.1469361323461
81.0 107.0270867314025 745.7221380904651 638.6950513590626
82.0 100.2582781158278 723.7221575145878 623.46387939876
83.0 111.9958287185131 761.7221626407203 649.7263339222072
84.0 109.869704500765 756.5101284777999 646.6404239770349
85.0 105.1691929526247 739.83626399472 634.6670710420952
86.0 107.6448496554792 747.7223372451155 640.0774875896363
87.0 113.7401600076798 769.8885094852372 656.1483494775574
88.0 107.0257907201307 745.7483450693319 638.7225543492011
89.0 108.8372955915764 752.104400051063 643.2671044594866
90.0 101.4867293884838 727.7233628476258 626.236633459142
91.0 106.2862525551132 744.4708029016455 638.1845503465323
92.0 97.18889136453636 713.7221370000244 616.533245635488
93.0 101.4867677049034 727.7221471399132 626.2353794350098
94.0 113.1212336059183 767.7547778079823 654.6335442020639
95.0 109.5021740234717 753.7381167446519 644.2359427211803
96.0 111.9958293023612 761.7221370000343 649.7263076976731
97.0 102.7125969866175 731.7794999091595 629.066902922542
98.0 97.14092073315046 714.1390836910763 616.9981629579258
99.0 95.96159912507306 709.7222497324337 613.7606506073607
100.0 103.0926546044794 734.3046540226372 631.2119994181578
101.0 113.8699427265577 767.9158118020149 654.0458690754572
102.0 103.9459276036345 735.7221381526248 631.7762105489903
103.0 113.7811088623953 768.2722419348643 654.491133072469
104.0 103.9458904538337 735.7233191350954 631.7774286812617
105.0 105.7933008695096 741.7221839251734 635.9288830556638
106.0 108.2632762433469 749.7238183908588 641.4605421475119
107.0 99.02692114380025 719.7800902893211 620.7531691455208
108.0 114.5171724168393 769.722137 655.2049645831607
109.0 98.41502430458444 717.7500527213713 619.3350284167869
110.0 103.9459262307864 735.7221985725038 631.7762723417174
111.0 107.023897536647 745.7773360818634 638.7534385452164
112.0 102.7158701042684 731.7233443121619 629.0074742078935
113.0 126.5275937955227 805.722137 679.1945432044773
114.0 121.0367331554385 789.722137 668.6854038445615
115.0 111.9353184039403 762.2726133330256 650.3372949290853
116.0 107.644841612362 747.7226007575257 640.0777591451637
117.0 113.7752746229645 768.3515585597825 654.576283936818
118.0 112.6229875242035 763.7222726635614 651.0992851393579
119.0 113.2512877483331 765.7413115788375 652.4900238305044
120.0 112.615951979197 763.8233837126315 651.2074317334345
121.0 104.5613591613226 737.7221375515234 633.1607783902008
122.0 100.258262625153 723.7226898304052 623.4644272052522
123.0 110.116421541267 755.8345173829692 645.7180958417022
124.0 103.945927623567 735.722137 631.776209376433
125.0 119.0409606814597 783.7221370000005 664.6811763185408
126.0 105.7741104865907 741.9410419118887 636.166931425298
127.0 124.4426952754188 799.7221370000001 675.2794417245813
128.0 97.18889136240868 713.7221371353716 616.5332457729629
129.0 107.0270845740111 745.7222252632659 638.6951406892548
130.0 105.79308399654 741.7278074834994 635.9347234869594
131.0 119.2225985286717 785.72341655305 666.5008180243783
132.0 113.1489557568675 766.2791292568819 653.1301735000144
134.0 94.73447741472569 705.7221370003406 610.9876595856149
135.0 106.9813239653905 746.1062364077241 639.1249124423337
136.0 109.5028167005861 753.7221370000011 644.219320299415
138.0 103.3306986241334 733.7248033041242 630.3941046799908
139.0 101.4867679077365 727.722137008103 626.2353691003666
140.0 102.6079296795033 732.3002430648195 629.6923133853162
141.0 108.8638972272226 751.9356319616447 643.0717347344221
142.0 110.1240864267896 755.722137 645.5980505732104
143.0 114.5171724168393 769.722137 655.2049645831607
144.0 84.30664129741039 671.7221370001791 587.4154957027687
145.0 98.41640493529043 717.7221387545309 619.3057338192405
146.0 103.9459276235541 735.7221370010047 631.7762093774506
147.0 106.1723811724672 744.30344887432 638.1310677018527
148.0 107.6448496744887 747.7223361961327 640.077486521644
149.0 103.9393728321921 735.8353120535199 631.8959392213278
150.0 130.7621021772605 817.722137 686.9600348227395
151.0 98.40828273046559 717.8388703741539 619.4305876436883
153.0 115.7928954847147 773.722137 657.9292415152853
154.0 100.2387449779218 723.944888880544 623.7061439026222
156.0 134.3313878244149 827.722137 693.3907491755851
157.0 106.4099295554093 743.7221373910937 637.3122078356844
158.0 109.5028167005861 753.722137 644.2193202994139
160.0 113.8834101825376 767.7228470024934 653.8394368199558
161.0 102.1010151651975 729.7280883052031 627.6270731400056
162.0 98.40828273046559 717.8388703741539 619.4305876436883
163.0 138.6404322158133 839.722137 701.0817047841867
164.0 102.1012283143053 729.7226779933525 627.6214496790472
165.0 94.73447741472975 705.722137 610.9876595852702
166.0 129.3430869072374 813.722137 684.3790500927626
167.0 133.6142035365356 825.745867032346 692.1316634958104
168.0 119.0265216225316 783.8873981170392 664.8608764945076
170.0 110.7465658958428 757.722137 646.9755711041572
171.0 102.7145504695825 731.7495864023818 629.0350359327992
173.0 105.7927650323168 741.7345509915042 635.9417859591874
174.0 89.21352671188719 687.7221370058305 598.5086102939433
175.0 99.03026980020232 719.722140900577 620.6918711003747
176.0 91.66712942592935 695.7221370000047 604.0550075740754
177.0 102.1012439066471 729.722137 627.6208930933529
178.0 95.348019306701 707.7222489496196 612.3742296429186
180.0 97.18889136453662 713.722137 616.5332456354634
181.0 98.36974528765868 718.1139063391832 619.7441610515246
182.0 129.3430869072374 813.722137 684.3790500927626
183.0 107.6448549740822 747.722137 640.0772820259178
184.0 91.05371236475723 693.722137 602.6684246352428
185.0 133.6155727784786 825.722137 692.1065642215214
186.0 98.17789804014521 718.305413418672 620.1275153785268
187.0 105.7741105081241 741.9410407357591 636.166930227635
188.0 118.3838379379333 781.7221386062728 663.3383006683395
189.0 99.64422290367015 721.722137 622.0779140963299
190.0 102.7159080460613 731.722137 629.0062289539387
191.0 99.64422290169175 721.7221371258442 622.0779142241525
192.0 132.9006251609518 823.722137 690.8215118390482
193.0 108.2633269902607 749.722137 641.4588100097393
194.0 80.62660090937922 659.722137005044 579.0955360956648
196.0 99.02970299046947 719.7352440034001 620.7055410129306
197.0 91.05371236475723 693.722137 602.6684246352428
199.0 91.05371236475723 693.7221370000001 602.6684246352428
200.0 118.3838379706127 781.722137 663.3382990293873
202.0 104.5151493170221 738.109864842313 633.5947155252909
203.0 128.6360880511289 811.722137 683.0860489488711
204.0 85.533338958655 675.7221370000053 590.1887980413503
205.0 113.883432506822 767.722137 653.838704493178
207.0 97.18889136453662 713.722137 616.5332456354634
208.0 123.0689959026713 795.722137 672.6531410973287
209.0 99.6436181659113 721.7364576475448 622.0928394816335
212.0 110.1240864267896 755.722137 645.5980505732104
214.0 102.4776978135236 732.3048060459098 629.8271082323862
215.0 100.2582785589218 723.7221370014799 623.4638584425581
216.0 114.5171724168393 769.722137 655.2049645831607
219.0 99.64422290367015 721.722137 622.0779140963299
220.0 162.248987955323 903.722137 741.473149044677
222.0 97.18883551532582 713.7239602034119 616.5351246880861
224.0 112.6229911335146 763.722137 651.0991458664854
225.0 113.8834325067709 767.7221370035628 653.8387044967919
227.0 105.7472822749405 742.1083901442358 636.3611078692952
230.0 98.41640496703222 717.7221370001147 619.3057320330825
231.0 92.89400788356865 699.722137 606.8281291164314
233.0 89.2135267119639 687.722137 598.5086102880361
234.0 95.961601901777 709.722137 613.760535098223
236.0 100.8724536997939 725.7221370205849 624.849683320791
237.0 110.122880316666 755.7465265104507 645.6236461937847
238.0 92.27240431652894 697.8393552758391 605.5669509593101
239.0 107.6448549740822 747.722137 640.0772820259178
240.0 107.0270858941774 745.72217417085 638.6950882766726
241.0 85.53333895865506 675.722137 590.1887980413449
242.0 98.41640496703354 717.722137 619.3057320329665
243.0 91.05371236475723 693.722137 602.6684246352428
244.0 84.30664129741244 671.722137 587.4154957025876
245.0 107.0270867512445 745.722137 638.6950502487555
246.0 105.7932996270171 741.7222303118337 635.9289306848166
247.0 118.3838379706127 781.722137 663.3382990293873
249.0 121.7101856258571 791.722137 670.0119513741429
250.0 86.14669235269361 677.722137 591.5754446473064
251.0 95.96160190177675 709.7221370000227 613.7605350982459
252.0 110.7465658958423 757.7221370000439 646.9755711042016
253.0 101.4867679031774 727.7221372849165 626.235369381739
254.0 105.1771325478282 739.722137 634.5450044521718
255.0 95.961601901777 709.722137 613.760535098223
256.0 107.6448549740822 747.722137 640.0772820259178
257.0 94.731110717301 705.7804003614793 611.0492896441783
258.0 99.64418373471767 721.7233842140885 622.0792004793709
259.0 91.66712942592472 695.7221370003949 604.0550075744702
260.0 110.7278655598695 757.9407996315741 647.2129340717046
261.0 104.5613591708601 737.722137 633.1607778291399
262.0 115.7928954847147 773.722137 657.9292415152853
264.0 91.6671294259294 695.722137 604.0550075740706
266.0 95.34802207236109 707.7221370000016 612.3741149276405
268.0 84.91182418844603 673.8394900474698 588.9276658590238
269.0 92.89400788226364 699.7221370878794 606.8281292056158
270.0 90.44030731992982 691.7221370000118 601.2818296800819
271.0 99.64422290367015 721.722137 622.0779140963299
272.0 85.53333895865493 675.7221370000126 590.1887980413576
273.0 85.42467895382781 676.3077130857055 590.8830341318777
274.0 89.21352671189824 687.7221370049359 598.5086102930377
275.0 69.58715665754984 623.7221412195633 554.1349845620134
276.0 78.76695055310464 653.9462378067313 575.1792872536267
277.0 76.33330296777574 645.7221370002394 569.3888340324637
278.0 87.35376178665868 681.9461844552337 594.592422668575
279.0 84.68133166870441 674.3057208914888 589.6243892227844
280.0 78.78649963668249 653.7252212229204 574.938721586238
281.0 84.91998864302156 673.7221419990547 588.8021533560331
282.0 87.36524782484578 681.8394499157583 594.4742020909126
283.0 76.9460474872054 647.7355293020454 570.78948181484
284.0 87.3734106240327 681.7221370271942 594.3487264031615
285.0 83.69272101289791 669.7354619879383 586.0427409750404
286.0 107.0270867512445 745.722137 638.6950502487555
287.0 85.53333895865506 675.722137 590.1887980413449
288.0 81.85317624768575 663.7249559848983 581.8717797372125
289.0 84.91989126370385 673.7249550855125 588.8050638218087
290.0 83.67225179459344 669.9743768529689 586.3021250583754
291.0 86.12568761725754 677.973176005858 591.8474883886005
292.0 72.65345943060747 633.7221370050886 561.0686775744811
293.0 78.78660414054187 653.722137 574.9355328594581
294.0 85.53274557804501 675.7360961611468 590.2033505831018
295.0 75.10666925756105 641.7221412160267 566.6154719584656
296.0 95.96160182354917 709.7221410742382 613.7605392506891
297.0 68.36075877774251 619.7221467675375 551.361387989795
298.0 70.0919018482359 626.302756095745 556.2108542475091
299.0 76.94605029561371 647.7354156769995 570.7893653813858
300.0 87.50726091676536 683.7235452058853 596.2162842891199
301.0 78.78592560033998 653.7384865791737 574.9525609788337
302.0 77.55994821384688 649.7221687626328 572.1622205487859
303.0 78.16988252405963 651.7811525304206 573.611270006361
304.0 74.48928051698328 639.7976691395529 565.3083886225696
305.0 70.20034811431936 625.723415854401 555.5230677400817
306.0 76.2931278117506 646.186549563033 569.8934217512824
307.0 78.03474905031137 652.8500136014202 574.8152645511089
308.0 73.87164341703365 637.8466893926952 563.9750459756616
309.0 75.05932515715825 642.12768590661 567.0683607494517
310.0 68.97394538863154 621.7221476481852 552.7482022595537
311.0 73.02807977965766 636.3057956348989 563.2777158552412
312.0 70.20015145718133 625.728301111077 555.5281496538957
313.0 73.2585828662691 635.8396199650768 562.5810370988077
314.0 77.4046832294007 650.6960008423874 573.2913176129867
315.0 70.81214448342988 627.7531930329395 556.9410485495097
316.0 64.67432251911514 607.8397522430033 543.1654297238881
317.0 67.73919395647518 617.8456793643628 550.1064854078876
318.0 73.62642542977822 638.4731022673498 564.8466768375716
319.0 81.13021808409775 662.3278323952939 581.1976143111961
320.0 67.6736524756827 618.4409442689596 550.7672917932769
321.0 68.34108973015827 619.9465000948218 551.6054103646635
322.0 75.7164071563252 643.7864166821751 568.0700095258499
323.0 76.89963652144898 648.1207327843898 571.2210962629408
324.0 68.34105347494274 619.9476159673935 551.6065624924508
325.0 65.90836958016782 611.7221876322397 545.8138180520719
326.0 67.13438179802714 615.7249728012184 548.5905910031913
327.0 63.45694633680785 603.72368161606 540.2667352792522
328.0 71.14882526958929 630.6439037355811 559.4950784659918
329.0 67.74616702352991 617.7516087774254 550.0054417538955
330.0 67.50858137120381 618.3139793568558 550.805397985652
331.0 72.65256758326768 633.7441465562842 561.0915789730165
332.0 65.29252951718655 609.781155610937 544.4886260937504
333.0 57.34270724532068 583.7290542005557 526.386346955235
334.0 62.79751715503531 602.1156149369408 539.3180977819055
335.0 68.07718339903866 620.7165110245859 552.6393276255472
336.0 66.51990578945676 613.7532238870066 547.2333180975498
337.0 61.95949104988225 600.5635794280508 538.6040883781686
338.0 62.22719374021617 599.8090759637775 537.5818822235613
339.0 63.44801054510675 603.8598465550463 540.4118360099396
340.0 66.84895509791141 616.6984062808318 549.8494511829204
341.0 68.96975157706336 624.1577825067003 555.1880309296369
342.0 61.61481662450784 597.8128331249563 536.1980165004485
343.0 56.12621710863405 579.7221379341978 523.5959208255638
344.0 57.93252655629267 585.9510273967458 528.0185008404531
345.0 64.68106236504036 607.7519250356716 543.0708626706312
346.0 57.95191973578642 585.7357139259847 527.7837941901982
347.0 56.73405847048672 581.7250549191745 524.9909964486878
348.0 58.45323725624662 588.3127625915676 529.859525335321
349.0 67.13084676957902 615.8001163743875 548.6692696048084
350.0 60.7488233025602 596.5338811132267 535.7850578106665
351.0 58.55915193094311 587.7840557180135 529.2249037870704
352.0 56.12269899533943 579.7836108756341 523.6609118802947
353.0 50.14262984653139 559.7221370091082 509.5795071625768
354.0 63.64775470110409 606.7182782457894 543.0705235446853
355.0 60.37402869573119 594.0756793232563 533.7016506275251
356.0 54.30928114377365 573.722138063676 519.4128569199024
357.0 62.11843050096841 600.3930501662846 538.2746196653162
358.0 63.20507113363757 605.179600710376 541.9745295767384
359.0 60.11792897879344 596.2284214216311 536.1104924428376
360.0 57.95077816526833 585.7594174790591 527.8086393137907
361.0 55.49905467155909 577.9532769452174 522.4542222736583
362.0 53.69798607904243 571.8465368991899 518.1485508201475
363.0 57.67797388739811 586.5891755974399 528.9112017100417
364.0 59.12498074335098 590.1475693988343 531.0225886554833
365.0 47.28113222389721 549.7230652016391 502.4419329777419
366.0 58.55823344546212 587.8134147493695 529.2551813039073
367.0 38.45340001597582 515.7221370000507 477.2687369840749
368.0 61.58013355073645 600.4398393595606 538.8597058088242
369.0 53.68514672153521 571.9777360486679 518.2925893271327
370.0 57.94019282624496 585.9258988963435 527.9857060700985
371.0 57.91754166172758 586.1833874187236 528.2658457569961
372.0 50.70672371167664 561.9729969315585 511.2662732198819
373.0 56.4139602064558 582.6990858733884 526.2851256669326
374.0 54.90977765304281 575.7906434570767 520.8808658040338
375.0 53.10521207014011 569.7387916304601 516.63357956032
376.0 52.86195713084764 570.3459175292049 517.4839603983572
377.0 53.04685390680788 570.2846865739696 517.2378326671617
378.0 52.50726246183603 567.7263019946271 515.2190395327911
379.0 58.11485324733893 588.9887823242881 530.8739290769492
380.0 54.7945643054613 576.439462660356 521.6448983548947
381.0 53.09528627369521 569.8934513356627 516.7981650619674
382.0 52.5065327252317 567.7436336906403 515.2371009654086
383.0 57.08586105859556 584.5927281448037 527.5068670862082
384.0 53.45137622049614 572.5031314381793 519.0517552176831
385.0 48.98320449000756 555.7225608351683 506.7393563451608
386.0 45.084220811656 541.8200426561035 496.7358218444475
387.0 44.55533670393042 539.7415966247709 495.1862599208405
388.0 47.55180638007841 552.6289629478417 505.0771565677633
389.0 46.17411478454088 545.7221556672348 499.5480408826939
390.0 47.2811439087103 549.7227329692121 502.4415890605018
391.0 51.23101869911496 564.5932431728648 513.3622244737498
392.0 45.0841845209841 541.8213047267289 496.7371202057448
393.0 45.36820720481824 544.3797151720964 499.0115079672781
394.0 45.08988393491545 541.7222723783121 496.6323884433966
395.0 49.29625505950034 558.507488110629 509.2112330511287
396.0 47.28115738689011 549.7222151337637 502.4410577468735
397.0 49.55642413519222 557.8169114140637 508.2604872788715
398.0 43.43717571002808 536.2728267648909 492.8356510548628
399.0 43.96424566439738 540.4829327796637 496.5186871152663
400.0 43.31195343972596 536.8450073066555 493.5330538669295
401.0 47.25706025589348 550.0823641031002 502.8253038472067
402.0 43.4367995593348 536.2839418763607 492.8471423170259
403.0 48.0837965877533 554.911361181735 506.8275645939817
404.0 42.46619618714712 531.7895881243279 489.3233919371808
405.0 41.95591721101435 529.7776236233283 487.8217064123139
406.0 41.44862632371496 527.7603378442621 486.3117115205471
407.0 43.02898075774721 536.8700483815853 493.8410676238381
408.0 43.48464144064815 536.0294358820825 492.5447944414344
409.0 40.44294696461934 523.7222906435583 483.2793436789389
410.0 39.94246520153741 523.9885681709092 484.0461029693717
411.0 39.44365159240491 519.7525036137149 480.30885202131
412.0 37.92134494717397 514.1567471957194 476.2354022485455
413.0 40.89166413582469 529.2365154189929 488.3448512831683
414.0 39.42218221521656 520.0743455639267 480.6521633487101
415.0 38.17536084068273 516.4467046770482 478.2713438363655
416.0 43.72375364930885 539.3652620350372 495.6415083857284
417.0 40.85643053956602 526.5557178390842 485.6992872995182
418.0 35.92502164082274 500.7353711020073 464.8103494611845
419.0 33.12107317504056 487.729633008882 454.6085598338414
420.0 36.24960365101714 502.3896827476672 466.1400790966501
421.0 39.72734724062907 523.0854441119051 483.358096871276
422.0 32.63699608192795 485.7289281955117 453.0919321135837
423.0 32.59590557412816 486.1984423801758 453.6025368060476
424.0 33.11421288459702 487.8798818634915 454.7656689788945
425.0 25.26820300198296 453.722138041133 428.45393503915
426.0 32.15141531833254 483.7853212812007 451.6339059628682
427.0 37.85837607848336 512.0687629110569 474.2103868325735
428.0 33.12094542651103 487.7315949246906 454.6106494981796
429.0 32.14074273196804 483.9765558999226 451.8358131679545
430.0 35.42900555458298 500.0725441241641 464.6435385695812
431.0 29.75916010141719 473.7686809862736 444.0095208848564
432.0 29.7606141640375 473.7239612945916 443.9633471305541
433.0 31.03773667716268 480.5212204197482 449.4834837425855
434.0 30.69657052243059 478.0135978177388 447.3170272953082
435.0 26.98567355846675 461.8497911911943 434.8641176327276
436.0 27.8948248108962 465.7461791152007 437.8513543043045
437.0 36.9679992160265 510.9852552812013 474.0172560651748
438.0 27.89187529853211 465.8145573521247 437.9226820535926
439.0 30.62828598610511 478.6966885618372 448.0684025757321
440.0 31.17810865771883 481.9617081466631 450.7835994889443
441.0 31.54128598664475 483.1304233959632 451.5891374093184
442.0 26.99192974318096 461.7254563228442 434.7335265796633
443.0 26.45120594931462 460.5945577302661 434.1433517809515
444.0 33.15863164410645 493.3892992388439 460.2306675947374
445.0 26.99093499793414 461.7559398168819 434.7650048189477
446.0 28.47576863887767 470.8818352411786 442.4060666023009
447.0 28.19463881893907 468.5908612660021 440.396222447063
448.0 20.43104033405894 427.7221723482768 407.2911320142178
449.0 24.45178482365675 449.7930523523637 425.3412675287069
450.0 29.69881231072363 474.6888930091288 444.9900806984051
451.0 27.23326769903383 466.5024875461033 439.2692198470695
452.0 25.97879150773944 459.1162048581759 433.1374133504365
453.0 21.47621224963227 433.7320201155534 412.2558078659211
454.0 22.53739881458977 440.0102724729606 417.4728736583709
455.0 22.87812106499357 442.3007051690675 419.4225841040739
456.0 18.37142719967564 416.0296975568772 397.6582703572015
457.0 24.44861187282627 449.8886339815863 425.4400221087601
458.0 16.69903050622812 405.7266177886985 389.0275872824704
459.0 17.37017220264331 409.7857292810268 392.4155570783835
460.0 21.46638478470066 433.9655941458352 412.4992093611346
461.0 18.97119989880214 420.7622782831519 401.7910783843498
462.0 23.24710900486614 444.451333895595 421.2042248907288
463.0 22.15921461912081 438.2780185423037 416.1188039231829
464.0 19.72680473583451 424.1678399715109 404.4410352356764
465.0 19.62137139883689 425.3246270849871 405.7032556861502
466.0 21.27591405556421 435.9026869228691 414.6267728673049
467.0 18.61912349814242 419.049881497315 400.4307579991726
468.0 16.24681630401713 405.2241840390866 388.9773677350695
469.0 17.86314981966634 416.5089442182005 398.6457943985341
470.0 19.49180291300602 426.6285749578894 407.1367720448833
471.0 18.61815248801547 421.9342178760305 403.316065388015
472.0 15.67435934746908 400.2065697709063 384.5322104234372
473.0 13.37550975483243 385.7517052839545 372.3761955291221
474.0 16.30948135715096 404.7737347547527 388.4642533976017
475.0 13.37428709361959 385.7961826617837 372.4218955681641
476.0 16.3867825512315 409.5955562220757 393.2087736708442
477.0 16.92035774052062 409.6983260307677 392.7779682902471
478.0 16.96086248287621 412.8864499379785 395.9255874551022
479.0 13.34410651712901 386.4696757480007 373.1255692308717
480.0 14.77623449745502 400.9306884644715 386.1544539670164
481.0 9.74746344898279 359.7351525835901 349.9876891346073
482.0 12.1060289754254 377.8291127444338 365.7230837690084
483.0 14.52431770173964 399.0799041050586 384.555586403319
484.0 12.64352613653462 383.4977915328406 370.854265396306
485.0 11.1899337643431 372.5042430144679 361.3143092501248
486.0 9.934500287287762 362.5591202627073 352.6246199754196
487.0 12.72072332117037 386.22761208135 373.5068887601797
488.0 13.13021892940966 391.2219945858985 378.0917756564888
489.0 12.26460839148008 386.9787677438346 374.7141593523545
490.0 12.47665497897573 385.1128415367323 372.6361865577565
491.0 13.35167691924489 394.3423071942206 380.9906302749757
492.0 8.528567660486724 354.3346223577918 345.8060546973051
493.0 9.816202673305079 366.7748527279495 356.9586500546444
494.0 8.901769254415605 357.8827018983727 348.9809326439571
495.0 8.739219128500936 351.2542373106266 342.5150181821256
496.0 8.418638758689572 351.5112754800605 343.0926367213709
497.0 9.969837532819806 369.1829515475658 359.213114014746
498.0 8.63507329879936 352.2877819246879 343.6527086258885
499.0 6.741054818421807 324.8519204171777 318.1108655987559
500.0 6.347437691821229 325.0639866077131 318.7165489158918
501.0 6.23618066071203 325.9145492678492 319.6783686071372
502.0 7.911023993747704 347.1634601360339 339.2524361422862
503.0 8.770781009025739 363.40168690166 354.6309058926343
504.0 7.488401336529708 346.5095225803614 339.0211212438316
505.0 5.354453381849796 320.9656391938726 315.6111858120228
506.0 6.813697655615085 336.8475409555258 330.0338432999107
507.0 5.426774994224455 315.1933837491649 309.7666087549405
508.0 4.94232730157672 308.7837555293249 303.8414282277482
509.0 4.205144507749216 303.365369846796 299.1602253390468
510.0 6.347453816832335 338.5594130188979 332.2119592020656
511.0 5.624934160430413 320.5279921010168 314.9030579405864
512.0 5.527865762868326 329.9839973292811 324.4561315664128
513.0 4.140605120255869 303.0847087395502 298.9441036192943
514.0 4.545330764070362 320.4516850645827 315.9063543005123
515.0 3.880525780835475 292.1848190740947 288.3042932932592
516.0 4.450241683660312 321.8510607028204 317.4008190191601
517.0 3.620400879511765 304.1009723223939 300.4805714428822
518.0 4.038992634082799 309.129273216853 305.0902805827702
519.0 3.115812700491547 292.7279832597993 289.6121705593078
520.0 3.034780979803621 296.2710593266671 293.2362783468634
521.0 3.028973175408029 294.8296776772797 291.8007045018717
522.0 3.12698452483755 299.1081508564974 295.9811663316599
523.0 3.010592495880004 295.9455137857296 292.9349212898496
524.0 2.568156884432647 288.4335427991615 285.8653859147288
525.0 2.785892731119827 300.6484958074753 297.8626030763554
526.0 2.384899103525205 294.0798922524973 291.6949931489721
527.0 2.118049089603126 289.5560146307573 287.4379655411542
528.0 2.189296997495377 290.7985162811311 288.6092192836358
529.0 2.086574418171872 291.2586062641266 289.1720318459547
530.0 1.990363438041248 294.2581890870617 292.2678256490205
531.0 1.919571032466695 284.4772090684101 282.5576380359434
532.0 1.600787556473281 284.9279393108897 283.3271517544164
533.0 1.548859277242406 286.6520759964995 285.1032167192571
534.0 1.354656829436546 286.1641265316101 284.8094697021736
535.0 1.329000675180828 286.1207766566871 284.7917759815063
536.0 1.203411872134026 282.2306796177068 281.0272677455728
537.0 1.101461179883872 283.9400307073679 282.838569527484
538.0 1.035764369014201 283.8419099225666 282.8061455535524
539.0 1.012292164163822 281.5962495582831 280.5839573941192
540.0 0.9385373163160746 282.3877174004179 281.4491800841018
541.0 0.7525525354518493 280.0955857065675 279.3430331711156
542.0 0.7109746862449149 279.4604701336822 278.7494954474372
543.0 0.5472162160224407 278.6752616137806 278.1280453977581
544.0 0.4814123952121036 278.5398150279927 278.0584026327806
545.0 0.4384714742303595 276.9619483689665 276.5234768947362
546.0 0.4268282909842264 276.5599016509684 276.1330733599842
547.0 0.3325512015759437 276.9401344123877 276.6075832108117
548.0 0.2812449979293528 274.083528956803 273.8022839588736
549.0 0.1726655837109781 273.6566944861352 273.4840289024242
550.0 0.168289849146456 272.5648049211824 272.396515072036
551.0 0.1765471241980634 271.8487053269868 271.6721582027888
552.0 0.1050803178759144 272.2864285027616 272.1813481848856
553.0 0.01110281226974236 271.4303395953914 271.4192367831217
554.0 0.05277133553206578 269.9523095555464 269.8995382200143
555.0 0.05637032853422153 268.4014739104635 268.3451035819293
556.0 0 268.559036680178 268.559036680178
557.0 0.0176014208128881 267.4785695820304 267.4609681612176
558.0 0.05141177529610191 267.2446899423573 267.1932781670612
559.0 0.01238753983527802 265.6769439784475 265.6645564386122
560.0 0.1029733548820052 264.6285921026326 264.5256187477506
561.0 0.06185080620962852 264.5439217003381 264.4820708941285
562.0 0.1118767762792323 263.1535664678864 263.0416896916072
563.0 0.1418764544145458 262.4285684435067 262.2866919890922
564.0 0.1720803975296491 260.5600353834041 260.3879549858744
565.0 0.2775437346075398 259.5542226901507 259.2766789555431
566.0 0.3665201286567556 259.5441138954964 259.1775937668397
567.0 0.3850660704229096 258.3352896017015 257.9502235312786
568.0 0.4952137025705619 257.2996670960219 256.8044533934513
569.0 0.5360672537893263 257.219831540004 256.6837642862147
570.0 0.5948177205498567 258.2756663109542 257.6808485904044
571.0 0.7944580146145125 253.9578976112095 253.163439596595
572.0 0.848920305672563 254.8943273445111 254.0454070388386
573.0 1.061245584691807 251.80387588635 250.7426303016582
574.0 1.188383002254332 250.6085191055241 249.4201361032698
575.0 1.352289204341745 250.4100727554725 249.0577835511308
576.0 1.395646654518291 250.3796854872498 248.9840388327316
577.0 1.687315724744424 250.1509902574692 248.4636745327248
578.0 1.959760927688912 248.291176873718 246.3314159460291
579.0 2.201538486837023 242.8412872797846 240.6397487929476
580.0 2.396927568174397 244.6167591867435 242.2198316185691
581.0 2.749425560336042 239.5887744485384 236.8393488882023
582.0 2.97111601710047 245.3728023685756 242.4016863514751
583.0 3.228715114051409 247.7528595724776 244.5241444584262
584.0 3.808229589181122 234.1973810710952 230.3891514819141
585.0 4.769962135983299 215.5834594100877 210.8134972741044
586.0 4.402855189419641 217.8776728688797 213.47481767946
587.0 5.013939046218705 227.8190562087989 222.8051171625802
588.0 4.99170211101084 224.2492354136423 219.2575333026314
591.0 6.615320472861436 205.722137 199.1068165271385
