0.0 133.5216444826631 852.2118604064215 718.6902159237583
1.0 128.06838324427 835.7222104724854 707.6538272282154
2.0 124.5243701297927 826.2630768018705 701.7387066720778
3.0 111.2718818561952 785.7223387247296 674.4504568685344
4.0 122.5356836541075 820.0708695032345 697.535185849127
5.0 116.4695860667522 801.8117911325368 685.3422050657846
6.0 121.2626380231855 818.519094640522 697.2564566173365
7.0 114.4887600724097 795.8148844069897 681.3261243345799
8.0 115.1511471904064 797.7394171843422 682.5882699939358
9.0 115.5762832278984 800.3307615502825 684.7544783223841
10.0 112.5418614834442 789.8210681578299 677.2792066743857
11.0 110.0116050970369 781.722938460841 671.7113333638041
12.0 111.8713378158585 788.1435301146964 676.2721922988379
13.0 115.7573535778483 800.2711801276196 684.5138265497713
14.0 108.7652574032906 777.766317909715 669.0010605064244
15.0 98.60075457792104 743.7231534811712 645.1223989032502
16.0 100.9538737344831 751.7224565903286 650.7685828558456
17.0 108.1506935260174 775.7254622149351 667.5747686889177
18.0 110.3657584703775 784.6436012464326 674.2778427760551
19.0 111.0278425000763 786.3538709234602 675.3260284233839
20.0 114.4141052728876 796.5288474955205 682.1147422226329
21.0 106.9238512021806 771.7922334872702 664.8683822850896
22.0 117.3009540215614 807.4972170495222 690.1962630279608
23.0 113.5564404581078 794.8146583954529 681.2582179373451
24.0 111.1237769912669 786.6137246375394 675.4899476462725
25.0 104.5058200689798 763.8592098368934 659.3533897679137
26.0 108.7596439800801 777.8601202433013 669.1004762632212
27.0 102.7278913760536 757.7344062780375 655.0065149019839
28.0 106.9063924792433 771.9613981376419 665.0550056583986
29.0 101.5442379638185 753.7221817654223 652.1779438016038
30.0 110.6378161553138 783.7622663395701 673.1244501842563
31.0 103.9178549282039 761.7293661075151 657.8115111793111
32.0 101.8817690643528 756.326340011296 654.4445709469432
33.0 109.3789090365556 779.8502595263364 670.4713504897808
34.0 102.6816762367972 758.2336231051496 655.5519468683523
35.0 104.025581393912 763.7259663817699 659.7003849878579
36.0 107.0202788897574 773.9749892776767 666.9547103879194
37.0 108.7018169621563 778.3638110701289 669.6619941079726
38.0 101.5420209136055 753.7685109785979 652.2264900649925
39.0 109.1735059217373 780.837234500548 671.6637285788107
40.0 111.2673947275783 785.805684043487 674.5382893159087
41.0 106.9024405997904 772.0306086705591 665.1281680707688
42.0 102.6741406068891 758.1652429896876 655.4911023827986
43.0 95.67137549263761 733.7221598425989 638.0507843499613
44.0 105.7148329373738 767.7618108145621 662.0469778771883
45.0 103.9163418392885 761.7571237299984 657.8407818907099
46.0 109.3756986475468 779.9172642607881 670.5415656132413
47.0 97.16421931705964 740.4342514953524 643.2700321782927
48.0 100.3537885216086 749.8725087398289 649.5187202182203
49.0 101.5441765570867 753.7240906741563 652.1799141170696
50.0 104.4624381526291 764.1615989114185 659.6991607587894
51.0 106.3202588737066 769.7398208838389 663.4195620101322
52.0 102.7281925941764 757.7269902962145 654.9987977020381
53.0 105.1021264195709 765.9227782009323 660.8206517813615
54.0 103.3222618074589 759.7274932683111 656.4052314608522
55.0 101.5433787053702 753.7421351064784 652.1987564011081
56.0 103.2975373697178 760.0177491796351 656.7202118099173
57.0 102.7239325101218 757.797912137636 655.0739796275143
58.0 96.25651961271933 735.7232292164191 639.4667096036998
59.0 94.50176633046369 729.7221571942928 635.2203908638291
60.0 103.8613951324945 762.2232570151024 658.3618618826078
61.0 105.9671240079301 771.0636514199137 665.0965274119837
62.0 106.8031975709376 772.4639311767253 665.6607336057877
63.0 100.8665620285023 752.5800896178445 651.7135275893422
64.0 98.01405403269186 741.7232208699913 643.7091668372994
65.0 103.1826154248249 760.5535060981934 657.3708906733684
66.0 102.1300402475979 755.8259515941978 653.6959113465999
67.0 103.3206212863614 759.7582295389334 656.437608252572
68.0 102.7283575998406 757.7221418565927 654.9937842567521
69.0 100.3636078131801 749.7418952910408 649.3782874778606
70.0 102.1356207994963 755.7239939013411 653.5883731018448
71.0 101.8817668880097 756.3264332971071 654.4446664090975
72.0 102.1328223458363 755.7825721114763 653.64974976564
73.0 104.5155420430106 763.7231484557838 659.2076064127733
74.0 93.91718877437026 727.7245434023403 633.80735462797
75.0 102.1356454349166 755.7233515943166 653.5877061593999
76.0 103.4281787538847 761.7248071762544 658.2966284223697
77.0 103.7532122140093 762.6847801766438 658.9315679626345
78.0 91.5806992623098 719.7221487430929 628.1414494807831
79.0 98.00134835152257 741.9163186927939 643.9149703412714
80.0 89.2456140156431 711.7221940105261 622.476579994883
81.0 99.18802436141798 745.7221404929347 646.5341161315167
82.0 92.74873600373954 723.7221917144653 630.9734557107257
83.0 103.9181084516073 761.7222022571201 657.8040938055128
84.0 101.8578847549167 756.5921487680766 654.7342640131599
85.0 97.41686057085782 739.8765184996009 642.4596579287431
86.0 99.77587653272914 747.7225819113529 647.9467053786238
87.0 105.5230695636889 769.9302202260662 664.4071506623772
88.0 99.185992770882 745.7623335149632 646.5763407440812
89.0 100.8985518460418 752.1773725896913 651.2788207436495
90.0 93.91718877602198 727.724543289299 633.807354513277
91.0 98.45713322072926 744.5748515191723 646.1177182984431
92.0 89.82929115866385 713.7221370001769 623.892845841513
93.0 93.91726539472589 727.7221662916149 633.804900896889
94.0 104.9372285530196 767.7664172159527 662.8291886629331
95.0 101.5431246082863 753.74950818331 652.2063835750236
96.0 103.9181099653355 761.7221370002023 657.8040270348668
97.0 95.08157801861715 731.804886774823 636.7233087562058
98.0 89.770365153604 714.2247812973373 624.4544161437333
99.0 88.66198151608444 709.7224038615565 621.0604223454721
100.0 95.41520945474574 734.3302514361528 638.9150419814071
101.0 105.6980703642947 767.9839913537068 662.2859209894121
102.0 96.25655169054773 735.7221409220018 639.4655892314541
103.0 105.5996560503217 768.3330692917312 662.7334132414095
104.0 96.25647729097237 735.7244551716783 639.4679778807059
105.0 98.01408284058724 741.7222568836611 643.7081740430739
106.0 100.3643671193143 749.7255401431206 649.3611730238063
107.0 91.57576483793366 719.8056387421778 628.2298739042441
108.0 106.3209244452731 769.722137 663.4012125547269
109.0 90.99465892915174 717.7649447756998 626.7702858465481
110.0 96.25654812948249 735.722294246152 639.4657461166695
111.0 99.18332459251202 745.8016785311042 646.6183539385921
112.0 95.08638359363823 731.7245063763485 636.6381227827102
113.0 117.8123405172453 805.722137 687.9097964827547
114.0 112.5488410652363 789.722137 677.1732959347637
115.0 103.8431917402801 762.3857836452382 658.5425919049581
116.0 99.7758601259835 747.7231044289974 647.9472443030139
117.0 105.5917162601774 768.4378574152962 662.8461411551189
118.0 104.5155627973467 763.7224377069357 659.206874909589
119.0 105.1136562378858 765.7534075429652 660.6397513050794
120.0 104.5058214280892 763.8591516078614 659.3533301797722
121.0 96.84202866802849 737.722138876652 640.8801102086236
122.0 92.74870327147992 723.7232895850229 630.974586313543
123.0 102.1249934383988 755.8759981481719 653.7510047097731
124.0 96.25655175983872 735.722137 639.4655852401613
125.0 110.6396985136952 783.7221370000035 673.0824384863083
126.0 97.98913295834354 741.9996847008208 644.0105517424772
127.0 115.8121437118507 799.7221370000008 683.9099932881501
128.0 89.82929115030314 713.7221375207747 623.8928463704715
129.0 99.18801917647438 745.7223454556007 646.5343262791264
130.0 98.0136993227179 741.7319742814755 643.7182749587576
131.0 110.7819598687301 785.7243570079599 674.9423971392298
132.0 104.9969204434944 766.3425908652173 661.3456704217229
134.0 87.4948538301127 705.7221370020109 618.2272831718982
135.0 99.13220796025482 746.177802963612 647.0455950033572
136.0 101.544238917851 753.722137000008 652.177898082157
138.0 95.67120217789314 733.7270547982142 638.0558526203211
139.0 93.91726599204883 727.7221370374766 633.8048710454277
140.0 94.96296377986941 732.3634778433566 637.4005140634872
141.0 100.9295515450305 751.9928737002997 651.0633221552693
142.0 102.1356803448617 755.722137 653.5864566551383
143.0 106.3209244452731 769.722137 663.4012125547269
144.0 77.57699241219137 671.7221370011487 594.1451445889573
145.0 90.99682297964947 717.7221426716278 626.7253196919783
146.0 96.25655175977004 735.7221370052482 639.4655852454782
147.0 98.34524497145548 744.3290159821794 645.9837710107239
148.0 99.77587659525826 747.722578529526 647.9467019342677
149.0 96.24690255735515 735.8848724419619 639.6379698846068
150.0 121.8788454745496 817.722137 695.8432915254504
151.0 90.98557656607461 717.8800209448899 626.8944443788152
153.0 107.5377088295208 773.722137 666.1844281704792
154.0 92.72334144844407 724.004523213377 631.2811817649329
156.0 125.3090050900319 827.722137 702.4131319099681
157.0 98.60078448541963 743.7221384234597 645.1213539380401
158.0 101.5442389178511 753.7221370000001 652.177898082149
160.0 105.7166983200697 767.7235293464622 662.0068310263925
161.0 94.50136129114641 729.732460467961 635.2310991768145
162.0 90.98557656607461 717.8800209448899 626.8944443788152
163.0 129.4516586148979 839.7221370000002 710.2704783851024
164.0 94.50173349998963 729.7232649495187 635.2215314495291
165.0 87.4948538301372 705.722137 618.2272831698628
166.0 120.515668816473 813.722137 693.206468183527
167.0 124.6189539158047 825.756371437376 701.1374175215713
168.0 110.620907411026 783.9320561646479 673.311148753622
170.0 102.7283576870436 757.722137 654.9937793129564
171.0 95.08433165598783 731.764230442193 636.6798987862052
173.0 98.01319063487894 741.7423870670236 643.7291964321446
174.0 82.24388255889033 687.7221370292198 605.4782544703295
175.0 91.58069926231463 719.7221487426636 628.141449480349
176.0 84.577491101194 695.722137000038 611.144645898844
177.0 94.50176671250478 729.722137 635.2203702874952
178.0 88.07839640133084 707.7224008117667 619.6440044104358
180.0 89.82929115866578 713.722137 623.8928458413342
181.0 90.9399062713663 718.1872378382155 627.2473315668492
182.0 120.515668816473 813.722137 693.206468183527
183.0 99.77588859630249 747.722137 647.9462484036975
184.0 83.99407222860271 693.722137 609.7280647713973
185.0 124.6209728916594 825.722137 701.1011641083406
186.0 90.7402612322813 718.3310298464729 627.5907686141916
187.0 97.98913302822356 741.9996809706902 644.0105479424666
188.0 110.0116283419678 781.7221415484785 671.7105132065107
189.0 92.16466592821331 721.722137 629.5574710717867
190.0 95.08645964339653 731.722137 636.6356773566035
191.0 92.1646659204399 721.7221374839886 629.5574715635487
192.0 123.9338268881764 823.722137 699.7883101118236
193.0 100.3644717859079 749.722137 649.3576652140921
194.0 74.07695115012379 659.7221370247822 585.6451858746585
196.0 91.57975454933625 719.7435169433589 628.1637623940227
197.0 83.99407222860271 693.722137 609.7280647713973
199.0 83.9940722286027 693.7221370000006 609.7280647713979
200.0 110.0116284365079 781.722137 671.7105085634921
202.0 96.78567042639672 738.1820520929231 641.3963816665264
203.0 119.8366435428045 811.722137 691.8854934571955
204.0 78.74369074400271 675.7221370000426 596.9784462560399
205.0 105.7167430468179 767.722137 662.0053939531821
207.0 89.82929115866578 713.722137 623.8928458413342
208.0 114.4952633430583 795.722137 681.2268736569417
209.0 92.16364477956138 721.7459039733253 629.5822591937639
212.0 102.1356803448617 755.722137 653.5864566551383
214.0 94.83021420189488 732.3304082554426 637.5001940535477
215.0 92.74873721053996 723.7221370077303 630.9733997971903
216.0 106.3209244452731 769.722137 663.4012125547269
219.0 92.16466592821331 721.722137 629.5574710717867
220.0 152.1863609930027 903.722137 751.5357760069973
222.0 89.82917721032196 713.7257820621421 623.8966048518202
224.0 104.5155709707226 763.722137 659.2065660292774
225.0 105.7167430465891 767.72213701564 662.0053939690509
227.0 97.95795531283209 742.1804243998328 644.2224690870007
230.0 90.99682308428508 717.72213700072 626.7253139164349
231.0 85.74437414084995 699.722137 613.9777628591501
233.0 82.2438825592826 687.722137 605.4782544407174
234.0 88.66198822195215 709.722137 621.0601487780479
236.0 93.33293056266184 725.7221370894813 632.3892065268194
237.0 102.1337896689078 755.7595424914537 653.6257528225459
238.0 85.149630867822 697.880674040978 612.731043173156
239.0 99.77588859630249 747.722137 647.9462484036975
240.0 99.18802223264772 745.7222301250593 646.5342078924116
241.0 78.74369074400315 675.722137 596.9784462559968
242.0 90.99682308429356 717.722137 626.7253139157064
243.0 83.99407222860271 693.722137 609.7280647713973
244.0 77.57699241220474 671.722137 594.1451445877953
245.0 99.18802442633606 745.722137 646.5341125736639
246.0 98.01408005899232 741.7223568916049 643.7082768326126
247.0 110.0116284365079 781.722137 671.7105085634921
249.0 113.1935941900628 791.722137 678.5285428099372
250.0 79.32704457204741 677.722137 598.3950924279526
251.0 88.66198822195037 709.7221370001608 621.0601487782104
252.0 102.7283576870404 757.7221370002594 654.993779313219
253.0 93.91726597519989 727.7221380388153 633.8048720636154
254.0 97.42785486755748 739.722137 642.2942821324425
255.0 88.66198822195215 709.722137 621.0601487780479
256.0 99.77588859630249 747.722137 647.9462484036975
257.0 87.48989273403045 705.8060842395534 618.3161915055229
258.0 92.16458737469969 721.7245868274066 629.5599994527069
259.0 84.57749110116582 695.7221370023639 611.1446459011981
260.0 102.7038770031451 758.0030824819904 655.2992054788453
261.0 96.84202870118377 737.722137 640.8801082988162
262.0 107.5377088295208 773.722137 666.1844281704792
264.0 84.5774911011944 695.722137 611.1446458988056
266.0 88.07840305968832 707.7221370000135 619.6437339403252
268.0 78.1490345396956 673.8808843442854 595.7318498045898
269.0 85.74437413529866 699.7221373661098 613.9777632308112
270.0 83.41066563232389 691.7221370000887 608.3114713677648
271.0 92.16466592821331 721.722137 629.5574710717867
272.0 78.74369074400214 675.7221370000948 596.9784462560927
273.0 78.61929947203311 676.37471840298 597.7554189309469
274.0 82.24388255895303 687.7221370242513 605.4782544652983
275.0 63.57751875542855 623.7221497030284 560.1446309475998
276.0 72.3014032783885 654.0062194499175 581.704816171529
277.0 69.99365397445998 645.722137001531 575.728483027071
278.0 80.46821893626941 682.0061524736063 601.5379335373369
279.0 77.90361817945116 674.3313450162041 596.427726836753
280.0 72.326754737912 653.7279306859596 581.4011759480476
281.0 78.16033986130475 673.7221523605062 595.5618124992015
282.0 80.48246139348499 681.8808015053731 601.3983401118881
283.0 70.57601128225836 647.7440643688686 577.1680530866103
284.0 80.49376395849365 681.7221371182116 601.2283731597179
285.0 76.99268717288006 669.7439163099023 592.7512291370223
286.0 99.18802442633606 745.722137 646.5341125736639
287.0 78.74369074400315 675.722137 596.9784462559969
288.0 75.24344038614749 663.7273363745341 588.4838959883866
289.0 78.16015647503562 673.727334714301 595.5671782392654
290.0 76.96591527900204 670.0493746797181 593.083459400716
291.0 79.29938979053553 678.0470894902339 598.7476996996984
292.0 66.49381382204891 633.7221370250675 567.2283232030186
293.0 72.32695445145966 653.722137 581.3951825485403
294.0 78.742691928147 675.745247885863 597.002555957716
295.0 68.82702081086815 641.7221496923529 572.8951288814847
296.0 88.66198798111168 709.7221492825213 621.0601613014096
297.0 62.41112648447221 619.7221647815129 557.3110382970407
298.0 64.03667664811449 626.3662150662286 562.3295384181141
299.0 70.57601803990687 647.7437968356496 577.1677787957427
300.0 80.58719879507575 683.7247344843889 603.1375356893132
301.0 72.32579821334858 653.7495516848605 581.4237534715119
302.0 71.16029757698101 649.7222232753939 578.5619256984129
303.0 71.73861479584205 651.8075590054036 580.0689442095616
304.0 68.23753227916747 639.8352188129544 571.597686533787
305.0 64.16066782846137 625.7246448280284 561.563976999567
306.0 69.94123630993442 646.3141937257677 576.3729574158333
307.0 71.57566408035104 653.042464555645 581.466800475294
308.0 67.64863327908043 637.8943596444941 570.2457263654137
309.0 68.76902684705218 642.2090302929867 573.4400034459346
310.0 62.99430988349784 621.7221678046353 558.7278579211375
311.0 66.82036579430649 636.3314896812143 569.5111238869078
312.0 64.16032849334946 625.7328335494695 561.57250505612
313.0 67.06579118583057 635.8811421399061 568.8153509540755
314.0 70.9791494637612 650.8335502564359 579.8544007926747
315.0 64.74162348003146 627.7706973202615 563.02907384023
316.0 58.90158056384578 607.8812087228699 548.9796281590241
317.0 61.81624188263589 617.8915141436468 556.0752722610109
318.0 67.38429334402148 638.54455099061 571.1602576465885
319.0 74.53427786765223 662.4048669549989 587.8705890873467
320.0 61.73514330113487 618.6065098986755 556.8713665975406
321.0 62.38555231492882 620.0066819076867 557.6211295927579
322.0 69.40498010254537 643.8171704830541 574.4121903805087
323.0 70.51952718837615 648.1989845952665 577.6794574068904
324.0 62.3854814187562 620.0088004184064 557.6233189996502
325.0 60.07875628718578 611.7222642561281 551.6435079689423
326.0 61.24467141153246 615.7273800369798 554.4827086254473
327.0 57.74732788531283 603.7252355679736 545.9779076826608
328.0 65.02221077308934 630.7400748585463 565.717864085457
329.0 61.82570734346069 617.767871436545 555.9421640930843
330.0 61.57064145168714 618.3457603659845 556.7751189142974
331.0 66.49227493089992 633.7595289761546 567.2672540452547
332.0 59.49126048864259 609.8137457850364 550.3224852963938
333.0 51.93334873688846 583.7343436092923 531.8009948724039
334.0 57.10766389703816 602.1890406714524 545.0813767744142
335.0 62.09865232090249 620.8357421914483 558.7370898705458
336.0 60.65940769458518 613.7707374596114 553.1113297650262
337.0 56.28512671377289 600.6323978341862 544.3472711204133
338.0 56.57526197942039 599.8499646183044 543.274702638884
339.0 57.73469754818538 603.9159819163737 546.1812843681883
340.0 60.93098751551773 616.7970986584665 555.8661111429488
341.0 62.93687155743048 624.2015660562714 561.2646944988409
342.0 55.99279190968638 597.8570689038215 541.8642769941351
343.0 50.77728015984724 579.7221402629605 528.9448601031133
344.0 52.48725903892107 586.0136385296583 533.5263794907372
345.0 58.9106262392426 607.7685486267616 548.857922387519
346.0 52.51229445314346 585.7443010612876 533.2320066081442
347.0 51.35491563463739 581.7275227349208 530.3726071002835
348.0 52.96806051387296 588.3815441786128 535.4134836647398
349.0 61.23899789376733 615.8462550924985 554.6072571987312
350.0 55.13525884416496 596.6215329093281 541.4862740651632
351.0 53.08814453022034 587.8126788310922 534.7245343008718
352.0 50.77207375221595 579.8114622663943 529.0393885141784
353.0 45.09693263616899 559.7221370465427 514.6252044103737
354.0 57.87676291885335 606.7882744192327 548.9115115003793
355.0 54.80499278535348 594.2191408352803 539.4141480499268
356.0 49.05084317073897 573.7221407418602 524.6712975711212
357.0 56.45081063828048 600.4999137241202 544.0491030858398
358.0 57.456481729462 605.3724454042154 547.9159636747534
359.0 54.49761122913973 596.2886564349998 541.7910452058601
360.0 52.51047775646283 585.7818407756088 533.271363019146
361.0 50.17417022663416 578.0155885873446 527.8414183607105
362.0 48.46644796554227 571.8906229374386 523.4241749718963
363.0 52.213190538872 586.6699789975549 534.4567884586829
364.0 53.61439063742523 590.2419163254925 536.6275256880672
365.0 42.38984411522673 549.72407218245 507.3342280672233
366.0 53.08635427219936 587.8639574462914 534.777603174092
367.0 34.10673389150241 515.7221370004469 481.6154031089445
368.0 55.89990619690419 600.5415555078777 544.6416493109735
369.0 48.45015705165866 572.0541508420432 523.6039937903845
370.0 52.49537561764885 586.0155483130018 533.520172695353
371.0 52.46601004865737 586.3350546828546 533.8690446341973
372.0 45.62382844645646 562.0408964382375 516.417067991781
373.0 51.00608740619871 582.7704580752548 531.7643706690561
374.0 49.61924890305341 575.8234488901326 526.2041999870792
375.0 47.90679068732145 569.7501487007864 521.843358013465
376.0 47.64479127135552 570.3897708625508 522.7449795911953
377.0 47.83407704811274 570.4187265625482 522.5846495144354
378.0 47.33951911510997 567.7301470448116 520.3906279297016
379.0 52.60702488068613 589.1263357939411 536.5193109132549
380.0 49.48665104587363 576.5527901375406 527.066139091667
381.0 47.89265420901168 569.9687658121659 522.0761116031543
382.0 47.33828582933145 567.7588618538251 520.4205760244936
383.0 51.65080164544696 584.7397553764339 533.0889537309869
384.0 48.19977425558317 572.5970332168902 524.3972589613071
385.0 43.99894783640273 555.7230968234518 511.724148987049
386.0 40.31595475455798 541.8630229724702 501.5470682179122
387.0 39.82088381733487 539.7567341497901 499.9358503324552
388.0 42.6027252979102 552.7032368735932 510.100511575683
389.0 41.34544414517087 545.7221946925161 504.3767505473452
390.0 42.38986542360119 549.7235279663017 507.3336625427005
391.0 46.10135055968693 564.797299061664 518.6959485019771
392.0 40.31587730064425 541.8656615704019 501.5497842697576
393.0 40.55068786996683 544.4232487338769 503.87256086391
394.0 40.32429069312705 541.7224881085347 501.3981974154076
395.0 44.25770254536078 558.5862655542391 514.3285630088783
396.0 42.38989648449064 549.7223604816871 507.3324639971964
397.0 44.53868854304935 557.8746387321926 513.3359501891433
398.0 38.75267490637304 536.3724630896125 497.6197881832395
399.0 39.19984344789085 540.603432474087 501.4035890261962
400.0 38.61198590430414 536.9791811890742 498.3671952847701
401.0 42.35608908368217 550.2191335625338 507.8630444788517
402.0 38.75195720117576 536.3931446227608 497.641187421585
403.0 43.09629360456238 555.0385807946138 511.9422871900514
404.0 37.85836037923077 531.8267291118654 493.9683687326346
405.0 37.38057012523515 529.8152298254745 492.4346597002393
406.0 36.90607765388373 527.7846383285895 490.8785606747058
407.0 38.32296194777581 536.9475183204394 498.6245563726636
408.0 38.80615105897293 536.1606856471415 497.3545345881686
409.0 35.96624124970729 523.7225600992297 487.7563188495224
410.0 35.44826680505331 524.0769027114967 488.6286359064434
411.0 35.03097331462854 519.7772175766757 484.7462442620471
412.0 33.59582352360615 514.2734186688842 480.677595145278
413.0 36.30407369197313 529.3597411003248 493.0556674083516
414.0 35.0008644731934 520.2169048989687 485.2160404257753
415.0 33.80623853626378 516.5217523383526 482.7155138020888
416.0 38.97763676248892 539.549998153711 500.5723613912221
417.0 36.3253540761101 526.7498077318331 490.424453655723
418.0 31.84584544435031 500.9289726055374 469.0831271611871
419.0 29.26454400882727 487.7413733267411 458.4768293179138
420.0 32.14331090807681 502.4275356967651 470.2842247886883
421.0 35.24665588436785 523.303855092925 488.0571992085572
422.0 28.8133015470358 485.7380654351509 456.9247638881151
423.0 28.75982936715602 486.336354628645 457.576525261489
424.0 29.25338755205378 487.9815913313253 458.7282037792715
425.0 21.97762630345176 453.7221430880592 431.7445167846074
426.0 28.3589119718693 483.8299624266044 455.4710504547351
427.0 33.5688492014719 512.9417101811794 479.3728609797075
428.0 29.26439056383352 487.7407347176716 458.476344153838
429.0 28.34294584333641 484.1129033145506 455.7699574712142
430.0 31.34431921714807 501.1633231292856 469.8190039121375
431.0 26.13161497759524 473.8134750925526 447.6818601149574
432.0 26.13446500273201 473.7276243647344 447.5931593620024
433.0 27.29128518937579 480.6070451316638 453.315759942288
434.0 26.996450654126 478.1575378150307 451.1610871609047
435.0 23.55573596480556 461.917299009549 438.3615630447434
436.0 24.40072552890845 465.7683381928956 441.3676126639872
437.0 32.68269271190524 511.8213778056701 479.1386850937648
438.0 24.3957997115217 465.8803863542037 441.484586642682
439.0 26.91040168120875 478.9842568634799 452.0738551822712
440.0 27.40332327409123 482.0726655820244 454.6693423079331
441.0 27.74615854208975 483.5197661121725 455.7736075700827
442.0 23.56545079786522 461.7304545186816 438.1650037208164
443.0 23.03553835248442 460.7869668032674 437.751428450783
444.0 29.17802477050445 493.6401544493418 464.4621296788374
445.0 23.56350062275681 461.7894743928984 438.2259737701416
446.0 24.8820233202803 471.0077150036657 446.1256916833854
447.0 24.64439406629928 468.717053171315 444.0726591050157
448.0 17.5983117717969 427.7222951967304 410.1239834249335
449.0 21.228003478565 449.8490768865224 428.6210734079574
450.0 26.04655568008912 475.0736074207977 449.0270517407086
451.0 23.7069851194922 466.6705880751023 442.9636029556101
452.0 22.58308780518991 459.4828870833407 436.8997992781508
453.0 18.5359275448476 433.7483727321144 415.2124451872668
454.0 19.48276695384501 440.1731544305183 420.6903874766733
455.0 19.78089032704188 442.4994467771256 422.7185564500837
456.0 15.74514043395896 416.2277113328324 400.4825708988734
457.0 21.22186340122294 450.0305712848169 428.8087078835939
458.0 14.26134776250975 405.7356341792756 391.4742864167658
459.0 14.85861567695915 409.8548015406605 394.9961858637014
460.0 18.51929577741118 434.1374576989998 415.6181619215886
461.0 16.25431186887095 421.0706394681929 404.8163275993219
462.0 20.11008033329723 444.7782094104521 424.6681290771549
463.0 19.13258430824844 438.5697253734452 419.4371410651967
464.0 16.95248231408117 424.500452883675 407.5479705695938
465.0 16.81768667428077 425.8387855781456 409.0210989038649
466.0 18.27808977114679 436.5197438115164 418.2416540403696
467.0 15.93003930376395 419.5187173143232 403.5886780105593
468.0 13.80499225602997 405.7434572295738 391.9384649735438
469.0 15.21343297612251 416.9098210784574 401.6963881023349
470.0 16.65488186274272 427.347372334904 410.6924904721613
471.0 15.86637093128878 422.4225175966035 406.5561466653148
472.0 13.33026187944579 400.5932729486745 387.2630110692287
473.0 11.29769404095513 385.8027455183408 374.5050514773857
474.0 13.87836336144636 405.3438725731008 391.4655092116544
475.0 11.29500883842362 385.8970273382556 374.6020184998319
476.0 13.8529862017947 410.1549064381656 396.3019202363709
477.0 14.39236652580409 410.6117167629749 396.2193502371708
478.0 14.36739068394881 413.5228057110199 399.1554150270711
479.0 11.24536738102295 386.998067877539 375.7527004965161
480.0 12.39389352947039 401.6001876874864 389.206294158016
481.0 8.154198325423153 359.767266202624 351.6130678772008
482.0 10.17105060077585 378.0008656200518 367.8298150192759
483.0 12.17578477262485 399.8273431783212 387.6515584056963
484.0 10.58965913843507 384.436951607085 373.8472924686499
485.0 9.346225630577463 373.0925047192597 363.7462790886822
486.0 8.277527107178734 363.2748775932376 354.9973504860588
487.0 10.61192901335177 386.9195884555001 376.3076594421483
488.0 10.92044363191304 392.0708711112011 381.150427479288
489.0 10.13031638643803 387.5983799074018 377.4680635209638
490.0 10.38056675853007 386.4066578795232 376.0260911209931
491.0 11.08123615395067 395.003928223172 383.9226920692213
492.0 7.022633025760263 354.6619871132632 347.6393540875029
493.0 8.063608013369051 367.6584471784494 359.5948391650804
494.0 7.313630632739029 359.5385355060756 352.2249048733365
495.0 7.297352234516774 352.3404290112329 345.0430767767161
496.0 6.956854500232214 353.3094529438824 346.3525984436502
497.0 8.166476727999805 370.2589603732058 362.092483645206
498.0 7.16589255234558 353.6546276890542 346.4887351367086
499.0 5.816573140051598 327.2393933893295 321.4228202492779
500.0 5.419259643113271 326.4476222469079 321.0283626037946
501.0 5.255389018227712 330.251974607949 324.9965855897213
502.0 6.531382378627975 349.1206570098051 342.5892746311772
503.0 7.067670424811745 364.3746783826397 357.307007957828
504.0 6.099996670462754 349.7676279126413 343.6676312421786
505.0 4.47011810364435 324.5554305644047 320.0853124607604
506.0 5.613938672580918 340.8146106553837 335.2006719828028
507.0 4.661585876329887 319.6602132578643 314.9986273815344
508.0 4.264844214272276 317.3875903046494 313.1227460903771
509.0 3.656659939307879 309.1778660786559 305.521206139348
510.0 5.111397319034025 341.2904275254509 336.1790302064169
511.0 4.701181239898349 329.5497083507168 324.8485271108185
512.0 4.453717984755423 333.3618479164121 328.9081299316566
513.0 3.547812442095038 313.4188731365069 309.8710606944119
514.0 3.657018510916566 323.8207721308133 320.1637536198967
515.0 3.369717304268046 313.8606271110368 310.4909098067688
516.0 3.521444452364401 325.8784184243664 322.356973972002
517.0 3.029705016920762 311.1994477206802 308.1697427037594
518.0 3.328991215210974 317.88172114454 314.5527299293291
519.0 2.674023077579691 307.1769187104869 304.5028956329072
520.0 2.582203245855058 305.2548301080967 302.6726268622417
521.0 2.526510494490735 310.0816378325057 307.555127338015
522.0 2.557290966690817 312.0275547839231 309.4702638172323
523.0 2.500637441883772 309.8109656015994 307.3103281597157
524.0 2.232767054731476 301.1092988680438 298.8765318133123
525.0 2.214648239605791 310.0174333377457 307.8027850981399
526.0 1.939886436710581 304.760171566951 302.8202851302404
527.0 1.766580451198451 300.4700281741641 298.7034477229656
528.0 1.787313253601934 303.6915899360904 301.9042766824884
529.0 1.666806460497456 304.1451478471115 302.4783413866141
530.0 1.530371924630845 304.7884116333943 303.2580397087634
531.0 1.606002186615566 301.1528358777522 299.5468336911367
532.0 1.306494975267722 298.4041431754605 297.0976482001928
533.0 1.223303421969297 299.3967282307254 298.1734248087561
534.0 1.057873077908953 296.9696505282498 295.9117774503408
535.0 1.014117644066273 298.3427210698325 297.3286034257663
536.0 0.9727702954018865 294.550636685957 293.5778663905551
537.0 0.8305556616673274 296.0961072135496 295.2655515518823
538.0 0.7734414958435604 295.2689060893831 294.4954645935395
539.0 0.7853556702776165 294.3554503207735 293.5700946504959
540.0 0.6860827254111202 295.5233247705464 294.8372420451353
541.0 0.5474938383836559 293.1872267821951 292.6397329438114
542.0 0.5169223028320842 292.5901087125701 292.073186409738
543.0 0.3845942874088019 290.3352405429456 289.9506462555368
544.0 0.3211081504287491 290.1202493983698 289.799141247941
545.0 0.3065796329358111 288.9324930270035 288.6259133940677
546.0 0.3039799157950943 288.5044071924241 288.200427276629
547.0 0.1978152688652615 288.8966258859448 288.6988106170796
548.0 0.2106248498636445 285.9735487831947 285.7629239333311
549.0 0.1122137505091406 285.1212248428833 285.0090110923741
550.0 0.1222770048086508 284.9133303008588 284.7910532960502
551.0 0.1419804808061227 284.4653551456689 284.3233746648628
552.0 0.06637248730698245 284.2641446691677 284.1977721818608
553.0 0 282.3928440189222 282.3928440189222
554.0 0.0646345836523412 281.8026893706116 281.7380547869593
555.0 0.09954908843324184 280.5720026555677 280.4724535671345
556.0 0.03875751476377817 280.601841930745 280.5630844159812
557.0 0.07731547684925894 279.7413717875365 279.6640563106873
558.0 0.1182368737869096 279.3747717538485 279.2565348800616
559.0 0.112161984302287 277.9438645030801 277.8317025187778
560.0 0.2212249279458637 277.4456032597079 277.2243783317621
561.0 0.1801540096359218 277.4025528784124 277.2223988687765
562.0 0.2623705890728952 275.9434649854189 275.681094396346
563.0 0.3190074780442797 274.3167671718111 273.9977596937669
564.0 0.3918871473068425 272.2604806849966 271.8685935376898
565.0 0.5184459009462043 271.6424741634052 271.124028262459
566.0 0.6035935316907842 272.0248149315617 271.4212213998709
567.0 0.6547565146771699 270.3653886960887 269.7106321814115
568.0 0.7909444284825863 269.1301573140786 268.339212885596
569.0 0.8274154688570385 269.6683990146834 268.8409835458263
570.0 0.8718099060598987 269.8089166350925 268.9371067290326
571.0 1.168386963464001 265.9037802607468 264.7353932972828
572.0 1.207962651870649 266.4493204221955 265.2413577703249
573.0 1.48726213826307 264.0188566124582 262.5315944741952
574.0 1.660511985601311 261.0370136041489 259.3765016185476
575.0 1.820333256521944 261.8468585573641 260.0265253008422
576.0 1.863443463542245 261.8419576386378 259.9785141750956
577.0 2.181395341354131 260.488431746891 258.3070364055368
578.0 2.477806861077009 260.5445359065463 258.0667290454693
579.0 2.868746374433555 253.1304576792835 250.2617113048499
580.0 3.06455884623934 250.7359960465536 247.6714372003143
581.0 3.451795988955075 255.4173209143972 251.9655249254421
582.0 3.55462655768145 258.9768704912145 255.4222439335331
583.0 3.861403848597016 252.515492426518 248.654088577921
584.0 4.733080179034556 240.426295564362 235.6932153853275
585.0 6.148253127919404 218.9954416877158 212.8471885597964
586.0 5.734271613054655 220.489095386938 214.7548237738833
587.0 6.16054772754434 228.912742549739 222.7521948221946
588.0 6.207150602813687 226.003812431133 219.7966618283193
591.0 8.286580512122782 205.722137 197.4355564878772
