0.0 101.5826470214098 852.4161453979683 750.8334983765585
1.0 96.99385040454458 835.7231882072254 738.7293378026808
2.0 93.89833266219685 826.5721463715893 732.6738137093924
3.0 82.77544957367196 785.7252215976321 702.9497720239602
4.0 92.22828096209806 820.6431075393823 728.4148265772843
5.0 87.12191554893544 801.9895007343589 714.8675851854235
6.0 90.9775972462556 819.025842615134 728.0482453688784
7.0 85.45295772106981 795.9900595902185 710.5371018691487
8.0 86.02071177101582 797.817638544742 711.7969267737262
9.0 86.27281171790183 800.5388887401657 714.2660770222639
10.0 83.82008177989022 790.0011339613966 706.1810521815064
11.0 81.72770641020245 781.7320547951825 700.00434838498
12.0 83.2154088457086 788.683598915827 705.4681900701184
13.0 86.45663073088803 800.9658350109194 714.5092042800314
14.0 80.6873088625803 777.9277158417308 697.2404069791505
15.0 72.38136462583528 743.7338757474448 671.3525111216095
16.0 74.29620123541897 751.728665032229 677.4324637968101
17.0 80.1875206988464 775.7524595932747 695.5649388944283
18.0 81.86652337661177 785.1082131535069 703.2416897768951
19.0 82.45561036143991 786.5922795992693 704.1366692378294
20.0 85.29261417159902 797.4124789584117 712.1198647868127
21.0 79.16570621553015 771.9837860524507 692.8180798369206
22.0 87.55188913198101 808.3452519522802 720.7933628202992
23.0 84.50856747406512 795.4746504967199 710.9660830226548
24.0 82.52832767148568 787.1371285788069 704.6088009073212
25.0 77.17403852966323 764.0943248096554 686.9202862799921
26.0 80.66703909952525 778.2449312897932 697.5778921902679
27.0 75.73938327314451 757.8046691011256 682.0652858279811
28.0 79.12985923524652 772.2473687871893 693.1175095519428
29.0 74.77724038181541 753.7235245861196 678.9462842043042
30.0 82.23996043538167 783.9166821159241 701.6767216805425
31.0 76.71216482161365 761.7782631346005 685.0660983129869
32.0 74.93523903169653 756.4212269888768 681.4859879571803
33.0 81.18310154237675 780.119687616336 698.9365860739593
34.0 75.63335565676822 758.7944279274969 683.1610722707287
35.0 76.67393867364215 763.7472220829632 687.073283409321
36.0 79.09632644820804 774.2664733557654 695.1701469075574
37.0 80.55280448168874 779.0878920366462 698.5350875549575
38.0 74.76623824727042 753.9431361229166 679.1768978756462
39.0 80.87494294637471 781.3579440542779 700.4830011079032
40.0 82.75656593936227 786.0633548694308 703.3067889300686
41.0 79.11465647617101 772.4986307700628 693.3839742938918
42.0 75.63828711879598 758.4912938624769 682.8530067436809
43.0 70.00132284563425 733.7228732235416 663.7215503779074
44.0 78.17731060959403 767.9088799339538 689.7315693243597
45.0 76.7063758973735 761.8670250526474 685.1606491552739
46.0 81.16743957439978 780.4246126296652 699.2571730552654
47.0 71.07983457903877 740.6983858387243 669.6185512596856
48.0 73.78479519918733 750.1352490080529 676.3504538088656
49.0 74.77662130844755 753.7413024989986 678.9646811905511
50.0 77.09887523898227 764.5268971049931 687.4280218660109
51.0 78.67751548869944 769.8484712118539 691.1709557231544
52.0 75.7412347256697 757.7642380988306 682.0230033731609
53.0 77.65038384283676 766.3588566798325 688.7084728369957
54.0 76.22591914343327 759.7726088619977 683.5466897185644
55.0 74.77217919300294 753.8364014328925 679.0642222398896
56.0 76.16295839637679 760.4824321850242 684.3194737886474
57.0 75.72624040929244 757.9884580375491 682.2622176282567
58.0 70.47625661210965 735.7348290706743 665.2585724585647
59.0 69.05148261599296 729.7230766723566 660.6715940563637
60.0 76.59700700584117 762.7359516718404 686.1389446659992
61.0 78.17804670418067 771.5820304709377 693.4039837667571
62.0 78.97103594402291 773.005223326802 694.0341873827791
63.0 74.10311277580424 753.5398807638059 679.4367679880017
64.0 71.90436744842567 741.7353611163581 669.8309936679324
65.0 75.99590180446614 761.0142977883307 685.0183959838646
66.0 75.23590119314669 756.1373828403009 680.9014816471542
67.0 76.21943447947519 759.8749735243868 683.6555390449116
68.0 75.74274021018523 757.7224110980284 681.9796708878432
69.0 73.8115856398124 749.8281922640587 676.0166066242463
70.0 75.25873229434442 755.7399145767095 680.481182282365
71.0 74.93518772346387 756.4232615158449 681.488073792381
72.0 75.24495000504098 756.0118394107138 680.7668894056728
73.0 77.20245686331747 763.7349546465964 686.532497783279
74.0 68.5761212007015 727.7450638746281 659.1689426739266
75.0 75.25887884406864 755.7371721844403 680.4782933403716
76.0 76.18559047473113 761.7449809484931 685.559390473762
77.0 76.44481798454205 763.1536794070528 686.7088614225108
78.0 66.68008288780733 719.7225983990656 653.0425155112583
79.0 71.86273474827389 742.3402713084048 670.4775365601309
80.0 64.78483703997244 711.7236260148002 646.9387889748278
81.0 72.85927706995288 745.7223064382238 672.8630293682709
82.0 67.6282025618136 723.7235836316602 656.0953810698466
83.0 76.71425305326195 761.7236501575868 685.0093971043248
84.0 74.87822374301106 756.9992937972655 682.1210700542545
85.0 71.39590846795204 740.1392857341718 668.7433772662198
86.0 73.33730987318062 747.7285608013544 674.3912509281738
87.0 77.79827975047491 770.1785293201843 692.3802495697094
88.0 72.85018909906463 745.8885198035371 673.0383307044725
89.0 74.18876468523537 752.5395665474257 678.3508018621903
90.0 68.57612144766437 727.7450481827847 659.1689267351203
91.0 72.14417004608638 745.0323610843414 672.888191038255
92.0 65.25857495740392 713.7221371336921 648.4635621762882
93.0 68.57688792415995 727.723157055625 659.146269131465
94.0 77.34070555070215 767.8439401210665 690.5032345703644
95.0 74.77000762619161 753.8934220570747 679.1234144308831
96.0 76.71429028375785 761.7221370752123 685.0078467914544
97.0 69.50846849501511 732.0024415612724 662.4939730662573
98.0 65.1406501605644 714.6709938781673 649.5303437176029
99.0 64.3110938512119 709.7269459212412 645.4158520700293
100.0 69.6746275563158 734.4198242171838 664.745196660868
101.0 78.13171759174093 768.4291833436887 690.2974657519477
102.0 70.47665373902698 735.7223685743024 665.2457148352754
103.0 78.00403304485367 768.5776657573312 690.5736327124776
104.0 70.47590234227183 735.7439598723431 665.2680575300713
105.0 71.90470857124118 741.7249086661613 669.8202000949201
106.0 73.81530026792549 749.7582926115089 675.9429923435834
107.0 66.66216588528995 720.0013429109361 653.3391770256462
108.0 78.68249977135651 769.7221370000013 691.0396372286448
109.0 66.19650057171832 717.8988427785284 651.7023422068101
110.0 70.4765689184961 735.7257391848804 665.2491702663843
111.0 72.84219997349978 745.9883121941375 673.1461122206378
112.0 69.52552453747955 731.7446247278804 662.2191001904009
113.0 88.27089638538765 805.722137 717.4512406146124
114.0 83.84105462298735 789.722137 705.8810823770126
115.0 76.56274088801002 762.9300348811867 686.3672939931767
116.0 73.33714075272731 747.7333771814101 674.3962364286828
117.0 77.98225235098286 768.8342527926291 690.8520004416462
118.0 77.20272349037537 763.7263964343179 686.5236729439425
119.0 77.68598400610408 765.8807407824621 688.1947567763581
120.0 77.17407110906703 764.0930147052463 686.9189435961792
121.0 70.95229942453312 737.7222478069847 666.7699483824516
122.0 67.62781436907465 723.735446558706 656.1076321896314
123.0 75.22661344766629 756.1658355665369 680.9392221188706
124.0 70.47665814799427 735.722137 665.2454788520057
125.0 82.24955512035745 783.7221370023728 701.4725818820153
126.0 71.84528327185748 742.3234507487763 670.4781674769188
127.0 86.58127253391988 799.7221370006304 713.1408644667106
128.0 65.2585741569459 713.7221833925453 648.4636092355994
129.0 72.85918099579935 745.7258201558182 672.8666391600188
130.0 71.90217036111086 741.7836955335651 669.8815251724542
131.0 82.24707402010191 785.7360399058093 703.4889658857073
132.0 77.50828228192951 766.6136758914833 689.1053936095538
134.0 63.36405189868735 705.7221377440611 642.3580858453738
135.0 72.75183595800552 746.5116404001757 673.7598044421702
136.0 74.7772716029046 753.7221370066865 678.9448654037819
138.0 69.99990137216328 733.7598637842346 663.7599624120713
139.0 68.57691009778105 727.7221431845 659.1452330867189
140.0 69.33408486431098 732.6143885011009 663.2803036367899
141.0 74.23833263269734 752.3091393060265 678.0708066733291
142.0 75.25934259961916 755.722137 680.4627944003808
143.0 78.68249977135652 769.722137 691.0396372286435
144.0 55.31609771431227 671.7221375890866 616.4060398747743
145.0 66.20616836726388 717.7224268817084 651.5162585144445
146.0 70.47665812977961 735.7221382915444 665.2454801617648
147.0 72.05580076207602 744.4184931765969 672.3626924145209
148.0 73.3373132365083 747.7283906363276 674.3910773998193
149.0 70.44187757012854 736.2578512105508 665.8159736404223
150.0 91.7213887864356 817.722137 726.0007482135644
151.0 66.17304041469991 718.147882997087 651.9748425823871
153.0 79.68317564896945 773.722137 694.0389613510305
154.0 67.5677112654451 724.3333905046132 656.7656792391681
156.0 94.64141961912015 827.722137 733.0807173808798
157.0 72.38173529470101 743.7222432157197 671.3405079210187
158.0 74.7772716029801 753.7221370001653 678.9448653971852
160.0 78.1862455570731 767.7352489533904 689.5490033963173
161.0 69.04876779139791 729.7866353850976 660.7378675936997
162.0 66.17304041469991 718.1478829970868 651.9748425823869
163.0 98.17397330003224 839.7221370002041 741.5481637001719
164.0 69.05108798661117 729.7351722293129 660.6840842427018
165.0 63.36405190845716 705.722137 642.3580850915428
166.0 90.56295370549664 813.722137 723.1591832945034
167.0 94.04788764312885 825.8377099828596 731.7898223397308
168.0 82.2045203134114 784.1814990641065 701.9769787506951
170.0 75.74274547660563 757.722137 681.9793915233944
171.0 69.51678745437859 731.8959222969342 662.3791348425557
173.0 71.89986073608352 741.8250918286327 669.9252310925492
174.0 59.10300512957635 687.7221433696366 628.6191382400603
175.0 66.6800828910013 719.7225981341729 653.0425152431716
176.0 60.99663513188966 695.7221370389608 634.7255019070712
177.0 69.05150155580854 729.722137 660.6706354441915
178.0 63.83749326680827 707.7267190224073 643.889225755599
180.0 65.25857495896574 713.722137 648.4635620410343
181.0 66.09636435724399 718.5365662377743 652.4402018805303
182.0 90.56295370549664 813.722137 723.1591832945034
183.0 73.33749643293658 747.722137 674.3846405670634
184.0 60.52320961786247 693.722137 633.1989273821375
185.0 94.05525786181534 825.722137 731.6668791381847
186.0 65.87897363543779 718.4206550840114 652.5416814485736
187.0 71.84528674612335 742.323280134729 670.4779933886057
188.0 81.72800810375448 781.7222826703689 699.9942745666144
189.0 67.154108240031 721.722137 654.568028759969
190.0 69.52630005545198 731.722137 662.195836944548
191.0 67.15410749634304 721.722179967266 654.5680724709229
192.0 93.47005110982658 823.722137 730.2520858901734
193.0 73.8164872584407 749.722137 675.9056497415593
194.0 52.47605318316358 659.7221419737113 607.2460887905477
196.0 66.6749026633236 719.8308049335602 653.1559022702366
197.0 60.52320961786247 693.722137 633.1989273821375
199.0 60.52320961784503 693.7221370017866 633.1989273839416
200.0 81.72801136661664 781.722137 699.9941256333834
202.0 70.84384567014303 738.5185554158274 667.6747097456844
203.0 89.98649823410811 811.722137 721.7356387658919
204.0 56.26279851161638 675.7221370436916 619.4593385320752
205.0 78.18669958196242 767.722137 689.5354374180376
207.0 65.25857495896574 713.722137 648.4635620410343
208.0 85.47272851296974 795.722137 710.2494084870303
209.0 67.14813975271717 721.8532587568637 654.7051190041465
212.0 75.25934259961916 755.722137 680.4627944003808
214.0 69.1994892885067 732.4200661690096 663.2205768805029
215.0 67.62823679520643 723.7221389023708 656.0939021071643
216.0 78.68249977135652 769.722137 691.0396372286435
219.0 67.154108240031 721.722137 654.568028759969
220.0 117.7045466863217 903.722137 786.0175903136783
222.0 65.25733930433818 713.7589344005348 648.5015950961966
224.0 77.2028482623116 763.722137 686.5192887376884
225.0 78.18669954760948 767.7221391900769 689.5354396424674
227.0 71.79666561076776 742.5188259313069 670.7221603205391
230.0 66.20617406526073 717.7221373266604 651.5159632613997
231.0 61.9435349727077 699.722137 637.7786020272923
233.0 59.10300522127674 687.7221370000832 628.6191317788064
234.0 64.31122261775416 709.722137000018 645.4109143822638
236.0 68.1024967638938 725.7221489441008 657.619652180207
237.0 75.25088638598028 755.8767299079252 680.6258435219449
238.0 61.43680614201119 698.1495959966798 636.7127898546686
239.0 73.33749643293658 747.722137 674.3846405670634
240.0 72.85923010373141 745.7241204790545 672.8648903753231
241.0 56.2627985121057 675.722137 619.4593384878943
242.0 66.20617406940693 717.722137 651.5159629305931
243.0 60.52320961786247 693.7221370000001 633.1989273821377
244.0 55.31609772160298 671.722137 616.406039278397
245.0 72.85928045683164 745.722137 672.8628565431684
246.0 71.90467309171982 741.7259562845082 669.8212831927884
247.0 81.72801136661664 781.722137 699.9941256333834
249.0 84.38057681397701 791.722137 707.341560186023
250.0 56.736153931504 677.722137 620.985983068496
251.0 64.31122261644942 709.7221371096606 645.4109144932112
252.0 75.74274547534556 757.7221370959661 681.9793916206206
253.0 68.57690878384696 727.7222156247504 659.1453068409034
254.0 71.42832126172417 739.722137 668.2938157382758
255.0 64.31122261775432 709.722137 645.4109143822457
256.0 73.33749643293658 747.722137 674.3846405670634
257.0 63.3460306001104 706.0027669541235 642.6567363540131
258.0 67.15330368138684 721.7455437501338 654.592240068747
259.0 60.9966351202107 695.7221379350628 634.7255028148521
260.0 75.68213363077401 758.3759929207143 682.6938592899403
261.0 70.95230153419687 737.722137 666.7698354658031
262.0 79.68317564896945 773.722137 694.0389613510305
264.0 60.996635132326 695.722137 634.725501867674
266.0 63.83761790152969 707.7221370170154 643.8845191154857
268.0 55.7561087355433 674.1515172510861 618.3954085155428
269.0 61.94353427681047 699.7221796696108 637.7786453928003
270.0 60.04979733207632 691.7221370741928 631.6723397421165
271.0 67.154108240031 721.722137 654.568028759969
272.0 56.26279851119035 675.7221370793283 619.4593385681379
273.0 56.06755902309434 676.6675940810797 620.6000350579854
274.0 59.10300514999103 687.7221418676907 628.6191367176997
275.0 43.95665464874312 623.7226359261249 579.7659812773818
276.0 50.9951699617374 654.3368433030663 603.3416733413289
277.0 49.1627588782042 645.7221377437492 596.559378865545
278.0 57.62200460143771 682.3367217862771 624.7147171848394
279.0 55.46204819625476 674.4209933391127 618.958945142858
280.0 51.0542799421813 653.7710449511506 602.7167650089693
281.0 55.78943303395147 673.7227935421759 617.9333605082245
282.0 57.64958089454649 682.1499303175314 624.5003494229849
283.0 49.63069576961284 647.8368261444672 598.2061303748544
284.0 57.68287716301276 681.7221527790664 624.0392756160536
285.0 54.83742709572301 669.8348807372293 614.9974536415063
286.0 72.85928045683164 745.722137 672.8628565431684
287.0 56.26279851210524 675.7221370000541 619.4593384879488
288.0 53.42120652083673 663.7620209810836 610.3408144602469
289.0 55.78792687965256 673.762007430805 617.9740805511524
290.0 54.77211281584306 670.515010367315 615.7428975514719
291.0 56.66620475616753 678.4965729234145 621.830368167247
292.0 46.32293107236733 633.7221421349448 587.3992110625774
293.0 51.05605681331777 653.7221370000002 602.6660801866824
294.0 56.2569820329979 675.8504241119739 619.593442078976
295.0 48.21611804920565 641.7226354807856 593.50651743158
296.0 64.31121233279734 709.7226254232557 645.4114130904583
297.0 43.01027420286265 619.7230594259483 576.7127852230856
298.0 44.23680616285535 626.6180161322148 582.3812099693595
299.0 49.63082152686376 647.8322223677161 598.2014008408523
300.0 57.6276121926419 683.742083168928 626.1144709762861
301.0 51.04905316860141 653.8796812945652 602.8306281259638
302.0 50.10934626067297 649.7245668828288 599.6152206221558
303.0 50.56418754776392 652.018735615169 601.454548067405
304.0 47.71728627423456 640.173458907054 592.4561726328194
305.0 44.42906890248603 625.745743549492 581.3166746470059
306.0 49.0358224062633 647.0363215797372 598.0004991734739
307.0 50.2689658804202 653.8703584752795 603.6013925948593
308.0 47.23212759650744 638.260495930399 591.0283683338916
309.0 48.1011487961278 642.6372865577818 594.536137761654
310.0 43.4834425360817 621.7232437654492 578.2398012293675
311.0 46.46873732793727 636.4236771412334 589.9549398132961
312.0 44.4270476014637 625.7893508624888 581.3623032610251
313.0 46.76278597448374 636.1545311215838 589.3917451471001
314.0 49.80586618347081 651.4462721413182 601.6404059578474
315.0 44.89175287313715 627.9440844834228 583.0523316102856
316.0 40.13883691964646 608.1510067511649 568.0121698315185
317.0 42.50105139220636 618.2152629836107 575.7142115914043
318.0 46.89549006745314 638.911956506103 592.0164664386498
319.0 52.74736785996485 662.7886370923782 610.0412692324134
320.0 42.33847932187065 619.4740824432251 577.1356031213544
321.0 42.94923419461313 620.3422131265851 577.392978931972
322.0 48.6681699367473 644.0881071121966 595.4199371754493
323.0 49.52302498716758 648.6129293349014 599.0899043477338
324.0 42.94860404925914 620.3588848995879 577.4102808503287
325.0 41.1179317150879 611.7249338080008 570.6070020929129
326.0 42.06250431576441 615.7633641974268 573.7008598816624
327.0 39.22575450886499 603.7544286631813 564.5286741543163
328.0 44.95213666014396 631.2131898519748 586.2610531918308
329.0 42.52657690346554 617.9237449544605 575.397168050995
330.0 42.20581025224589 618.5149824882252 576.3091722359793
331.0 46.31319323498526 633.9467667700549 587.6335735350696
332.0 40.62385174767602 610.1276368806374 569.5037851329614
333.0 34.51138600055235 583.8050284395322 549.2936424389798
334.0 38.64408409804299 602.5377017373776 563.8936176393346
335.0 42.56589031120695 621.4519375405977 578.8860472293907
336.0 41.57962792328004 613.9436330537144 572.3640051304343
337.0 37.88014731707594 600.9314006005475 563.0512532834715
338.0 38.25405746922496 600.1832153285642 561.9291578593393
339.0 39.18400100216017 604.3795369645373 565.1955359623772
340.0 41.62671808897178 617.2291965490755 575.6024784601037
341.0 43.22116003491865 624.435052031083 581.2138919961644
342.0 37.77972812254501 598.2433018814825 560.4635737589375
343.0 33.57899204481638 579.7223595810828 546.1433675362664
344.0 34.92088297532106 586.3858660929366 551.4649831176155
345.0 40.16135969730488 607.9334148662849 567.77205516898
346.0 34.97849700961043 585.8362083532153 550.8577113436049
347.0 34.044812213785 581.7638951290287 547.7190829152437
348.0 35.25628660892449 588.7018431867555 553.445556577831
349.0 42.03423846243345 616.3291050707553 574.2948666083219
350.0 36.94771192030697 597.068913418987 560.12120149868
351.0 35.43375524021592 588.0544141541159 552.6206589139
352.0 33.559458322465 580.0402593530391 546.4808010305741
353.0 29.01052726607344 559.7221480625686 530.7116207964952
354.0 39.11396243604965 607.2286671448464 568.1147047087967
355.0 36.76141047024037 595.2274399175767 558.4660294473363
356.0 32.18438397252391 573.7223991342601 541.5380151617362
357.0 38.05908521258129 601.1239220095078 563.0648367969265
358.0 38.75344709582718 606.2666365521929 567.5131894563657
359.0 36.29118161881429 596.6001792901738 560.3089976713595
360.0 34.96925812107568 586.0304329611978 551.0611748401221
361.0 33.04962740816435 578.3691511973232 545.3195237891588
362.0 31.68730647596329 572.1850760709458 540.4977695949825
363.0 34.57308296956319 587.0700745603319 552.4969915907687
364.0 35.80057452602105 590.8251056147863 555.0245310887653
365.0 26.86906412684553 549.7444852072177 522.8754210803722
366.0 35.42096732139161 588.3455368951412 552.9245695737496
367.0 20.58344264999264 515.7221376555071 495.1386950055145
368.0 37.46412169279414 601.0920019550721 563.627880262278
369.0 31.65044380936992 572.5527350279669 540.9022912185969
370.0 34.91952048828359 586.7412271765342 551.8217066882506
371.0 34.85375057761804 587.2964583703513 552.4427077927333
372.0 29.38520782612867 562.4293431295407 533.044135303412
373.0 33.57678714147409 583.1243974461452 549.5476103046711
374.0 32.62504211333274 576.1166275205817 543.491585407249
375.0 31.25609966150056 569.8887855058213 538.6326858443208
376.0 30.9193722693306 570.6523476433724 539.7329753740418
377.0 31.10401734604942 571.1789210578845 540.0749037118351
378.0 30.80375824278038 567.7973650555689 536.9936068127885
379.0 34.79434511294203 589.9110369793172 555.1166918663752
380.0 32.41320418699306 577.1785642607109 544.7653600737179
381.0 31.20824892375215 570.6139279434348 539.4056790196827
382.0 30.79663304384978 567.951236313459 537.1546032696093
383.0 34.09825035342976 585.757773768691 551.6595234152612
384.0 31.33600675160135 573.1612965041246 541.8252897525233
385.0 28.13748215204098 555.7370214021945 527.5995392501535
386.0 25.23477559952207 542.1900707471093 516.9552951475872
387.0 24.86956511831324 539.9605463634936 515.0909812451804
388.0 26.8563492695018 553.0123886986432 526.1560394291414
389.0 26.05475386133343 545.7247655126941 519.6700116513606
390.0 26.86910840923459 549.7469699698346 522.8778615606
391.0 29.66233388303053 565.847591070676 536.1852571876455
392.0 25.23379828676076 542.2211475452467 516.987349258486
393.0 25.29089305184134 544.6784079868142 519.3875149349729
394.0 25.26474615036545 541.7311139012255 516.4663677508601
395.0 28.17879499114986 559.0677735133081 530.8889785221582
396.0 26.86960228018271 549.7300641140757 522.860461833893
397.0 28.53521880628383 558.4664490324515 529.9312302261677
398.0 23.97009602305889 536.8418943196885 512.8717982966296
399.0 24.11990364945604 541.1750330984087 517.0551294489526
400.0 23.76768384313236 537.535436161198 513.7677523180656
401.0 26.76353374240297 551.2051960054825 524.4416622630796
402.0 23.96407378938716 536.9983363525439 513.0342625631568
403.0 27.19657058874148 555.6643112396366 528.4677406508951
404.0 23.36518491660831 532.197186911103 508.8320019944947
405.0 23.00488876690035 530.2561829118436 507.2512941449432
406.0 22.65598099862658 528.0507499540648 505.3947689554382
407.0 23.465503756434 537.3398518980429 513.8743481416089
408.0 24.02863566454699 537.1976597572698 513.1690240927229
409.0 21.96586744017455 523.7357752827608 501.7699078425862
410.0 21.36083304992319 524.6914818638867 503.3306488139635
411.0 21.25490762171523 520.1475566231195 498.8926490014042
412.0 20.12189819947557 514.9953298501516 494.8734316506761
413.0 21.87099957933174 529.982249416924 508.1112498375922
414.0 21.16428192367814 521.2939899227064 500.1297079990283
415.0 20.17813426075409 517.1795117057939 497.0013774450399
416.0 23.95332309001916 540.3629992618227 516.4096761718035
417.0 22.07991144051616 527.9073893474323 505.8274779069162
418.0 19.26377608892009 501.8306779437877 482.5669018548676
419.0 17.52871719448095 488.1768783386204 470.6481611441394
420.0 19.48799860925159 502.9123766938341 483.4243780845825
421.0 21.18183370339592 524.54908215873 503.3672484553341
422.0 17.19997187889353 486.0925896928117 468.8926178139182
423.0 17.06981130407632 487.4875761514446 470.4177648473683
424.0 17.47187834052235 489.3076368924643 471.835758551942
425.0 12.32663079010589 453.7247116423458 441.3980808522399
426.0 16.84740968180771 484.5744078947843 467.7269982129766
427.0 20.05663666749222 517.5592053297652 497.502568662273
428.0 17.53354535951839 487.9165667087179 470.3830213491995
429.0 16.7853863135981 485.5637727040511 468.778386390453
430.0 18.51780672222559 507.4324094491202 488.9146027268946
431.0 15.22186186161802 474.6975690201705 459.4757071585525
432.0 15.24829822657947 473.9825206016131 458.7342223750337
433.0 15.94804012210296 481.226012189903 465.2779720678
434.0 15.79579740343888 479.6701040793233 463.8743066758844
435.0 13.37272507410371 462.5356655850982 449.1629405109945
436.0 13.99224633369992 466.1976845100288 452.2054381763289
437.0 19.237628814619 514.8342871049667 495.5966582903477
438.0 13.96400052363219 466.8343872905187 452.8703867668865
439.0 15.61318687554559 481.253995276579 465.6408084010334
440.0 15.9382674883137 483.3403331281994 467.4020656398857
441.0 16.14793796504037 486.0913490559586 469.9434110909182
442.0 13.41170932041024 461.9462385333927 448.5345292129825
443.0 12.88037733388726 461.9422631492356 449.0618858153483
444.0 16.91756773343964 496.078451931067 479.1608841976273
445.0 13.39225619047747 462.5201491153998 449.1278929249223
446.0 14.08934113777586 471.8304356005067 457.7410944627308
447.0 14.00365436450971 469.8932802358539 455.8896258713442
448.0 9.625721200660261 427.7505939277792 418.124872727119
449.0 11.79761908572141 450.7003935949581 438.9027745092367
450.0 14.96228805754064 478.0622377814051 463.0999497238644
451.0 13.14489839592404 467.9943751548153 454.8494767588913
452.0 12.45838064171525 461.7233037759051 449.2649231341898
453.0 10.15428238641959 434.461461380359 424.3071789939394
454.0 10.64114093203034 441.9029903508616 431.2618494188313
455.0 10.78604130548761 443.962513380855 433.1764720753674
456.0 8.457262658574559 418.5685786769758 410.1113160184013
457.0 11.74240581100233 452.185659445427 440.4432536344246
458.0 7.727261520894127 406.2620132881517 398.5347517672576
459.0 8.026320914831353 411.3038195635942 403.2774986487628
460.0 10.05743630936852 436.5283159344753 426.4708796251068
461.0 8.612126818942553 423.9960643134307 415.3839374944882
462.0 10.91994556298193 447.7871304814102 436.8671849184282
463.0 10.35117632681409 441.5910014054772 431.2398250786631
464.0 9.059252151674342 428.9799139948941 419.9206618432198
465.0 8.823003772678605 429.2486502755674 420.4256465028888
466.0 9.553414016148263 440.1991037826935 430.6456897665452
467.0 8.34905769572172 423.4054825791383 415.0564248834165
468.0 7.120025090360202 409.8879264921312 402.767901401771
469.0 7.783734781982697 420.7495928824845 412.9658581005018
470.0 8.509533209435205 431.1561860124747 422.6466528030395
471.0 8.07056619900164 425.5528664220831 417.4823002230814
472.0 6.97192406411679 406.8850364856664 399.9131124215496
473.0 6.03834307370537 388.6249558865041 382.5866128127987
474.0 7.188021940941168 411.1472122385684 403.9591902976272
475.0 6.006742084715892 389.4793322747564 383.4725901900405
476.0 6.819964478242593 414.6074716867775 407.7875072085349
477.0 7.277309898990588 417.7138689748263 410.4365590758357
478.0 7.120626297187929 417.4494851325257 410.3288588353378
479.0 5.741868184522406 394.5834125783612 388.8415443938388
480.0 5.890009846069753 406.77623707452 400.8862272284502
481.0 4.660171882352972 363.9620546937593 359.3018828114063
482.0 5.332036335962265 385.3758726992249 380.0438363632626
483.0 5.772837758188346 405.6248041830853 399.851966424897
484.0 5.178464500764265 393.0273498138815 387.8488853131173
485.0 4.697160955615617 384.317842757368 379.6206818017524
486.0 4.292769498295729 374.6953325030255 370.4025630047298
487.0 5.049851249932647 394.8913723820678 389.8415211321351
488.0 5.00979989932789 398.2312653185224 393.2214654191945
489.0 4.536477696963436 393.102588686883 388.5661109899195
490.0 4.733016200408941 396.7372287013465 392.0042125009376
491.0 4.969451990889502 400.932893357494 395.9634413666045
492.0 3.756298109233753 362.6644255637517 358.9081274545179
493.0 3.70385865192659 379.3266761491901 375.6228174972635
494.0 3.435099527291483 373.0160060024043 369.5809064751128
495.0 3.848852954614034 374.0944354481055 370.2455824934914
496.0 3.358810428336386 373.6487692696916 370.2899588413552
497.0 3.59851214347481 381.7574859967492 378.1589738532744
498.0 3.520110633564095 376.7668987807843 373.2467881472202
499.0 3.330912731358115 372.2605538096142 368.9296410782561
500.0 3.086793183483642 370.108870690502 367.0220775070183
501.0 2.846673852228397 363.074452686047 360.2277788338186
502.0 3.061435505828718 374.6421520413327 371.5807165355039
503.0 2.879433404478197 375.734471905176 372.8550385006978
504.0 2.528859920479567 372.1246699972183 369.5958100767387
505.0 2.308150309762949 361.7338773190737 359.4257270093108
506.0 2.422941977854449 369.8807582074729 367.4578162296185
507.0 2.462900957887533 367.9470108883792 365.4841099304916
508.0 2.012146921797038 362.8299431775851 360.8177962557881
509.0 2.031795514065224 360.1931396341309 358.1613441200657
510.0 2.133616329802775 366.1524602798434 364.0188439500406
511.0 1.90104886813888 364.8617355322139 362.960686664075
512.0 1.817871571361334 364.0110948897586 362.1932233183973
513.0 1.620042869752026 358.7654717326732 357.1454288629212
514.0 1.52922872071403 359.6120739407135 358.0828452199995
515.0 1.482723142350301 357.1991204924188 355.7163973500685
516.0 1.401183262547507 356.1223225048849 354.7211392423374
517.0 1.302719178594663 356.1666312540029 354.8639120754082
518.0 1.259922119077799 357.7043357783138 356.444413659236
519.0 1.16661947215094 353.3705801677385 352.2039606955876
520.0 1.042664467115275 354.628479131201 353.5858146640857
521.0 0.9262536026954591 350.9307366222199 350.0044830195244
522.0 0.9371809727466189 352.0123375739928 351.0751566012462
523.0 0.8078585672414761 353.8043283428988 352.9964697756573
524.0 0.8368857502188046 352.8946043537484 352.0577186035296
525.0 0.7332748984460371 351.8101790906543 351.0769041922082
526.0 0.6277826070016198 349.9130078002426 349.2852251932409
527.0 0.5491722140486667 349.408161338683 348.8589891246343
528.0 0.5277325239574305 346.9447279435179 346.4169954195604
529.0 0.4187232695814114 347.7308411468727 347.3121178772912
530.0 0.3917620117027707 345.228345207495 344.8365831957922
531.0 0.3716978219403816 346.9400973648101 346.5683995428697
532.0 0.3157517185406773 345.6229587832082 345.3072070646676
533.0 0.1824342998896944 344.5212228446164 344.3387885447267
534.0 0.2263961001548515 342.7489087512914 342.5225126511366
535.0 0.1464888811798263 341.9392761056801 341.7927872245003
536.0 0.2155226698094917 342.5637993420396 342.3482766722301
537.0 0.07992995770048864 340.827608485635 340.7476785279346
538.0 0.1142747892150134 340.1944596379671 340.0801848487521
539.0 0.0824210630409811 339.9890904224498 339.9066693594088
540.0 0.06160047087973183 337.0180293767095 336.9564289058298
541.0 0 337.3867584197263 337.3867584197263
542.0 0.01292189158306187 337.2939656708222 337.2810437792391
543.0 0.05113570292227335 334.8620140956501 334.8108783927278
544.0 0.03813528818596257 333.2175910468928 333.1794557587068
545.0 0.07100933407383031 333.6143279927773 333.5433186587035
546.0 0.0757991268777308 333.873772777278 333.7979736504003
547.0 0.04429414761038256 331.7498411101223 331.705546962512
548.0 0.100969836291223 333.1332001228985 333.0322302866072
549.0 0.1523528839566713 330.3075704795615 330.1552175956049
550.0 0.2081501948001791 327.9214302668306 327.7132800720304
551.0 0.2296714186885848 329.5773994482028 329.3477280295143
552.0 0.226677303758435 327.9501188624388 327.7234415586804
553.0 0.3490394773224959 325.361621550729 325.0125820734065
554.0 0.3467211333724908 327.6035250558769 327.2568039225044
555.0 0.4904209051444195 325.4214901198305 324.9310692146861
556.0 0.4835120107663144 324.3229805869276 323.8394685761613
557.0 0.5671041551946656 324.0951604095327 323.528056254338
558.0 0.7021201864428703 321.8886913851305 321.1865711986876
559.0 0.7211982888230611 322.4294379582354 321.7082396694123
560.0 0.9180958608968095 320.7003514097827 319.7822555488859
561.0 0.9123107977545095 318.8177534735663 317.9054426758118
562.0 1.103502398693788 317.3820734698143 316.2785710711205
563.0 1.240369869261751 318.4687605989319 317.2283907296702
564.0 1.445457494857458 318.7973969116305 317.351939416773
565.0 1.558995088368137 318.284094595579 316.7250995072109
566.0 1.757549248701506 316.3187822648257 314.5612330161242
567.0 1.830150912735095 316.7155641480964 314.8854132353613
568.0 2.162590299498922 311.9192953511038 309.7567050516048
569.0 2.255118667711148 311.5368702220664 309.2817515543553
570.0 2.460855011945346 308.2429743109673 305.782119299022
571.0 2.56742206356807 318.689109168078 316.1216871045099
572.0 2.831294620771471 307.4400934989099 304.6087988781384
573.0 3.082728200076711 312.958482921781 309.8757547217043
574.0 3.338190409407545 315.4840542568742 312.1458638474667
575.0 3.631340056142741 316.3399220333114 312.7085819771687
576.0 4.239101096122694 292.7222103650807 288.483109268958
577.0 4.490644915803386 295.8593014659477 291.3686565501444
578.0 4.224831800656821 328.8683254096926 324.6434936090358
579.0 4.815637933360013 320.4336393363943 315.6180014030343
580.0 7.316908346371135 258.6978863326007 251.3809779862295
581.0 5.627226710278589 294.9307339220889 289.3035072118104
582.0 6.671431696772644 276.439972574411 269.7685408776384
583.0 8.103555873849975 259.5289147022548 251.4253588284048
584.0 9.784918226495822 251.3901756981855 241.6052574716897
585.0 13.25998907886352 224.0661548599993 210.8061657811358
586.0 12.66556418896831 226.7507416815999 214.0851774926316
587.0 12.61871059138432 231.6999107886154 219.0812001972311
588.0 12.86056733280976 229.4361152159835 216.5755478831737
591.0 16.82901854457393 205.722137 188.893118455426
