0.0 80.8812804398935 852.5816576395166 771.7003771996231
1.0 76.9308736970586 835.7280293359617 758.7971556389031
2.0 74.1445616037304 826.9133437418499 752.7687821381195
3.0 64.58719580092336 785.7401136046347 721.1529178037113
4.0 72.68678635085803 821.4594963859423 748.7727100350843
5.0 68.30261410599891 802.2912523860487 733.9886382800498
6.0 71.46152363870576 819.5563656378401 748.0948419991344
7.0 66.86085021733987 796.2792861883786 729.4184359710388
8.0 67.36481182915096 798.022406374175 730.6575945450241
9.0 67.48530726960243 800.8204706207287 733.3351633511263
10.0 65.45633967511404 790.2828215110331 724.8264818359191
11.0 63.69326294494774 781.7748639209797 718.0816009760319
12.0 64.87936278231108 789.359399088109 724.4800363057979
13.0 67.64099419490485 801.8947165167901 734.2537223218852
14.0 62.79088906732175 778.2751743724865 715.4842853051648
15.0 55.84826882907829 743.7784192960376 687.9301504669593
16.0 57.44465442224834 751.7688468563974 694.324192434149
17.0 62.38450295875518 775.8544503921639 713.4699474334087
18.0 63.65134772346468 785.5960118949276 721.944664171463
19.0 64.19715420737782 786.9582357702524 722.7610815628746
20.0 66.59895193021071 798.4590218467744 731.8600699165637
21.0 61.50044605967699 772.3525898984056 710.8521438387286
22.0 68.4082193258324 809.1839951668235 740.7757758409911
23.0 65.88291465789673 796.2027106821106 730.3197960242138
24.0 64.23941195555599 787.7244047790118 723.4849928234558
25.0 59.81833327370647 764.4224406021492 704.6041073284427
26.0 62.74430524679512 778.9700532979095 716.2257480511144
27.0 58.64161346770687 758.0043072807303 699.3626938130234
28.0 61.44892105458891 772.5892392303134 711.1403181757245
29.0 57.84689112257543 753.7353136210427 695.8884224984673
30.0 64.11097919375332 784.2737973092561 720.1628181155028
31.0 59.45814309480505 761.9333561865134 702.4752130917083
32.0 57.86998092388644 756.5047300044838 698.6347490805973
33.0 63.19484418931498 780.5895104018285 717.3946662125135
34.0 58.46770354113429 759.3906182028177 700.9229146616834
35.0 59.31661344093135 763.8107986211445 704.4941851802132
36.0 61.3063935762757 774.681893366308 713.3754997900323
37.0 62.57514574228039 779.9651243056397 717.3899785633593
38.0 57.81533096225616 754.3438276936126 696.5284967313564
39.0 62.80324853489089 781.8943816364637 719.0911331015728
40.0 64.53800190216782 786.6062221602982 722.0682202581304
41.0 61.41236236975605 773.1673632170099 711.7550008472538
42.0 58.49580214984469 758.7965291096831 700.3007269598384
43.0 53.86887128295557 733.7290499629999 679.8601786800443
44.0 60.67460785727175 768.2525087442006 707.5779008869288
45.0 59.44581125623776 762.08101429041 702.6352030341722
46.0 63.1516429942121 781.3751897279275 718.2235467337154
47.0 54.63089536241276 741.0188362673998 686.387940904987
48.0 56.98168043499859 750.5243444311715 693.5426639961729
49.0 57.84418236882247 753.8086459396853 695.9644635708629
50.0 59.7137838865469 764.9733266349062 705.2595427483593
51.0 61.09981348829502 770.1872152126499 709.0874017243549
52.0 58.64720118245845 757.8966833328951 699.2494821504366
53.0 60.1923950577625 767.0688376115312 706.8764425537687
54.0 59.051267403856 759.9461076718989 700.8948402680429
55.0 57.83039171655744 754.0985121513558 696.2681204347983
56.0 58.93454482616526 761.2122648701717 702.2777200440064
57.0 58.6145188672369 758.3377058933303 699.7231870260934
58.0 54.26240678067231 735.7841601823994 681.5217534017271
59.0 53.07879007639439 729.7335304509215 676.6547403745272
60.0 59.27446802151445 763.3908178493993 704.1163498278849
61.0 60.47925948004408 772.0197803103616 711.5405208303175
62.0 61.23371971768962 773.7101431562193 712.4764234385297
63.0 57.12016814172837 754.6588735189225 697.5387053771942
64.0 55.45082023924314 741.7902321888427 686.3394119495996
65.0 58.73673668957538 761.4524582709136 702.7157215813383
66.0 58.1894512651502 756.7625553459142 698.573104080764
67.0 59.03718957733369 760.1174319155563 701.0802423382226
68.0 58.65358222953988 757.7258547013658 699.072272471826
69.0 57.03030893933683 750.0473488289735 693.0170398896367
70.0 58.24696212836892 755.7998030839598 697.5528409555909
71.0 57.86959503272592 756.5191253549367 698.6495303222108
72.0 58.20802679674458 756.5365558922462 698.3285290955016
73.0 59.87374310942615 763.78862594959 703.9148828401639
74.0 52.68081694928488 727.8215137885354 675.1406968392505
75.0 58.24726638801371 755.7982473254015 697.5509809373878
76.0 58.90747587081162 761.8160001349873 702.9085242641757
77.0 59.09722773182974 763.5856013414487 704.4883736096189
78.0 51.10726330877054 719.7270066206458 668.6197433118753
79.0 55.36014785812966 743.0509568212129 687.6908089630832
80.0 49.53175033850578 711.7342021491308 662.2024518106251
81.0 56.24787098025936 745.7241996956177 689.4763287153584
82.0 51.89529606163173 723.7341449588817 671.83884889725
83.0 59.46620361494474 761.7340101548017 702.267806539857
84.0 57.77100687520729 757.441052620766 699.6700457455587
85.0 54.99190012369847 740.5003875378211 685.5084874141227
86.0 56.64528680461818 747.7584933291078 691.1132065244896
87.0 60.15644226711624 770.5057298529663 710.3492875858501
88.0 56.2241533712024 746.1338455089648 689.9096921377624
89.0 57.28012094199128 752.9440903621571 695.6639694201658
90.0 52.68082309539623 727.8211429398996 675.1403198445034
91.0 55.52127065412039 745.4394234119207 689.9181527578004
92.0 49.92577423172879 713.7221467027042 663.7963724709754
93.0 52.68414068088914 727.7322605279086 675.0481198470195
94.0 59.80237378774697 767.953917264537 708.15154347679
95.0 57.82218229613398 754.2925412054199 696.4703589092859
96.0 59.46650527978082 761.7221403671292 702.2556350873483
97.0 53.43280056115482 732.3392690526909 678.906468491536
98.0 49.73985653894112 715.1706407464431 665.430784207502
99.0 49.13750235798717 709.7540963782478 660.6165940202606
100.0 53.48706295273174 734.4804656580608 680.9934027053291
101.0 60.59230689748682 769.0416237159295 708.4493168184427
102.0 54.2643923528367 735.7253026856112 681.4609103327745
103.0 60.45953829636937 768.7778736077473 708.3183353113779
104.0 54.26110927327071 735.8138060263754 681.5526967531047
105.0 55.45245503800332 741.7432681446919 686.2908131066886
106.0 57.0399530139303 749.8887302493714 692.8487772354411
107.0 51.06657945800191 720.3181533038063 669.2515738458044
108.0 61.11863845399622 769.72213700036 708.6034985463637
109.0 50.68823310019703 718.1552975884625 667.4670644882654
110.0 54.26375157027636 735.7492902908153 681.485538720539
111.0 56.20902300054189 746.2910242014567 690.0820012009148
112.0 53.47043331902511 731.8183542504878 678.3479209314627
113.0 69.3230209168009 805.722137 736.3991160831991
114.0 65.49947565593429 789.722137 724.2226613440657
115.0 59.23076870289296 763.4495761280561 704.2188074251631
116.0 56.64457468240448 747.7767910979677 691.1322164155633
117.0 60.4187765199091 769.2159335275848 708.7971570076757
118.0 59.87514259790985 763.7454365264531 703.8702939285433
119.0 60.26496257707242 766.166152779833 705.9011902027606
120.0 59.81859081777226 764.4124424997295 704.5938516819572
121.0 54.66018986967924 737.7236517986 683.0634619289208
122.0 51.89346019963324 723.7859237642736 671.8924635646404
123.0 58.18181853402639 756.6066441896567 698.4248256556303
124.0 54.26445578487173 735.722137 681.4576812151283
125.0 64.13898927788276 783.7221371557909 719.5831478779081
126.0 55.34999875427524 742.6884988629562 687.338500108681
127.0 67.85926830399235 799.7221370471761 731.8628687431838
128.0 49.92575926427013 713.7229683674539 663.7972091031838
129.0 56.24724826998382 745.7457548827259 689.4985066127421
130.0 55.4441137600469 741.9213536602387 686.4772399001918
131.0 64.0301866034439 785.767163146855 721.7369765434111
132.0 60.03946866228714 766.8708525960039 706.8313839337167
134.0 48.35118850034535 705.7221700006686 657.3709815003233
135.0 56.08571596026781 746.8214107967042 690.7356948364364
136.0 57.84719744976498 753.7221375003508 695.8749400505858
138.0 53.86345184299669 733.8609234525048 679.9974716095081
139.0 52.68436905451226 727.7223026316029 675.0379335770907
140.0 53.21988356253812 732.8086497809084 679.5887662183703
141.0 57.34539490710175 752.6649741416146 695.3195792345128
142.0 58.24972632129785 755.722137 697.4724106787021
143.0 61.11863845399958 769.722137 708.6034985460004
144.0 41.66316686034572 671.7221713470569 630.0590044867112
145.0 50.71334569764444 717.7258887469103 667.0125430492658
146.0 54.26445513033123 735.7221811004532 681.4577259701219
147.0 55.46906910193777 744.4789613817882 689.0098922798504
148.0 56.64533131288825 747.7563300247415 691.1109987118533
149.0 54.18631617029052 736.8368590375271 682.6505428672366
150.0 72.32550418602612 817.722137 745.3966328139739
151.0 50.64766478768037 718.5098430249336 667.8621782372532
153.0 61.96214450860525 773.722137 711.7599924913948
154.0 51.79086765189386 724.7029511086719 672.912083456778
156.0 74.87453226758477 827.722137 752.8476047324152
157.0 55.85011815270319 743.7238434993866 687.8737253466835
158.0 57.84719745559021 753.7221370237793 695.874939568189
160.0 60.69964938254958 767.7772847684795 707.0776353859299
161.0 53.06973262614626 729.9297151945939 676.8599825684476
162.0 50.64766478768113 718.5098430248373 667.8621782371561
163.0 77.96337697089449 839.7221370152741 761.7587600443796
164.0 53.07693747840451 729.784811809082 676.7078743306775
165.0 48.35118895636328 705.722137 657.3709480436367
166.0 71.31597207027805 813.722137 742.406164929722
167.0 74.34555685403948 825.9725413651783 751.6269845111388
168.0 64.06057825880366 784.467742040207 720.4071637814033
170.0 58.65365685996043 757.722137 699.0684801400396
171.0 53.44912994849605 732.148285301912 678.6991553534159
173.0 55.43835922272435 742.0117633210372 686.5734040983128
174.0 44.81008433301825 687.7223416845041 642.9122573514858
175.0 51.10726352021736 719.7269898517562 668.6197263315389
176.0 46.38373283402325 695.7221403227157 649.3384074886924
177.0 53.0790289782482 729.722137 676.6431080217518
178.0 48.7439492365696 707.7506972061382 659.0067479695686
180.0 49.9257743501298 713.722137 663.7963626498702
181.0 50.54654275567286 718.8894563545326 668.3429135988598
182.0 71.31597207027805 813.722137 742.406164929722
183.0 56.6463860323437 747.722137 691.0757509676563
184.0 45.9903025282701 693.7221370000002 647.7318344717301
185.0 74.36245810378359 825.722137 751.3596788962164
186.0 50.33089545317879 718.4812017106342 668.1503062574555
187.0 55.35004045850735 742.6865717859657 687.3365313274583
188.0 63.69488750517108 781.723482204927 718.0285946997559
189.0 51.50142291229891 721.722137 670.2207140877011
190.0 53.47390425516558 731.722137 678.2482327448344
191.0 51.50140901430687 721.7228999813381 670.2214909670313
192.0 73.85138898924517 823.722137 749.8707480107548
193.0 57.04567332031952 749.722137 692.6764636796805
194.0 39.30311820881245 659.7222860126951 620.4191678038827
196.0 51.09192057360933 720.0276360177048 668.9357154440955
197.0 45.9903025282701 693.722137 647.7318344717299
199.0 45.99030252525964 693.7221372929812 647.7318347677216
200.0 63.69491921582354 781.722137 718.0272177841765
202.0 54.49654039638641 738.8304616704548 684.3339212740684
203.0 70.81411281872946 811.722137 740.9080241812705
204.0 42.44986983593569 675.7221407261727 633.272270890237
205.0 60.70166096210451 767.722137 707.0204760378955
207.0 49.9257743501298 713.722137 663.7963626498702
208.0 66.90224162748769 795.722137 728.8198953725123
209.0 51.48255204443987 722.1202529073392 670.6377008628993
212.0 58.24972632129785 755.722137 697.4724106787021
214.0 53.09180357691883 732.4815477463966 679.3897441694778
215.0 51.89559220262266 723.7222019574115 671.8266097547888
216.0 61.11863845399958 769.722137 708.6034985460004
219.0 51.50142291229891 721.722137 670.2207140877011
220.0 95.16367472695404 903.722137 808.558462273046
222.0 49.92004337838373 713.8842894336468 663.964246055263
224.0 59.87586110168595 763.7221370000018 703.8462758983159
225.0 60.70166009140681 767.7221899952162 707.0205299038094
227.0 55.28939381292594 742.8456259127041 687.5562320997782
230.0 50.71342210168713 717.7221535122264 667.0087314105392
231.0 47.17064493227749 699.722137 652.5514920677225
233.0 44.81008742070806 687.7221370262316 642.9120496055235
234.0 49.13838607831706 709.7221370064552 660.5837509281381
236.0 52.28989726387913 725.7224124956078 673.4325152317287
237.0 58.22768105311099 756.1019739364845 697.8742928833735
238.0 46.71115659714554 698.5128920965631 651.8017354994175
239.0 56.6463860323437 747.722137 691.0757509676563
240.0 56.24753751743493 745.7362332785338 689.4886957610988
241.0 42.44986987985355 675.722137 633.2722671201465
242.0 50.71342232225357 717.7221370000014 667.0087146777478
243.0 45.99030252826897 693.7221370001497 647.7318344718807
244.0 41.66316730120229 671.722137 630.0589696987977
245.0 56.24791419722885 745.722137 689.4742228027712
246.0 55.45231827065852 741.7459456030915 686.293627332433
247.0 63.69491921582354 781.722137 718.0272177841765
249.0 65.96246625867883 791.722137 725.7596707413212
250.0 42.84322645660027 677.722137 634.8789105433997
251.0 49.13838598820857 709.7221442000506 660.583758211842
252.0 58.65365680114498 757.7221412563009 699.0684844551559
253.0 52.68434755501637 727.7234275531928 675.0390799981765
254.0 55.05638072115509 739.722137 684.6657562788449
255.0 49.13838607837454 709.722137 660.5837509216255
256.0 56.6463860323437 747.722137 691.0757509676563
257.0 48.31019634106209 706.3204788716496 658.0102825305875
258.0 51.49779719264655 721.8232926234575 670.3254954308109
259.0 46.38373227248325 695.7221812832817 649.3384490107984
260.0 58.54420231259944 758.8558168178982 700.3116145052988
261.0 54.66022022187967 737.722137 683.0619167781203
262.0 61.96214450860525 773.722137 711.7599924913948
264.0 46.38373287318583 695.722137 649.3384041268142
266.0 48.74476712242944 707.722138659107 658.9773715366776
268.0 41.99012168679691 674.5260832641414 632.5359615773445
269.0 47.17062939013168 699.7230436942506 652.5524143041189
270.0 45.59688603871985 691.7221425518345 646.1252565131146
271.0 51.50142291229891 721.722137 670.2207140877011
272.0 42.44986980776836 675.7221429361227 633.2722731283544
273.0 42.1876652010899 676.9651676463894 634.7775024452995
274.0 44.81008517227652 687.7222829391919 642.9121977669154
275.0 32.22364756095721 623.7273930087173 591.5037454477601
276.0 38.01780479134446 654.7074314561476 616.6896266648031
277.0 36.54982765784124 645.7221765182374 609.1723488603962
278.0 43.52465218974786 682.7075108965718 639.182858706824
279.0 41.67376372624253 674.4815521772991 632.8077884510566
280.0 38.11564276675374 653.9227464269025 615.8071036601488
281.0 42.05635684475642 673.7295468190306 631.6731899742742
282.0 43.56387825337664 682.5134903239344 638.9496120705578
283.0 36.92668121936898 648.0597139987666 611.1330327793976
284.0 43.62994683867278 681.7225009501121 638.0925541114393
285.0 41.25365902111787 670.0508555659545 628.7971965448366
286.0 56.24791419722885 745.722137 689.4742228027712
287.0 42.4498698796805 675.7221370194322 633.2722671397517
288.0 40.08389430529134 663.8688513133108 623.7849570080195
289.0 42.05061935292695 673.8687671592279 631.818147806301
290.0 41.13910787175218 671.1439712036789 630.0048633319267
291.0 42.71516938152099 679.0804617582367 636.3652923767157
292.0 34.19000704095161 633.7222961020427 599.5322890610911
293.0 38.12312424924935 653.7221370002889 615.5990127510396
294.0 42.43124205326365 676.1234962900378 633.6922542367742
295.0 35.76308294706777 641.7273875360992 605.9643045890315
296.0 49.13827013592666 709.7274036687203 660.5891335327936
297.0 31.43720189409588 619.7312080390591 588.2940061449632
298.0 32.36182172120412 626.8143036800793 594.4524819588751
299.0 36.92749501472099 648.0316557367611 611.1041607220401
300.0 43.46483370069528 683.7957877808166 640.3309540801213
301.0 38.10032338209193 654.2175071234914 616.1171837413994
302.0 37.33596107335911 649.743123599117 612.4071625257579
303.0 37.68618073580311 652.4007213449265 614.7145406091234
304.0 35.30429641250064 640.8537465621092 605.5494501496085
305.0 32.61336025381012 625.8212724541623 593.2079122003522
306.0 36.32698063241201 647.8794933285026 611.5525126960906
307.0 37.26953511452626 654.5594843128032 617.2899491982769
308.0 34.89398001820217 638.9374460106213 604.0434659924192
309.0 35.582014197926 643.1512032319685 607.5691890340425
310.0 31.83031398104515 621.7337916350176 589.9034776539725
311.0 34.19999142766386 636.5024486655931 602.3024572379292
312.0 32.60724080232535 625.9425980455203 593.3353572431949
313.0 34.51642152175591 636.5400043042206 602.0235827824647
314.0 36.91221070528574 652.0358719413851 615.1236612360993
315.0 32.97813083866532 628.3366791486797 595.3585483100143
316.0 29.01319049878021 608.5156158242072 579.502425325427
317.0 30.96876280021883 618.7238287338382 587.7550659336194
318.0 34.50998613586603 639.3629603803308 604.8529742444648
319.0 39.41651865216333 663.2817956279639 623.8652769758006
320.0 30.720161118163 620.4321988136525 589.7120376954895
321.0 31.33113101743466 620.7392937472896 589.4081627298549
322.0 36.10291583589727 644.6326298940614 608.5297140581642
323.0 36.76513366079487 649.1408403746965 612.3757067139017
324.0 31.32873850540391 620.7960546223121 589.4673161169082
325.0 29.86462311782559 611.7433750631159 581.8787519452903
326.0 30.644980527647 615.8827463120983 585.2377657844513
327.0 28.2889720215632 603.8724816847456 575.5835096631824
328.0 32.86601657439939 631.7496430291869 598.8836264547875
329.0 31.01532600843418 618.2541167677007 587.2387907592665
330.0 30.64776514665669 618.7989578885196 588.1511927418629
331.0 34.15739086292678 634.4484861032933 600.2910952403665
332.0 29.4138906465353 610.8039620168781 581.3900713703428
333.0 24.37094207088486 584.0131558675171 559.6422137966322
334.0 27.73419105962245 602.8962896606385 575.1620986010161
335.0 30.8617484723065 622.177819960078 591.3160714877715
336.0 30.22619809662641 614.3298785091781 584.1036804125517
337.0 27.01556278992683 601.249172589156 574.2336097992291
338.0 27.4425015648522 600.771302498117 573.3288009332648
339.0 28.19415792612376 605.3101997948151 577.1160418686913
340.0 30.10219209851718 617.6224359649116 587.5202438663944
341.0 31.4048005663526 624.7673511560867 593.3625505897341
342.0 27.0414307465191 599.0031776143846 571.9617468678655
343.0 23.60789658520316 579.7257601644911 556.1178635792879
344.0 24.65880569880135 586.9148297044076 562.2560240056062
345.0 29.04877536704559 608.3123380739696 579.263562706924
346.0 24.75569427935345 586.0565865816738 561.3008923023204
347.0 23.98880469140806 581.8812794364184 557.8924747450104
348.0 24.89336977951399 589.1019492991028 564.2085795195888
349.0 30.56375875190681 617.4473531194661 586.8835943675593
350.0 26.23182162763051 597.58789372344 571.3560720958094
351.0 25.11293079446204 588.5208502562059 563.4079194617438
352.0 23.56114978465727 580.4705282102492 556.9093784255919
353.0 19.84812912100263 559.722523499841 539.8743943788384
354.0 27.97514999963155 607.9567608933436 579.981610893712
355.0 26.11095041027764 596.6528149992825 570.5418645890049
356.0 22.45460666508024 573.7265008563208 551.2718941912406
357.0 27.1806613068881 602.017376975661 574.8367156687729
358.0 27.64018984185103 607.1866980261916 579.5465081843406
359.0 25.56871972908188 596.98814636103 571.4194266319481
360.0 24.72673165654895 586.6858943137043 561.9591626571553
361.0 23.11126359141777 578.8131949951686 555.7019314037508
362.0 22.00190348635591 572.6293920243735 550.6274885380176
363.0 24.25764151007031 587.5568000054224 563.2991584953521
364.0 25.3435160120962 591.7313925191189 566.3878765070227
365.0 18.11563617479873 549.8293661359982 531.7137299611995
366.0 25.07260085550021 589.3386531895985 564.2660523340983
367.0 13.28513211158537 515.7222113487506 502.4370792371652
368.0 26.560584392057 601.7801208942451 575.2195365021881
369.0 21.93650165696585 573.3192171421814 551.3827154852156
370.0 24.62177658407995 588.0295683041254 563.4077917200455
371.0 24.52239775159762 588.5696446392746 564.047246887677
372.0 20.08898977783727 562.9195004297055 542.8305106518683
373.0 23.41591819690663 583.6307361315727 560.2148179346661
374.0 22.77919934464605 576.7536671941298 553.9744678494837
375.0 21.67053428407168 570.2765644547219 548.6060301706502
376.0 21.27462523020196 571.0801089984118 549.8054837682099
377.0 21.42837782354712 572.1314515784106 550.7030737548634
378.0 21.30694241102238 568.0645826873857 546.7576402763633
379.0 24.3287630666256 590.9450569769635 566.6162939103379
380.0 22.49461131074774 578.0315241658678 555.53691285512
381.0 21.56218127749045 571.8796160094462 550.3174347319558
382.0 21.28512809130666 568.5037739366119 547.2186458453052
383.0 23.80198396869826 587.3186979374837 563.5167139687855
384.0 21.57248454819166 573.9726909635713 552.4002064153797
385.0 19.13678921659265 555.8105970644957 536.6738078479031
386.0 16.78098914262089 542.7260744423549 525.9450852997341
387.0 16.51338346752117 540.5511375853525 524.0377541178313
388.0 17.9257305319973 553.2958145807794 535.3700840487821
389.0 17.47047304994159 545.7551397404513 528.2846666905097
390.0 18.11459853327981 549.8914613878964 531.7768628546165
391.0 20.1859910079761 566.9573314832635 546.7713404752874
392.0 16.77594324471245 542.8801229544126 526.1041797097001
393.0 16.71207753900561 545.1271530373182 528.4150754983126
394.0 16.84763778322311 541.8001427309989 524.9525049477758
395.0 18.98831030252483 559.9224393161761 540.9341290136512
396.0 18.11735387198248 549.8065838038612 531.6892299318787
397.0 19.38572224729455 559.73331423965 540.3475919923555
398.0 15.73006669275166 537.3750606401594 521.6449939474078
399.0 15.65831692313099 541.7921653537441 526.1338484306131
400.0 15.47974190853439 538.1052779611187 522.6255360525843
401.0 17.89325982927296 552.7995480738534 534.9062882445805
402.0 15.70760544378785 537.9011791964631 522.1935737526752
403.0 18.13332853182103 556.4589878411751 538.3256593093541
404.0 15.33021737265097 533.0982827931015 517.7680654204505
405.0 15.0475848701307 531.3990125627767 516.351427692646
406.0 14.80599210741379 528.7243681968612 513.9183760894474
407.0 15.1736058944901 537.849971334462 522.6763654399719
408.0 15.74546802774916 538.9455120035222 523.2000439757731
409.0 14.31790934481428 523.8667356321986 509.5488262873843
410.0 13.61065540868168 525.6869783428403 512.0763229341586
411.0 13.73459352714311 521.3953737814768 507.6607802543337
412.0 12.80986823295751 516.2594233246973 503.4495550917398
413.0 13.87518104543198 530.734010018938 516.858828973506
414.0 13.56341568363054 523.0958995256721 509.5324838420416
415.0 12.75050948944053 518.6393280647908 505.8888185753503
416.0 15.51954888280221 541.2399053258071 525.7203564430049
417.0 14.18215627540424 529.6267044859807 515.4445482105765
418.0 12.59583497706386 503.20085415148 490.6050191744161
419.0 11.46095887291635 491.0679592327746 479.6070003598583
420.0 12.75392808991838 505.6210740530313 492.8671459631129
421.0 13.41089768659981 526.3506364038561 512.9397387172563
422.0 11.22365053613338 489.2326723228374 478.0090217867041
423.0 10.9908560114648 491.4149164469796 480.4240604355148
424.0 11.3031284525163 493.8816918310189 482.5785633785026
425.0 7.842637104830462 453.877569040909 446.0349319360785
426.0 10.91315551233689 488.5249768293039 477.611821316967
427.0 12.53279969492855 521.5297743092368 508.9969746143083
428.0 11.51229356031455 489.1484818095973 477.6361882492828
429.0 10.78912860214205 489.3271517848414 478.5380231826994
430.0 11.41009720038317 512.6597999925917 501.2497027922086
431.0 9.710285332618918 479.0740256885586 469.3637403559397
432.0 9.806329479278799 477.1889791278076 467.3826496485288
433.0 10.15117922637561 484.9430865220926 474.791907295717
434.0 10.03287282209276 484.9457004640545 474.9128276419618
435.0 8.447132810531067 464.5128384209584 456.0657056104274
436.0 8.89793217121579 468.8563408349721 459.9584086637563
437.0 11.85206431442976 517.448531584179 505.5964672697493
438.0 8.797311356518276 471.4089249831107 462.6116136265924
439.0 9.736834412410114 487.3081478468326 477.5713134344225
440.0 9.994787456180006 488.518709474092 478.523922017912
441.0 10.05355392249089 491.6783621217936 481.6248081993027
442.0 8.515304773132222 464.5366119246886 456.0213071515564
443.0 7.947945199419864 464.4021359405229 456.4541907411031
444.0 10.321927587889 502.3442674823763 492.0223398944873
445.0 8.420736822051383 467.420191762405 458.9994549403536
446.0 8.691023802119939 475.242690199934 466.5516663978141
447.0 8.671839150840603 474.7433980412603 466.0715588904197
448.0 6.347933827851717 429.0216341440138 422.6737003161621
449.0 7.378142564015073 454.362669535367 446.9845269713519
450.0 9.19689742485696 485.1020511855401 475.9051537606831
451.0 7.886567582239169 471.6241133145752 463.737545732336
452.0 7.478339545684679 465.7897253591028 458.3113858134181
453.0 6.461889608876053 440.6731048114122 434.2112152025362
454.0 6.587745710428341 447.0847691479096 440.4970234374812
455.0 6.648271631141622 448.6507519278022 442.0024802966606
456.0 5.457999206086698 426.6623877785205 421.2043885724338
457.0 7.166461877686573 459.2979708986491 452.1315090209625
458.0 5.396690195491135 412.2167310638813 406.8200408683902
459.0 5.399022487874409 419.3555078394709 413.9564853515965
460.0 6.191658717882666 444.8401045706781 438.6484458527954
461.0 5.30912917849846 433.0002525433819 427.6911233648835
462.0 6.528112993312342 454.6989143330247 448.1708013397123
463.0 6.233948033363829 449.6587959192393 443.4248478858755
464.0 5.454050791266147 440.2500499622255 434.7959991709594
465.0 5.280570955986818 437.0735780876115 431.7930071316247
466.0 5.50687893045333 446.0402758563504 440.5333969258971
467.0 5.046367232104625 433.1376544904332 428.0912872583286
468.0 4.439073171921248 421.0381078566533 416.5990346847321
469.0 4.591657669841614 430.2526306392508 425.6609729694092
470.0 4.87649050191521 437.3482591190308 432.4717686171156
471.0 4.706830317480104 432.1030468960369 427.3962165785568
472.0 4.273183545119999 424.5259663664784 420.2527828213584
473.0 4.170100978598262 413.9661212028788 409.7960202242806
474.0 4.369725767160674 425.0130483369172 420.6433225697566
475.0 4.101618548384864 413.3151833674135 409.2135648190287
476.0 3.891550780350602 424.1484931771813 420.2569423968307
477.0 4.142761566482968 430.0097995649801 425.8670379984972
478.0 4.098778794993538 425.4823719241754 421.3835931291819
479.0 3.570411065137128 414.5352219412336 410.9648108760964
480.0 3.278708544404179 418.5807619818282 415.302053437424
481.0 3.551678085642493 410.4915266914804 406.9398486058379
482.0 3.364984557137873 416.5281656094864 413.1631810523485
483.0 3.197699046646964 418.1313165780073 414.9336175313604
484.0 3.112263174833119 410.813849042148 407.7015858673149
485.0 2.815063207563565 411.2079092088295 408.392846001266
486.0 2.786944328806358 407.7984305442982 405.0114862154918
487.0 2.818964252012397 414.8397095734327 412.0207453214203
488.0 2.738367106553149 413.2479987225275 410.5096316159744
489.0 2.489037200753279 409.1933472655348 406.7043100647815
490.0 2.484378709319572 411.8116238017323 409.3272450924127
491.0 2.568802743271726 414.8642457922595 412.2954430489878
492.0 2.472381893825324 410.6405910946152 408.1682092007899
493.0 2.057969443780365 405.3693678295896 403.3113983858092
494.0 2.078683697178181 401.2846334004094 399.2059497032312
495.0 2.14329918282925 409.3945961779376 407.2512969951083
496.0 1.841224474702249 403.9752881550742 402.134063680372
497.0 1.874235815818502 405.8962835250189 404.0220477092004
498.0 1.821711969534108 406.0527783852797 404.2310664157456
499.0 1.752561783247184 405.7604022827028 404.0078404994556
500.0 1.645161759092799 403.6818360853753 402.0366743262825
501.0 1.615587628139809 401.7851556533493 400.1695680252095
502.0 1.478449749978773 403.4434389663236 401.9649892163448
503.0 1.427933662482162 400.3746128816902 398.946679219208
504.0 1.201435440313363 397.8648944095536 396.6634589692403
505.0 1.220045909056 397.156321749582 395.936275840526
506.0 1.185880086365774 396.2560665334749 395.0701864471092
507.0 1.123099839636944 398.9630373711484 397.8399375315115
508.0 0.9947472927621257 394.1531750272609 393.1584277344988
509.0 0.9193497765305232 397.0155370113385 396.0961872348079
510.0 0.916405873745689 396.7534732243146 395.8370673505689
511.0 0.8739554331797648 392.6978396904209 391.8238842572411
512.0 0.7006775371294456 394.1637746554816 393.4630971183522
513.0 0.7072751222320776 391.7734551016881 391.066179979456
514.0 0.6013176558483196 390.9930900362252 390.3917723803769
515.0 0.5976741845378945 391.3084208621259 390.710746677588
516.0 0.5482652569131087 391.680984923893 391.1327196669799
517.0 0.484894666954105 390.246968524985 389.7620738580309
518.0 0.4445524338032676 388.7087626759863 388.264210242183
519.0 0.4487021646441459 387.8535578584735 387.4048556938293
520.0 0.3369281730347597 386.7551516860528 386.418223513018
521.0 0.335602407899716 386.6034453422531 386.2678429343534
522.0 0.3115835948091132 385.7915867703081 385.480003175499
523.0 0.172087100905199 384.2778954915425 384.1058083906373
524.0 0.2090518720437352 384.9392444064285 384.7301925343847
525.0 0.1590327220341083 383.5875771001856 383.4285443781515
526.0 0.1496158259142393 381.7210706404998 381.5714548145856
527.0 0.1383770800408118 379.8578217408518 379.719444660811
528.0 0.141667556106998 381.742272855075 381.600605298968
529.0 0.05771950741795989 379.5748250773703 379.5171055699523
530.0 0.1039160091864013 378.8912337670577 378.7873177578713
531.0 0.07540911771513303 377.9982841843594 377.9228750666443
532.0 0.03160034820847221 377.3510748359273 377.3194744877188
533.0 0 375.4571252975678 375.4571252975678
534.0 0.06809352095546228 376.2160896133545 376.1479960923991
535.0 0.05926956710484113 374.3858256357905 374.3265560686856
536.0 0.08807531008554437 374.805347103274 374.7172717931885
537.0 0.05181536364042741 372.4726725979867 372.4208572343462
538.0 0.07995297749828409 373.2085091196436 373.1285561421454
539.0 0.1399035955239948 370.254061513061 370.114157917537
540.0 0.2086642745511433 370.6282355534395 370.4195712788884
541.0 0.1891874228200878 367.2860767438835 367.0968893210634
542.0 0.159085511100228 369.1804405495103 369.0213550384101
543.0 0.2564582086343301 369.8021717022995 369.5457134936652
544.0 0.3806857514426832 367.3627005799556 366.9820148285129
545.0 0.4293244138459613 365.2876343239082 364.8583099100623
546.0 0.4297257937098356 364.8326581030571 364.4029323093473
547.0 0.496849241732866 363.2192234724519 362.722374230719
548.0 0.4902534273057588 363.7953428571399 363.3050894298341
549.0 0.6777008018925156 362.2784445402711 361.6007437383786
550.0 0.852686632865945 361.4661373194279 360.613450686562
551.0 0.8008368259679931 360.5941679593775 359.7933311334095
552.0 0.8739614448859621 359.8247263940675 358.9507649491815
553.0 1.12641762239722 358.0360480373095 356.9096304149123
554.0 1.042243039224416 358.3440064452321 357.3017634060077
555.0 1.306724556649828 356.4932598886148 355.1865353319649
556.0 1.308977601791665 357.5596753159988 356.2506977142071
557.0 1.485039353005141 354.0293171100548 352.5442777570496
558.0 1.76696168817542 351.0276659555932 349.2607042674178
559.0 1.71308209804004 353.4824296747639 351.7693475767238
560.0 1.898735569638574 354.8491363067019 352.9504007370633
561.0 2.10949007001798 350.345004834167 348.235514764149
562.0 2.421814327111738 346.6027459211146 344.1809315940029
563.0 2.512095034958036 347.1830106506534 344.6709156156954
564.0 2.595604780559135 350.2908757387108 347.6952709581517
565.0 2.841670914553518 348.7330409560167 345.8913700414632
566.0 2.890961788623548 355.9584788482561 353.0675170596326
567.0 3.09808352660812 350.1969787071987 347.0988951805905
568.0 3.895144376507616 338.4028114967542 334.5076671202466
569.0 3.619543486363093 351.5832320594217 347.9636885730586
570.0 4.240060320736703 339.4966147148217 335.256554394085
571.0 3.875164925573057 345.5289159469943 341.6537510214212
572.0 5.081742640946539 322.5183267639682 317.4365841230217
573.0 4.420002626540392 352.434258246404 348.0142556198636
574.0 5.172497469870912 330.4027378576824 325.2302403878115
575.0 4.757938665279342 352.6333456463786 347.8754069810992
576.0 7.513049161168531 301.1395930530441 293.6265438918756
577.0 7.675724976051584 301.7733591908015 294.09763421475
578.0 4.692997525457113 360.6072485990803 355.9142510736232
579.0 6.595879222833578 329.2508563507176 322.654977127884
580.0 12.74886334854082 260.1615054501493 247.4126421016085
581.0 9.086745120193712 295.6808303984995 286.5940852783058
582.0 11.14714489983565 277.500328940587 266.3531840407513
583.0 13.52232483081875 261.4014112059504 247.8790863751316
584.0 15.71921812998373 253.070660611982 237.3514424819982
585.0 20.82050244414053 225.496114510544 204.6756120664035
586.0 20.03063676270424 229.0086204126361 208.9779836499318
587.0 19.75849721936757 232.6681971343188 212.9096999149513
588.0 20.13026072865846 230.4491481006582 210.3188873719998
591.0 25.5785119227571 205.722137 180.1436250772429
