0.0 48.88920844562152 759.911602671896 711.0223942262745
1.0 46.25123242088675 741.301113423957 695.0498810030702
2.0 44.8066392049886 737.2983629933034 692.4917237883148
3.0 43.47330896933797 720.6739770554837 677.2006680861457
4.0 44.99051876522605 745.7976257694135 700.8071070041874
5.0 44.04519872745033 737.6737488932561 693.6285501658057
6.0 42.96068017830633 727.6064469444362 684.6457667661298
7.0 42.29699777665621 718.8575533505788 676.5605555739225
8.0 42.20287304615458 723.186206849993 680.9833338038384
9.0 42.35282752836718 729.1583989712043 686.8055714428372
10.0 41.90453503297514 725.400286973836 683.4957519408609
11.0 41.5920332954423 720.4885182753709 678.8964849799286
12.0 40.92392851606154 712.2171521845902 671.2932236685286
13.0 40.92856202652041 712.468414322496 671.5398522959756
14.0 40.8794145443919 716.3089728585997 675.4295583142078
15.0 40.70643668962003 713.0266396757027 672.3202029860827
16.0 41.11202657416021 724.7638839122689 683.6518573381087
17.0 40.15842301946339 708.6009364409875 668.4425134215241
18.0 40.56782251879036 718.0106360402895 677.4428135214992
19.0 40.60612324483647 720.1500265642409 679.5439033194044
20.0 39.97550818270322 712.2333806861198 672.2578725034166
21.0 39.59607232356196 704.2715065975372 664.6754342739753
22.0 40.40570437032637 719.1726766291237 678.7669722587974
23.0 40.13170677680397 717.0598305078453 676.9281237310414
24.0 36.69958096859347 677.4049843864679 640.7054034178744
25.0 39.71858998774103 711.6807659885922 671.9621760008511
26.0 39.55512316898382 709.3710811821206 669.8159580131368
27.0 39.20921721867127 702.9496534015054 663.7404361828342
28.0 39.83970134557811 714.6031025527674 674.7634012071893
29.0 39.56975987301125 712.0188425826543 672.449082709643
30.0 39.95273785407097 719.1787771776408 679.2260393235699
31.0 39.68763932208709 716.6436244416897 676.9559851196026
32.0 39.45815437995993 714.0699712061502 674.6118168261903
33.0 38.92841272396469 707.7552714119487 668.826858687984
34.0 39.17071322508389 710.7196389540573 671.5489257289734
35.0 39.12589860686078 705.7344183315855 666.6085197247247
36.0 38.39555418932832 695.7312670040855 657.3357128147571
37.0 38.80191385511623 708.3284850522555 669.5265711971392
38.0 37.27690608906269 684.169048839866 646.8921427508033
39.0 38.49610919667632 703.8372512229714 665.3411420262951
40.0 38.11504378347773 693.3925414277281 655.2774976442504
41.0 38.86580783778941 707.2291504355932 668.3633425978038
42.0 38.26483656322325 703.3198842117631 665.0550476485399
43.0 38.52589589214759 707.3380409614188 668.8121450692712
44.0 37.59295591456386 691.6100187443556 654.0170628297917
45.0 37.65908461458346 692.6515200993993 654.9924354848158
46.0 38.08085421409056 701.3018083852904 663.2209541711998
47.0 37.72772929184492 695.9292396067654 658.2015103149205
48.0 37.63725426241233 695.6319659115281 657.9947116491158
49.0 38.46178799201112 707.0590727962522 668.5972848042411
50.0 37.83988939833002 699.6340632355031 661.794173837173
51.0 37.81958222273894 696.9981311920486 659.1785489693096
52.0 37.99976393105654 704.6162631133242 666.6164991822677
53.0 37.4819139121149 695.0937944339446 657.6118805218297
54.0 37.69040552837673 700.5267056453873 662.8363001170106
55.0 38.24277852909818 709.8893159440376 671.6465374149395
56.0 35.96601841594914 675.8625014954422 639.896483079493
57.0 38.14611151663075 707.3062276178356 669.1601161012049
58.0 37.93754760966931 707.1215244750706 669.1839768654013
59.0 37.17931120272682 697.0672559685059 659.8879447657791
60.0 37.23110454721176 696.722315937909 659.4912113906973
61.0 37.6429216739983 701.3394684010763 663.696546727078
62.0 37.01767731480896 695.9700735440434 658.9523962292345
63.0 37.01056744386047 694.6783252057939 657.6677577619334
64.0 36.18647929354428 684.4119062273553 648.225426933811
65.0 36.82673410545789 693.1917095940027 656.3649754885448
66.0 37.32625910501264 699.6948532339251 662.3685941289125
67.0 36.91595334003746 695.6756822948606 658.7597289548231
68.0 36.89387619750962 694.013329979685 657.1194537821754
69.0 36.74754028648869 690.0598106552834 653.3122703687947
70.0 37.17645355860858 699.9439815279367 662.7675279693282
71.0 35.79108606543751 678.561331460994 642.7702453955565
72.0 36.89357812286325 691.3091081920908 654.4155300692276
73.0 35.48819562908791 676.0571276662941 640.5689320372062
74.0 35.59549331481908 679.3987140852422 643.8032207704231
75.0 37.09395473406651 700.467499463089 663.3735447290225
76.0 36.51049413203411 690.2569126653017 653.7464185332676
77.0 36.35130302853428 688.6507787738864 652.2994757453522
78.0 36.30703520110601 689.9787510913213 653.6717158902153
79.0 36.46840896413586 693.017463643334 656.5490546791981
80.0 36.26761621620066 687.154697366667 650.8870811504663
81.0 36.37844049908892 691.0945016732667 654.7160611741778
82.0 36.68096108082558 697.4507291125692 660.7697680317437
83.0 36.12420865698792 688.6337472997444 652.5095386427565
84.0 36.69199624238105 695.6006424216491 658.908646179268
85.0 35.77767454980919 682.6760369346997 646.8983623848905
86.0 36.04376452186399 688.8529236185354 652.8091590966714
87.0 35.96901544196732 686.0426525590469 650.0736371170796
88.0 36.28903357636476 689.0339567818256 652.7449232054609
89.0 36.10988711150612 684.3652407591168 648.2553536476107
90.0 35.96575962928015 686.1737230125636 650.2079633832834
91.0 35.97005573731644 683.1607026940005 647.190646956684
92.0 35.03701324458705 675.1866513642445 640.1496381196574
93.0 35.24074640633436 674.3596722651951 639.1189258588607
94.0 35.43164565748895 678.0795065604688 642.6478609029798
95.0 35.78355701262061 687.2719334613016 651.488376448681
96.0 35.08706707113283 678.050847397452 642.9637803263192
97.0 35.49151096350077 683.0708652314805 647.5793542679797
98.0 34.54396856162885 668.5311495327697 633.9871809711408
99.0 35.9027156466441 686.459365487545 650.5566498409009
100.0 35.17527584223683 674.4521145028064 639.2768386605695
101.0 33.93142796437085 663.7493252786713 629.8178973143004
102.0 34.6783401988065 671.7072491972758 637.0289089984693
103.0 35.91635709263529 686.1159857251951 650.1996286325598
104.0 36.51105104178931 693.73122763496 657.2201765931707
105.0 36.21494049175459 687.1099829899068 650.8950424981522
106.0 35.55998601858975 683.2864378052188 647.726451786629
107.0 36.49429671171842 693.7955072672183 657.3012105554999
108.0 35.93265140983472 684.9894994687651 649.0568480589304
109.0 35.77045250182107 682.6735314084105 646.9030789065894
110.0 35.90049802312723 684.4007538585244 648.5002558353972
111.0 34.44849132485081 663.6726033701308 629.22411204528
112.0 36.39186398136773 687.8937955922554 651.5019316108876
113.0 36.00514647195338 680.5450052978286 644.5398588258752
114.0 36.52191095259773 688.0018774565986 651.4799665040009
115.0 34.42342282454586 664.3187914331988 629.895368608653
116.0 36.57095583958284 690.6267858940401 654.0558300544572
117.0 35.99670956193977 681.5231589126214 645.5264493506817
118.0 35.07941870921503 673.9835084738743 638.9040897646592
119.0 34.9295802923201 671.2138980890544 636.2843177967343
120.0 34.69643311513552 666.6986829318272 632.0022498166917
121.0 35.79580099656492 677.2629457578125 641.4671447612476
122.0 35.8384530652201 682.5169527064303 646.6784996412102
123.0 35.5437035560645 674.6014691649549 639.0577656088904
124.0 35.41464384696581 674.8112217877423 639.3965779407765
125.0 35.10816483619008 674.121634022166 639.013469185976
126.0 34.71182637372531 666.7172281193377 632.0054017456124
127.0 35.87599998275149 681.6574156977344 645.7814157149829
128.0 35.96362788340385 675.6245475937132 639.6609197103094
129.0 35.28801363858335 674.8965913705856 639.6085777320023
130.0 36.26839715306341 682.7741245956829 646.5057274426194
131.0 35.89413466218922 681.1713830248604 645.2772483626712
132.0 36.77890273794606 690.8717043737175 654.0928016357714
133.0 36.74239705721443 686.780321067698 650.0379240104835
134.0 36.54210633579549 687.2615231357573 650.7194167999618
135.0 35.94611708599509 674.9732999171803 639.0271828311852
136.0 37.26484023764716 691.6160832888886 654.3512430512414
137.0 35.12505654705028 671.4373443062761 636.3122877592258
138.0 36.58490713258496 684.5465682618495 647.9616611292645
139.0 36.80183369184818 687.2650377989998 650.4632041071516
140.0 35.31792997882026 675.660315058369 640.3423850795487
141.0 35.01212699982262 668.6330085819681 633.6208815821455
142.0 34.85932131319456 670.5889419706818 635.7296206574872
143.0 35.53267606277164 677.0570760365665 641.5243999737948
144.0 35.73953159394285 677.5732201488703 641.8336885549274
145.0 32.57183118954344 649.8547571433819 617.2829259538385
146.0 36.4645538378391 686.4683680682877 650.0038142304486
147.0 34.68343483302747 666.6491337764734 631.9656989434459
148.0 35.65042836750591 678.904968906684 643.2545405391781
149.0 34.29434634476951 666.7381341227175 632.443787777948
150.0 31.27718446051856 642.07649245382 610.7993079933014
151.0 34.13330030527704 661.4829927739893 627.3496924687123
152.0 35.86163945566098 680.793486947687 644.931847492026
153.0 35.69627845682008 680.6844001402696 644.9881216834495
154.0 36.58762138464188 687.4553554057772 650.8677340211353
155.0 35.1107786698394 675.2387675617649 640.1279888919255
156.0 35.00127396550181 673.331994266504 638.3307203010022
157.0 33.50015027721918 657.1706033151784 623.6704530379592
158.0 33.04053109330862 656.5118264916957 623.4712953983871
159.0 35.64641669699012 683.2025418823763 647.5561251853862
160.0 34.9223457133835 673.9014349078241 638.9790891944406
161.0 35.50754239904918 679.217281884021 643.7097394849719
162.0 34.0593423074746 667.5647827546552 633.5054404471806
163.0 30.84890885505273 641.12928766377 610.2803788087172
164.0 32.81766692857296 653.4378627551608 620.6201958265879
165.0 35.25718303730778 677.0010904756328 641.7439074383251
166.0 35.18199146519129 678.8853507104328 643.7033592452416
167.0 35.41487008722102 679.2091019041619 643.7942318169409
168.0 32.67753446167295 654.6603924308703 621.9828579691974
169.0 31.55880094228147 645.2481117123515 613.68931077007
170.0 35.17260400386897 678.975878255094 643.803274251225
171.0 34.23153857347498 666.6225900203803 632.3910514469054
172.0 34.0410906369293 671.8443255131506 637.8032348762213
173.0 33.42997556656208 658.4664704946194 625.0364949280573
174.0 32.88857764513815 657.4573213998415 624.5687437547034
175.0 30.31902682337673 635.8597558316349 605.5407290082582
176.0 32.86524647415804 660.0442067171769 627.1789602430189
177.0 34.6469585898719 674.8036461900453 640.1566876001734
178.0 32.54019466788545 655.7374805969829 623.1972859290974
179.0 33.4646385451666 666.191588360447 632.7269498152805
180.0 32.80447211073936 660.6786912464124 627.8742191356731
181.0 32.79355523481787 657.0938135753906 624.3002583405727
182.0 33.84595413408155 670.9903914474333 637.1444373133518
183.0 30.88616964111327 641.6622245987639 610.7760549576506
184.0 34.68286783528569 673.567558286896 638.8846904516104
185.0 28.80597607042955 629.2226668802064 600.4166908097768
186.0 31.96665288133716 651.9978538320176 620.0312009506804
187.0 33.15396787460898 664.7706205055199 631.6166526309109
188.0 30.8949208754761 644.9512133192995 614.0562924438234
189.0 29.35244546600972 629.9519813300863 600.5995358640766
190.0 32.21232492953699 653.783993867602 621.571668938065
191.0 30.57188508990173 639.6140160626597 609.042130972758
192.0 32.90137926345057 659.0321053312722 626.1307260678216
193.0 32.57192765061568 657.4406235234878 624.8686958728721
194.0 28.6661277727177 626.8517735179289 598.1856457452112
195.0 32.35048700062335 660.1608104891511 627.8103234885277
196.0 31.6811396170975 650.1400467956284 618.4589071785309
197.0 32.85869377867187 662.2297540525055 629.3710602738336
198.0 31.12843480587078 649.7181541041712 618.5897192983004
199.0 31.32530231702901 651.5001924267521 620.1748901097231
200.0 32.24645518352866 654.8269751702358 622.5805199867071
201.0 27.94053352750288 623.5138588628194 595.5733253353165
202.0 32.73623558654967 660.5449125494221 627.8086769628725
203.0 30.21776299154165 638.3826123183916 608.1648493268499
204.0 31.50878967224511 653.615544656862 622.1067549846168
205.0 32.82302530171929 663.4673501780043 630.644324876285
206.0 30.5548661556249 640.0766733071924 609.5218071515674
207.0 30.87645946397278 646.6138850254913 615.7374255615185
208.0 31.12259807063299 652.5782240180387 621.4556259474057
209.0 29.3452904719776 637.3998479252695 608.0545574532919
210.0 27.70871613892588 620.9866261517029 593.277910012777
211.0 30.16582771761128 639.0304770053093 608.864649287698
212.0 27.38528920757696 618.6903762464556 591.3050870388786
213.0 30.99100374934967 646.6249497144273 615.6339459650777
214.0 32.37208524774264 662.1533648211869 629.7812795734442
215.0 30.24013367839497 638.0096953183747 607.7695616399797
216.0 30.92838890371987 651.0308688539248 620.102479950205
217.0 28.33927708887033 625.2785293513013 596.939252262431
218.0 30.49811412998061 647.0746839553439 616.5765698253633
219.0 28.97112358421526 634.3825903502669 605.4114667660516
220.0 31.52871276931684 654.4709232609111 622.9422104915943
221.0 31.30540126364813 652.8675822052211 621.562180941573
222.0 28.97256277015874 629.5866621801806 600.6140994100219
223.0 30.82615561739397 650.0234389723195 619.1972833549255
224.0 26.78017465890028 613.9892330033616 587.2090583444613
225.0 31.72090883858019 657.5474312151941 625.8265223766139
226.0 30.27472236043144 645.8540027129621 615.5792803525306
227.0 30.21025956250604 645.5945050718956 615.3842455093896
228.0 29.82779160238235 641.3104777255692 611.4826861231868
229.0 28.65699036748098 630.6030090027638 601.9460186352828
230.0 25.90275147618044 611.5439539246795 585.6412024484991
231.0 28.94830466404475 633.4942830327037 604.5459783686589
232.0 27.95408840330387 628.230887045136 600.2767986418322
233.0 27.36124662247499 619.5584505658583 592.1972039433833
234.0 29.24003103358879 636.935566314747 607.6955352811582
235.0 30.32616219849307 649.0161376672207 618.6899754687277
236.0 28.21424226128878 629.7395008934073 601.5252586321185
237.0 29.94374419320997 645.0119122108335 615.0681680176235
238.0 30.61567150516467 649.9557768374329 619.3401053322682
239.0 27.08489144366356 616.608228939127 589.5233374954634
240.0 28.25794233524893 626.803829797989 598.5458874627401
241.0 29.01601601557807 635.4641465501404 606.4481305345623
242.0 27.75595605745118 625.9882721569677 598.2323160995165
243.0 28.75718024106459 634.675033224449 605.9178529833844
244.0 29.77490219494395 643.1153441581003 613.3404419631563
245.0 29.95633415723809 646.6215082740936 616.6651741168555
246.0 25.7845636397567 608.9709145224591 583.1863508827024
247.0 28.33419318095753 629.9528636001564 601.6186704191989
248.0 28.94063132571779 637.0989852259634 608.1583539002456
249.0 25.81276155717748 611.4852202024654 585.6724586452879
250.0 28.35349350148839 632.1996177219593 603.8461242204709
251.0 28.36720815156193 635.6646159751762 607.2974078236142
252.0 29.0837577844996 641.5298606917061 612.4461029072065
253.0 29.52563835570455 645.5187916806281 615.9931533249235
254.0 27.21839041748576 626.0352270234041 598.8168366059183
255.0 26.68253954676198 624.0644490012657 597.3819094545037
256.0 27.53407283343478 624.3241457146245 596.7900728811897
257.0 26.09406485230631 616.1559155683236 590.0618507160173
258.0 25.51395017565213 611.8024531356453 586.2885029599932
259.0 27.64087858252408 626.9796676319731 599.338789049449
260.0 28.37048386762197 636.9009644977765 608.5304806301545
261.0 26.23819568102162 619.3608139098196 593.122618228798
262.0 25.32758915727522 608.6834399885564 583.3558508312812
263.0 25.80181056015431 616.2973276124085 590.4955170522542
264.0 24.19881891371243 598.4422260020498 574.2434070883374
265.0 26.60727727627705 623.1194957221359 596.5122184458588
266.0 27.39653149575151 628.7120283128759 601.3154968171244
267.0 26.04945399361585 616.9260527086858 590.8765987150699
268.0 25.50405321151055 611.5268447336208 586.0227915221103
269.0 26.3802174941966 618.4233941512212 592.0431766570246
270.0 23.53188079243905 595.0497929699669 571.5179121775279
271.0 27.13346222757274 623.8435116138469 596.7100493862741
272.0 26.57669685389133 624.1227888877213 597.5460920338299
273.0 25.85660431782937 618.8554611031781 592.9988567853487
274.0 24.43442004776265 602.4955945654609 578.0611745176982
275.0 24.93140202673512 609.9920547706332 585.0606527438981
276.0 23.06091317541856 594.7590649882703 571.6981518128517
277.0 24.79563763184495 603.858937826854 579.0633001950091
278.0 26.05041932984405 618.8444028387288 592.7939835088847
279.0 24.94613489780126 614.2994782336715 589.3533433358703
280.0 24.62689888665964 610.8022462873968 586.1753474007372
281.0 24.28368119810595 607.9736516107353 583.6899704126294
282.0 25.26031049990936 615.3957606538534 590.135450153944
283.0 22.55867267520411 589.4236084713594 566.8649357961553
284.0 24.22158770374065 604.4380437350609 580.2164560313203
285.0 25.39338054527221 617.5625810767729 592.1692005315007
286.0 24.34010162269274 608.7584060439638 584.4183044212711
287.0 23.90413448926112 604.3352249605077 580.4310904712466
288.0 23.84008661977403 603.3763313798423 579.5362447600683
289.0 22.12442378869211 591.9455803029263 569.8211565142342
290.0 24.49815304613017 613.4804852585525 588.9823322124223
291.0 23.43646985717 601.5684948293034 578.1320249721334
292.0 22.20577704418801 588.0488596816028 565.8430826374148
293.0 21.2655893357188 581.4986861602517 560.2330968245328
294.0 23.7359603600638 606.3130817182116 582.5771213581478
295.0 23.38154006127488 603.6455028490424 580.2639627877676
296.0 19.72302500935819 570.1541712037282 550.43114619437
297.0 22.84209369605368 602.5166807014542 579.6745870054005
298.0 23.38879539731907 605.6320806790922 582.2432852817732
299.0 23.01121513060361 597.4537047004406 574.442489569837
300.0 21.50296541135775 584.909757431309 563.4067920199512
301.0 21.10426822196733 584.5819986162986 563.4777303943313
302.0 23.0651964668378 601.4975462610873 578.4323497942495
303.0 21.78214700996312 591.7248136583476 569.9426666483844
304.0 21.72635475484235 593.1655719829576 571.4392172281152
305.0 22.87110014438525 607.0824600665003 584.211359922115
306.0 22.37841411731787 601.4435419428302 579.0651278255123
307.0 21.45428622628447 586.7411080595226 565.2868218332381
308.0 22.54619888316695 604.1070759936411 581.5608771104742
309.0 21.60764105243529 595.2319795439579 573.6243384915226
310.0 18.12323857525671 560.1102911933961 541.9870526181394
311.0 20.06924568813962 576.9941356447454 556.9248899566058
312.0 21.67234645341456 595.3076571393822 573.6353106859676
313.0 19.51264617711672 572.8812457180052 553.3685995408884
314.0 20.42266503649619 584.0462858673147 563.6236208308185
315.0 21.48546340990043 595.0894031446768 573.6039397347764
316.0 18.85907192685685 571.4179374741133 552.5588655472564
317.0 18.65938950126489 566.2239046841604 547.5645151828955
318.0 21.01535340148115 592.8635413297938 571.8481879283127
319.0 18.36995415308155 564.1931416604982 545.8231875074167
320.0 19.9023467457474 582.3597091948344 562.457362449087
321.0 20.06726508466993 579.8469017677001 559.7796366830302
322.0 16.11901866999773 549.3239454449312 533.2049267749335
323.0 17.29820122692547 560.3113366660665 543.0131354391411
324.0 17.76662508783988 559.4779481822895 541.7113230944497
325.0 18.54114270199767 573.4972636190573 554.9561209170596
326.0 19.57489877945728 582.2289007380943 562.654001958637
327.0 18.83622671833118 577.0451101625566 558.2088834442255
328.0 18.14041389863091 569.1325218355076 550.9921079368767
329.0 18.93100290144494 580.1418766771552 561.2108737757103
330.0 17.3481700893645 563.6856179648003 546.3374478754358
331.0 18.70947546762311 578.2169515610226 559.5074760933995
332.0 18.17874946020969 570.1079443292263 551.9291948690166
333.0 17.75642748033626 566.5746529436623 548.8182254633261
334.0 18.11511226639408 573.4631910169066 555.3480787505125
335.0 15.37342151439342 546.1906635955383 530.8172420811449
336.0 17.01769980991572 557.8661747542968 540.8484749443811
337.0 14.22743803699632 537.2986563261257 523.0712182891294
338.0 17.43993725597087 569.7646847352433 552.3247474792725
339.0 16.13173157200945 550.2166681624205 534.0849365904111
340.0 16.61582422253685 556.1613929125573 539.5455686900205
341.0 17.3335992842085 567.7858122601144 550.4522129759059
342.0 16.95707813148401 564.6407918016034 547.6837136701194
343.0 17.18563852638284 566.5464255296244 549.3607870032416
344.0 16.85002899270203 561.2595828898158 544.4095538971138
345.0 16.92291051200135 565.2816669187928 548.3587564067914
346.0 15.6263851564293 553.7035539106988 538.0771687542695
347.0 15.62140033194546 553.8731468769732 538.2517465450278
348.0 17.05651523254123 568.5779047471672 551.521389514626
349.0 16.26274652626369 562.2090224549143 545.9462759286506
350.0 15.08372545959986 546.5026595066621 531.4189340470622
351.0 15.85591213429493 558.8090687708681 542.9531566365732
352.0 15.83754695548052 558.1652930499781 542.3277460944976
353.0 15.6720448832881 561.2048227212928 545.5327778380047
354.0 15.81335097559941 561.046038075036 545.2326870994365
355.0 15.64198718831151 556.6107451649511 540.9687579766395
356.0 15.089207888177 551.484858099361 536.395650211184
357.0 14.30272264362906 544.0878534892724 529.7851308456434
358.0 15.23958712613574 557.183060706271 541.9434735801353
359.0 14.15384846268158 540.1982382742587 526.0443898115771
360.0 14.03159981906298 548.0518302532585 534.0202304341955
361.0 13.91745868405516 544.7170771923561 530.799618508301
362.0 13.58099382275604 541.869409147338 528.288415324582
363.0 14.26446212404744 548.5883352228772 534.3238730988297
364.0 12.32098468229045 526.1259015442892 513.8049168619987
365.0 14.30021519078299 552.0478551302569 537.7476399394739
366.0 12.88399022450366 531.794983547217 518.9109933227134
367.0 11.12088336814123 516.6575610420767 505.5366776739355
368.0 12.26362378404992 527.169279836112 514.905656052062
369.0 13.67818098496599 548.684620332478 535.006439347512
370.0 12.95414197069603 536.6918781763422 523.7377362056461
371.0 13.35537351306113 544.8363957662812 531.4810222532201
372.0 12.89592479965947 539.2994348105151 526.4035100108557
373.0 12.89691986957422 542.535383667728 529.6384637981538
374.0 12.95691710180313 541.6781056995222 528.7211885977191
375.0 11.59793810863566 518.783317791139 507.1853796825034
376.0 13.02364578570008 544.3948443842656 531.3711985985656
377.0 12.91218550634011 545.5615618197793 532.6493763134392
378.0 12.6522767849826 543.0840299169761 530.4317531319936
379.0 12.61699166675728 542.204303465044 529.5873117982868
380.0 12.38929095373641 540.1818998335142 527.7926088797778
381.0 12.58583286976727 544.2954657775961 531.7096329078289
382.0 11.421123683976 530.8539676713523 519.4328439873763
383.0 12.26730779914453 540.6215623348844 528.3542545357398
384.0 12.14124755209945 540.3515262667094 528.21027871461
385.0 12.02906560910791 539.3398586439721 527.3107930348641
386.0 10.98692893758085 526.3225392938494 515.3356103562686
387.0 11.86371778321443 541.8105299249641 529.9468121417496
388.0 10.92186330707093 528.9511918509438 518.0293285438728
389.0 11.00313244978834 532.3122424649653 521.309110015177
390.0 10.99065839053554 529.9639828369665 518.973324446431
391.0 10.96205025876852 534.71284152354 523.7507912647715
392.0 11.00548631263907 534.2703061774946 523.2648198648555
393.0 10.51513262195189 527.6797228636451 517.1645902416932
394.0 10.49837934549915 526.8567489315318 516.3583695860327
395.0 10.63556947589743 529.10969805914 518.4741285832426
396.0 10.19008275333533 526.181305007858 515.9912222545227
397.0 10.47296850568918 530.2517499828029 519.7787814771137
398.0 10.1835489838907 528.1330884644001 517.9495394805094
399.0 9.976957720904966 526.3086576331375 516.3316999122325
400.0 9.425112321794665 515.8625743937249 506.4374620719302
401.0 9.939605928522493 528.5135942804393 518.5739883519168
402.0 9.397641960107886 521.3660537759969 511.968411815889
403.0 9.774147211136 525.7303023545889 515.9561551434529
404.0 9.763611672677225 525.7248593448611 515.9612476721839
405.0 9.256737033729114 523.3470728153485 514.0903357816193
406.0 9.199693652924356 521.101270868709 511.9015772157847
407.0 8.752187951388723 518.0406623442756 509.2884743928869
408.0 9.335889959870989 525.4917425239656 516.1558525640946
409.0 9.081586377108545 521.9474463080736 512.865859930965
410.0 8.933589166294098 525.2862197023532 516.3526305360591
411.0 8.779397006341048 521.4337681757547 512.6543711694137
412.0 8.511544255500622 521.1842842393627 512.6727399838621
413.0 8.651264728602067 519.6964246191501 511.045159890548
414.0 8.642604244334054 522.5759922950962 513.9333880507621
415.0 8.660749057830821 521.3188992552332 512.6581501974024
416.0 8.393031592088701 521.4540256782678 513.0609940861791
417.0 8.379038923364487 518.5191069807839 510.1400680574194
418.0 7.286417828350453 490.0218772781526 482.7354594498021
419.0 7.706026933481814 505.5047080838897 497.7986811504079
420.0 7.744595319755103 511.0017828021918 503.2571874824367
421.0 8.076966229211594 521.5485823731005 513.4716161438889
422.0 7.726139492981031 508.507092995067 500.780953502086
423.0 7.434922317999666 506.444215014942 499.0092926969424
424.0 7.609235538861392 512.4102227572008 504.8009872183394
425.0 5.608041252680092 458.8184649157167 453.2104236630366
426.0 7.274733638775434 507.6832974170037 500.4085637782283
427.0 7.552787045204929 518.5654419886287 511.0126549434238
428.0 7.308937679663871 511.5145487577044 504.2056110780405
429.0 7.191910321448519 508.505912702881 501.3140023814324
430.0 7.303034391921111 517.0955484451903 509.7925140532692
431.0 6.54358227462126 495.6253477169288 489.0817654423076
432.0 6.504299951266078 495.5586928670613 489.0543929157953
433.0 6.705736246584337 502.3937993832229 495.6880631366386
434.0 6.585362524906589 501.7576790172025 495.1723164922959
435.0 5.74345403926647 476.8454248879964 471.1019708487299
436.0 5.999564027424574 484.7115135127435 478.7119494853189
437.0 6.614007893907901 509.8374419567881 503.2234340628802
438.0 5.869586664525216 487.4586813800074 481.5890947154822
439.0 6.285217035911247 502.370175304028 496.0849582681168
440.0 5.927335016958192 496.2832406737346 490.3559056567764
441.0 6.193446132434988 505.7101415210147 499.5166953885797
442.0 5.576898288971401 484.6272349043274 479.050336615356
443.0 5.230409729722863 477.1861471909438 471.9557374612209
444.0 5.897748012507351 500.6803276955942 494.7825796830869
445.0 5.462875488406643 486.2094273629688 480.7465518745622
446.0 5.52186264239545 492.5893946752309 487.0675320328355
447.0 5.459625495250327 492.132380975747 486.6727554804967
448.0 4.80439176594772 454.9794566757289 450.1750649097812
449.0 4.80983878417387 473.8236018222261 469.0137630380523
450.0 5.551106814878817 501.9197495235919 496.3686427087131
451.0 4.832584532783518 485.1282471381781 480.2956626053946
452.0 4.675331391568533 478.7549149822564 474.0795835906879
453.0 4.34829850048819 466.9320341551767 462.5837356546885
454.0 4.371614290683058 465.3913430642316 461.0197287735486
455.0 4.312879511795941 467.9875595095092 463.6746799977133
456.0 3.884115659383245 453.2253134417592 449.341197782376
457.0 4.356663987794358 476.0282763075676 471.6716123197732
458.0 4.191652095379006 455.0959375727841 450.9042854774051
459.0 3.913690195704639 457.130881882617 453.2171916869124
460.0 3.92063922348177 466.9625622771599 463.0419230536781
461.0 3.531144394899309 454.2580471595628 450.7269027646635
462.0 3.916169660879228 471.5361107694056 467.6199411085264
463.0 3.870048888849202 468.8604783589899 464.9904294701407
464.0 3.40609453443571 459.330111532384 455.9240169979483
465.0 3.357876925801465 457.7265570585722 454.3686801327707
466.0 3.338284090924918 459.8894834636585 456.5511993727336
467.0 3.231945385275346 455.6964887066536 452.4645433213783
468.0 2.983459682487589 449.165712080016 446.1822523975284
469.0 2.876033960664384 451.3284291158795 448.4523951552151
470.0 2.979283580948746 453.6278637592647 450.6485801783159
471.0 2.971498157442363 451.8442228900061 448.8727247325637
472.0 2.682391474766245 449.7934230262981 447.1110315515319
473.0 2.7226163717607 450.5827632012014 447.8601468294407
474.0 2.749508047010994 451.5372138520223 448.7877058050113
475.0 2.660304773124673 449.9036484281224 447.2433436549978
476.0 2.416907540504214 444.3104779050497 441.8935703645454
477.0 2.413120467320584 450.4446875626299 448.0315670953093
478.0 2.522616869040196 447.8078918608524 445.2852749918122
479.0 2.280977034757003 443.7969320089354 441.5159549741784
480.0 1.956730955580769 441.3475500594989 439.3908191039181
481.0 2.141701953716485 447.8595391947388 445.7178372410223
482.0 1.946183020573786 444.9782649354108 443.0320819148371
483.0 1.873916951241329 441.2711502675165 439.3972333162751
484.0 1.947589747365472 440.4517237454317 438.5041339980662
485.0 1.632626895857426 439.0770399702829 437.4444130744255
486.0 1.632681723997067 439.3969686430256 437.7642869190285
487.0 1.559202130340563 439.2102252476266 437.651023117286
488.0 1.51752360641168 439.2749189656424 437.7573953592307
489.0 1.407585938110144 435.874510897013 434.4669249589028
490.0 1.378653148333237 434.5963811124273 433.217727964094
491.0 1.324441551085975 437.9427328353587 436.6182912842727
492.0 1.249874669269009 437.8360392548187 436.5861645855497
493.0 1.091227553956134 432.3596249894858 431.2683974355297
494.0 1.159754807741917 433.7214007038663 432.5616458961244
495.0 1.065934455197037 433.9451652114136 432.8792307562165
496.0 0.9339317669926761 430.1539855261219 429.2200537591293
497.0 0.8936060427448308 431.9174530672238 431.023847024479
498.0 0.9081374322725844 429.2260495904905 428.317912158218
499.0 0.7829148518669981 430.8424777045123 430.0595628526453
500.0 0.7097392072018475 430.7052590190894 429.9955198118876
501.0 0.7558190653713381 429.1532633615827 428.3974442962114
502.0 0.6463488191862473 426.7724679204923 426.1261191013061
503.0 0.6243205523344107 427.5662703092563 426.9419497569219
504.0 0.4698432297509713 426.4721443077522 426.0023010780013
505.0 0.5034314005285615 425.7134060981368 425.2099746976082
506.0 0.5165794348116343 425.221053764335 424.7044743295234
507.0 0.4220527894280665 424.194415851266 423.7723630618379
508.0 0.3652788579430944 424.0898352575735 423.7245563996304
509.0 0.2853318819212747 421.7818118736531 421.4964799917318
510.0 0.306484402498198 421.077100400463 420.7706159979648
511.0 0.3098009332067713 422.7009216779093 422.3911207447026
512.0 0.1847748647306953 418.9515506268985 418.7667757621678
513.0 0.2211016031660745 419.7640293969995 419.5429277938335
514.0 0.1538815107830039 418.5811184425077 418.4272369317247
515.0 0.1605421692827358 417.455336879802 417.2947947105193
516.0 0.09396274382070102 417.2198168889976 417.1258541451769
517.0 0.06391557662225353 416.8728563849062 416.808940808284
518.0 0.09170432690865779 415.7563108935419 415.6646065666332
519.0 0.1271999511653713 415.1972557575252 415.0700558063598
520.0 0.04789326341551636 414.4440005765625 414.396107313147
521.0 0.054202052928082 413.396292668828 413.3420906158999
522.0 0.08457809323441046 412.2292646369677 412.1446865437333
523.0 0.02281041159187286 409.9204600169533 409.8976496053614
524.0 0.0232829750687385 410.8441999378826 410.8209169628139
525.0 0 410.9008837545523 410.9008837545523
526.0 0.07776768342210752 408.7211987108678 408.6434310274457
527.0 0.1436051947055132 406.6403340632641 406.4967288685586
528.0 0.07062730040579746 407.7865917471072 407.7159644467014
529.0 0.04499530670147009 407.2794721480201 407.2344768413187
530.0 0.1349516709030084 406.0254259767185 405.8904743058155
531.0 0.1316449848437619 405.7411473019148 405.6095023170711
532.0 0.1609556749599665 403.2388584858912 403.0779028109312
533.0 0.178762787450337 402.2781128166305 402.0993500291802
534.0 0.22154950394936 402.3679369144525 402.1463874105031
535.0 0.2725336362558838 401.5624892589326 401.2899556226767
536.0 0.2981353179307845 401.576896656202 401.2787613382712
537.0 0.3610969838236817 399.5244293446222 399.1633323607985
538.0 0.3742281743923344 399.0661889268362 398.6919607524438
539.0 0.5551199481141701 396.5753720688313 396.0202521207171
540.0 0.5698323275494626 398.0878971497173 397.5180648221678
541.0 0.731518983027535 394.1274895122845 393.3959705292569
542.0 0.6350796247678192 394.3804839886214 393.7454043638535
543.0 0.7052114278302404 395.0274326569975 394.3222212291673
544.0 0.8518782342195767 396.1023455809496 395.2504673467301
545.0 1.017529658785914 393.9738476856063 392.9563180268204
546.0 1.069899052936116 392.3642754823517 391.2943764294155
547.0 1.220350051973853 389.2966095110293 388.0762594590554
548.0 1.216858861599417 388.8038287985321 387.5869699369327
549.0 1.435897268076763 388.6224246297444 387.1865273616676
550.0 1.573001187573003 391.3572504329894 389.7842492454164
551.0 1.668774336370302 385.9390816267673 384.270307290397
552.0 1.757401210975188 385.61700897985 383.8596077688748
553.0 2.048656421343912 386.6246491095654 384.5759926882215
554.0 2.019084173708815 383.4652615605164 381.4461773868076
555.0 2.291367098910738 385.6516067258408 383.3602396269301
556.0 2.259969439674741 384.9637231869399 382.7037537472652
557.0 2.65661201097557 378.2590153096186 375.602403298643
558.0 2.914650593894132 387.5643433289314 384.6496927350372
559.0 2.796716978477083 386.2436264830793 383.4469095046022
560.0 3.14371207258004 374.7462722990108 371.6025602264307
561.0 3.474038811612383 372.5768500255962 369.1028112139838
562.0 4.033838425373282 365.2729081833299 361.2390697579567
563.0 4.006327581672517 372.1261344439738 368.1198068623013
564.0 4.097097686009605 367.9259470092192 363.8288493232096
565.0 4.084185722741759 383.956664409804 379.8724786870622
566.0 4.026927539737551 372.5679282120503 368.5410006723128
567.0 4.612639710737441 366.802423219254 362.1897835085166
568.0 5.956952971768446 353.8797629129036 347.9228099411351
569.0 4.72498584547093 370.3839065079852 365.6589206625142
570.0 5.606651240991501 358.8303746060366 353.2237233650451
571.0 5.708161579258622 355.5069039645195 349.7987423852609
572.0 8.044949601892265 328.2363995543619 320.1914499524696
573.0 6.028286325465028 362.0875115235752 356.0592251981102
574.0 7.854967988808577 335.992066015101 328.1370980262924
575.0 5.596588418498232 362.8209417568832 357.224353338385
576.0 11.52931199542466 303.0934803984574 291.5641684030327
577.0 11.74683605614782 302.9605754270338 291.213739370886
578.0 6.199513005841647 361.6596807779886 355.4601677721469
579.0 9.498621601424866 329.6749447688127 320.1763231673878
580.0 18.76792022913939 260.7898464451802 242.0219262160408
581.0 13.49629551157292 295.7173627980321 282.2210672864592
582.0 16.39136839059745 277.6596384032331 261.2682700126356
583.0 19.51720893545379 262.242930539219 242.7257216037652
584.0 22.15980381908027 253.4758487452921 231.3160449262118
585.0 28.61140499559478 226.1871689502731 197.5757639546784
586.0 27.63498489715678 230.0524065468618 202.417421649705
587.0 27.21341568166544 233.0945668488226 205.8811511671572
588.0 27.69218220618738 230.9005817742512 203.2083995680638
591.0 34.40258813729988 205.722137 171.3195488627001
