0.0 45.92812829833924 760.87280132893 714.9446730305908
1.0 43.44687970886592 742.7634203182305 699.3165406093645
2.0 42.03002782018697 738.2878362262763 696.2578084060894
3.0 40.84796325863887 721.9113081429383 681.0633448842994
4.0 42.13009031140776 746.9868724895554 704.8567821781477
5.0 41.25324640865067 739.4729367777295 698.2196903690789
6.0 40.25792153810198 729.4787031975115 689.2207816594095
7.0 39.67384367850847 720.9495636729462 681.2757199944378
8.0 39.53696252701788 724.9914695449214 685.4545070179035
9.0 39.63030365597568 730.670989931643 691.0406862756673
10.0 39.21468449104175 726.9816190997976 687.7669346087559
11.0 38.94545996090641 722.5883034000587 683.6428434391523
12.0 38.35189012258951 714.5852814826601 676.2333913600706
13.0 38.35345771087904 714.964982818662 676.611525107783
14.0 38.26870706038869 718.1527613673119 679.8840543069232
15.0 38.12486214725305 715.2533392410067 677.1284770937537
16.0 38.42116476597516 726.2284997980549 687.8073350320798
17.0 37.61591435332954 710.7346941728909 673.1187798195613
18.0 37.9364828150497 719.94983547397 682.0133526589203
19.0 37.95487534653869 721.8823999326845 683.9275245861458
20.0 37.39621367195001 714.0999226816929 676.7037090097429
21.0 37.08994920197451 706.6465467433475 669.556597541373
22.0 37.76168651036846 721.011129031932 683.2494425215635
23.0 37.50581733298062 718.9307746543604 681.4249573213797
24.0 34.44047381439575 678.0642672636174 643.6237934492216
25.0 37.14137428847687 713.71953347801 676.5781591895332
26.0 37.00058420628268 711.16748817108 674.1669039647973
27.0 36.71150230881942 705.5097864611798 668.7982841523604
28.0 37.233482212514 716.860835898953 679.627353686439
29.0 36.98719061350189 714.1580368592533 677.1708462457514
30.0 37.30466274740477 720.903220205025 683.5985574576202
31.0 37.06231561865782 718.3393734225169 681.2770578038591
32.0 36.85496435055791 716.0061992273265 679.1512348767686
33.0 36.38406907439368 709.4667492535464 673.0826801791527
34.0 36.59787474514351 712.6974304982381 676.0995557530946
35.0 36.59772718156876 708.6556638901482 672.0579367085795
36.0 35.96174578420001 698.2806494436522 662.3189036594522
37.0 36.2508812545037 709.9774244837791 673.7265432292754
38.0 34.95048302966395 686.0375635364041 651.0870805067401
39.0 35.98633178925459 705.5844323402379 669.5981005509833
40.0 35.70109810711199 696.081031570834 660.379933463722
41.0 36.32190113591239 709.7787858722873 673.4568847363749
42.0 35.75724134406926 705.1906215043856 669.4333801603163
43.0 35.98145667972355 709.0873308033082 673.1058741235847
44.0 35.19343951471803 693.9015070608205 658.7080675461025
45.0 35.24913412859308 695.0773683099996 659.8282341814065
46.0 35.59069745968508 703.3465717225561 667.755874262871
47.0 35.28658989046679 698.1833682747997 662.8967783843329
48.0 35.19936225005826 697.6442977907224 662.4449355406641
49.0 35.91765399230968 709.1815376152828 673.2638836229731
50.0 35.3637566721001 701.7170933149682 666.3533366428681
51.0 35.36894633978995 699.2202382045446 663.8512918647546
52.0 35.4769587075721 706.4087689157895 670.9318102082174
53.0 35.04672357458523 697.3387231125422 662.2919995379569
54.0 35.20486459291199 702.4077525586459 667.2028879657339
55.0 35.67150659005292 711.3461008785401 675.6745942884872
56.0 33.71049772265514 677.4742869847063 643.7637892620511
57.0 35.59732968160091 709.2198271037726 673.6224974221717
58.0 35.39121942451029 708.4984637225873 673.1072442980771
59.0 34.72415605087852 698.7397104283095 664.0155543774309
60.0 34.77861329844894 698.6564794584686 663.8778661600196
61.0 35.14736298405933 703.5042898913189 668.3569269072596
62.0 34.5717729967835 697.6541019236907 663.0823289269072
63.0 34.57669168046577 696.5274857212152 661.9507940407494
64.0 33.84697791559138 686.2046549439628 652.3576770283715
65.0 34.40572497001815 695.0552471740722 660.6495222040541
66.0 34.84596334724394 701.4507905034731 666.6048271562291
67.0 34.47272014920404 697.2102043177175 662.7374841685134
68.0 34.4641188377804 696.1182437490163 661.6541249112359
69.0 34.35541498010512 692.246107547966 657.8906925678609
70.0 34.69327104855484 701.4740189776488 666.7807479290939
71.0 33.50512634024229 680.5294866754092 647.024360335167
72.0 34.48818617053749 693.947668849895 659.4594826793575
73.0 33.22503235959518 677.8417958136535 644.6167634540583
74.0 33.30067781731562 681.0575151918805 647.7568373745648
75.0 34.60513824235641 701.9088159225983 667.3036776802419
76.0 34.11539940973025 692.1559201793885 658.0405207696582
77.0 33.97016428765958 690.6406723168085 656.6705080291489
78.0 33.91359778988109 691.689504565086 657.7759067752049
79.0 34.04719510665621 694.5392114756289 660.4920163689727
80.0 33.90124427762579 689.0146357744821 655.1133914968564
81.0 33.97477679629052 692.761060204359 658.7862834080685
82.0 34.21868380713294 698.7656064921576 664.5469226850246
83.0 33.74407553328142 689.9917210417881 656.2476455085067
84.0 34.24694597155277 697.1852713122641 662.9383253407113
85.0 33.45133559968309 684.4677609789074 651.0164253792243
86.0 33.65979252824031 690.3738509596499 656.7140584314096
87.0 33.61124559109155 687.7847474386571 654.1735018475656
88.0 33.90379266099122 690.9482322754022 657.0444396144109
89.0 33.76889603515116 686.3967713284701 652.6278752933189
90.0 33.60664569239145 687.9231710210134 654.316525328622
91.0 33.63887559661031 685.3451743481615 651.7062987515512
92.0 32.77820935423733 676.9164804008469 644.1382710466096
93.0 32.99050399070475 676.4514642291043 643.4609602383995
94.0 33.14630004917909 680.1431089440825 646.9968088949035
95.0 33.41407788329147 688.5169466207816 655.1028687374901
96.0 32.80130586280908 679.5492951525094 646.7479892897004
97.0 33.16151862072602 684.2139292745133 651.0524106537872
98.0 32.34860416106003 669.8467876804049 637.4981835193448
99.0 33.54206154499411 687.8040362049652 654.2619746599711
100.0 32.92520645909003 676.171457199862 643.2462507407719
101.0 31.77880659080233 664.8079189869761 633.0291123961738
102.0 32.45313314779925 672.9169437735706 640.4638106257713
103.0 33.55961888331874 687.3847537698153 653.8251348864965
104.0 34.08523088242372 694.8193249380537 660.7340940556299
105.0 33.85035741507592 688.5630316170056 654.7126742019297
106.0 33.2277377774691 684.5774035476181 651.349665770149
107.0 34.06816234248413 694.7807086783398 660.7125463358557
108.0 33.5867239227905 686.3681356658291 652.7814117430386
109.0 33.447148241139 683.8221873372828 650.3750390961438
110.0 33.56059086299834 685.6813576714217 652.1207668084233
111.0 32.30265156760432 664.5633161254632 632.2606645578589
112.0 34.0223921602556 689.1087676127124 655.0863754524568
113.0 33.70371264405369 682.0437190670927 648.340006423039
114.0 34.15285341871246 689.1771594950901 655.0243060763777
115.0 32.27032958097068 665.3198323279719 633.0495027470012
116.0 34.17771894707438 691.5005539668317 657.3228350197573
117.0 33.68733940669 682.6280721489597 648.9407327422697
118.0 32.83785723107893 674.7060401754014 641.8681829443225
119.0 32.71358681213773 672.0512100966287 639.337623284491
120.0 32.52287925417145 667.5825472932324 635.059668039061
121.0 33.52620296296607 678.5062987596501 644.980095796684
122.0 33.51923653648582 683.280754551315 649.7615180148292
123.0 33.29867028862664 675.7241302489554 642.4254599603287
124.0 33.16643718566408 675.8935323847819 642.7270951991178
125.0 32.8654815789958 674.846834134713 641.9813525557173
126.0 32.53808689973599 667.6302358552104 635.0921489554744
127.0 33.56598142486681 682.3644778471504 648.7984964222836
128.0 33.71224935599409 676.8287810096108 643.1165316536167
129.0 33.03879187961832 675.7491482698709 642.7103563902526
130.0 33.94951546330758 683.8135719039397 649.8640564406321
131.0 33.58971648672531 681.7613506615327 648.1716341748074
132.0 34.38600377256444 691.5933618901603 657.2073581175959
133.0 34.38908247715096 687.6673537156664 653.2782712385154
134.0 34.18237823891704 688.0700070044702 653.8876287655531
135.0 33.70241819493851 675.8929418984671 642.1905237035286
136.0 34.86716167071294 692.7899340934496 657.9227724227367
137.0 32.90957801626688 672.1024651405525 639.1928871242856
138.0 34.25133005397677 685.6364561360615 651.3851260820847
139.0 34.4450389008609 688.003176465885 653.5581375650241
140.0 33.06284711442027 676.2113424729555 643.1484953585352
141.0 32.82274488801592 669.4521043153359 636.6293594273199
142.0 32.65031548828653 671.1191491824915 638.4688336942049
143.0 33.26485344970695 677.8067573066205 644.5419038569135
144.0 33.46739296595688 678.5727829488974 645.1053899829405
145.0 30.54862365142952 649.9518095540638 619.4031859026343
146.0 34.11262760567341 687.1397025220882 653.0270749164148
147.0 32.51075276752555 667.4210158845324 634.9102631170068
148.0 33.36502572256277 679.7268721154965 646.3618463929337
149.0 32.11779685193566 667.3198175044218 635.2020206524861
150.0 29.31821821010362 642.2434408774929 612.9252226673892
151.0 32.00689358366024 662.2007444085019 630.1938508248416
152.0 33.55900837293209 681.7195832055965 648.1605748326644
153.0 33.39388427668402 681.4412632222239 648.0473789455399
154.0 34.22634589533097 688.2810192965577 654.0546734012267
155.0 32.8568009195225 675.9998055298979 643.1430046103754
156.0 32.76425399749738 674.2888298351958 641.5245758376984
157.0 31.41074634481735 657.8163245185729 626.4055781737555
158.0 30.95347721063333 657.0653235615172 626.1118463508839
159.0 33.31929354649447 683.7881914526828 650.4688979061884
160.0 32.67903402060122 674.8213660879173 642.142332067316
161.0 33.21634641086738 680.288212030025 647.0718656191576
162.0 31.8708997434865 668.4073975301598 636.5364977866733
163.0 28.89481054986333 641.3547103711379 612.4598998212745
164.0 30.75922881660699 653.9529417610101 623.1937129444031
165.0 32.98512285464268 678.1631281757485 645.1780053211058
166.0 32.89303734991601 679.5143147529544 646.6212774030384
167.0 33.123250435431 680.1958877813913 647.0726373459603
168.0 30.60501773606435 655.2766741635491 624.6716564274848
169.0 29.56917134279523 645.8112612329574 616.2420898901621
170.0 32.88252836763936 679.6301886311054 646.7476602634661
171.0 32.05319196117845 667.6834470171927 635.6302550560142
172.0 31.81095100698949 672.4592997157681 640.6483487087786
173.0 31.32584134177718 659.3401304794242 628.014289137647
174.0 30.79069342944753 657.9960232212097 627.2053297917622
175.0 28.41278679675825 635.9534101678783 607.54062337112
176.0 30.74083194492932 660.6839854627395 629.9431535178102
177.0 32.39234231363751 675.6333700682418 643.2410277546043
178.0 30.45520657945761 656.4262413472868 625.9710347678292
179.0 31.28529859507985 666.760697197355 635.4753986022751
180.0 30.67321328836603 661.3002996029126 630.6270863145466
181.0 30.69807721063314 657.6838684529349 626.9857912423018
182.0 31.6222863131339 671.6263721882051 640.0040858750712
183.0 28.92538025368341 642.2600680866749 613.3346878329915
184.0 32.43837315168129 674.915535238825 642.4771620871437
185.0 26.95060217975772 629.346675296703 602.3960731169452
186.0 29.91281759012628 652.7643272987165 622.8515097085902
187.0 30.98436849344375 665.6058623272855 634.6214938338417
188.0 28.90234718888597 645.356663450644 616.454316261758
189.0 27.49517294071429 630.0993868966498 602.6042139559356
190.0 30.14327094508236 654.5296905748941 624.3864196298118
191.0 28.62834241794483 640.2164836089543 611.5881411910095
192.0 30.78559139074985 660.0458417611883 629.2602503704384
193.0 30.46838550307783 658.5189110971778 628.0505255941
194.0 26.83190000473285 627.2063586452892 600.3744586405563
195.0 30.21998134713359 660.7539990075508 630.5340176604172
196.0 29.64210702036352 651.0858741451001 621.4437671247366
197.0 30.71195358635595 662.9705530690987 632.2585994827427
198.0 29.08865568825637 650.5403245509699 621.4516688627135
199.0 29.27041584453919 652.1835885305086 622.9131726859694
200.0 30.16616603106454 655.814971808368 625.6488057773035
201.0 26.13243246352149 623.8402232479852 597.7077907844637
202.0 30.60345096360739 661.6102802678255 631.0068293042181
203.0 28.28203700491387 639.1756109593515 610.8935739544376
204.0 29.43469415620935 654.2924928842412 624.8577987280319
205.0 30.66390427014688 664.1450300336872 633.4811257635403
206.0 28.60576398369062 640.8449854885015 612.2392215048109
207.0 28.86552284045036 647.3529154053423 618.487392564892
208.0 29.05497220813994 653.2542028826453 624.1992306745054
209.0 27.41227007399437 637.8520102591783 610.4397401851839
210.0 25.92279618904207 621.4642219744808 595.5414257854388
211.0 28.2228998150029 639.8687405827546 611.6458407677517
212.0 25.61994797045597 618.9685644221316 593.3486164516756
213.0 28.97989992021924 647.6127789533489 618.6328790331297
214.0 30.22219367944339 662.7005116355754 632.478317956132
215.0 28.30844303101308 638.7869092501286 610.4784662191155
216.0 28.87458570570661 651.6422947352676 622.767709029561
217.0 26.51651778600797 625.833625411474 599.317107625466
218.0 28.47950309380246 647.6698686069827 619.1903655131802
219.0 27.06361415232516 634.9957545618803 607.9321404095551
220.0 29.44610951384353 655.1835180888722 625.7374085750287
221.0 29.2360656085545 653.6814229751221 624.4453573665676
222.0 27.11262952954989 630.26270420908 603.1500746795302
223.0 28.78114356611342 650.6820805985537 621.9009370324403
224.0 25.05630660548481 614.1278535189146 589.0715469134297
225.0 29.60952535471827 658.2713513654883 628.66182601077
226.0 28.26531907889907 646.5950896400026 618.3297705611036
227.0 28.20350080396368 646.191603454305 617.9881026503413
228.0 27.85929058719879 642.0322070639056 614.1729164767068
229.0 26.7843529343648 631.1552342165564 604.3708812821916
230.0 24.19409438783736 611.7620417433588 587.5679473555214
231.0 27.04961788665936 634.0753666300903 607.0257487434309
232.0 26.09784235392741 628.8232877206707 602.7254453667433
233.0 25.58556655456272 620.141778644299 594.5562120897363
234.0 27.30929205338258 637.6581259717394 610.3488339183569
235.0 28.28650515570541 649.609015031698 621.3225098759926
236.0 26.34595284854146 630.2537596661005 603.9078068175591
237.0 27.94035645358032 645.5656017657616 617.6252453121813
238.0 28.56931346606491 650.5942618741938 622.0249484081288
239.0 25.33664973679247 617.030116168256 591.6934664314636
240.0 26.41774240745745 627.654372378315 601.2366299708575
241.0 27.09617477021311 636.4928152888181 609.396640518605
242.0 25.91968604923408 626.6612938817771 600.741607832543
243.0 26.8441965513595 635.3842683892587 608.5400718378992
244.0 27.78822285458353 643.773136776985 615.9849139224014
245.0 27.93653976547454 647.2749300992606 619.338390333786
246.0 24.09918609041643 609.4410954086469 585.3419093182304
247.0 26.46432419634438 630.603138023782 604.1388138274376
248.0 27.00557119410159 637.7572826620108 610.7517114679092
249.0 24.10359751148075 611.7489210719012 587.6453235604205
250.0 26.46096613381154 632.9472228279003 606.4862566940888
251.0 26.44184863526343 636.0919682617891 609.6501196265257
252.0 27.10632760515557 642.1146755855305 615.0083479803749
253.0 27.51259010059904 646.161706590002 618.6491164894029
254.0 25.37699882769056 626.5640498661706 601.1870510384801
255.0 24.85626084099273 624.4258342053016 599.5695733643089
256.0 25.7101606036696 625.4169719260492 599.7068113223796
257.0 24.33909952277103 616.8460064857281 592.5069069629571
258.0 23.7966807205538 612.4662750289462 588.6695943083924
259.0 25.79225278271711 627.9323016601041 602.140048877387
260.0 26.43210011404592 637.4789056566071 611.0468055425612
261.0 24.45252650802802 620.0913793308525 595.6388528228245
262.0 23.63941838589548 609.3803350857042 585.7409166998088
263.0 24.04377457832989 616.7321492043837 592.6883746260538
264.0 22.60323467356202 598.7636899074448 576.1604552338828
265.0 24.78885529173076 623.6496722288665 598.8608169371357
266.0 25.52819591287907 629.6612490039234 604.1330530910443
267.0 24.28506167523742 617.8900173858372 593.6049557105998
268.0 23.78883187866116 612.3241190384871 588.5352871598259
269.0 24.60457958282447 619.3129598596311 594.7083802768067
270.0 21.96261416788532 595.5448382473877 573.5822240795024
271.0 25.30892280103745 625.2271962749289 599.9182734738915
272.0 24.74710732027099 624.8262623773158 600.0791550570448
273.0 24.07259603781027 619.5065158468961 595.4339198090858
274.0 22.79818679306026 603.3634920885261 580.5653052954658
275.0 23.22624876992775 610.6878789225028 587.461630152575
276.0 21.48916091459693 595.3899470132541 573.9007860986572
277.0 23.14948880545353 604.7231208894731 581.5736320840196
278.0 24.26498256461179 620.2031489926166 595.9381664280048
279.0 23.19752117225486 615.1319081882188 591.9343870159639
280.0 22.91072983024905 611.4746128901574 588.5638830599083
281.0 22.59176897351177 608.7438645495428 586.152095576031
282.0 23.50255084021171 616.502478381101 592.9999275408893
283.0 21.03505433396582 590.0669497198206 569.0318953858548
284.0 22.56350131355741 605.3764115979258 582.8129102843684
285.0 23.61548679408699 618.6436232667949 595.0281364727079
286.0 22.64090361362662 609.5426379882839 586.9017343746573
287.0 22.24378330415664 605.3044410180554 583.0606577138988
288.0 22.18807183941464 604.4586264842337 582.2705546448191
289.0 20.57206195576946 592.4348197307824 571.8627577750129
290.0 22.75316693308363 614.328316276819 591.5751493437354
291.0 21.79846804893816 602.646319189346 580.8478511404079
292.0 20.69169757568354 588.824729909519 568.1330323338355
293.0 19.80816449392456 582.1116899648653 562.3035254709408
294.0 22.05452230494018 607.2134292965062 585.158906991566
295.0 21.72158330439737 604.8564750887341 583.1348917843367
296.0 18.36494608379352 570.4082989420296 552.0433528582361
297.0 21.19054088907704 603.2150387079273 582.0244978188502
298.0 21.71008943707822 606.651068485944 584.9409790488658
299.0 21.4079795930403 598.9455971672832 577.5376175742429
300.0 20.01248310074836 585.8238308056969 565.8113477049486
301.0 19.61196662806862 585.71338427435 566.1014176462814
302.0 21.42413081226758 602.5925098531444 581.1683790408768
303.0 20.22642615150153 592.6529827030626 572.4265565515611
304.0 20.15635911270762 593.9657230749822 573.8093639622745
305.0 21.17399162068126 607.8519875482061 586.6779959275249
306.0 20.7330776023913 602.1141530179513 581.38107541556
307.0 19.94257587209593 588.169355502069 568.2267796299731
308.0 20.87444788155013 605.0838352984756 584.2093874169255
309.0 20.0151677655254 596.1758202877871 576.1606525222617
310.0 16.84941533370734 560.3316559927675 543.4822406590601
311.0 18.64419340016803 577.7280457238967 559.0838523237286
312.0 20.07906319722414 596.3915108886993 576.3124476914752
313.0 18.12266600739757 573.6888494336711 555.5661834262735
314.0 18.92945035935787 585.0733133927982 566.1438630334403
315.0 19.89144555748273 596.3847695125813 576.4933239550986
316.0 17.47826143476735 571.9886400832818 554.5103786485145
317.0 17.32758100793827 566.9540150461014 549.6264340381632
318.0 19.43940413152217 594.0394089812336 574.6000048497114
319.0 17.05460644924719 565.1131589403441 548.0585524910969
320.0 18.42005066795915 583.5227854715102 565.1027348035511
321.0 18.61010468867837 581.3359752459397 562.7258705572613
322.0 14.93188594037189 549.7035444564616 534.7716585160897
323.0 16.01254688364769 560.8678502582397 544.855303374592
324.0 16.49269926260682 560.3076568472368 543.81495758463
325.0 17.13508441908578 574.3457494875813 557.2106650684956
326.0 18.09038425042064 583.4416010838366 565.351216833416
327.0 17.39644778093574 578.161398114447 560.7649503335113
328.0 16.77330057623003 570.0982623511872 553.3249617749571
329.0 17.46131690106466 581.2563297698522 563.7950128687875
330.0 16.02743073545119 564.6414436171484 548.6140128816972
331.0 17.25719739103215 579.2417471831689 561.9845497921368
332.0 16.80157086176485 571.2263324334388 554.4247615716739
333.0 16.40887163968746 567.9659086543377 551.5570370146502
334.0 16.70188180266131 574.969919781026 558.2680379783647
335.0 14.20954040177591 546.6819458005868 532.4724053988109
336.0 15.74990668495777 559.2000189523687 543.450112267411
337.0 13.14078236074429 537.7774273549414 524.6366449941971
338.0 16.05907983435536 570.8173618262105 554.7582819918552
339.0 14.9327348107234 551.2676937020007 536.3349588912773
340.0 15.36153022747553 557.3874295340677 542.0258993065922
341.0 15.96976093614418 569.1809915657459 553.2112306296017
342.0 15.61966936008237 566.2624932321803 550.6428238720979
343.0 15.83222549860592 568.0280948009818 552.1958693023759
344.0 15.54392129561318 563.1642665405615 547.6203452449483
345.0 15.57830314292013 566.9994109673857 551.4211078244655
346.0 14.38748920597708 554.7586559167688 540.3711667107917
347.0 14.38120743543597 554.8378052880254 540.4565978525895
348.0 15.68035659933227 570.3018818730039 554.6215252736716
349.0 14.94351880074647 563.6542668714067 548.7107480706602
350.0 13.90871977686217 548.0746780408166 534.1659582639545
351.0 14.56724049741662 560.1120274250796 545.5447869276629
352.0 14.55350050662152 559.7919884163637 545.2384879097422
353.0 14.35897985421949 562.2282964062323 547.8693165520128
354.0 14.50248798601657 562.2335666650221 547.7310786790055
355.0 14.3705656053825 558.4241667925208 544.0536011871383
356.0 13.86458915144974 553.046222806269 539.1816336548193
357.0 13.14361981386141 545.7278936929223 532.5842738790609
358.0 13.95949399105207 558.776800367006 544.8173063759539
359.0 13.03171021493891 541.9234552454102 528.8917450304713
360.0 12.83266092081896 549.1864429429279 536.353782022109
361.0 12.7501097379028 545.9634450145191 533.2133352766163
362.0 12.43846849416917 543.1570656509079 530.7185971567387
363.0 13.06075962310227 550.0851016714207 537.0243420483185
364.0 11.32431159149763 527.1025952926079 515.7782837011103
365.0 13.06382797763392 553.2566796293254 540.1928516516915
366.0 11.8341107059232 533.264129159759 521.4300184538358
367.0 10.20873394245633 517.1797734595858 506.9710395171295
368.0 11.25480817635748 528.3933422317671 517.1385340554096
369.0 12.46967329824304 549.7778929007653 537.3082196025223
370.0 11.85536945531929 538.3098406312326 526.4544711759133
371.0 12.18038002765337 546.2569724424528 534.0765924147994
372.0 11.77048913391582 540.9330529242228 529.162563790307
373.0 11.74100972289584 543.8030670764066 532.0620573535108
374.0 11.80958186800008 543.0675505633543 531.2579686953542
375.0 10.65794230701418 521.6751241264803 511.0171818194661
376.0 11.84739987219728 546.2806951887446 534.4332953165473
377.0 11.72526819188582 547.0324825326345 535.3072143407487
378.0 11.48838537290478 544.3687955963705 532.8804102234657
379.0 11.46067021283699 543.6652842153065 532.2046140024695
380.0 11.25068524958576 541.6731226307481 530.4224373811623
381.0 11.4088273602187 545.6557070339004 534.2468796736817
382.0 10.366429203896 532.2221098792631 521.8556806753671
383.0 11.1225771744631 542.2149990396251 531.092421865162
384.0 10.99800168128494 541.9344345183574 530.9364328370725
385.0 10.89516100622902 540.8511596847668 529.9559986785378
386.0 9.970427842166255 528.2240320272646 518.2536041850984
387.0 10.70480217858385 543.0580397094732 532.3532375308893
388.0 9.879669648757488 530.6144049909358 520.7347353421783
389.0 9.929038621417238 533.8087763758069 523.8797377543897
390.0 9.939127953587085 531.6207829213321 521.681654967745
391.0 9.864784065484508 535.9760858778192 526.1113018123347
392.0 9.911140077483177 535.9180509162729 526.0069108387897
393.0 9.48267301232159 529.1207350398588 519.6380620275372
394.0 9.471932210994233 528.7104396855357 519.2385074745414
395.0 9.585380350623184 531.4653092769648 521.8799289263416
396.0 9.168110461856218 527.8595807334871 518.6914702716309
397.0 9.413852967572751 531.8087922348766 522.3949392673039
398.0 9.140584511464036 530.084888820316 520.944304308852
399.0 8.950780129584282 528.1394061745703 519.188626044986
400.0 8.492275681182517 518.7642006701776 510.2719249889951
401.0 8.893506493579143 529.8647134171736 520.9712069235944
402.0 8.41643702939653 522.9065936102769 514.4901565808804
403.0 8.752299312158439 527.4518879866903 518.6995886745319
404.0 8.739475332780825 527.8756546428933 519.1361793101125
405.0 8.254894773673436 524.779973147783 516.5250783741096
406.0 8.216807839451083 523.1046271967633 514.8878193573122
407.0 7.797717465964432 519.5644422165407 511.7667247505762
408.0 8.312877366229079 527.0399591764435 518.7270818102144
409.0 8.089973842977062 523.7786726046072 515.6886987616302
410.0 7.910059005693953 526.5333957439939 518.6233367383
411.0 7.791071606637681 523.0214839699996 515.2304123633619
412.0 7.524876715255772 522.3976770108307 514.872800295575
413.0 7.674993901334243 522.0574541680344 514.3824602667002
414.0 7.641695086033788 524.1272440224588 516.485548936425
415.0 7.670213331284373 523.339088420512 515.6688750892277
416.0 7.401761133908547 522.8187499135902 515.4169887796816
417.0 7.411033379792615 521.0299366496573 513.6189032698647
418.0 6.578706414716047 495.2947493796347 488.7160429649187
419.0 6.853366891210816 509.586363612357 502.7329967211462
420.0 6.841522735036927 514.2403651490403 507.3988424140033
421.0 7.081957877930832 522.8351409140384 515.7531830361076
422.0 6.840877635733112 513.1031845136565 506.2623068779234
423.0 6.570441031966937 510.4490261160221 503.8785850840552
424.0 6.68986565927974 515.8075347479378 509.1176690886581
425.0 5.197393985133947 463.7927629644491 458.5953689793152
426.0 6.395657235326963 511.7733954502941 505.3777382149672
427.0 6.580709353879091 520.1617296050256 513.5810202511465
428.0 6.396411561381836 514.7409143569677 508.3445027955859
429.0 6.304080347959568 512.5484157694411 506.2443354214815
430.0 6.34129095734671 519.0408455768543 512.6995546195076
431.0 5.767589195439974 501.7340332441898 495.9664440487498
432.0 5.728489581712032 501.6923067654881 495.963817183776
433.0 5.869358112528194 507.3876683976925 501.5183102851643
434.0 5.754790636519937 506.6090066032581 500.8542159667382
435.0 5.141157455685097 484.3658545417754 479.2246970860903
436.0 5.319746725244778 492.4107577135443 487.0910109882995
437.0 5.711520970648059 513.0021184841094 507.2905975134614
438.0 5.161397105264132 495.0147539796027 489.8533568743385
439.0 5.447781964805347 506.7730260615989 501.3252440967935
440.0 5.143690488082892 501.3917902467949 496.248099758712
441.0 5.326130709100132 509.2474002091861 503.921269500086
442.0 4.891561108966706 492.6689994455014 487.7774383365347
443.0 4.619690932393429 484.6420898452601 480.0223989128667
444.0 5.072309943705679 505.2770926791575 500.2047827354518
445.0 4.76137308517856 494.0803262708071 489.3189531856285
446.0 4.764681384147372 498.9580038201673 494.1933224360199
447.0 4.706996155117767 498.3685127130942 493.6615165579764
448.0 4.357144371674964 473.379992489234 469.022848117559
449.0 4.220741723663749 482.7355598424797 478.514818118816
450.0 4.712135966879357 506.0406167623585 501.3284807954792
451.0 4.146343887595199 490.8898925085289 486.7435486209337
452.0 4.047073679045351 485.3948399986146 481.3477663195693
453.0 3.81258159027407 477.8796135319454 474.0670319416713
454.0 3.856976760532459 475.4897091542686 471.6327323937361
455.0 3.77440250994901 477.4579346528811 473.6835321429321
456.0 3.472698481498686 465.927018951357 462.4543204698583
457.0 3.749149853878166 483.2801097623857 479.5309599085075
458.0 3.730759805061677 474.1090443339628 470.3782845289011
459.0 3.452850504261515 471.6266355254722 468.1737850212106
460.0 3.390519514710394 475.9415255660744 472.551006051364
461.0 3.120466910890602 464.072200076415 460.9517331655244
462.0 3.349941909979595 478.6314636364062 475.2815217264266
463.0 3.323166388823132 477.3194986846528 473.9963322958296
464.0 2.952292333689701 467.3119655715637 464.359673237874
465.0 2.912275629188192 467.1700881096575 464.2578124804693
466.0 2.880851976996619 467.420338860684 464.5394868836874
467.0 2.804005844971647 465.3952802935608 462.5912744485892
468.0 2.61170343502919 460.0958595227458 457.4841560877167
469.0 2.493239855899965 459.9845461412686 457.4913062853687
470.0 2.577013927438826 461.9000368244577 459.3230228970189
471.0 2.580007716944776 461.4801035500681 458.9000958331233
472.0 2.311090576703353 458.7899907726947 456.4789001959914
473.0 2.342735342963649 459.6980280198741 457.3552926769105
474.0 2.35795848576931 461.2068524083101 458.8488939225408
475.0 2.285473494450785 459.2380977013254 456.9526242068746
476.0 2.098267496753309 453.2818998902236 451.1836323934703
477.0 2.040238110251762 457.8679933245004 455.8277552142486
478.0 2.167413696154654 457.2640831795484 455.0966694833937
479.0 1.960320960724589 453.7850500650057 451.8247291042811
480.0 1.663901315513053 450.0056234338817 448.3417221183686
481.0 1.789281367047008 455.6774685836556 453.8881872166085
482.0 1.622646247541988 452.4130634932806 450.7904172457387
483.0 1.582496291715963 449.5969228417244 448.0144265500084
484.0 1.658605027712275 450.0283413582453 448.369736330533
485.0 1.361992941628834 447.0545909799859 445.692598038357
486.0 1.358962539399777 447.3479974802266 445.9890349408268
487.0 1.289283433119572 446.6698610563914 445.3805776232719
488.0 1.245241634108176 446.9203204918962 445.675078857788
489.0 1.167583904407725 443.644038549218 442.4764546448102
490.0 1.151079223073926 442.4471733163082 441.2960940932343
491.0 1.066712515379756 444.963527652101 443.8968151367212
492.0 0.9952715340636319 444.2946960779723 443.2994245439086
493.0 0.8846625351216348 439.8102621363217 438.9255996012001
494.0 0.9369312533079877 441.7793662516452 440.8424349983372
495.0 0.8455537370857746 440.9429663924853 440.0974126553995
496.0 0.749676942868474 437.2221474227039 436.4724704798354
497.0 0.6923038136826941 438.7695132086056 438.0772093949229
498.0 0.7318368747950374 436.5565310309922 435.8246941561972
499.0 0.5930738115818403 437.3105903647374 436.7175165531555
500.0 0.5203367049600601 437.1923393399229 436.6720026349629
501.0 0.5802224167056588 436.080282858246 435.5000604415403
502.0 0.4945732872104882 433.5045280504277 433.0099547632172
503.0 0.4650819394639674 434.0785672201851 433.6134852807211
504.0 0.3181553849052699 433.314553935718 432.9963985508128
505.0 0.3606848285107269 432.3776701981359 432.0169853696252
506.0 0.3758312195655805 432.4872581170078 432.1114268974422
507.0 0.2922917677587413 431.1743622669064 430.8820704991477
508.0 0.2368062139181811 430.8181250534987 430.5813188395805
509.0 0.1808079244211989 428.2428062459334 428.0619983215122
510.0 0.2095636379224802 427.454991446623 427.2454278087005
511.0 0.1933694141515567 429.6555270372503 429.4621576230987
512.0 0.1064160655060016 425.6130886552895 425.5066725897835
513.0 0.1329205088752662 426.7939592219563 426.6610387130811
514.0 0.07719234790862295 425.5330106900922 425.4558183421836
515.0 0.09603362513532238 424.2742228619252 424.1781892367898
516.0 0.03396512367691756 423.4600658026986 423.4261006790216
517.0 0.007580099333869522 422.9561229556108 422.9485428562769
518.0 0.0434668481080088 422.5308124984097 422.4873456503016
519.0 0.08440765157784544 422.0551646063494 421.9707569547715
520.0 0.01177041009080707 421.3020060520677 421.2902356419769
521.0 0.03139088809148063 419.7140525691629 419.6826616810714
522.0 0.07189604602979399 418.9128171272969 418.8409210812671
523.0 0.03274639869346455 416.568802681905 416.5360562832115
524.0 0.02506612044850404 417.2518793176822 417.2268131972337
525.0 0 417.4765072140064 417.4765072140064
526.0 0.09873904382507037 415.6534602529195 415.5547212090944
527.0 0.1871629540052296 413.3120024539549 413.1248394999497
528.0 0.1045711559643738 413.9557138781203 413.851142722156
529.0 0.08284665697002863 413.5659214209536 413.4830747639835
530.0 0.1849558400157572 412.6163722685361 412.4314164285203
531.0 0.1842333828695387 412.3502145168078 412.1659811339382
532.0 0.238479590029055 409.9379164245908 409.6994368345617
533.0 0.2666969293946509 408.833570168887 408.5668732394923
534.0 0.3114446894178099 408.4208573824582 408.1094126930404
535.0 0.3691146219917281 407.9801279752012 407.6110133532095
536.0 0.3953815867519553 407.8509252122731 407.4555436255211
537.0 0.4759208617748513 406.5636913778098 406.0877705160349
538.0 0.4972748063169199 405.3752003262486 404.8779255199317
539.0 0.7036442489207392 403.1164285264224 402.4127842775017
540.0 0.7055780117167766 404.1557854242531 403.4502074125363
541.0 0.902805522457332 401.3578784525744 400.455072930117
542.0 0.8084127803635105 400.4889638575734 399.6805510772099
543.0 0.8720441657007227 401.3373522944528 400.4653081287521
544.0 1.01039154747619 402.0978362132574 401.0874446657812
545.0 1.1933534348115 401.1427301248499 399.9493766900384
546.0 1.260009682104225 400.0727695870865 398.8127599049822
547.0 1.448454658281951 395.7427926534235 394.2943379951416
548.0 1.450504710063243 395.0955926970248 393.6450879869615
549.0 1.674489593747294 394.6951679345504 393.0206783408031
550.0 1.783299225197562 397.8872701121775 396.1039708869799
551.0 1.932502136154664 392.8747562669289 390.9422541307742
552.0 2.028644331301307 391.8072437719256 389.7785994406243
553.0 2.305238491213849 394.4133736429004 392.1081351516866
554.0 2.31010090590703 390.6586235920662 388.3485226861592
555.0 2.563528330413128 392.5630723884083 389.9995440579952
556.0 2.541700175303477 391.3652433296539 388.8235431543504
557.0 3.014285223212188 383.587518642996 380.5732334197838
558.0 3.148964232832064 399.6576684810739 396.5087042482418
559.0 3.054119213269164 396.1120392414453 393.0579200281762
560.0 3.541669632434315 380.1350368497098 376.5933672172755
561.0 3.903323297550114 376.4865392551802 372.58321595763
562.0 4.544521320263816 368.5646950810188 364.020173760755
563.0 4.437689925160538 377.5362158989134 373.0985259737529
564.0 4.579330887820306 371.8020366775369 367.2227057897166
565.0 4.388109373966565 391.336741129605 386.9486317556385
566.0 4.472475769677937 374.3390529544068 369.8665771847289
567.0 5.119141642213668 369.024374593579 363.9052329513654
568.0 6.606123821611294 355.9773421335981 349.3712183119868
569.0 5.201543592944836 371.7115068588687 366.5099632659238
570.0 6.209084027753565 359.755707083262 353.5466230555085
571.0 6.341297407590145 357.1202250231612 350.778927615571
572.0 8.976395929033994 329.1879961619585 320.2116002329245
573.0 6.604024282530163 362.7056432615655 356.1016189790353
574.0 8.707305977850616 336.9396693860925 328.2323634082419
575.0 6.162665577761675 363.0872022753367 356.924536697575
576.0 12.74847508750067 303.5412241407622 290.7927490532616
577.0 12.9709043239353 303.1297746539642 290.1588703300289
578.0 6.784368510861114 361.6905675220237 354.9061990111626
579.0 10.43497326412176 329.6947891696477 319.2598159055259
580.0 20.48221336684049 260.9081039304019 240.4258905635615
581.0 14.81078511243873 295.7192590354584 280.9084739230197
582.0 17.91447812969451 277.6755637344488 259.7610856047543
583.0 21.22432511322625 262.3935927240058 241.1692676107796
584.0 23.98106403033779 253.5264535472358 229.545389516898
585.0 30.7683339703248 226.3160543156493 195.5477203453245
586.0 29.74340298045249 230.2374593221353 200.4940563416829
587.0 29.28789929916546 233.1681683040393 203.8802690048739
588.0 29.79325270246042 230.9811007165253 201.1878480140649
591.0 36.82168477964374 205.722137 168.9004522203562
