0.0 29.66621097482623 771.0313646772763 741.3651537024501
1.0 27.9705478263178 759.5033360549528 731.5327882286351
2.0 26.85520460698354 751.5242636766603 724.6690590696767
3.0 26.37016928725785 745.9175190491644 719.5473497619065
4.0 26.40817288811623 760.3986066946297 733.9904338065135
5.0 25.83318000550127 756.0785441962328 730.2453641907315
6.0 25.31447347049958 749.3781633083683 724.0636898378687
7.0 25.06582794699196 746.9876340903189 721.921806143327
8.0 24.79618652789667 746.5408826541166 721.7446961262199
9.0 24.64660313887113 748.4719267241157 723.8253235852446
10.0 24.3920173505789 746.3330620866694 721.9410447360905
11.0 24.2688207998538 745.3115355253844 721.0427147255306
12.0 24.00483157243858 741.9170819949809 717.9122504225423
13.0 23.95095203542024 743.2181253217773 719.2671732863571
14.0 23.80843166581304 742.202983508631 718.394551842818
15.0 23.7394069833468 742.2537223251345 718.5143153417877
16.0 23.63893943246654 743.9499090107871 720.3109695783206
17.0 23.47939972025677 738.2679262108739 714.7885264906171
18.0 23.40750665526877 741.0271571544012 717.6196504991325
19.0 23.35018174600423 741.5777041948717 718.2275224488674
20.0 23.1648318558548 736.812617623448 713.6477857675932
21.0 23.11021162320679 735.9339550666421 712.8237434434353
22.0 23.1764108743837 741.2768325775925 718.1004217032088
23.0 23.0400640644856 738.8953379180456 715.85527385356
24.0 22.30145617206762 706.3579310829415 684.0564749108739
25.0 22.90187288109902 736.5853406009821 713.6834677198831
26.0 22.87915025462756 735.8780153378592 712.9988650832317
27.0 22.76713134404085 734.4592899003364 711.6921585562955
28.0 22.81176414952088 738.5427707832688 715.7310066337479
29.0 22.71565454623414 736.3212755119028 713.6056209656687
30.0 22.7489375639303 739.1689554599814 716.4200178960511
31.0 22.64581318927785 736.9737830249462 714.3279698356683
32.0 22.53933217021601 735.4007360688777 712.8614038986617
33.0 22.39922917556572 731.3508921642401 708.9516629886744
34.0 22.42948845269703 733.7502315462416 711.3207430935446
35.0 22.48594943054689 735.1329985243169 712.64704909377
36.0 22.35097796564824 730.1696383929392 707.8186604272909
37.0 22.25559294138104 730.7376184392092 708.4820254978281
38.0 22.04481430976495 720.5961615323845 698.5513472226196
39.0 22.18389492613345 728.8663585634573 706.6824636373239
40.0 22.17328466456949 728.8136659164335 706.640381251864
41.0 22.22216033665346 733.1661784962804 710.9440181596269
42.0 21.98517753578123 727.2322065726994 705.2470290369182
43.0 22.02819477943831 729.3119464529924 707.2837516735541
44.0 21.86598439747674 723.8890796054741 702.0230952079973
45.0 21.86718502259525 724.2612835738348 702.3940985512396
46.0 21.87855128358953 726.6396352091499 704.7610839255603
47.0 21.79690029777322 724.3010037410933 702.5041034433201
48.0 21.76578934772581 723.3822966628371 701.6165073151113
49.0 21.90635605948351 730.2315162669647 708.3251602074812
50.0 21.73309251945387 725.0867776245527 703.3536851050989
51.0 21.78944913703818 726.3287784324136 704.5393292953754
52.0 21.66722798855657 725.9806967856692 704.3134687971127
53.0 21.59111375742834 723.2798421409072 701.6887283834789
54.0 21.57609937532409 723.8383541486033 702.2622547732792
55.0 21.65650414553353 727.7775280903853 706.1210239448518
56.0 21.29717647577823 711.216018044359 689.9188415685808
57.0 21.63989310323969 727.5218632520766 705.8819701488369
58.0 21.52901381861283 725.3885381255157 703.8595243069029
59.0 21.32337296732409 719.4298777069907 698.1065047396666
60.0 21.346889783471 720.2565464431646 698.9096566596936
61.0 21.44388036471991 724.1106654177894 702.6667850530695
62.0 21.23510362371549 717.9825967733147 696.7474931495992
63.0 21.25619157452716 718.5896189092159 697.3334273346887
64.0 21.05938040663493 711.4872732248209 690.4278928181859
65.0 21.17480144109743 716.8408084195498 695.6660069784523
66.0 21.30217814359112 720.8781116734505 699.5759335298594
67.0 21.17456789928459 717.0820257676992 695.9074578684146
68.0 21.16904903164566 717.2728628456067 696.103813813961
69.0 21.20663826506524 716.7405426017586 695.5339043366933
70.0 21.19646457609395 718.9293127577931 697.7328481816992
71.0 20.95554329657226 709.1587518473282 688.203208550756
72.0 21.21695968536952 718.2314220470297 697.0144623616601
73.0 20.86126473098496 705.7193519854137 684.8580872544288
74.0 20.81804657436405 705.8257777546276 685.0077311802635
75.0 21.11872328717523 717.6248611758152 696.50613788864
76.0 21.04257563739909 713.7377693459727 692.6951937085736
77.0 20.97115554424375 712.4091092545225 691.4379537102788
78.0 20.90742238944358 711.4091012523334 690.5016788628898
79.0 20.93610904643462 712.083959758326 691.1478507118913
80.0 20.98885685801143 711.3984346527294 690.409577794718
81.0 20.93734372132438 711.298831444786 690.3614877234616
82.0 20.93392451320506 713.3283972586598 692.3944727454548
83.0 20.88535048328292 708.5410241197584 687.6556736364755
84.0 21.0013135878662 713.6518485340571 692.6505349461909
85.0 20.80839002608426 706.4428748937074 685.6344848676232
86.0 20.7862471060178 707.668403627226 686.8821565212082
87.0 20.82481366707845 707.5001529222309 686.6753392551524
88.0 20.93267461365178 710.3950352816883 689.4623606680365
89.0 20.98130339056952 709.2676998969283 688.2863965063588
90.0 20.80834550931688 707.4456142400414 686.6372687307245
91.0 20.9094530440032 707.7769172602306 686.8674642162274
92.0 20.55859754435636 698.9969734116917 678.4383758673353
93.0 20.71751443030752 701.4055435771464 680.6880291468388
94.0 20.72685201335538 702.0832035104986 681.3563514971432
95.0 20.70864516069945 703.3259103461824 682.617265185483
96.0 20.51496699431941 697.9898573686277 677.4748903743083
97.0 20.67871103604967 700.6341899916701 679.9554789556204
98.0 20.55458257082859 692.9739291180978 672.4193465472692
99.0 20.85071150356548 703.8889686123279 683.0382571087624
100.0 20.77106665884712 697.79033273212 677.0192660732729
101.0 20.33685825324342 685.3880184177357 665.0511601644922
102.0 20.56537173293347 691.9959812997168 671.4306095667833
103.0 20.92148876589488 702.4108323559555 681.4893435900606
104.0 21.09644007625612 706.8641865176828 685.7677464414267
105.0 21.13335270687168 704.1566426710453 683.0232899641736
106.0 20.75980540614043 698.6680103286529 677.9082049225124
107.0 21.10935088574242 705.7641411516622 684.6547902659197
108.0 21.01370469888641 701.0104278030977 679.9967231042113
109.0 21.0332135235419 698.6450940886382 677.6118805650963
110.0 21.05293693461606 699.4396632848125 678.3867263501964
111.0 20.88758908184127 686.6900573201657 665.8024682383245
112.0 21.34080968797601 702.6247757434493 681.2839660554733
113.0 21.31896549340251 700.0139414997686 678.6949760063661
114.0 21.4797432456247 702.6215924943924 681.1418492487677
115.0 20.84146104631501 684.9018434734471 664.0603824271321
116.0 21.43617837358796 702.2448703187007 680.8086919451127
117.0 21.36857438745426 697.134806375071 675.7662319876167
118.0 21.02778526836529 687.3394197873938 666.3116345190285
119.0 21.00796499969645 686.6356643287066 665.6276993290102
120.0 21.03867259895742 684.2836847578922 663.2450121589348
121.0 21.40351979614332 694.796001649752 673.3924818536086
122.0 21.25219516222397 694.004020001071 672.7518248388471
123.0 21.37528774386182 690.4422700801832 669.0669823363213
124.0 21.23220629900428 690.3023110615795 669.0701047625752
125.0 21.07712462556519 685.7500420959782 664.672917470413
126.0 21.0723736272422 682.8800877123457 661.8077140851035
127.0 21.37733648933972 692.397298043912 671.0199615545723
128.0 21.68616793157358 693.9658977159473 672.2797297843737
129.0 21.17252427424742 687.7038803608337 666.5313560865863
130.0 21.64417530844499 695.2179948103796 673.5738195019346
131.0 21.46577369496074 690.8051143312141 669.3393406362534
132.0 21.71527297860853 699.6536395616713 677.9383665830627
133.0 21.90865470552106 697.8331223184988 675.9244676129778
134.0 21.693740945438 696.9695225187191 675.2757815732811
135.0 21.79618571924644 691.2473045172254 669.451118797979
136.0 22.05799564938639 703.8779461861218 681.8199505367354
137.0 21.29490367621493 683.1045215754185 661.8096178992036
138.0 21.81989403978429 698.1165077838306 676.2966137440464
139.0 21.95815390164312 698.1323555256436 676.1742016240005
140.0 21.25818069271832 684.8442474474659 663.5860667547476
141.0 21.29562232058786 683.3128151479914 662.0171928274035
142.0 21.09941547150391 681.669765728803 660.5703502572991
143.0 21.32723841709645 688.067446052865 666.7402076357685
144.0 21.45868498263736 689.7087872500872 668.2501022674499
145.0 20.28977101580063 656.4344107363523 636.1446397205516
146.0 21.70175853688482 695.2924719710465 673.5907134341617
147.0 21.11505441263171 680.1367439058772 659.0216894932455
148.0 21.30683623942875 689.9846485021771 668.6778122627484
149.0 20.77928511902721 676.9418450332447 656.1625599142175
150.0 19.45039601502722 648.2027690215882 628.752373006561
151.0 20.87885164023848 676.1648923849876 655.2860407447491
152.0 21.38226710536718 691.9620001208006 670.5797330154335
153.0 21.27436430932994 689.9509432887947 668.6765789794648
154.0 21.71975722446927 697.3536228456051 675.6338656211358
155.0 21.01399125515504 685.666835416521 664.6528441613659
156.0 20.97178410723643 685.5944678661893 664.6226837589528
157.0 20.51224661052557 672.378967778643 651.8667211681175
158.0 20.17678985656032 666.7205273972372 646.5437375406769
159.0 21.08831711590365 690.9003999493002 669.8120828333966
160.0 20.86582608471927 685.4156107781196 664.5497846934004
161.0 21.0976841994556 690.4389335574761 669.3412493580205
162.0 20.43741703386335 677.5458287845348 657.1084117506715
163.0 19.05532005506538 647.071442341057 628.0161222859916
164.0 20.13329257810948 665.3570308436107 645.2237382655012
165.0 20.96538938414135 688.8262566199532 667.8608672358119
166.0 20.87937361826636 687.4365867819936 666.5572131637272
167.0 21.01584656618759 690.1013125128556 669.085465946668
168.0 19.88843666858484 666.0064648181103 646.1180281495254
169.0 19.36144066757106 657.0659311229724 637.7044904554013
170.0 20.85780025785263 687.6142799586339 666.7564797007812
171.0 20.58172534821589 680.5593955078405 659.9776701596246
172.0 20.18347748559118 679.3412992494688 659.1578217638776
173.0 20.31401763771809 673.3106953511553 652.9966777134372
174.0 19.93305204109528 668.1617069488342 648.2286549077389
175.0 18.88891472252872 641.7648669527765 622.8759522302478
176.0 19.73310830690942 669.4401315663061 649.7070232593967
177.0 20.54738795075577 684.7065164809883 664.1591285302325
178.0 19.67197327207073 666.0035893676679 646.3316160955972
179.0 19.96510266708429 674.424929872961 654.4598272058767
180.0 19.63567818150282 669.493845611847 649.8581674303441
181.0 19.85920052475173 667.3694483198208 647.5102477950691
182.0 20.02130281117112 679.0355382999694 659.0142354887983
183.0 18.89088579255139 653.6690967378799 634.7782109453285
184.0 20.55280835292686 686.3788581969671 665.8260498440403
185.0 17.77251979731339 632.7636157782315 614.9910959809181
186.0 19.30490586691721 662.8148742750673 643.5099684081501
187.0 19.67762979565474 674.1305378195541 654.4529080238994
188.0 18.76996316491748 652.6588276397223 633.8888644748048
189.0 18.24346023090204 637.2350369557621 618.99157672486
190.0 19.4257250728466 665.4166652136109 645.9909401407643
191.0 18.70210463134037 651.5351200290944 632.833015397754
192.0 19.73375016413444 671.6196352689651 651.8858851048307
193.0 19.48477194355225 670.1334746661988 650.6487027226465
194.0 17.66649229311456 635.7983231589079 618.1318308657933
195.0 19.21460915312585 667.6097592803665 648.3951501272406
196.0 19.07564296499175 662.5296359642859 643.4539929992942
197.0 19.54738044379794 671.923230648875 652.375850205077
198.0 18.57941617689738 659.6631314610243 641.083715284127
199.0 18.70064525299423 660.3071053018238 641.6064600488296
200.0 19.33065623726785 667.6776340137317 648.3469777764638
201.0 17.17589817199356 629.8719456208123 612.6960474488187
202.0 19.46069623821257 672.15338057965 652.6926843414375
203.0 18.36184151190887 651.2621354753589 632.9002939634501
204.0 18.75139191015356 662.0585220302554 643.3071301201018
205.0 19.4432392732482 672.3759632995893 652.9327240263411
206.0 18.5826219579015 654.1997325632249 635.6171106053234
207.0 18.53229436835356 657.0251911072119 638.4928967388584
208.0 18.42784195531322 660.2197251382468 641.7918831829335
209.0 17.64586295731038 644.7635932924622 627.1177303351518
210.0 17.00705414377209 631.6804789845929 614.6734248408208
211.0 18.25603623312035 651.7948642467703 633.5388280136499
212.0 16.92456747589271 625.6366168123803 608.7120493364876
213.0 18.58133342985573 659.0190818079255 640.4377483780698
214.0 19.099800363022 669.4528006012502 650.3530002382282
215.0 18.39418861432023 651.9331264609078 633.5389378465876
216.0 18.32705812049052 659.2193645715184 640.8923064510279
217.0 17.34883994428126 636.7672836921004 619.4184437478191
218.0 18.15736439225013 655.0309810894063 636.8736166971562
219.0 17.43572920128814 642.1419227302003 624.7061935289121
220.0 18.70841536660158 662.8772643573027 644.1688489907012
221.0 18.54919887277668 662.2958603779021 643.7466615051254
222.0 17.6718115940762 642.5682016070517 624.8963900129755
223.0 18.27233263793229 658.7868971797979 640.5145645418657
224.0 16.65347976768861 619.9091471366299 603.2556673689413
225.0 18.6943628868496 665.72760581141 647.0332429245604
226.0 17.97508178919608 654.4280260957917 636.4529443065956
227.0 17.96311965620743 653.1735077598729 635.2103881036654
228.0 17.82045227256511 650.1421063506822 632.3216540781171
229.0 17.33510344026253 640.5653780796779 623.2302746394154
230.0 15.89437292136292 616.1948765967026 600.3005036753397
231.0 17.44030456795983 643.290586413654 625.8502818456942
232.0 16.77454346192565 636.7526866520506 619.9781431901249
233.0 16.72412039179687 630.0748021321498 613.3506817403529
234.0 17.47048196077029 647.3933956756413 629.922913714871
235.0 17.84485148366308 656.2868446910744 638.4419932074113
236.0 16.95808878942222 638.101895195992 621.1438064065698
237.0 17.72778398138907 652.3100738690587 634.5822898876697
238.0 18.07330896333224 657.7550875819888 639.6817786186565
239.0 16.65026668500257 627.9213845305938 611.2711178455912
240.0 17.07523679870458 640.1363649095814 623.0611281108768
241.0 17.27829010564559 646.9559700103331 629.6776799046875
242.0 16.69340884604152 635.5348049967145 618.841396150673
243.0 17.12988737298658 644.4825821006628 627.3526947276762
244.0 17.6440623615237 651.7794439635961 634.1353816020724
245.0 17.61006894690964 654.0386327424538 636.4285637955442
246.0 15.82266924232166 618.7539545423387 602.9312853000171
247.0 17.01337710977044 640.5294077653263 623.5160306555558
248.0 17.17452076628043 646.1384750399703 628.9639542736899
249.0 15.75297224163606 618.6527806463084 602.8998084046723
250.0 16.85958223159499 642.4922265748248 625.6326443432298
251.0 16.73367322601163 642.4861256161401 625.7524523901284
252.0 17.05488804668889 648.6215897551395 631.5667017084506
253.0 17.23338735277903 652.6398084801023 635.4064211273232
254.0 16.16633700947485 633.6269278095022 617.4605908000273
255.0 15.77946559709796 630.3385095212923 614.5590439241944
256.0 16.43731847943067 637.9414137357531 621.5040952563225
257.0 15.60400240723807 626.316256520473 610.712254113235
258.0 15.32199577021965 620.6370612122599 605.3150654420402
259.0 16.40429005510037 639.3796422242811 622.9753521691807
260.0 16.61431065308864 644.4633728118809 627.8490621587922
261.0 15.53886605030566 628.6251332112814 613.0862671609757
262.0 15.28311891295404 620.6786235287275 605.3955046157735
263.0 15.3566325640619 624.0686277262118 608.7119951621499
264.0 14.90308752677899 608.5380889040714 593.6350013772924
265.0 15.69737323071971 631.9554628041556 616.2580895734359
266.0 16.05256358455583 639.3506805649008 623.298116980345
267.0 15.40997447129894 629.8032453130232 614.3932708417243
268.0 15.24708754430613 623.7632987595693 608.5162112152632
269.0 15.66576914783466 631.3940372892578 615.7282681414232
270.0 14.37541960873813 606.5627728716838 592.1873532629456
271.0 15.97222976570997 639.1244794593451 623.1522496936351
272.0 15.56025052206641 633.5668448945097 618.0065943724432
273.0 15.15996903367956 628.8090420048365 613.6490729711569
274.0 14.69160896226409 617.3411396903319 602.6495307280678
275.0 14.77422883711844 621.411737050219 606.6375082131005
276.0 13.88390264437675 605.6532762380213 591.7693735936446
277.0 14.92739848678479 621.4764796756679 606.5490811888831
278.0 15.18919766126697 633.4253731140808 618.2361754528138
279.0 14.48706175537613 624.3207287507269 609.8336669953507
280.0 14.42673778136131 620.374004033765 605.9472662524037
281.0 14.24344851923878 618.008195511843 603.7647469926042
282.0 14.6752702015674 627.3653281814434 612.6900579798761
283.0 13.66111897109641 603.9400761512363 590.2789571801399
284.0 14.34261678248416 617.9011435112299 603.5585267287457
285.0 14.67325095199908 629.1455271633253 614.4722762113262
286.0 14.21850491914474 620.0517896089398 605.833284689795
287.0 13.99346140275302 618.1110039131704 604.1175425104174
288.0 13.9718769901701 617.7867799176501 603.81490292748
289.0 13.11671422026703 602.0305413800151 588.913827159748
290.0 14.05451920768467 623.9712461872179 609.9167269795332
291.0 13.66814002025959 615.982857801154 602.3147177808944
292.0 13.33900113407969 603.8094317665134 590.4704306324337
293.0 12.85184062219563 596.0479741375014 583.1961335153058
294.0 13.72341241486417 618.0532787468505 604.3298663319863
295.0 13.47837919499423 616.4514919570651 602.9731127620709
296.0 12.13200112956993 581.4508725981464 569.3188714685765
297.0 13.1013659962595 612.3202773885725 599.218911392313
298.0 13.37794330143927 617.745688574045 604.3677452726057
299.0 13.38123438286707 615.3588391238914 601.9776047410243
300.0 12.76647473204493 602.0132834275961 589.2468086955512
301.0 12.37085175816536 599.5945040190953 587.2236522609299
302.0 13.26833068341846 616.0381546032856 602.7698239198671
303.0 12.64572107681418 605.071577256989 592.4258561801748
304.0 12.5201025854355 605.2792079740913 592.7591053886558
305.0 12.80742878727451 616.195432747734 603.3880039604595
306.0 12.68183538702074 611.3844289400218 598.7025935530011
307.0 12.47324315974988 605.5245921413298 593.0513489815799
308.0 12.62667467535879 614.4518018215035 601.8251271461447
309.0 12.21958394513032 607.5750399729007 595.3554560277703
310.0 11.146034355307 571.6699507992337 560.5239164439267
311.0 11.84227232448057 593.3015050735064 581.4592327490258
312.0 12.2557803504111 608.2924372196227 596.0366568692116
313.0 11.51342953895016 590.0167847575237 578.5033552185736
314.0 11.68327131029886 599.3392518593711 587.6559805490722
315.0 12.0273507119147 608.8939211251297 596.866570413215
316.0 11.03338986226896 584.322154442645 573.288764580376
317.0 11.09984706536037 583.1441243113696 572.0442772460092
318.0 11.71442653110015 605.8846742339996 594.1702477028995
319.0 10.86411069669987 582.9258443134802 572.0617336167803
320.0 11.23200726051462 597.6275994785933 586.3955922180787
321.0 11.45729440220489 599.5841946919827 588.1269002897778
322.0 9.746917397118995 560.7204664126917 550.9735490155727
323.0 10.14980246461625 573.8299132435508 563.6801107789346
324.0 10.53827156751794 579.938503091648 569.4002315241301
325.0 10.49120504719016 586.9507636000465 576.4595585528564
326.0 10.88834823402999 597.3349191308681 586.4465708968381
327.0 10.5008495159836 591.2412664319771 580.7404169159935
328.0 10.31262428845445 584.9378514777675 574.625227189313
329.0 10.39787062961858 593.3591642532606 582.961293623642
330.0 9.877774604522147 578.6226939420753 568.7449193375531
331.0 10.31426194926579 591.290039340673 580.9757773914072
332.0 10.22885126010543 587.6220891727928 577.3932379126874
333.0 9.985075540255988 584.7138599545737 574.7287844143177
334.0 9.910532826413742 588.981386180038 579.0708533536243
335.0 9.112692393609027 560.2506173580066 551.1379249643976
336.0 9.742640270446938 580.0900671821668 570.3474269117198
337.0 8.521438739672593 551.3199671521269 542.7985284124543
338.0 9.538303186434978 583.7737787144763 574.2354755280413
339.0 9.332460644448405 575.0080550078508 565.6755943634024
340.0 9.454647670203864 578.1355804980388 568.6809328278349
341.0 9.451550916350674 585.1811702182565 575.7296193019058
342.0 9.234004949923302 582.8908281574053 573.656823207482
343.0 9.362735102266442 584.6133361307165 575.2506010284501
344.0 9.249225227735093 583.0686487098356 573.8194234821006
345.0 9.133093525430273 583.7923211279795 574.6592276025493
346.0 8.673755336274284 571.6748569993774 563.0011016631031
347.0 8.68050194522325 571.3101965790224 562.6296946337991
348.0 9.05548532233238 586.2373549328208 577.1818696104884
349.0 8.702399406456225 579.5590818728912 570.856682466435
350.0 8.406153414559173 570.8994362326101 562.493282818051
351.0 8.506923676156706 577.1370106852981 568.6300870091414
352.0 8.473120520918931 577.481065023755 569.0079445028361
353.0 8.260236011442824 575.3103262796466 567.0500902682038
354.0 8.365934270559252 576.9969822358723 568.631047965313
355.0 8.323459017857615 577.3881553652293 569.0646963473717
356.0 8.129185912972032 572.4913681202096 564.3621822072376
357.0 7.755088406600585 567.4851277165926 559.730039309992
358.0 7.935511002482193 575.1364886157606 567.2009776132784
359.0 7.759798415053004 568.1174409554177 560.3576425403647
360.0 7.404778019659475 563.7712628899517 556.3664848702922
361.0 7.439781856373912 563.8601782401189 556.420396383745
362.0 7.266010043514144 561.5822431943627 554.3162331508486
363.0 7.491967076838924 568.1963939092559 560.704426832417
364.0 7.009027801740334 550.6262722965978 543.6172444948574
365.0 7.365673580905841 568.9868890660933 561.6212154851874
366.0 7.063680209939053 559.0825143248112 552.0188341148721
367.0 6.518236231210175 539.8500422766875 533.3318060454773
368.0 6.789404411849743 553.7647566025239 546.9753521906742
369.0 6.963301481607041 565.1619470807321 558.1986455991251
370.0 6.839055946165014 560.5607747496327 553.7217188034677
371.0 6.798209139362798 564.1096136797207 557.3114045403579
372.0 6.630634321816999 560.8918397207566 554.2612053989396
373.0 6.520905220673539 560.4757042008058 553.9547989801323
374.0 6.590765440061417 561.5565224816443 554.9657570415829
375.0 6.274919314584301 553.8819867832602 547.6070674686759
376.0 6.418298693513456 563.7127165643521 557.2944178708386
377.0 6.301166160995695 562.9545370585399 556.6533708975442
378.0 6.221699597770546 560.608862384579 554.3871627868085
379.0 6.187930795286152 561.455816521556 555.2678857262699
380.0 6.083836237148436 559.6498515123011 553.5660152751526
381.0 6.06039000232344 561.4738883199929 555.4134983176694
382.0 5.699527281961268 552.0676410024368 546.3681137204755
383.0 5.918430641262448 559.6849537524948 553.7665231112323
384.0 5.807319501606168 559.2035460864152 553.396226584809
385.0 5.757431968825475 558.6444669689708 552.8870350001454
386.0 5.436169681287632 550.3401191761884 544.9039494949008
387.0 5.509651558483122 557.4609659372132 551.9513143787301
388.0 5.259829190187733 550.3481017245917 545.0882725344039
389.0 5.183526338625234 550.9556470889308 545.7721207503055
390.0 5.246772157084342 551.8655896234134 546.6188174663291
391.0 5.031751110511902 551.4192230651562 546.3874719546443
392.0 5.030966362565005 552.6973138180948 547.6663474555298
393.0 4.945434654183915 548.8097907988807 543.8643561446968
394.0 4.891900587939277 549.9754225351408 545.0835219472015
395.0 4.853464841270592 551.3312448491119 546.4777800078413
396.0 4.671304027789347 547.6039237046675 542.9326196768781
397.0 4.728107501181456 550.065357271866 545.3372497706845
398.0 4.531106647477212 548.1264809101919 543.5953742627146
399.0 4.4364358917882 546.8699689781853 542.4335330863971
400.0 4.305392096059157 544.2532133047333 539.9478212086742
401.0 4.332967792687577 546.9246806659494 542.5917128732618
402.0 4.183105825563322 542.8171649703337 538.6340591447704
403.0 4.262288929742871 546.6005516144108 542.3382626846679
404.0 4.203742815351511 546.9788802766359 542.7751374612844
405.0 3.946609934487063 542.599948866815 538.6533389323279
406.0 3.926746956223014 543.0490953016273 539.1223483454043
407.0 3.745683876347116 539.0840253752387 535.3383414988916
408.0 3.873413311809753 544.256427490299 540.3830141784892
409.0 3.771003597172036 543.140125527393 539.3691219302209
410.0 3.553416279207892 541.1898105072954 537.6363942280875
411.0 3.551064390743386 540.8564022293696 537.3053378386262
412.0 3.374167051311215 538.2918551037731 534.9176880524618
413.0 3.423573933486236 540.9695326200581 537.5459586865719
414.0 3.353057937311762 540.6685461753142 537.3154882380025
415.0 3.359278764446321 541.8279853255208 538.4687065610745
416.0 3.192819034477939 539.1998845628309 536.007065528353
417.0 3.186389051999822 540.3981600772118 537.211771025212
418.0 3.119962053832309 537.2761823693125 534.1562203154802
419.0 3.002706310407177 537.425175724168 534.4224694137608
420.0 2.896680735394181 536.4490703019851 533.5523895665909
421.0 2.885619318225989 537.9590323079316 535.0734129897056
422.0 2.835920070607239 537.9795831575846 535.1436630869773
423.0 2.717581175826294 535.8837199870076 533.1661388111813
424.0 2.662920930955339 536.8133888276865 534.1504678967311
425.0 2.635123555012002 534.774219335565 532.139095780553
426.0 2.51478588968079 534.9058287175798 532.391042827899
427.0 2.480972240861212 536.0331577115888 533.5521854707275
428.0 2.427587349175316 535.4269577904122 532.9993704412368
429.0 2.368401170831151 535.5906428462585 533.2222416754274
430.0 2.278927855548838 534.9031025563629 532.6241747008141
431.0 2.159762715721297 532.4707909018334 530.3110281861121
432.0 2.118835511013023 532.3163463743842 530.1975108633712
433.0 2.089675190291923 533.5128569417388 531.4231817514469
434.0 2.029587205880226 532.6585373803597 530.6289501744794
435.0 1.934700534839178 531.8920101313206 529.9573095964815
436.0 1.906571334826507 531.7380834413931 529.8315121065666
437.0 1.846997097181717 532.0654696627705 530.2184725655888
438.0 1.719568151567076 530.2325582752465 528.5129901236794
439.0 1.752865182874442 531.1679665947448 529.4151014118704
440.0 1.618056424132485 529.5312404365168 527.9131840123843
441.0 1.591274287371406 530.3759488976986 528.7846746103272
442.0 1.525775135736014 529.0984514710697 527.5726763353337
443.0 1.47032774345589 528.8488954008911 527.3785676574352
444.0 1.436088358428726 529.5511941614138 528.1151058029851
445.0 1.357169813339351 528.6825326035253 527.3253627901859
446.0 1.273661029019774 528.2050730106679 526.9314119816481
447.0 1.252717760878833 527.8360762606174 526.5833584997386
448.0 1.219001753209475 527.7246918959774 526.5056901427679
449.0 1.154284588745248 526.3464350759279 525.1921504871827
450.0 1.101329095302374 527.4679174998506 526.3665884045482
451.0 0.990770502272463 524.8260488737327 523.8352783714602
452.0 0.996120412937059 525.2410669691633 524.2449465562263
453.0 0.8980182472321566 524.1362953750817 523.2382771278496
454.0 0.9335644105473334 525.4463437332162 524.5127793226688
455.0 0.8731618876967526 524.4470718240261 523.5739099363293
456.0 0.8137182320104392 523.6231463680539 522.8094281360434
457.0 0.7815928874699266 523.661791639978 522.8801987525081
458.0 0.7336063527834764 523.9898887661355 523.256282413352
459.0 0.6765033199801369 522.596176775011 521.9196734550309
460.0 0.6221458411192959 522.0637471558452 521.4416013147259
461.0 0.6184689767495941 522.3503429603656 521.731873983616
462.0 0.5686436435404728 521.6042725307213 521.0356288871808
463.0 0.5303520541688374 521.6350123313591 521.1046602771903
464.0 0.51063099659171 520.2076978355386 519.6970668389469
465.0 0.430777999463863 519.7597879743903 519.3290099749264
466.0 0.4299509880360563 519.8749814803518 519.4450304923157
467.0 0.3752418084058472 519.2773140325687 518.9020722241629
468.0 0.354895069862662 518.1791676947472 517.8242726248845
469.0 0.3319841340643336 517.5792402115984 517.2472560775341
470.0 0.3117119753979274 518.1286085454699 517.8168965700719
471.0 0.2940560379296661 517.9093642833977 517.615308245468
472.0 0.2224286408806098 515.9057815122305 515.6833528713499
473.0 0.232612115023427 516.1019873845189 515.8693752694955
474.0 0.1771803686581087 515.7411760090264 515.5639956403683
475.0 0.192500417283155 515.6395252068023 515.4470247895192
476.0 0.1731339995944726 514.9233213985281 514.7501873989336
477.0 0.1552898855054311 513.1240633320347 512.9687734465292
478.0 0.1388434385703118 514.3625721363153 514.223728697745
479.0 0.08271623203260861 512.8049228863173 512.7222066542846
480.0 0.04317313999159744 510.61125624393 510.5680831039384
481.0 0.06335814016775565 510.5280663141345 510.4647081739667
482.0 0.05228571704123822 509.2002936686948 509.1480079516535
483.0 0.04649256136150715 509.1847287867279 509.1382362253664
484.0 0.04495305657390827 509.6474042545144 509.6024511979404
485.0 0.01819357288571191 507.110532328892 507.0923387560063
486.0 0.01871457917346139 506.3872510431927 506.3685364640193
487.0 0.006828007229784494 505.5628285523852 505.5560005451554
488.0 0.004785303121586731 504.8098972108815 504.8051119077599
489.0 0.02460904309954998 504.6190901288809 504.5944810857814
490.0 0.02964837989901464 504.1385732452524 504.1089248653534
491.0 0.001605525476675557 501.753702508547 501.7520969830703
492.0 0 500.9148837384748 500.9148837384748
493.0 0.008496832257314207 500.6066559096475 500.5981590773902
494.0 0.006679754093487478 499.5598213733783 499.5531416192848
495.0 0.01761817263879994 498.370239281408 498.3526211087692
496.0 0.02790167257508042 498.7433163312556 498.7154146586805
497.0 0.009058133387686906 496.0065303414235 495.9974722080358
498.0 0.05221925328465013 496.6335198678256 496.581300614541
499.0 0.04162450420574754 494.4361474822179 494.3945229780122
500.0 0.02554863711217112 492.4685167963242 492.442968159212
501.0 0.10924531552755 491.937047597467 491.8278022819394
502.0 0.1168233469479099 491.6440599080689 491.527236561121
503.0 0.1495612093873807 490.3868839107743 490.2373227013869
504.0 0.08816942022822036 487.8460526348241 487.7578832145958
505.0 0.1754910311177321 487.0370404984142 486.8615494672965
506.0 0.1756443264481146 486.1031573548538 485.9275130284057
507.0 0.1583768976924636 484.7334604194315 484.575083521739
508.0 0.2094158163740262 483.2491887674645 483.0397729510905
509.0 0.2703320652893671 481.4798033068032 481.2094712415139
510.0 0.348287745597519 481.3074600901108 480.9591723445132
511.0 0.3100701853441272 478.9620653690946 478.6519951837505
512.0 0.3479542885030597 478.6181175349808 478.2701632464777
513.0 0.3803657939494846 476.4504735935258 476.0701077995763
514.0 0.4062606121034166 474.9348077352063 474.5285471231029
515.0 0.4373161842021084 475.7706634773961 475.333347293194
516.0 0.5000100134415369 473.2586617749835 472.7586517615419
517.0 0.6037592981117405 470.5048882460987 469.9011289479869
518.0 0.5671406812768954 471.3800551897597 470.8129145084829
519.0 0.6810756816036291 469.1556888648213 468.4746131832177
520.0 0.6605825988981577 468.1263392624507 467.4657566635525
521.0 0.7961469813611626 466.354038499135 465.5578915177738
522.0 0.8461094437281646 466.5170252005489 465.6709157568208
523.0 0.9307383808153917 464.5744282198503 463.6436898390349
524.0 0.9965158435274263 461.5855611236271 460.5890452800997
525.0 0.9976628876399149 459.5176568110059 458.519993923366
526.0 1.061542127068876 462.0651555485666 461.0036134214977
527.0 1.325508173448148 460.8780289031095 459.5525207296614
528.0 1.288758418924505 457.7110553868724 456.4222969679479
529.0 1.372213045199363 455.1691380909968 453.7969250457974
530.0 1.418929809939707 456.3382966678652 454.9193668579255
531.0 1.450939372819855 456.0800699551223 454.6291305823024
532.0 1.627780194069723 454.2621834199843 452.6344032259146
533.0 1.681706151068363 456.1071714186861 454.4254652676178
534.0 1.900829254619552 450.4161584885096 448.51532923389
535.0 1.953876991090041 450.5101649623337 448.5562879712437
536.0 2.104176784084053 446.7364305386502 444.6322537545661
537.0 2.093594737559943 448.3291861513792 446.2355914138193
538.0 2.286577518217565 445.7756854209449 443.4891079027273
539.0 2.472071156788248 452.1422814267158 449.6702102699275
540.0 2.625870527647387 444.8327605743728 442.2068900467254
541.0 2.83235742628961 446.3562195702625 443.5238621439729
542.0 2.902908526817421 441.9255165485285 439.0226080217111
543.0 2.832690433787649 443.9615296287934 441.1288391950057
544.0 3.253680133003979 434.287777427622 431.034097294618
545.0 3.23106877721366 440.4226239200046 437.191555142791
546.0 3.179240572849869 444.1603782173243 440.9811376444744
547.0 3.842539426235488 437.7806124384166 433.9380730121811
548.0 4.059420491794623 430.9487092004157 426.8892887086211
549.0 4.410511307643797 424.6881952228248 420.277683915181
550.0 4.168874118642287 438.6098280695271 434.4409539508848
551.0 4.646439358565206 426.1510321305313 421.5045927719661
552.0 4.914206695280287 422.4812381070169 417.5670314117366
553.0 4.704163589787934 434.2597705423767 429.5556069525888
554.0 4.771372081006156 439.0170111303523 434.2456390493461
555.0 5.527276190177571 422.9178778324153 417.3906016422377
556.0 5.444114120289785 422.8811169298787 417.4370028095889
557.0 6.133174259605937 446.5102985407587 440.3771242811527
558.0 5.057215188373717 440.1348779942836 435.0776628059099
559.0 5.328277324520628 434.2722994350417 428.9440221105211
560.0 7.154576523327507 412.6710662598863 405.5164897365588
561.0 8.288489749366417 393.0437278402849 384.7552380909185
562.0 9.603272134540104 379.6410938608686 370.0378217263285
563.0 8.759492702737834 392.4234662657521 383.6639735630143
564.0 9.2853974745461 387.7046760198517 378.4192785453056
565.0 7.690965023967189 410.9798017823363 403.2888367583692
566.0 9.384968800281766 379.4939127598401 370.1089439595583
567.0 10.34771595661961 375.4654153986848 365.1176994420651
568.0 12.76743732385307 360.8327350041728 348.0652976803197
569.0 10.35990635472163 375.8701956724709 365.5102893177493
570.0 12.22482917682591 361.896753262935 349.6719240861091
571.0 12.42782502560619 362.0118610786697 349.5840360530635
572.0 16.99576655780803 332.5050552735053 315.5092887156973
573.0 12.50489896392546 363.654146940313 351.1492479763876
574.0 16.23642352365312 340.21005161227 323.9736280886169
575.0 12.02172489580616 364.0490377419033 352.0273128460971
576.0 22.62380978586072 305.2999511424165 282.6761413565558
577.0 22.92183079880099 303.8170851577011 280.8952543589001
578.0 12.79773087259481 361.7215145712746 348.9237836986798
579.0 18.62818254237561 329.7209644636511 311.0927819212755
580.0 33.4790955316791 261.4546661012983 227.9755705696192
581.0 25.34999386447353 295.7219766685162 270.3719828040427
582.0 29.74537631588717 277.7132609065329 247.9678845906458
583.0 34.17270334763867 263.0094089455723 228.8367055979336
584.0 37.6556045449562 253.6698262401707 216.0142216952145
585.0 46.50854416481442 226.8701361841757 180.3615920193612
586.0 45.17448887492621 230.9765670325029 185.8020781575767
587.0 44.52725318492496 233.4542383373157 188.9269851523908
588.0 45.19590030380215 231.3113984347033 186.1154981309011
591.0 54.20962893186574 205.722137 151.5125080681342
