0.0 19.55543783624065 785.8882781447027 766.3328403084621
1.0 18.16033882206781 780.273294828801 762.1129560067332
2.0 17.31360880341737 775.1338718886579 757.8202630852405
3.0 16.83597377035598 777.0951693567224 760.2591955863664
4.0 16.51652747871117 780.3908437084111 763.8743162296999
5.0 16.07661060792766 777.4359795063407 761.359368898413
6.0 15.74005997699224 774.8542639122875 759.1142039352953
7.0 15.50202935580218 775.2332490937911 759.7312197379889
8.0 15.27233873411225 773.9844362698118 758.7120975356996
9.0 15.09000017119894 773.6399211710179 758.5499209998189
10.0 14.89248356212458 772.5843854034562 757.6919018413316
11.0 14.78589350843487 772.3335549915632 757.5476614831283
12.0 14.60755585274633 770.9055271208578 756.2979712681114
13.0 14.5096421824393 771.2491343864682 756.7394922040289
14.0 14.40796170895221 770.405552212486 755.9975905035338
15.0 14.32820851787879 770.4235555454878 756.095347027609
16.0 14.23354437849877 769.4800210681134 755.2464766896146
17.0 14.17816186958881 768.8841472905821 754.7059854209933
18.0 14.08540942985712 767.9600809866636 753.8746715568065
19.0 14.02051071687115 767.6954082673438 753.6748975504726
20.0 13.95935345759995 766.247049497594 752.2876960399941
21.0 13.90317266194909 766.2190645389043 752.3158918769552
22.0 13.86553322209978 766.695923131217 752.8303899091172
23.0 13.81495744611791 765.2073330281161 751.3923755819982
24.0 13.72809341870291 762.1199051483495 748.3918117296466
25.0 13.72096075896191 764.7523775756972 751.0314168167353
26.0 13.70039244226632 764.8023096463237 751.1019172040573
27.0 13.64150551837223 763.6348803850569 749.9933748666847
28.0 13.61094028217584 763.8125479129593 750.2016076307835
29.0 13.57595838025013 763.0302203645642 749.4542619843141
30.0 13.54680860896423 763.300998626593 749.7541900176287
31.0 13.50792428610126 762.4215539760075 748.9136296899062
32.0 13.45935443606509 761.2848728377147 747.8255184016496
33.0 13.41613907104069 760.2821344862041 746.8659954151634
34.0 13.39083500223437 760.5734088648173 747.1825738625829
35.0 13.39562690630852 761.2261575137947 747.8305306074862
36.0 13.35788018370839 760.5121097162451 747.1542295325367
37.0 13.31081326946812 759.0040798123352 745.6932665428671
38.0 13.2771523414352 758.2081640845584 744.9310117431231
39.0 13.27595617658022 758.6282709216907 745.3523147451105
40.0 13.24669510526418 758.5938856408938 745.3471905356296
41.0 13.22740644778834 758.576854364442 745.3494479166537
42.0 13.16411763288604 756.3522898980411 743.1881722651551
43.0 13.16371205568461 756.4912187427681 743.3275066870835
44.0 13.11645375947962 755.2810531877373 742.1645994282577
45.0 13.10929015691464 755.3660825558728 742.2567923989581
46.0 13.09233970496841 755.0063726055049 741.9140329005365
47.0 13.06962816194378 754.2328531425968 741.163224980653
48.0 13.05392583916108 754.2127313857907 741.1588055466296
49.0 13.04653767402322 754.9574685686684 741.9109308946452
50.0 13.01093218594853 753.3761398373369 740.3652076513884
51.0 13.01122857592863 754.0658254924063 741.0545969164777
52.0 12.95842021157472 752.1910802953877 739.232660083813
53.0 12.93287449080032 751.725300021244 738.7924255304437
54.0 12.92922299471801 751.1710975137271 738.2418745190091
55.0 12.92668061594793 751.5574090573247 738.6307284413768
56.0 12.89557367973321 749.5233864488876 736.6278127691544
57.0 12.92080452556556 751.1354060067527 738.2146014811871
58.0 12.88094977115411 749.8911223923308 737.0101726211767
59.0 12.83998949000225 747.8293118226658 734.9893223326636
60.0 12.84540987466053 747.8201745255516 734.9747646508911
61.0 12.84807697339683 748.4279818347964 735.5799048613996
62.0 12.81728261200918 746.2802502906132 733.462967678604
63.0 12.8180755980737 746.3279227450191 733.5098471469453
64.0 12.79903181785467 744.6318275178435 731.8327956999888
65.0 12.80183442928407 745.0047632258638 732.2029287965797
66.0 12.82836930932744 745.8791163817644 733.0507470724369
67.0 12.80861277012252 744.5458043706758 731.7371916005533
68.0 12.81147902856477 744.095572239735 731.2840932111702
69.0 12.84308208557516 744.3864923213113 731.5434102357361
70.0 12.81929391915388 743.570482366996 730.7511884478422
71.0 12.78984350215781 741.7904657961206 729.0006222939628
72.0 12.84245047230955 743.504003675884 730.6615532035744
73.0 12.79762306489463 740.4359441392265 727.6383210743319
74.0 12.79291940161447 739.1732342715915 726.3803148699771
75.0 12.82928983465713 741.0417886419838 728.2124988073267
76.0 12.82967355545584 740.5343606023937 727.7046870469378
77.0 12.81645883766056 739.2188162887603 726.4023574510998
78.0 12.80962055598841 737.9278650554878 725.1182444994994
79.0 12.83304331528415 737.7580611362885 724.9250178210044
80.0 12.86743051707677 738.5999883141559 725.7325577970791
81.0 12.86369869374915 737.0689511678165 724.2052524740673
82.0 12.83948165632546 736.4239555002262 723.5844738439007
83.0 12.883457267395 736.322201209475 723.43874394208
84.0 12.89172316850029 736.5291380710716 723.6374149025713
85.0 12.8790095730945 734.6579825964625 721.778973023368
86.0 12.87124296149336 733.5289112456257 720.6576682841323
87.0 12.90242922762355 733.6978600705075 720.7954308428839
88.0 12.93345279784244 734.3513982725804 721.4179454747379
89.0 12.98866853575603 734.7924267630608 721.8037582273048
90.0 12.92218760924818 732.0453306852263 719.1231430759781
91.0 12.9902869111099 733.0559966452007 720.0657097340908
92.0 12.922966992905 728.7144442685332 715.7914772756282
93.0 12.9950756265974 730.0532052227258 717.0581295961284
94.0 13.02151963460637 729.1622233010011 716.1407036663947
95.0 13.01381091509371 728.2342307551862 715.2204198400925
96.0 12.97648499653821 725.8168129494103 712.8403279528721
97.0 13.05032157585273 727.3696791143698 714.3193575385171
98.0 13.0866245729883 726.3151726722261 713.2285480992378
99.0 13.152596835733 727.500116799308 714.347519963575
100.0 13.21259906253042 726.6917699816064 713.479170919076
101.0 13.14670213584814 721.9485921097823 708.8018899739342
102.0 13.2194741258784 722.866020428088 709.6465463022096
103.0 13.31228839719145 725.3154436437067 712.0031552465152
104.0 13.37503358985919 726.3539750272297 712.9789414373705
105.0 13.47056919061023 726.2106468591616 712.7400776685514
106.0 13.32997606050728 721.002271590182 707.6722955296747
107.0 13.45858890223663 724.3583168713139 710.8997279690772
108.0 13.49277554150518 722.9876098231163 709.4948342816111
109.0 13.58283690189835 722.1754758628927 708.5926389609943
110.0 13.60749205353557 721.5180151815223 707.9105231279867
111.0 13.68418972987547 720.873746724606 707.1895569947305
112.0 13.78894921030489 723.3058080624454 709.5168588521405
113.0 13.82704348688039 722.446763010296 708.6197195234156
114.0 13.93182146334905 723.3332027223774 709.4013812590283
115.0 13.78962711188908 716.9459682767591 703.1563411648701
116.0 13.96237191916581 720.5370747331485 706.5747028139827
117.0 14.01670166846909 719.8667707076263 705.8500690391572
118.0 13.9996572957 715.5375093869028 701.5378520912028
119.0 14.00098570829709 714.716993117294 700.7160074089969
120.0 14.07045310184704 714.6934955946418 700.6230424927947
121.0 14.13750146181175 717.9485597554469 703.8110582936351
122.0 14.08612569900405 715.0248830013056 700.9387573023015
123.0 14.29098972225098 714.946681622503 700.6556919002521
124.0 14.16683072566432 713.7857163269343 699.61888560127
125.0 14.20812768281806 710.4553609616929 696.2472332788749
126.0 14.24545811291208 710.1497478777949 695.9042897648828
127.0 14.28882902637088 713.5978081125976 699.3089790862267
128.0 14.45954534989758 717.3508766160836 702.8913312661861
129.0 14.25323075911983 710.0833544163511 695.8301236572313
130.0 14.46044985661787 715.219459075514 700.7590092188961
131.0 14.46758643581331 711.6515734592595 697.1839870234462
132.0 14.44417421215809 714.6914528419789 700.2472786298208
133.0 14.65350626773784 716.2649941689078 701.6114879011699
134.0 14.50970456996571 713.5785081853058 699.0688036153401
135.0 14.66801617639991 716.1816714622875 701.5136552858876
136.0 14.60824783401283 718.3522752992153 703.7440274652025
137.0 14.54554580250028 707.9487382405243 693.403192438024
138.0 14.54859134266592 715.8171603166269 701.268568973961
139.0 14.68213309839474 716.6747995030591 701.9926664046643
140.0 14.506045764086 706.5766975838625 692.0706518197765
141.0 14.50333394668504 708.6201666985587 694.1168327518736
142.0 14.39951490529014 706.5283825450419 692.1288676397518
143.0 14.44863105944287 708.0823102174473 693.6336791580044
144.0 14.5234044179356 709.3965145935305 694.8731101755949
145.0 14.43932492769948 697.3406192201503 682.9012942924508
146.0 14.59489797366567 711.7754332794919 697.1805353058262
147.0 14.4727072660175 705.1263599745291 690.6536527085116
148.0 14.38596245785242 707.696596718499 693.3106342606465
149.0 14.31076201478237 700.8182025035053 686.5074404887229
150.0 14.05692602868311 684.3331732669794 670.2762472382963
151.0 14.36191539159127 702.7286288470598 688.3667134554685
152.0 14.41089067553134 707.8107237790397 693.3998331035083
153.0 14.38520798636042 706.6103992669908 692.2251912806304
154.0 14.55223611315625 711.7951135897534 697.2428774765971
155.0 14.25996304733502 704.3005237516824 690.0405607043474
156.0 14.21185083365368 704.2206342562623 690.0087834226086
157.0 14.10920249724855 700.2370375358451 686.1278350385965
158.0 14.07200587827122 694.4129642246069 680.3409583463357
159.0 14.19952964790312 704.9103024045148 690.7107727566116
160.0 14.13638577255275 702.5835920444404 688.4472062718876
161.0 14.21469460047025 704.6366456424286 690.4219510419583
162.0 14.02881601523212 696.478927526541 682.4501115113089
163.0 13.74675647278743 679.8153765353317 666.0686200625443
164.0 14.02069087976989 695.0479925256551 681.0273016458852
165.0 14.13807760781971 703.6382650598748 689.5001874520551
166.0 14.10379664168842 702.9491843291098 688.8453876874214
167.0 14.13507697220021 704.7616145209914 690.6265375487912
168.0 13.82318133042473 691.7440570800242 677.9208757495995
169.0 13.63067272019618 685.1763533866433 671.5456806664471
170.0 14.08233790116848 702.5511280182397 688.4687901170713
171.0 14.00623447983558 699.7534881553374 685.7472536755018
172.0 13.77354319900502 693.5086392953098 679.7350960963048
173.0 13.96685858634134 696.5036743550259 682.5368157686845
174.0 13.81220511801634 691.8720891656661 678.0598840476497
175.0 13.68112971058296 680.7521766896534 667.0710469790705
176.0 13.63483764380517 689.1673150968079 675.5324774530027
177.0 13.88727172261904 699.3929414756818 685.5056697530627
178.0 13.68262370536878 687.8864667462869 674.2038430409181
179.0 13.6973109301555 691.9762384778039 678.2789275476484
180.0 13.54996883265632 688.3553204818406 674.8053516491842
181.0 13.78878112679685 690.4927917558061 676.7040106290092
182.0 13.61651071374494 692.8696048461259 679.253094132381
183.0 13.29855545771184 680.873568668129 667.5750132104172
184.0 13.83694356738414 699.8138572299034 685.9769136625192
185.0 13.15559304424576 661.7123924625819 648.5567994183361
186.0 13.4491836056493 684.1144501218176 670.6652665161683
187.0 13.45789484946777 688.8805340121685 675.4226391627007
188.0 13.30561526403561 677.4054786252142 664.0998633611786
189.0 13.23548532892201 673.3757199417832 660.1402346128612
190.0 13.45344624530331 686.184051897964 672.7306056526607
191.0 13.18765565209143 679.4326594735028 666.2450038214114
192.0 13.5452356149386 689.9118081529765 676.3665725380379
193.0 13.36657667460698 687.5874598040078 674.2208831294008
194.0 12.78422735810778 666.6100115835778 653.82578422547
195.0 13.26447899666211 682.9862535833172 669.7217745866551
196.0 13.24481108106816 682.0512663161992 668.806455235131
197.0 13.39179266385193 687.8777412728412 674.4859486089893
198.0 12.8945829461748 677.7755649337656 664.8809819875908
199.0 13.01494032761799 677.3497816958067 664.3348413681887
200.0 13.29436918453171 686.0559973719735 672.7616281874418
201.0 12.64149644457223 657.4755549084726 644.8340584639004
202.0 13.29747169369392 687.3847278475841 674.0872561538902
203.0 12.92758483620812 674.4993413383785 661.5717565021704
204.0 13.02176765500162 677.4684465349849 664.4466788799833
205.0 13.28633381462221 687.0881358573207 673.8018020426985
206.0 12.98848329045871 678.3843338144302 665.3958505239715
207.0 12.94191748311617 675.7920647261126 662.8501472429964
208.0 12.80005538187165 673.9596352442474 661.1595798623757
209.0 12.57859609549266 664.2984933115745 651.7198972160819
210.0 12.33381264254569 658.4855989770892 646.1517863345435
211.0 12.81938608584279 673.5629437207865 660.7435576349437
212.0 12.49444574584662 656.737217805541 644.2427720596944
213.0 12.91533254539071 676.7767426115239 663.8614100661332
214.0 13.10124720542835 682.1842833060291 669.0830361006007
215.0 12.91400593451782 675.1902203334026 662.2762143988848
216.0 12.70759183367113 674.3401948030424 661.6326029693712
217.0 12.47609818993859 662.3897367022175 649.9136385122789
218.0 12.70282323739146 671.2062585085612 658.5034352711697
219.0 12.47805470252496 661.835391410631 649.357336708106
220.0 12.95436719738692 677.3517594487695 664.3973922513825
221.0 12.82293494544827 675.8904386893745 663.0675037439262
222.0 12.56851732786685 666.6937802610905 654.1252629332237
223.0 12.66676115001743 673.7918525422264 661.125091392209
224.0 12.425051377507 653.3362247245994 640.9111733470924
225.0 12.85066327621424 677.9763540660112 665.1256907897969
226.0 12.56473064599563 669.0332285153928 656.4684978693971
227.0 12.58908404655397 669.2041194446884 656.6150353981344
228.0 12.56660236584111 666.2189532379457 653.6523508721046
229.0 12.37306166310197 662.1641223283415 649.7910606652395
230.0 11.97012082397215 641.6660795186742 629.695958694702
231.0 12.36960948247296 664.5367812609937 652.1671717785208
232.0 12.01020530659161 656.5797188187987 644.5695135122071
233.0 12.15771084184934 654.6480263127302 642.4903154708809
234.0 12.28510724107332 664.704045480376 652.4189382393026
235.0 12.38814292915104 668.5106538904585 656.1225109613075
236.0 12.13170258646673 658.2560910946433 646.1243885081765
237.0 12.41017819983706 666.5448383766577 654.1346601768206
238.0 12.53852489398818 671.1631507480225 658.6246258540343
239.0 12.0999562038554 655.1633703497361 643.0634141458807
240.0 12.09706704084616 661.9489451385131 649.8518780976669
241.0 12.13377607421996 662.8339465705282 650.7001704963082
242.0 11.96955554762712 655.3968801883558 643.4273246407287
243.0 12.078844851319 660.9724142818414 648.8935694305224
244.0 12.31904215425411 667.0492553339724 654.7302131797183
245.0 12.25137228116453 665.9059505444113 653.6545782632468
246.0 11.70453161986401 644.7229427616229 633.0184111417589
247.0 12.03735222419067 661.8519682670793 649.8146160428886
248.0 12.05621733011662 662.7104575616405 650.6542402315239
249.0 11.63228056549943 645.5794817927183 633.9472012272189
250.0 11.88273401423328 659.0048557009578 647.1221216867245
251.0 11.78569462282046 658.1834997386199 646.3978051157995
252.0 11.9028104201487 661.1579522963953 649.2551418762466
253.0 11.93912154614625 663.5280059350619 651.5888843889156
254.0 11.57201348390799 650.2801450219855 638.7081315380775
255.0 11.3172924696165 647.2584319725049 635.9411395028884
256.0 11.60607034428451 655.9711014112852 644.3650310670007
257.0 11.21455247717966 647.566668258401 636.3521157812214
258.0 11.20446087398471 641.3796880855395 630.1752272115548
259.0 11.50884769593157 657.5119972659791 646.0031495700475
260.0 11.60107773636368 658.3801263390332 646.7790486026695
261.0 11.11072408665885 646.6447934551453 635.5340693684865
262.0 11.06153944094691 644.8243306588282 633.7627912178813
263.0 11.09194707869673 644.1233911273346 633.0314440486379
264.0 11.04329055337137 641.7131345243703 630.6698439709989
265.0 11.10908896062864 650.4314105113202 639.3223215506916
266.0 11.21642405685384 654.0350764332204 642.8186523763665
267.0 10.880035272799 648.5982132437446 637.7181779709456
268.0 10.93247418949495 645.5956924628838 634.6632182733889
269.0 11.04382043779706 651.7798412633373 640.7360208255403
270.0 10.65021823607927 636.0348319717644 625.3846137356852
271.0 11.08858044832097 655.7230724544043 644.6344920060833
272.0 10.91335614997771 650.9363802055764 640.0230240555987
273.0 10.69813870754125 646.3730428153248 635.6749041077835
274.0 10.55037229711684 642.699622011287 632.1492497141702
275.0 10.54535380015455 642.8611056402241 632.3157518400695
276.0 10.24891149086467 631.9379824051889 621.6890709143242
277.0 10.57076132427037 647.2673944005123 636.6966330762419
278.0 10.53124007935432 649.8874424891181 639.3562024097638
279.0 10.22778117859237 640.7160736243812 630.4882924457888
280.0 10.29148686374476 639.4993610824935 629.2078742187487
281.0 10.18815144726655 638.1285587847704 627.9404073375039
282.0 10.28159866077741 643.5055916057657 633.2239929449883
283.0 9.974802464440662 634.0542051707866 624.079402706346
284.0 10.21617289664571 641.0789862857504 630.8628133891047
285.0 10.20609764930659 645.0825020981939 634.8764044488873
286.0 10.06627281785246 639.5646902346021 629.4984174167497
287.0 9.897522309896807 638.148345917943 628.2508236080462
288.0 9.862397212418692 639.0716752830685 629.2092780706499
289.0 9.595492239811356 628.8556918602438 619.2601996204324
290.0 9.787902895649958 640.11319204834 630.32528915269
291.0 9.63691203968854 636.6159182529513 626.9790062132628
292.0 9.65433506892677 633.0543155038882 623.3999804349614
293.0 9.424879397319999 629.0008863399657 619.5760069426457
294.0 9.647905026235529 637.0928839110549 627.4449788848194
295.0 9.475711021934793 635.0074183221954 625.5317073002606
296.0 9.18516422718364 622.5835523870532 613.3983881598696
297.0 9.263666429244205 631.3702088086728 622.1065423794286
298.0 9.326079370543693 635.3073076134427 625.981228242899
299.0 9.366534499707622 635.5251696883271 626.1586351886195
300.0 9.143841001357077 630.4084696042863 621.2646286029292
301.0 8.949457139737939 624.2414453376309 615.291988197893
302.0 9.232735642738321 635.7690087079685 626.5362730652302
303.0 9.007621878290008 628.673571619223 619.665949740933
304.0 8.897290273569881 627.5505218043896 618.6532315308197
305.0 8.858193050413219 631.3008098704995 622.4426168200863
306.0 8.860617578991207 630.5362541038344 621.6756365248432
307.0 8.795276466023306 628.6632058698821 619.8679294038588
308.0 8.727997636453759 630.4787595444084 621.7507619079546
309.0 8.540387382947524 626.5912813453849 618.0508939624374
310.0 8.456482403593871 618.9745398197327 610.5180574161389
311.0 8.510602734923536 624.3979435575537 615.8873408226302
312.0 8.534942863923648 627.9563434435492 619.4214005796256
313.0 8.314637499186805 621.0861141292235 612.7714766300367
314.0 8.254444009524586 622.584965111851 614.3305211023264
315.0 8.308219555806602 626.4410522933994 618.1328327375928
316.0 8.074122438775611 616.6983990832743 608.6242766444987
317.0 8.091474393461057 619.0020669627002 610.9105925692391
318.0 8.109151062089645 623.8533113809517 615.7441603188621
319.0 7.920210004195857 615.7473002404759 607.8270902362801
320.0 7.887886907907841 619.4302620511049 611.5423751431971
321.0 7.983587533763719 623.0129304350194 615.0293429012557
322.0 7.557447678327177 606.202497557747 598.6450498794198
323.0 7.548310284918242 609.9635717537024 602.4152614687842
324.0 7.643716912073068 615.0002970809054 607.3565801688323
325.0 7.500057039458962 613.9579279687695 606.4578709293106
326.0 7.554230751706655 618.5850220172165 611.0307912655099
327.0 7.395687973775681 614.3095895915859 606.9139016178103
328.0 7.373055716207598 612.7353198129196 605.362264096712
329.0 7.24589113352223 613.9617962269882 606.7159050934659
330.0 7.16926373642252 608.6028801042453 601.4336163678228
331.0 7.220509960395664 613.4403999725906 606.2198900121949
332.0 7.185111502474868 613.7079919607638 606.5228804582889
333.0 7.064964310086044 611.0584534407755 603.9934891306895
334.0 6.929360133359306 609.5852422562713 602.6558821229119
335.0 6.881007956552106 605.1050614129873 598.2240534564352
336.0 6.905582290615172 610.5435079076509 603.6379256170358
337.0 6.639715089914977 598.4942176390558 591.8545025491409
338.0 6.714861057129603 607.2825186444507 600.5676575873211
339.0 6.62378621406539 607.6427951235076 601.0190089094422
340.0 6.685317010254672 608.7095492192872 602.0242322090325
341.0 6.566693001688962 607.6734702503112 601.1067772486223
342.0 6.427163188055057 606.1261181997677 599.6989550117127
343.0 6.473952062059604 608.1480973455773 601.6741452835177
344.0 6.409657515457961 607.0065436697773 600.5968861543194
345.0 6.305882552113167 605.7955113536951 599.4896288015819
346.0 6.19269765793275 601.8689928256792 595.6762951677465
347.0 6.188650404487142 602.8389219899977 596.6502715855105
348.0 6.155782723346997 606.2952652613829 600.1394825380359
349.0 6.021573759442317 602.8097349446087 596.7881611851664
350.0 5.929363555476284 600.8458558119393 594.916492256463
351.0 5.884034337469404 601.8236382232535 595.9396038857841
352.0 5.858810568789576 601.2451156655652 595.3863050967757
353.0 5.744931051184699 599.3053702786384 593.5604392274537
354.0 5.766160826147621 601.1668746929024 595.4007138667548
355.0 5.700942309274016 601.0828599835009 595.3819176742269
356.0 5.641850582789519 599.5299162105993 593.8880656278098
357.0 5.436013970498831 596.0758505212993 590.6398365508005
358.0 5.435004007547933 597.4728572142939 592.0378532067459
359.0 5.389719869798937 596.8533530528333 591.4636331830343
360.0 5.284129907999752 591.9501831755754 586.6660532675756
361.0 5.254873835329859 593.8286993655465 588.5738255302166
362.0 5.160149972264746 592.3538359541663 587.1936859819016
363.0 5.177900257025755 595.0427452353016 589.8648449782758
364.0 5.111574894870501 591.8088815190636 586.6973066241931
365.0 5.060239051036475 593.8635038135347 588.8032647624982
366.0 4.964366141724739 592.211748659142 587.2473825174172
367.0 4.864966348305367 589.2728527290578 584.4078863807525
368.0 4.8273275283212 590.5670231890155 585.7396956606943
369.0 4.798494035017989 590.7225351756669 585.9240411406489
370.0 4.750201449362378 590.6280528421738 585.8778513928114
371.0 4.660414550190915 589.744282178558 585.0838676283671
372.0 4.583808590961082 588.5639761916132 583.9801676006521
373.0 4.510417796184122 587.5383191192845 583.0279013231004
374.0 4.519367921097193 588.8992208823687 584.3798529612716
375.0 4.388168803618199 586.5228835712163 582.1347147675981
376.0 4.345568218997743 586.8840437347831 582.5384755157854
377.0 4.260277662370047 585.9110319402472 581.6507542778771
378.0 4.232831044675421 585.7569532568457 581.5241222121703
379.0 4.167676039039232 585.8191535906927 581.6514775516535
380.0 4.118505852117995 585.1015913021459 580.9830854500279
381.0 4.061195430469784 584.9357424151491 580.8745469846793
382.0 3.952778381140596 582.010849675912 578.0580712947714
383.0 3.96861957807523 584.1158535974574 580.1472340193822
384.0 3.886093908412315 583.0684986837543 579.182404775342
385.0 3.842333370540524 583.0789264588175 579.2365930882769
386.0 3.762115052690052 580.055011012994 576.2928959603039
387.0 3.680932653734374 580.529091457538 576.8481588038037
388.0 3.61795876150138 578.4042103562048 574.7862515947034
389.0 3.549506521497322 577.6723669572258 574.1228604357285
390.0 3.55009171568224 579.0215961929867 575.4715044773045
391.0 3.401782929227874 576.7670424706753 573.3652595414474
392.0 3.364311156687176 576.9188648627467 573.5545537060595
393.0 3.350385038940213 576.8356173643801 573.4852323254399
394.0 3.278303118319521 576.2968873141559 573.0185841958364
395.0 3.219533244558097 576.1793507862441 572.959817541686
396.0 3.142591747444741 574.6512168138876 571.5086250664429
397.0 3.127941246471084 575.5658818820332 572.4379406355621
398.0 3.019093773755093 573.5165199052693 570.4974261315142
399.0 2.963827441197045 572.6873758739562 569.7235484327591
400.0 2.900130508258212 571.5749743143366 568.6748438060784
401.0 2.863026402999925 572.217650544195 569.3546241411951
402.0 2.820120408495094 571.0168988804517 568.1967784719566
403.0 2.794347945197707 572.0763546843688 569.2820067391711
404.0 2.738267053263734 571.6273069460165 568.8890398927528
405.0 2.627314996696638 569.0906308688885 566.4633158721919
406.0 2.597866282469649 568.9403611525741 566.3424948701045
407.0 2.51728414447304 567.86978786031 565.352503715837
408.0 2.518561172620092 568.8857446526653 566.3671834800452
409.0 2.446464443964364 568.17945933315 565.7329948891856
410.0 2.332345471511443 565.7713038637066 563.4389583921951
411.0 2.31459133723512 566.2984502749206 563.9838589376855
412.0 2.231727286071896 564.6585143256769 562.426787039605
413.0 2.20655679407494 565.1556292794518 562.9490724853769
414.0 2.152646411867841 564.6322092665479 562.4795628546801
415.0 2.118988705970244 565.0274981817997 562.9085094758295
416.0 2.04151032795979 563.4766895870003 561.4351792590405
417.0 2.000350553610418 563.6631472508609 561.6627966972504
418.0 1.976014815454011 563.6088796798317 561.6328648643777
419.0 1.895657323160737 562.2920835770173 560.3964262538566
420.0 1.840353045716243 561.2696248788728 559.4292718331566
421.0 1.796454721246339 561.3419309637208 559.5454762424745
422.0 1.743655408117401 561.0860989781683 559.3424435700509
423.0 1.68885768146954 559.9842753874899 558.2954177060203
424.0 1.624243619904531 559.592194494341 557.9679508744365
425.0 1.607908595418461 559.551193633689 557.9432850382705
426.0 1.539398977467304 558.3743709708176 556.8349719933503
427.0 1.484854374640483 558.1900007498684 556.7051463752279
428.0 1.448911645141321 557.8053438900961 556.3564322449548
429.0 1.389614864407034 557.3289851905116 555.9393703261046
430.0 1.345008664503259 556.2477908255361 554.9027821610328
431.0 1.28277567051342 555.4231924988063 554.1404168282928
432.0 1.252066066180842 555.1100523906451 553.8579863244642
433.0 1.202134971428271 554.7861597349051 553.5840247634768
434.0 1.161591677945573 554.5779697087182 553.4163780307727
435.0 1.087148918922757 553.7316785008692 552.6445295819464
436.0 1.074050555528449 553.4420377068485 552.36798715132
437.0 1.028475029560565 552.8952967441568 551.8668217145962
438.0 0.9556145890220116 551.6849446424483 550.7293300534263
439.0 0.9595018275357197 552.1532683898788 551.193766562343
440.0 0.8841425393094525 550.8077368026722 549.9235942633627
441.0 0.8466736996152413 550.5527786077478 549.7061049081325
442.0 0.8116851725288971 550.0672925868999 549.255607414371
443.0 0.7624765375978498 549.6195620927586 548.8570855551608
444.0 0.7259209364384936 549.3816269518788 548.6557060154403
445.0 0.6823425951344513 548.4033426775878 547.7210000824534
446.0 0.6301348812183431 547.4944754255451 546.8643405443268
447.0 0.6153747006554637 547.4293965903838 546.8140218897283
448.0 0.583701522021162 547.2939095801409 546.7102080581197
449.0 0.5491532015555285 546.8307731555256 546.2816199539701
450.0 0.4993731728920332 546.0139979813816 545.5146248084895
451.0 0.4554499613346107 544.9853294409816 544.529879479647
452.0 0.4460381097118065 545.0472481005221 544.6012099908103
453.0 0.3874366421996242 544.1254944836289 543.7380578414293
454.0 0.3911900167535692 544.4092206012437 544.0180305844902
455.0 0.3563599187627405 543.9360240741133 543.5796641553506
456.0 0.3244409564617051 543.2947256812615 542.9702847247998
457.0 0.3005661190980911 542.9388093902094 542.6382432711113
458.0 0.2666627414116794 542.2401470206608 541.9734842792491
459.0 0.2383828903030524 541.7197332871797 541.4813503968767
460.0 0.2030283097535347 541.2167358023284 541.0137074925749
461.0 0.1912224929597829 541.0135057088579 540.8222832158981
462.0 0.1730423788131569 540.4350509415398 540.2620085627267
463.0 0.1431730402489421 540.0019718664394 539.8587988261905
464.0 0.1494184527947298 539.7453895688577 539.5959711160629
465.0 0.09702434175927975 538.9336802892995 538.8366559475403
466.0 0.09928074322314549 538.6243503146062 538.525069571383
467.0 0.06858285021205041 538.0629704147087 537.9943875644967
468.0 0.07284008308172293 537.7388724951596 537.6660324120779
469.0 0.06422610681193412 537.3400634450729 537.2758373382609
470.0 0.04617563996266943 536.9475150710573 536.9013394310946
471.0 0.04006189568538057 536.6281828870779 536.5881209913925
472.0 0.01957324790440075 535.8102596029804 535.790686355076
473.0 0.02963719038120481 535.6454750829787 535.6158378925975
474.0 0 534.8827626797383 534.8827626797383
475.0 0.01532141925147792 534.7888875736998 534.7735661544484
476.0 0.01617738408668118 534.4515016661515 534.4353242820648
477.0 0.03144588227467968 534.1991768358863 534.1677309536116
478.0 0.01325164168298586 533.6020963747919 533.5888447331089
479.0 0.005641283768406211 532.6519456565233 532.6463043727549
480.0 0.006460061454919966 532.2560244317543 532.2495643702994
481.0 0.02784594567963987 532.2811983650499 532.2533524193703
482.0 0.05048606749437791 531.7850287855325 531.7345427180381
483.0 0.05265490607233657 531.5054943594424 531.4528394533701
484.0 0.05768196765226999 531.0211853013338 530.9635033336816
485.0 0.07568859386664986 530.6550177867431 530.5793291928764
486.0 0.1093730767747918 530.0094052821398 529.900032205365
487.0 0.1214115018757815 529.6320240406698 529.510612538794
488.0 0.1290708831455513 529.5805794123259 529.4515085291804
489.0 0.164039284869633 529.0626548005161 528.8986155156465
490.0 0.1937124811689322 528.6352741738766 528.4415616927077
491.0 0.2219737418117529 528.0204917117559 527.7985179699441
492.0 0.2472243260769152 527.451492007787 527.2042676817101
493.0 0.2600227468136701 527.343266932355 527.0832441855413
494.0 0.3058015398909225 526.5667564842982 526.2609549444073
495.0 0.3399321544189143 526.340605758877 526.000673604458
496.0 0.3531463372464921 525.7316826361823 525.3785362989358
497.0 0.4138538057127929 524.9175399808405 524.5036861751277
498.0 0.4498093604532043 524.9095981348683 524.4597887744151
499.0 0.4814816607157392 524.3170882961589 523.8356066354432
500.0 0.5251524197425654 523.5515015944667 523.0263491747241
501.0 0.6320663049056979 523.5506915651912 522.9186252602855
502.0 0.6568836310631076 522.8896199195242 522.2327362884611
503.0 0.7190627634870985 522.4387347969958 521.7196720335087
504.0 0.7296066947767881 521.4811583089675 520.7515516141907
505.0 0.8478712530927151 521.427796348022 520.5799250949292
506.0 0.8962634305185408 520.6036059293201 519.7073424988015
507.0 0.9391143238455416 519.5471666098129 518.6080522859674
508.0 1.013881327855904 519.3855068257603 518.3716254979044
509.0 1.128656900827966 518.9998765104111 517.8712196095831
510.0 1.211129149392023 518.8893518962442 517.6782227468522
511.0 1.254299871205658 517.8240413055244 516.5697414343188
512.0 1.320085136477262 517.1037109826028 515.7836258461256
513.0 1.43748869194336 516.061023515484 514.6235348235407
514.0 1.520708783713057 515.3643274492752 513.8436186655622
515.0 1.545793063592427 514.6560515969834 513.1102585333909
516.0 1.678584221231799 514.1918421798442 512.5132579586124
517.0 1.836252395034535 514.1625096646558 512.3262572696212
518.0 1.833005895644032 512.7125553655719 510.8795494699279
519.0 2.031550453005787 511.8605676703548 509.829017217349
520.0 2.047801056705193 511.1429812499924 509.0951801932872
521.0 2.248281307503238 510.7674213255718 508.5191400180686
522.0 2.300850644434502 510.5358205866185 508.234969942184
523.0 2.477617421828213 508.914373343495 506.4367559216668
524.0 2.631690299577536 508.1802617568349 505.5485714572574
525.0 2.761395865457419 506.0214606887636 503.2600648233062
526.0 2.788835879256125 505.2255651086007 502.4367292293446
527.0 2.989491166768459 507.4586018237672 504.4691106569987
528.0 3.152213111249477 503.8808943941425 500.728681282893
529.0 3.260107062509311 504.8339594258448 501.5738523633354
530.0 3.413739545392879 501.0039794729633 497.5902399275704
531.0 3.467582053453712 499.2674937163299 495.7999116628762
532.0 3.680328991638678 500.2146486651291 496.5343196734904
533.0 3.61326012726219 502.2350356791198 498.6217755518577
534.0 4.041756543800468 501.3539954412227 497.3122388974222
535.0 4.172268999357539 498.1794499041672 494.0071809048096
536.0 4.398571506373908 498.7102046437546 494.3116331373807
537.0 4.541148222525808 493.0210295759228 488.479881353397
538.0 4.812342329048238 490.652497711021 485.8401553819727
539.0 4.597012783458125 498.5580408377588 493.9610280543007
540.0 5.093500636686379 493.9178165213548 488.8243158846684
541.0 5.147704275720102 498.0851825793743 492.9374783036542
542.0 5.730068313819615 481.22544587999 475.4953775661704
543.0 5.549617202652918 487.2805775298264 481.7309603271734
544.0 6.044870693537508 498.1058729931326 492.0610022995951
545.0 6.324097594100176 474.0684858113075 467.7443882172073
546.0 6.200149251547728 471.445378316995 465.2452290654473
547.0 6.777409141304543 483.9860669494748 477.2086578081702
548.0 6.642011063189382 507.7325681199881 501.0905570567987
549.0 8.113232728268954 472.762304202597 464.649071474328
550.0 6.65838946782149 500.0919959480149 493.4336064801934
551.0 7.795985199283451 500.02967537967 492.2336901803865
552.0 9.242932194922065 434.6591792600099 425.4162470650879
553.0 8.52633571610803 444.7668595150227 436.2405237989147
554.0 8.236938280979047 454.9923299106562 446.7553916296772
555.0 8.677391914975143 490.3894501079773 481.7120581930022
556.0 9.814752863384216 433.3238096444456 423.5090567810614
557.0 8.417210967918089 489.8826191533471 481.465408185429
558.0 8.76965690758199 445.3063916083362 436.5367347007542
559.0 9.276924356111214 440.9963058826369 431.7193815265257
560.0 12.12920254674549 419.7312976472967 407.6020951005512
561.0 14.22509709590719 399.4679988660448 385.2429017701376
562.0 16.28506354914619 382.4435092820381 366.158445732892
563.0 14.85366997113231 394.279310967232 379.4256409960997
564.0 15.56182008915493 391.6315059029507 376.0696858137957
565.0 12.87234539112982 414.3088008508738 401.436455459744
566.0 16.0992345144456 380.926664804478 364.8274302900324
567.0 17.27661733219966 377.2352061359454 359.9585888037457
568.0 20.483311540816 361.4713160290958 340.9880044882798
569.0 17.27964313023004 377.333864050288 360.054220920058
570.0 19.87427059638298 362.3875251006541 342.5132545042711
571.0 20.06609045181695 363.0598458132413 342.9937553614244
572.0 26.15509814839525 333.5726796508632 307.4175815024679
573.0 20.09880488409926 363.7114095654653 343.612604681366
574.0 25.02215937426983 341.0818365839478 316.0596772096779
575.0 19.56755506367214 364.5024851331298 344.9349300694577
576.0 33.25674825350916 306.0224069057971 272.765658652288
577.0 33.64350319675397 304.1590010486851 270.5154978519312
578.0 20.49254836931104 361.7220963534048 341.2295479840938
579.0 28.01061548798775 329.7220066627992 301.7113911748115
580.0 46.56269244388856 261.7457630329016 215.1830705890131
581.0 36.54899512794099 295.7221150250307 259.1731198970897
582.0 41.94366241919282 277.7192500034336 235.7755875842408
583.0 47.21857474138581 263.2605369803259 216.0419622389401
584.0 51.2786885904983 253.701091469905 202.4224028794067
585.0 61.71704345560224 227.1170705909198 165.4000271353176
586.0 60.1392129589231 231.2637159601792 171.1245030012561
587.0 59.35691019485997 233.5609773485224 174.2040671536624
588.0 60.15029016750225 231.4484478508738 171.2981576833715
591.0 70.71091564749206 205.722137 135.0112213525079
