0.0 9.76958320952973 808.7793958633401 799.0098126538104
1.0 8.484559319970416 805.9261994482243 797.4416401282538
2.0 7.715128437611798 805.2096697032603 797.4945412656485
3.0 7.164407064044693 805.4945785318372 798.3301714677925
4.0 6.758007796677904 806.2104743171868 799.4524665205089
5.0 6.397749293574595 804.6026218469865 798.2048725534119
6.0 6.104952510747616 804.0001063825674 797.8951538718198
7.0 5.856931148942668 803.581381418262 797.7244502693193
8.0 5.659282477924746 802.7816340074099 797.1223515294851
9.0 5.492345287582223 802.2008207359381 796.7084754483559
10.0 5.322216810631205 801.4785369284615 796.1563201178303
11.0 5.219957958218654 801.3306549939586 796.1106970357399
12.0 5.084477488744514 800.3027941978749 795.2183167091304
13.0 4.988004824403931 799.8682778948807 794.8802730704768
14.0 4.91050685031498 799.3025234760199 794.3920166257049
15.0 4.834893933747306 798.993942782038 794.1590488482907
16.0 4.765693948406023 798.4792749024289 793.7135809540229
17.0 4.722021959582944 798.2096585516336 793.4876365920507
18.0 4.665063136770121 797.420342197939 792.7552790611689
19.0 4.617721203643667 796.803553405053 792.1858322014094
20.0 4.587903605284125 796.3912104596719 791.8033068543878
21.0 4.546345989197125 795.784058193944 791.2377122047469
22.0 4.509531338964135 795.4192430124935 790.9097116735294
23.0 4.495923505717119 794.9420820312553 790.4461585255382
24.0 4.453919237331168 794.3263723548953 789.8724531175641
25.0 4.424532754087113 794.0540643319942 789.6295315779071
26.0 4.410212502549833 793.7361981274664 789.3259856249165
27.0 4.385420114508601 793.1473378964622 788.7619177819536
28.0 4.362509744716732 792.7757689295829 788.4132591848662
29.0 4.346941057617319 792.4363731930659 788.0894321354486
30.0 4.326058245207531 791.9565201888082 787.6304619436007
31.0 4.309799444251301 791.5420828764175 787.2322834321662
32.0 4.29372783362781 790.9999505994612 786.7062227658333
33.0 4.276461402327216 790.4866007593365 786.2101393570093
34.0 4.255704043691228 790.1197207907374 785.8640167470462
35.0 4.25295067544912 789.967678922776 785.7147282473269
36.0 4.235607428386828 789.4590827985553 785.2234753701685
37.0 4.226337169841273 788.9874941866637 784.7611570168225
38.0 4.214428652814682 788.402785204468 784.1883565516534
39.0 4.211802096243337 788.2725796237557 784.0607775275124
40.0 4.200860530669615 787.6601111541043 783.4592506234347
41.0 4.192755817969837 787.275324213648 783.0825683956782
42.0 4.182488788911811 786.4476388679026 782.2651500789908
43.0 4.185791543475928 786.3037708869128 782.1179793434369
44.0 4.175141436725431 785.595688879743 781.4205474430175
45.0 4.172192622937159 785.260511834018 781.0883192110808
46.0 4.173978885444161 784.8253144089372 780.6513355234931
47.0 4.175229491008466 784.3630573017635 780.187827810755
48.0 4.165733668738093 783.961056110014 779.7953224412759
49.0 4.164167018341223 783.4335188431244 779.2693518247832
50.0 4.16358900032845 782.9591193944421 778.7955303941137
51.0 4.164717889909098 782.4839372429183 778.3192193530092
52.0 4.1639153063641 781.7068567410684 777.5429414347043
53.0 4.157234075776454 781.1786663969592 777.0214323211828
54.0 4.171542638540637 780.8625225093991 776.6909798708584
55.0 4.176133080270455 780.4056041758905 776.22947109562
56.0 4.18103331752458 779.94354417052 775.7625108529954
57.0 4.197532864314457 779.5909358382683 775.3934029739538
58.0 4.198512591417865 778.7745922155606 774.5760796241427
59.0 4.2064746295485 778.0960097253688 773.8895350958203
60.0 4.221045474216879 777.771842963115 773.5507974888981
61.0 4.230986683785983 777.2092895267456 772.9783028429596
62.0 4.245764288070778 776.645552929927 772.3997886418562
63.0 4.258318952681098 776.2109592816318 771.9526403289507
64.0 4.27651340431929 775.6180951307838 771.3415817264645
65.0 4.294361947918416 775.0505009133604 770.756138965442
66.0 4.318565076186478 774.6124699429948 770.2939048668083
67.0 4.331123610802693 774.1111406177738 769.7800170069711
68.0 4.353743586532991 773.6451351277109 769.2913915411779
69.0 4.385918441437858 773.4658712428922 769.0799528014543
70.0 4.4000765427275 772.6031670245425 768.203090481815
71.0 4.41499570836669 771.801996789572 767.3870010812053
72.0 4.44757954499014 771.6923718771037 767.2447923321136
73.0 4.467025688689584 770.8915048252233 766.4244791365337
74.0 4.502853702727577 770.2427925558262 765.7399388530986
75.0 4.519610505947866 770.061421521768 765.5418110158202
76.0 4.543900467897513 769.3043320862627 764.7604316183652
77.0 4.573224438247965 768.6365721391815 764.0633477009335
78.0 4.603290449552455 768.0988502160901 763.4955597665377
79.0 4.638170667081306 767.8244564323533 763.186285765272
80.0 4.661324425608941 767.5073720513194 762.8460476257104
81.0 4.708433017007409 766.7483669867248 762.0399339697174
82.0 4.715920096580629 766.0404920708164 761.3245719742358
83.0 4.761218541324196 765.7150049285425 760.9537863872184
84.0 4.790065734639627 765.1319564023539 760.3418906677143
85.0 4.824302573686053 764.3871767235997 759.5628741499136
86.0 4.854979367273024 763.7191931532222 758.8642137859492
87.0 4.889945106716707 763.5420431163441 758.6520980096274
88.0 4.930739105925165 762.7193628623209 757.7886237563957
89.0 4.978019962072091 762.6204747716358 757.6424548095637
90.0 4.998490810518589 761.2882427116189 756.2897519011004
91.0 5.045156106297463 761.2670717884458 756.2219156821484
92.0 5.08490988473685 760.0217348052195 754.9368249204827
93.0 5.140632840803332 759.7676577317085 754.6270248909051
94.0 5.197133646188206 759.3996715700517 754.2025379238635
95.0 5.220206682546652 758.8239028843133 753.6036962017666
96.0 5.26260696336471 757.3093784178641 752.0467714544993
97.0 5.309038870061577 757.30976589377 752.0007270237084
98.0 5.376613981860682 756.668410198969 751.2917962171083
99.0 5.443852745201353 756.2513591395898 750.8075063943885
100.0 5.510310575703876 756.2913778878272 750.7810673121234
101.0 5.552661720181081 755.1166838653692 749.5640221451881
102.0 5.637913046058911 754.4345891214357 748.7966760753768
103.0 5.697606684808868 754.4129725507363 748.7153658659275
104.0 5.757784489527086 753.9358464450172 748.1780619554901
105.0 5.851520090046547 754.0703060935965 748.21878600355
106.0 5.875833110700532 751.423951530487 745.5481184197864
107.0 5.937215428018301 751.7663361516879 745.8291207236696
108.0 6.000853915508045 751.3051188463956 745.3042649308876
109.0 6.114485339654183 751.0825058088112 744.968020469157
110.0 6.164936938771906 750.6523557803363 744.4874188415644
111.0 6.250151681386786 750.4662342271458 744.216082545759
112.0 6.32375215276219 750.5256732766123 744.2019211238501
113.0 6.410720803271027 749.2695585098579 742.8588377065869
114.0 6.484178303928925 749.8146051886829 743.330426884754
115.0 6.497463679226942 747.8513190136386 741.3538553344116
116.0 6.625334130056844 748.1764632629762 741.5511291329194
117.0 6.678740475491617 748.2688713954031 741.5901309199115
118.0 6.748766586019314 747.4338593912391 740.6850928052198
119.0 6.793374826305834 746.6772884738706 739.8839136475647
120.0 6.891046370237191 745.5269284505368 738.6358820802996
121.0 6.914484413697557 745.1411409998683 738.2266565861708
122.0 6.941418893528056 744.3732184415433 737.4317995480152
123.0 7.12315670827837 745.6239169204876 738.5007602122092
124.0 7.063859631245439 743.7103626202115 736.646502988966
125.0 7.16248878633894 743.8850814826083 736.7225926962693
126.0 7.259179945042185 741.9505943878216 734.6914144427794
127.0 7.209984412976894 742.8643253384499 735.654340925473
128.0 7.283168699247833 744.1694288982344 736.8862601989865
129.0 7.294091867305481 741.208742598672 733.9146507313665
130.0 7.355968212798229 742.9349407251494 735.5789725123512
131.0 7.441567192427119 742.9021812315995 735.4606140391724
132.0 7.407338859606794 741.3462266787966 733.9388878191898
133.0 7.535361101952879 743.1379084393477 735.6025473373948
134.0 7.501401805146551 740.7798425358363 733.2784407306898
135.0 7.533188106171926 743.3862521746025 735.8530640684306
136.0 7.510771596198266 740.681244401957 733.1704728057588
137.0 7.63626014140342 740.697035675615 733.0607755342116
138.0 7.498303359354867 740.4202539666469 732.9219506072921
139.0 7.594199826935836 741.0217175245852 733.4275176976494
140.0 7.658305048788008 739.3503576550982 731.6920526063102
141.0 7.63620625764469 738.1064405826035 730.4702343249589
142.0 7.592525407379831 736.8182200116408 729.2256946042609
143.0 7.646777765396793 736.0192442990571 728.3724665336603
144.0 7.638145512008385 738.8372298753228 731.1990843633145
145.0 7.711384556649873 738.2689692500124 730.5575846933626
146.0 7.694492037373534 737.4254733932558 729.7309813558822
147.0 7.722265483942409 736.2245424439512 728.5022769600088
148.0 7.630160307278708 734.7937926870243 727.1636323797456
149.0 7.690278538127976 733.888879420944 726.198600882816
150.0 7.671626431190256 734.4544315302914 726.7828050991011
151.0 7.707218444572292 733.7596640889037 726.0524456443315
152.0 7.703936342385971 732.5920484122191 724.8881120698331
153.0 7.668273361243671 733.7854361128437 726.1171627516
154.0 7.72620432043852 734.1140888098264 726.3878844893879
155.0 7.620888337395065 731.8811500506804 724.2602617132854
156.0 7.591349176267083 731.0758990722571 723.48454989599
157.0 7.576883678936583 729.9257842242583 722.3489005453217
158.0 7.640054695617288 729.7730273304338 722.1329726348165
159.0 7.617553311397855 729.0198535072796 721.4023001958817
160.0 7.627975630573396 727.4908316547828 719.8628560242094
161.0 7.658459379780663 728.7260058719875 721.0675464922068
162.0 7.630484324423774 727.9210745162185 720.2905901917947
163.0 7.642937343328594 726.1964663745645 718.5535290312359
164.0 7.627770715039576 727.5498288739719 719.9220581589323
165.0 7.606466587990888 727.9682817785518 720.3618151905609
166.0 7.587685555058254 727.2983641087341 719.7106785536759
167.0 7.584473898856773 727.4454041245327 719.8609302256759
168.0 7.565668859405202 724.8661036685747 717.3004348091695
169.0 7.540419901481939 723.1611810441278 715.6207611426458
170.0 7.604864531593069 725.921302733075 718.3164382014819
171.0 7.604362832426377 724.8030847332364 717.19872190081
172.0 7.596259492051886 721.235406930529 713.6391474384771
173.0 7.611036012365559 725.5991821368225 717.988146124457
174.0 7.578360101342501 723.9041231148102 716.3257630134677
175.0 7.617463972373748 721.9283446491852 714.3108806768114
176.0 7.541389833121367 720.2255016940725 712.6841118609511
177.0 7.562525467262228 721.5139422364647 713.9514167692024
178.0 7.605229808329095 720.4897549359371 712.8845251276081
179.0 7.544947279445322 720.4266324398805 712.8816851604352
180.0 7.509542901509013 718.1998918212768 710.6903489197678
181.0 7.620265170701882 721.7235201984173 714.1032550277155
182.0 7.522009198460255 717.2727669610189 709.7507577625587
183.0 7.462325484718831 714.8707847783394 707.4084592936206
184.0 7.525367210360473 720.6989094039574 713.1735421935969
185.0 7.611132469832723 716.5926257342554 708.9814932644227
186.0 7.535762733177779 716.2360987256354 708.7003359924577
187.0 7.496129595467863 714.8446770769423 707.3485474814745
188.0 7.524712350093186 715.354888646798 707.8301762967048
189.0 7.506895006971831 714.2697393269998 706.762844320028
190.0 7.548776363924441 713.6272393827853 706.0784630188609
191.0 7.395271336378087 713.5389932833783 706.1437219470002
192.0 7.540788442289532 714.9815919455712 707.4408035032816
193.0 7.475867773953954 711.8662458881586 704.3903781142046
194.0 7.363131900857276 707.6280975971572 700.2649656962999
195.0 7.490657444078569 711.1585686678077 703.6679112237292
196.0 7.48887262488538 711.056540899213 703.5676682743277
197.0 7.486394949705697 712.3615049870729 704.8751100373672
198.0 7.305697485077862 706.6395101085301 699.3338126234522
199.0 7.46284880956772 705.8096671455605 698.3468183359927
200.0 7.456008540464292 710.6699280975994 703.2139195571351
201.0 7.452000694357682 704.9377583990091 697.4857577046514
202.0 7.456075161494565 709.7734680818706 702.3173929203761
203.0 7.399403685020867 706.9506529390274 699.5512492540065
204.0 7.467549874270032 706.7737334862081 699.3061836119381
205.0 7.450789074515492 709.7389056302948 702.2881165557793
206.0 7.393543446416903 705.5914043105893 698.1978608641724
207.0 7.445807607682455 704.6249622161219 697.1791546084394
208.0 7.422522677701952 701.7911152879593 694.3685926102573
209.0 7.386697610098604 701.0113607230507 693.6246631129521
210.0 7.301734625542128 698.584355248655 691.2826206231128
211.0 7.37269686794655 704.0773501634694 696.7046532955229
212.0 7.35903018214456 701.9696648948322 694.6106347126876
213.0 7.433505380127347 702.7880028072928 695.3544974271654
214.0 7.494116675062569 703.7889601066145 696.2948434315519
215.0 7.445592860819345 703.1081834334059 695.6625905725866
216.0 7.315508418894927 701.2957590193838 693.9802506004889
217.0 7.375073755118262 697.8773231530575 690.5022493979392
218.0 7.402092264843411 699.7592395110814 692.357147246238
219.0 7.373619889303305 698.917990835043 691.5443709457397
220.0 7.475210265584085 702.6489851323791 695.173774866795
221.0 7.457915813393682 698.500931253491 691.0430154400974
222.0 7.398097949821312 696.6972081896869 689.2991102398656
223.0 7.334160962603962 698.650479174435 691.316318211831
224.0 7.454333087334022 697.0274803238285 689.5731472364944
225.0 7.426688342338071 699.2169360907158 691.7902477483777
226.0 7.397621575937975 695.8413314427072 688.4437098667692
227.0 7.370894297999248 697.1756410032688 689.8047467052696
228.0 7.484997713346301 694.5435373280215 687.0585396146752
229.0 7.380526711961013 693.1676692753536 685.7871425633926
230.0 7.344025154967735 693.1733488269563 685.8293236719886
231.0 7.294956310962857 694.2180326744213 686.9230763634585
232.0 7.196910124387845 689.4297737728137 682.2328636484258
233.0 7.344443684151283 691.3277635619785 683.9833198778272
234.0 7.296431797597889 690.8892727624289 683.592840964831
235.0 7.331666516742674 690.7521367679161 683.4204702511734
236.0 7.266495102167143 690.4777669363971 683.21127183423
237.0 7.3660880050262 691.7135627569888 684.3474747519626
238.0 7.350003917222876 694.2629214779866 686.9129175607637
239.0 7.311445677655206 689.6059702142104 682.2945245365551
240.0 7.179007626953919 688.8267287429538 681.6477211159999
241.0 7.229376073546032 688.692949930425 681.4635738568789
242.0 7.232290243169421 687.5329165005323 680.3006262573629
243.0 7.235546430654199 687.6470737305369 680.4115272998827
244.0 7.260424626577547 691.5131557863596 684.2527311597821
245.0 7.284762390206677 689.3317341189891 682.0469717287824
246.0 7.205251617893844 685.410558796743 678.2053071788492
247.0 7.115801734754967 688.4741651822802 681.3583634475253
248.0 7.135141357124932 688.6133273671776 681.4781860100527
249.0 7.099920092536607 684.835192047045 677.7352719545084
250.0 7.124357626717841 685.0510677019092 677.9267100751914
251.0 7.021731074153201 685.6639943141428 678.6422632399896
252.0 7.106837926741921 684.9254920688901 677.8186541421482
253.0 7.087712737959607 685.6965709997304 678.6088582617708
254.0 7.077872539868112 680.8627387423043 673.7848662024362
255.0 6.901836881363551 679.6560239545067 672.7541870731432
256.0 6.94850128214776 682.8395044387103 675.8910031565626
257.0 6.767601186505215 679.6410193466167 672.8734181601115
258.0 6.896737209181812 679.7502890019382 672.8535517927564
259.0 6.790839069799128 683.2746547865469 676.4838157167477
260.0 6.879976773697262 683.4030717829998 676.5230950093025
261.0 6.714210810583404 678.9580245754345 672.2438137648511
262.0 6.703857893334263 677.8883207117488 671.1844628184145
263.0 6.74745423115488 678.3592190835411 671.6117648523862
264.0 6.700935251118112 678.0725717159321 671.371636464814
265.0 6.626808240673303 678.5780913823663 671.951283141693
266.0 6.679452392302142 678.4836075931273 671.8041552008252
267.0 6.520532939211568 674.2975075960718 667.7769746568603
268.0 6.562742455808762 677.6281083069153 671.0653658511065
269.0 6.541500288996486 677.5493932309317 671.0078929419353
270.0 6.519073019603197 674.0462043517792 667.527131332176
271.0 6.496673294478018 678.5264713204782 672.0297980260002
272.0 6.443261447104989 676.9399000176848 670.4966385705798
273.0 6.413210581395717 672.8083613736404 666.3951507922447
274.0 6.318731656688948 672.5837695149295 666.2650378582406
275.0 6.344388057190078 671.4986603972027 665.1542723400126
276.0 6.286136455594224 670.0414105880226 663.7552741324284
277.0 6.239069760075017 673.0281038201412 666.7890340600662
278.0 6.154599824750411 673.1941762701911 667.0395764454407
279.0 6.115913931518007 670.0119490561482 663.8960351246302
280.0 6.178738074626761 670.7322823649385 664.5535442903117
281.0 6.113715743669367 669.7334820582339 663.6197663145645
282.0 6.129767913827652 668.9623358110558 662.8325678972282
283.0 6.011593317985222 667.1962434918895 661.1846501739043
284.0 6.047811447216804 670.5671208658159 664.5193094185991
285.0 5.985944541816439 670.24072198302 664.2547774412036
286.0 5.99488872406838 668.3379898571208 662.3431011330525
287.0 5.885984228382017 666.6294192673303 660.7434350389483
288.0 5.821214052959984 666.482433749758 660.661219696798
289.0 5.7802608321608 664.4734160887378 658.693155256577
290.0 5.756828417064671 665.4453099149254 659.6884814978607
291.0 5.707123599911471 663.3754334962349 657.6683098963234
292.0 5.757688131147847 664.4040788130279 658.6463906818801
293.0 5.633442520918512 662.4402877414941 656.8068452205756
294.0 5.678284783712633 664.9537069164537 659.2754221327411
295.0 5.583463779513148 663.1066079132233 657.5231441337101
296.0 5.532091506523596 660.5575983175527 655.0255068110291
297.0 5.485243669185149 661.0695559151827 655.5843122459976
298.0 5.463060694251864 661.4480604966507 655.9849998023988
299.0 5.483363007788661 662.0212735694089 656.5379105616202
300.0 5.379542346420324 660.0314369081121 654.6518945616918
301.0 5.354815669556815 658.260339371341 652.9055237017842
302.0 5.348526144777387 661.317768170762 655.9692420259846
303.0 5.298111310510382 659.2757584657084 653.977647155198
304.0 5.241051430682485 657.9283507876972 652.6872993570147
305.0 5.164036347099673 656.8224393472705 651.6584030001709
306.0 5.140398782776626 657.8605971919752 652.7201984091985
307.0 5.131731119758261 657.0084034244315 651.8766723046732
308.0 5.051336332989702 656.2634699673207 651.212133634331
309.0 4.983994963696345 654.1392938471136 649.1552988834173
310.0 4.955717092488595 654.7110257473749 649.7553086548863
311.0 4.951970333994991 654.81513652588 649.863166191885
312.0 4.917892773298643 655.022406660017 650.1045138867183
313.0 4.866282034965747 652.7334385374373 647.8671565024716
314.0 4.797477930860016 652.3549253892202 647.5574474583602
315.0 4.779332800570279 652.6105119457435 647.8311791451732
316.0 4.731996179644477 650.8969802879543 646.1649841083098
317.0 4.688973023541433 651.3927370891251 646.7037640655837
318.0 4.671580196852785 650.4928723943185 645.8212921974657
319.0 4.63269916871571 649.3438271246863 644.7111279559705
320.0 4.579268954561252 648.0966603896426 643.5173914350814
321.0 4.555849936592594 650.0950008512325 645.5391509146399
322.0 4.452427677358017 646.7975938513957 642.3451661740377
323.0 4.405031473061373 646.5678146214635 642.1627831484021
324.0 4.410743239739585 646.9589416625389 642.5481984227994
325.0 4.300686408171655 646.5668085307691 642.2661221225975
326.0 4.286176545829355 646.1901040508098 641.9039275049804
327.0 4.23323506789682 644.8368185445468 640.60358347665
328.0 4.236229258172602 644.7206457996977 640.4844165415251
329.0 4.122572090243486 643.3951019711494 639.2725298809059
330.0 4.142830874230394 642.6938609157231 638.5510300414927
331.0 4.09480600335567 643.7048077538976 639.6100017505419
332.0 4.071181809293644 642.6441415619164 638.5729597526228
333.0 4.021386213843424 641.7008433668433 637.6794571529999
334.0 3.961046467080517 640.3379530060651 636.3769065389846
335.0 3.914099839584431 640.8452087756552 636.9311089360708
336.0 3.889363660080546 640.2435023665981 636.3541387065175
337.0 3.828246659106062 638.9917545368308 635.1635078777247
338.0 3.807515538570164 638.6489125161183 634.8413969775482
339.0 3.733439883813989 637.2202145562136 633.4867746723996
340.0 3.734866838164377 638.7360356743661 635.0011688362017
341.0 3.685091684186286 637.1373097502307 633.4522180660444
342.0 3.603846960711765 635.45564333111 631.8517963703982
343.0 3.577388109995784 636.9331830636109 633.3557949536151
344.0 3.557810349400485 635.8939642629748 632.3361539135743
345.0 3.503978901906041 634.8309672035445 631.3269883016385
346.0 3.459425209303339 634.1364723108697 630.6770471015664
347.0 3.417710094994357 634.6109289045776 631.1932188095833
348.0 3.369169362494569 633.4153317754663 630.0461624129717
349.0 3.316530635967754 632.3714379843237 629.0549073483559
350.0 3.265859665329631 631.7665901612646 628.500730495935
351.0 3.230358852725674 630.616091813267 627.3857329605413
352.0 3.211548125053229 630.9837297067182 627.772181581665
353.0 3.143981136840166 630.2080884432323 627.0641073063921
354.0 3.118302359712165 630.5749216117122 627.456619252
355.0 3.083354697134427 629.4575261238137 626.3741714266793
356.0 3.053839465627164 629.0659088568773 626.0120693912501
357.0 2.961410137696877 626.7995899650551 623.8381798273582
358.0 2.945492324047274 626.7664214477448 623.8209291236976
359.0 2.899338080276073 627.0628319914018 624.1634939111257
360.0 2.89736784681445 626.0131884080401 623.1158205612256
361.0 2.830614072927554 625.8694739460008 623.0388598730732
362.0 2.779214860989029 624.9308770512245 622.1516621902355
363.0 2.755353668407251 624.8293931197175 622.0740394513103
364.0 2.734978523933197 624.6330113440735 621.8980328201403
365.0 2.68386767847823 623.8333877355094 621.1495200570312
366.0 2.630725924209537 622.8600664290009 620.2293405047914
367.0 2.583196889248664 622.0863893974573 619.5031925082086
368.0 2.543158378247464 621.6522829972444 619.1091246189969
369.0 2.527436397521075 621.3829816766007 618.8555452790797
370.0 2.486132451120212 620.8442933576315 618.3581609065112
371.0 2.446946752723192 619.6317817020599 617.1848349493367
372.0 2.393492839896053 619.2406270557544 616.8471342158583
373.0 2.353872726972584 618.5273840180223 616.1735112910497
374.0 2.329556926854043 618.7146675697443 616.3851106428902
375.0 2.264244810237874 617.546178480824 615.2819336705861
376.0 2.238430028748816 616.9939470882935 614.7555170595447
377.0 2.198468147903707 615.8241683573365 613.6257002094328
378.0 2.1610852756132 616.0179226462194 613.8568373706062
379.0 2.118396822731496 615.031678910987 612.9132820882555
380.0 2.080106883101392 614.8922771850127 612.8121703019113
381.0 2.045444511713126 614.0652728282408 612.0198283165277
382.0 1.995821398849512 613.397674792333 611.4018533934835
383.0 1.979415342200062 613.3301690790416 611.3507537368416
384.0 1.939137031450012 612.4187391208934 610.4796020894434
385.0 1.902057363220317 611.9188774093969 610.0168200461766
386.0 1.874416998230709 611.605709921268 609.7312929230373
387.0 1.818761085150144 610.5235606687171 608.704799583567
388.0 1.799711200420453 610.046422809644 608.2467116092236
389.0 1.760280349471195 609.2651349403528 607.5048545908816
390.0 1.73485233003708 609.1930086814894 607.4581563514524
391.0 1.660728981257005 607.7770049704304 606.1162759891734
392.0 1.631852633915065 607.3794157290143 605.7475630950992
393.0 1.615812592081501 607.2145985561405 605.598785964059
394.0 1.576648439730689 606.3116842880773 604.7350358483466
395.0 1.525094025042337 605.9574477058078 604.4323536807655
396.0 1.493716872366431 605.0478856522271 603.5541687798606
397.0 1.458767086658379 605.1550497116387 603.6962826249803
398.0 1.413729623916636 603.8911100505112 602.4773804265946
399.0 1.388851408092134 603.2301238119132 601.841272403821
400.0 1.361620377328722 602.5041771292166 601.1425567518879
401.0 1.318495424004511 602.189184814045 600.8706893900405
402.0 1.300830769388225 601.827706198427 600.5268754290387
403.0 1.265966113918448 601.4039460326105 600.137979918692
404.0 1.228470862875649 600.912668785823 599.6841979229474
405.0 1.189787549545328 599.598966294566 598.4091787450206
406.0 1.167729506367636 599.4554503061975 598.2877207998298
407.0 1.117484284648603 598.6777560457531 597.5602717611045
408.0 1.104929518399272 598.6855344005619 597.5806048821626
409.0 1.066856076906436 597.6916999628846 596.6248438859781
410.0 1.020053104344759 596.6294060746743 595.6093529703295
411.0 0.9955789059072642 596.3695236299058 595.3739447239985
412.0 0.9530735231424526 595.7338136232784 594.780740100136
413.0 0.9348802206908774 595.2169268285885 594.2820466078976
414.0 0.9035739784686009 594.5699258763802 593.6663518979116
415.0 0.871049299473722 594.1953206911009 593.3242713916272
416.0 0.8387196920068461 593.3883162309671 592.5495965389603
417.0 0.8074007680028263 592.7701531243988 591.9627523563959
418.0 0.7850696473829328 592.5492510189027 591.7641813715198
419.0 0.7515306082280966 591.5839019729302 590.8323713647021
420.0 0.7222557014858071 591.0813273672789 590.3590716657931
421.0 0.6961475863573212 590.2406284449483 589.544480858591
422.0 0.6556966639914758 589.8845126057545 589.228815941763
423.0 0.6359467412054969 589.198096145844 588.5621494046385
424.0 0.595327590393757 588.4188004103767 587.8234728199829
425.0 0.5874931870179083 588.1269456083051 587.5394524212872
426.0 0.5524074203552051 587.3762796999667 586.8238722796115
427.0 0.5187541688434324 586.6451994752603 586.1264453064169
428.0 0.4963321434276892 586.2976540913828 585.8013219479551
429.0 0.467866582313123 585.4065718282397 584.9387052459266
430.0 0.456753456706887 584.7203123313427 584.2635588746358
431.0 0.4212207377253087 584.1300761778868 583.7088554401615
432.0 0.4022581368203171 583.8275050363154 583.425246899495
433.0 0.3820803965933068 582.8585818107154 582.4765014141221
434.0 0.3496883425836057 582.4765160095419 582.1268276669583
435.0 0.3168683558854931 581.3963707495583 581.0795023936728
436.0 0.3111803828219636 581.2258488913962 580.9146685085742
437.0 0.2866033098145983 580.6141706328937 580.3275673230791
438.0 0.2609020379087065 579.5301477659274 579.2692457280187
439.0 0.2550007140736162 579.5736834268665 579.3186827127929
440.0 0.2289548624990756 578.4369760070619 578.2080211445628
441.0 0.2097943252418251 577.8790684453644 577.6692741201225
442.0 0.1908299481996404 577.4603190735578 577.2694891253581
443.0 0.1706307459641395 576.5921281353518 576.4214973893876
444.0 0.1472317730855003 576.102602791313 575.9553710182275
445.0 0.1437990774712837 575.1817363814206 575.0379373039493
446.0 0.1223749797702151 574.5792376190985 574.4568626393282
447.0 0.1144518099754395 574.256963298305 574.1425114883295
448.0 0.09807725188295219 573.5455609812666 573.4474837293836
449.0 0.08179890478711346 573.0627550915606 572.9809561867735
450.0 0.06868395779472085 572.2363310958822 572.1676471380875
451.0 0.05829391591643843 571.5052141373923 571.4469202214758
452.0 0.06000702918899621 570.981466218882 570.921459189693
453.0 0.03777443741318776 570.0971279494418 570.0593535120286
454.0 0.03948954918101658 569.9761923179074 569.9367027687264
455.0 0.03096182428545531 569.0903142119186 569.0593523876332
456.0 0.02129997394824042 568.6467845575273 568.6254845835791
457.0 0.01793461606073203 567.9770931677492 567.9591585516885
458.0 0.01464127602363875 567.1999131288381 567.1852718528144
459.0 0.01281296608690476 566.5104886075031 566.4976756414162
460.0 0 565.8620609787782 565.8620609787782
461.0 0.01073902120162037 565.0969548278068 565.0862158066052
462.0 0.01186582061256858 564.6532046518995 564.641338831287
463.0 0.006116515571194692 563.9431043992902 563.936987883719
464.0 0.02347956803335326 563.5952614305611 563.5717818625277
465.0 0.007550538414897362 562.6016473956859 562.594096857271
466.0 0.02763131630343377 562.1616414966181 562.1340101803146
467.0 0.01939724909983838 561.5904531756052 561.5710559265054
468.0 0.03907741648427353 561.1342461396952 561.095168723211
469.0 0.05607005757598396 560.3695898403507 560.3135197827748
470.0 0.05995302822210538 559.6860398095001 559.626086781278
471.0 0.07207793750479891 559.1285839544701 559.0565060169653
472.0 0.08225038159866251 558.4310255868679 558.3487752052692
473.0 0.1040011254794041 558.0928330548167 557.9888319293373
474.0 0.110233540420491 557.1340849902553 557.0238514498348
475.0 0.1399267269800735 556.5840928828243 556.4441661558442
476.0 0.1560654048047225 556.1197413092312 555.9636759044265
477.0 0.1863439886331686 555.6322293550262 555.445885366393
478.0 0.1968066065716516 554.9190489611728 554.7222423546011
479.0 0.2256154199730512 554.2184940911649 553.9928786711919
480.0 0.2486967718565138 553.4654714209736 553.2167746491171
481.0 0.2741307724515258 553.2621240189133 552.9879932464618
482.0 0.3206206329358067 552.594536999579 552.2739163666432
483.0 0.33903493420074 552.0887635596738 551.7497286254731
484.0 0.3692711878546586 551.4414940664799 551.0722228786252
485.0 0.4053311466307035 550.9105648810798 550.5052337344491
486.0 0.4643001014285281 550.4335930758418 549.9692929744133
487.0 0.4923929827264885 550.0306078189381 549.5382148362116
488.0 0.5143473706639683 549.3308180592829 548.8164706886189
489.0 0.574566201474121 548.8564456162501 548.281879414776
490.0 0.619626329079551 548.522127605302 547.9025012762225
491.0 0.6754440928554567 547.7830486717587 547.1076045789032
492.0 0.732815445396531 546.871875716563 546.1390602711664
493.0 0.7562448182074391 546.5011065755955 545.744861757388
494.0 0.8306998046577496 545.9341577931927 545.103457988535
495.0 0.8791805761086965 545.5117973638543 544.6326167877456
496.0 0.9281312443090155 544.6121216768948 543.6839904325858
497.0 1.012419182263744 544.1576805680614 543.1452613857976
498.0 1.056064167506527 543.8414816119973 542.7854174444907
499.0 1.122762767462087 542.9246304506751 541.8018676832131
500.0 1.195787970217212 542.2801421717658 541.0843542015486
501.0 1.296297634444757 542.5608739639091 541.2645763294643
502.0 1.355182151439502 541.7660916605599 540.4109095091204
503.0 1.448680509554843 540.9089673405784 539.4602868310235
504.0 1.49683285786979 539.9737987378188 538.476965879949
505.0 1.606109186916653 540.4636781579505 538.8575689710338
506.0 1.683324435813982 540.0245278434625 538.3412034076485
507.0 1.764257151983828 539.1983298569202 537.4340727049363
508.0 1.859073163038354 538.5354361993691 536.6763630363307
509.0 1.986810114499048 538.3600263778802 536.3732162633811
510.0 2.078812803666151 538.2003493766177 536.1215365729516
511.0 2.165292737285696 537.0796734097632 534.9143806724775
512.0 2.260584351859031 536.6069045576854 534.3463202058264
513.0 2.404006316382861 536.4536347640942 534.0496284477113
514.0 2.507150150806459 536.0609584994592 533.5538083486527
515.0 2.584902008716244 534.6215315742691 532.0366295655529
516.0 2.725570826251045 534.7175362035752 531.9919653773241
517.0 2.894856371886811 534.4123371480458 531.517480776159
518.0 2.949987401482245 532.9300471340427 529.9800597325604
519.0 3.162296128599115 533.298589150327 530.1362930217278
520.0 3.209676455104927 532.8204465348063 529.6107700797013
521.0 3.405906418761643 533.2614147393631 529.8555083206015
522.0 3.486322379826032 532.099032756192 528.6127103763659
523.0 3.714375166732379 531.6897327155928 527.9753575488604
524.0 3.912368256774054 530.3920463182477 526.4796780614736
525.0 4.071735856466625 531.0726869249282 527.0009510684616
526.0 4.133698770134142 530.4682403247726 526.3345415546385
527.0 4.354107681091225 527.7872785340212 523.43317085293
528.0 4.562369836121559 529.1648199373025 524.6024501011809
529.0 4.67203938241173 528.1435764785828 523.4715370961711
530.0 4.881631082630165 529.5751208010061 524.6934897183759
531.0 5.075789026053867 525.5546990632266 520.4789100371727
532.0 5.235421292184752 526.9125261051537 521.6771048129689
533.0 5.180288133378931 524.0728199143238 518.8925317809449
534.0 5.504010200250919 530.3509673107896 524.8469571105387
535.0 5.740375408408091 528.5436104233675 522.8032350149594
536.0 6.013266595343064 526.1647471642934 520.1514805689504
537.0 6.250207227351252 526.9277102279613 520.67750300061
538.0 6.706447091753082 521.8025811767053 515.0961340849522
539.0 6.374413005274988 519.5683591890678 513.1939461837928
540.0 6.876991335732583 524.2581366625267 517.3811453267942
541.0 6.92823658941634 520.8005464912946 513.8723099018783
542.0 7.843236011540689 528.0383882754718 520.1951522639311
543.0 7.464972804756627 524.3313540767214 516.8663812719648
544.0 7.496727583513554 535.432054654778 527.9353270712644
545.0 8.67058212643996 521.9488472793703 513.2782651529303
546.0 8.99755530139373 503.802850318185 494.8052950167913
547.0 9.036480171472876 513.3866268454106 504.3501466739377
548.0 8.132903767979716 524.9258034666233 516.7928996986436
549.0 9.923805755562067 547.5651122570314 537.6413065014694
550.0 8.400383802084954 523.8544061498427 515.4540223477578
551.0 9.436530682538454 523.1755631788425 513.7390324963041
552.0 14.34773804029418 439.6654190318784 425.3176809915842
553.0 13.20577608365651 448.2184171685743 435.0126410849178
554.0 12.43920261048901 459.4428166291887 447.0036140186997
555.0 11.15475211360341 501.3705037695996 490.2157516559962
556.0 15.03129155206152 437.0380593193037 422.0067677672421
557.0 11.19460411167346 491.6527492070327 480.4581450953593
558.0 13.48050805870521 447.0100728658259 433.5295648071207
559.0 14.17553793318142 443.4401232848367 429.2645853516552
560.0 18.0785138683839 421.1859954570772 403.1074815886933
561.0 21.10272625775329 402.1068470296991 381.0041207719458
562.0 24.01412392929745 383.6285730868603 359.6144491575629
563.0 22.03279952526518 394.7335142647164 372.7007147394512
564.0 22.86411106634975 392.9076496433644 370.0435385770146
565.0 19.09860405935233 415.275442329592 396.1768382702397
566.0 23.89690163489599 381.6280064632457 357.7311048283497
567.0 25.27704586485541 378.1692396785574 352.892193813702
568.0 29.31115024718444 361.6405343519082 332.3293841047238
569.0 25.2778655816389 378.1953293016592 352.9174637200203
570.0 28.63479285013984 362.6753072146326 334.0405143644928
571.0 28.80334794296271 363.4370226237243 334.6336746807616
572.0 36.40752640119627 334.151749498692 297.7442230974958
573.0 28.81861827387756 363.7201289525409 334.9015106786634
574.0 34.91034401126704 341.4338131999052 306.5234691886382
575.0 28.22399443707529 364.822994985931 336.5990005488557
576.0 44.99196113596871 306.4800449060798 261.4880837701111
577.0 45.47943162512387 304.4187201024707 258.9392884773468
578.0 29.31436437519987 361.7221336578565 332.4077692826566
579.0 38.52003753916732 329.7221196459713 291.202082106804
580.0 60.7623353139071 261.9716280229228 201.2092927090157
581.0 48.87500082680265 295.7221334047881 246.8471325779854
582.0 55.26880561887206 277.7210889292893 222.4522833104172
583.0 61.38303504521845 263.4118004093426 202.0287653641241
584.0 66.02792479555973 253.7129524367666 187.6850276412068
585.0 78.0439814368021 227.2775539726526 149.2335725358505
586.0 76.22150586924654 231.4292524748623 155.2077466056157
587.0 75.31010862303173 233.62090913933 158.3108005162983
588.0 76.22704794252238 231.53286349499 155.3058155524676
591.0 88.33920933394141 205.722137 117.3829276660586
