0.0 5.025862804647665 835.9734057382407 830.9475429335931
1.0 3.785735177973415 833.9125089682386 830.1267737902652
2.0 3.001035442980043 833.3431329446957 830.3420975017157
3.0 2.430110402655553 833.1786414498911 830.7485310472356
4.0 1.999717496216894 833.0156975724807 831.0159800762638
5.0 1.669086520952782 832.2174167178239 830.5483301968712
6.0 1.387305663901274 831.5331922344461 830.1458865705449
7.0 1.148351773226713 831.113206789766 829.9648550165393
8.0 0.9718767852188515 830.4784434439509 829.5065666587321
9.0 0.8207154482918657 829.8544048847244 829.0336894364325
10.0 0.6722798992868303 829.1265599164968 828.45428001721
11.0 0.5694313324323602 829.0814041496016 828.5119728171692
12.0 0.4649247787675718 828.3043519737558 827.8394271949882
13.0 0.3846667232321449 827.7294853369936 827.3448186137614
14.0 0.325492348960305 827.2031208945217 826.8776285455614
15.0 0.2612436306158343 826.7704738979844 826.5092302673686
16.0 0.2095956225198262 826.271015585276 826.0614199627562
17.0 0.1776895367850986 825.7946768223808 825.6169872855957
18.0 0.1437334588395309 825.2836976049071 825.1399641460676
19.0 0.1189519538871332 824.7181188758746 824.5991669219875
20.0 0.100400197760233 824.4507945403018 824.3503943425416
21.0 0.08107143135835998 823.8453482318485 823.7642768004902
22.0 0.06103057845118529 823.34588503305 823.2848544545988
23.0 0.0601906942254798 823.0413922830177 822.9812015887922
24.0 0.04108669933229769 822.4545761099792 822.4134894106469
25.0 0.02517360821867788 821.9995305612484 821.9743569530297
26.0 0.02305489786386487 821.7200925239913 821.6970376261275
27.0 0.01619012673858308 821.3188143538765 821.302624227138
28.0 0.00957116830760267 820.7640477252227 820.7544765569151
29.0 0.005219411907979185 820.5248498057126 820.5196303938046
30.0 0.003319811540874615 820.010499853053 820.0071800415121
31.0 0.001929532456698288 819.6214763401628 819.6195468077061
32.0 0.002075304858578125 819.2814674924297 819.2793921875712
33.0 0.004565400108589732 818.7177821448718 818.7132167447632
34.0 0 818.2296371856817 818.2296371856817
35.0 0.008481332551836487 817.872238708107 817.8637573755551
36.0 0.01072223559716304 817.3760045068006 817.3652822712034
37.0 0.01418742553270604 817.0923537446263 817.0781663190936
38.0 0.02336857049075797 816.644938790022 816.6215702195312
39.0 0.03045643310499756 816.2847396790293 816.2542832459243
40.0 0.04031089005996114 815.812611436103 815.772300546043
41.0 0.04921782523365846 815.2974788759736 815.24826105074
42.0 0.06638413712972066 814.7041446338795 814.6377604967498
43.0 0.07723160127572265 814.4343542647706 814.3571226634949
44.0 0.08815713530622307 813.9824407415331 813.8942836062269
45.0 0.1044051632651827 813.3855762837735 813.2811711205083
46.0 0.1221826069942315 813.0014410577043 812.87925845071
47.0 0.140343546981836 812.5493285630803 812.4089850160985
48.0 0.1522188608542909 811.9305589270881 811.7783400662339
49.0 0.1703808952497557 811.5084516186976 811.3380707234478
50.0 0.1870962808650095 811.0397144755595 810.8526181946945
51.0 0.2100546923146911 810.4595601134958 810.2495054211811
52.0 0.2329887340756776 809.9605610971411 809.7275723630654
53.0 0.24855840964065 809.3542214426151 809.1056630329744
54.0 0.2746431651613969 809.0822147874517 808.8075716222903
55.0 0.2995944857956957 808.5477505477709 808.2481560619752
56.0 0.3244115212520086 807.9781111870225 807.6536996657705
57.0 0.3561620104924932 807.621176536935 807.2650145264425
58.0 0.3842116063546869 807.0697277346801 806.6855161283254
59.0 0.4164699393860507 806.4389238019922 806.0224538626061
60.0 0.4477236682053248 805.9141161419611 805.4663924737558
61.0 0.4788106012441768 805.5042476165045 805.0254370152604
62.0 0.5162240033414437 804.8852420409391 804.3690180375977
63.0 0.5477485201018759 804.3414751117164 803.7937265916145
64.0 0.589871990453461 803.7920422573861 803.2021702669326
65.0 0.6241840173246742 803.5705020946526 802.9463180773279
66.0 0.6733223378057749 802.8543038829063 802.1809815451006
67.0 0.7062598914955676 802.3210013382077 801.6147414467121
68.0 0.7484713563736786 801.851177820605 801.1027064642314
69.0 0.7922993630232764 801.4855800856902 800.693280722667
70.0 0.8370057707547555 800.8368268829849 799.9998211122302
71.0 0.8844741802953019 799.9676627202039 799.0831885399086
72.0 0.9245341783611586 799.8463311092623 798.9217969309011
73.0 0.9727182789481645 799.18636115731 798.2136428783618
74.0 1.029538295323659 798.7762173180022 797.7466790226785
75.0 1.065753006056258 797.956077399681 796.8903243936248
76.0 1.119144461773731 797.4049899892862 796.2858455275125
77.0 1.168751389470388 797.0061387995691 795.8373874100987
78.0 1.218404742250497 796.5881874660719 795.3697827238214
79.0 1.266150308774555 796.2460918308716 794.9799415220971
80.0 1.317188474693451 795.314418555644 793.9972300809506
81.0 1.380546793370395 795.2666235934344 793.886076800064
82.0 1.416782052713656 794.4860682252449 793.0692861725313
83.0 1.487904293042051 793.6956715475539 792.2077672545119
84.0 1.535460664074603 793.3079850625267 791.772524398452
85.0 1.593564940045247 792.8791990989746 791.2856341589293
86.0 1.649169647294637 792.348600076993 790.6994304296983
87.0 1.695684951439779 791.9506481414238 790.2549631899841
88.0 1.778971349997647 790.771672267422 788.9927009174244
89.0 1.8376421816571 790.5977228388347 788.7600806571776
90.0 1.893156661599918 790.0310400889026 788.1378834273027
91.0 1.960537956805172 789.1774380572829 787.2169001004777
92.0 2.034479611015213 788.4562185790242 786.421738968009
93.0 2.108227596211608 788.1444592167281 786.0362316205165
94.0 2.173434261771674 788.0506884776894 785.8772542159177
95.0 2.226326465470518 787.0813665830025 784.855040117532
96.0 2.316745766296556 786.2284943367269 783.9117485704303
97.0 2.373057841078589 785.9666596778532 783.5936018367746
98.0 2.468428434546345 785.2711290287109 782.8027005941646
99.0 2.558201154341382 784.7055179840582 782.1473168297168
100.0 2.636194551144294 784.2422646453222 781.6060700941779
101.0 2.706656663081721 783.8645028251445 781.1578461620627
102.0 2.810955829875873 783.8661029554491 781.0551471255732
103.0 2.890937010544854 783.0350854412937 780.1441484307488
104.0 2.977226047808425 782.4477657435508 779.4705396957424
105.0 3.077900428994723 782.0999104016471 779.0220099726524
106.0 3.168961813624319 781.1448805941863 777.975918780562
107.0 3.24367033628065 780.4513938531819 777.2077235169012
108.0 3.341585404544424 779.3002105905149 775.9586251859705
109.0 3.463002540067829 779.2892355715377 775.8262330314699
110.0 3.525615632634523 779.302798652741 775.7771830201065
111.0 3.623378573692358 778.952691635738 775.3293130620457
112.0 3.704683645053495 778.7042865541885 774.999602909135
113.0 3.833886379510768 778.3238299642342 774.4899435847235
114.0 3.918869871616684 777.1432643286327 773.224394457016
115.0 3.973549176116857 776.8068719804233 772.8333228043065
116.0 4.086455883524407 777.4407491000749 773.3542932165504
117.0 4.163720386527749 776.1924754503572 772.0287550638295
118.0 4.259998856116085 776.0823163684514 771.8223175123353
119.0 4.315011304311402 776.1087614847357 771.7937501804243
120.0 4.453967226374589 775.6988332366316 771.244866010257
121.0 4.515986773929441 774.5746842781689 770.0586975042395
122.0 4.566199518240311 773.5742624246198 769.0080629063795
123.0 4.702906378735065 774.8722325157207 770.1693261369857
124.0 4.716438161786965 773.0021921146284 768.2857539528414
125.0 4.803361414533916 773.3213747561691 768.5180133416352
126.0 4.95615035684645 772.5804293881161 767.6242790312697
127.0 4.915413194373866 771.6807569820716 766.7653437876978
128.0 4.959426515218551 772.0479920534011 767.0885655381825
129.0 5.011874474569942 772.4398154913386 767.4279410167686
130.0 5.08234378265687 770.8345169967081 765.7521732140513
131.0 5.122788434575583 773.2510256691009 768.1282372345253
132.0 5.168992725838073 770.38650325901 765.2175105331719
133.0 5.267095471052634 770.4487508406352 765.1816553695826
134.0 5.309669282325051 768.9151665919534 763.6054973096284
135.0 5.264902979448629 770.4785976124257 765.2136946329771
136.0 5.33307705376327 769.0095864415619 763.6765093877986
137.0 5.438314216226497 769.138182182371 763.6998679661445
138.0 5.357501327504749 766.511477784147 761.1539764566422
139.0 5.456394323306743 766.6122389767223 761.1558446534156
140.0 5.505513004567082 768.4848621363941 762.979349131827
141.0 5.549311191936251 766.6860918663828 761.1367806744466
142.0 5.569737450278436 764.3137321172865 758.7439946670081
143.0 5.637556449491582 764.790747490349 759.1531910408574
144.0 5.532580454044151 766.1173802978966 760.5847998438525
145.0 5.639041560160777 765.3484947410186 759.7094531808578
146.0 5.658874306549662 765.1606722124616 759.5017979059119
147.0 5.691987579254106 765.3439754700488 759.6519878907947
148.0 5.634361061202725 765.4527630072264 759.8184019460237
149.0 5.73514446581948 764.0484384516562 758.3132939858367
150.0 5.675837048537748 764.4876414636479 758.8118044151102
151.0 5.77779940248258 762.7947553109141 757.0169559084315
152.0 5.819484742212199 762.1326895317243 756.3132047895121
153.0 5.756750004424006 761.9965738117123 756.2398238072883
154.0 5.853499306509109 760.2481371647119 754.3946378582028
155.0 5.787467910921859 759.8465002786535 754.0590323677316
156.0 5.801747676390672 758.1588575886076 752.3571099122169
157.0 5.79970443701393 758.8932206182138 753.0935161811999
158.0 5.896936584910675 756.830308291986 750.9333717070753
159.0 5.911922163816537 756.5662001199136 750.6542779560971
160.0 5.970747742012668 755.8398149454542 749.8690672034415
161.0 5.91761289249632 758.3244020398926 752.4067891473963
162.0 5.936022011368675 756.2860799866196 750.3500579752509
163.0 5.959874703015542 757.8235970826665 751.8637223796509
164.0 5.944519766722597 756.4974991300937 750.5529793633711
165.0 5.933173427919651 755.6514309410264 749.7182575131068
166.0 5.964108210376429 754.2094434246881 748.2453352143117
167.0 5.963091738596753 753.7810121531586 747.8179204145619
168.0 5.962811253492719 754.538098736928 748.5752874834353
169.0 5.968789448998139 754.3433976896849 748.3746082406867
170.0 6.045666411745261 752.3016810067633 746.256014595018
171.0 6.071623291085359 751.7909804605255 745.7193571694401
172.0 6.132628028922984 751.1970007393205 745.0643727103975
173.0 6.021300221239453 753.4652947928703 747.4439945716309
174.0 6.033765890553019 752.5915849910831 746.5578191005301
175.0 6.1558389993732 752.0443149075061 745.8884759081329
176.0 6.121197086431029 750.0861346776505 743.9649375912194
177.0 6.190469569050123 747.2110625618735 741.0205929928233
178.0 6.166071308648573 751.0568762982118 744.8908049895632
179.0 6.145738096564507 748.9409835462339 742.7952454496694
180.0 6.191185872930237 747.2023179971683 741.0111321242381
181.0 6.19247398901287 749.4318656964153 743.2393917074024
182.0 6.265948925968995 744.924594571023 738.658645645054
183.0 6.245218814758457 744.4791510277567 738.2339322129982
184.0 6.180046724146794 746.8000476155894 740.6200008914426
185.0 6.263742508567181 749.2358625408201 742.9721200322529
186.0 6.303063711103034 743.7246930391155 737.4216293280124
187.0 6.298509747267777 744.6833474436581 738.3848376963903
188.0 6.279250700382254 745.786013517173 739.5067628167908
189.0 6.329839943118314 743.6299152548942 737.3000753117759
190.0 6.460602221565489 739.5735369504258 733.1129347288603
191.0 6.24951995257202 742.3471802009337 736.0976602483617
192.0 6.409138389611824 741.1008389113037 734.6917005216919
193.0 6.442572550106344 739.318489016425 732.8759164663187
194.0 6.370715009705403 739.9612670903076 733.5905520806022
195.0 6.467378443651726 738.8858235740235 732.4184451303718
196.0 6.423838256518837 741.3883666807188 734.9645284241999
197.0 6.458244419680741 738.1359559132723 731.6777114935916
198.0 6.412505067566727 736.9442533609053 730.5317482933386
199.0 6.613615722119501 735.7530099159404 729.1393941938209
200.0 6.472409777812109 737.8598428772901 731.3874330994779
201.0 6.57139462494917 736.9144222026541 730.3430275777049
202.0 6.529220711759439 735.9115083413578 729.3822876295983
203.0 6.486577398663534 736.8247396724263 730.3381622737627
204.0 6.534144734279098 737.9322395588169 731.3980948245378
205.0 6.532788464461811 735.2587980743136 728.7260096098518
206.0 6.622174580161097 731.365566837294 724.7433922571329
207.0 6.64769735871732 733.5477605950543 726.900063236337
208.0 6.668255868056963 734.1694637289806 727.5012078609236
209.0 6.674787673595787 732.3312342704169 725.6564465968211
210.0 6.626735525806537 731.9283627246617 725.3016271988552
211.0 6.572624701183181 733.8640213301293 727.2913966289461
212.0 6.637668105976889 731.6566593687719 725.018991262795
213.0 6.755201547421728 729.2467013985859 722.4914998511642
214.0 6.817906059708108 729.3099811121921 722.492075052484
215.0 6.720487451001125 732.2851541658595 725.5646667148583
216.0 6.633938715718386 730.7761643954735 724.1422256797551
217.0 6.795972706941549 728.5135108828883 721.7175381759467
218.0 6.759130621171111 732.0936837468053 725.3345531256342
219.0 6.744606381083355 730.1329335966093 723.3883272155259
220.0 6.763280563082897 732.474090908444 725.7108103453611
221.0 6.912905746083896 729.1715302989482 722.2586245528644
222.0 6.949611961028644 723.6611188563895 716.7115068953609
223.0 6.800173023209787 726.1427084963297 719.3425354731199
224.0 6.9102746531923 729.6985609991288 722.7882863459365
225.0 6.882620575801353 727.897313830141 721.0146932543396
226.0 6.925068860814049 725.9763029087177 719.0512340479036
227.0 6.911908828121122 723.8759503211771 716.964041493056
228.0 7.033298023555241 726.5267809117791 719.4934828882239
229.0 6.96932857964197 726.0751602906327 719.1058317109907
230.0 6.920537883269288 724.5976637045245 717.6771258212552
231.0 6.893326493647223 724.4219444393312 717.5286179456839
232.0 6.975134918673383 718.8277222318809 711.8525873132075
233.0 7.003725072951735 723.1354510870735 716.1317260141218
234.0 6.99385356874726 722.9729522836614 715.9790987149142
235.0 7.094763205153581 719.7732101633698 712.6784469582162
236.0 7.008467453334489 719.6023428809413 712.5938754276068
237.0 7.13012208137251 717.8347259295799 710.7046038482074
238.0 7.008727124794542 721.1256501869946 714.1169230622001
239.0 7.070668023199987 718.9131121517051 711.8424441285051
240.0 7.03756792923274 716.044976349852 709.0074084206193
241.0 7.037322757839601 718.7507619582228 711.7134392003832
242.0 7.022100839477755 721.3456351157967 714.3235342763189
243.0 7.055422745032246 719.6047599699583 712.5493372249261
244.0 7.03495130304733 717.6549643665843 710.6200130635369
245.0 7.07662318592846 718.902759265806 711.8261360798775
246.0 7.069412388644229 718.067719344119 710.9983069554748
247.0 7.031800074975064 713.2499713533335 706.2181712783584
248.0 7.036610382821588 713.2955301245182 706.2589197416966
249.0 7.042704846928821 715.2585614060385 708.2158565591097
250.0 7.077655339918668 715.0378241433394 707.9601688034208
251.0 6.950463592605605 715.4993712667603 708.5489076741547
252.0 7.099061262436736 713.2617427198535 706.1626814574168
253.0 7.012122671696109 716.4182454371905 709.4061227654944
254.0 7.151208355075939 712.3713578744319 705.2201495193559
255.0 6.991373324366156 712.6143108781412 705.622937553775
256.0 6.973179365596286 712.6878587109686 705.7146793453723
257.0 6.904078611556945 710.1771253496208 703.2730467380638
258.0 6.977390848083018 711.7092295888355 704.7318387407525
259.0 6.861214822600746 709.7914405353805 702.9302257127798
260.0 6.908709594215458 713.0462306648834 706.1375210706679
261.0 6.866757233041579 708.5159025161565 701.6491452831149
262.0 6.884828262740938 709.0591927746246 702.1743645118836
263.0 6.920416607633853 708.6166677615405 701.6962511539066
264.0 6.914786842308772 707.0453592528244 700.1305724105156
265.0 6.835838295942965 706.7134909159441 699.8776526200011
266.0 6.879146239516586 708.380210364813 701.5010641252964
267.0 6.880631166146057 704.1176574552742 697.2370262891281
268.0 6.794677379804936 705.7664363975509 698.971759017746
269.0 6.82618302101727 704.6473282530956 697.8211452320783
270.0 6.823582050822113 707.0874803759916 700.2638983251695
271.0 6.767799632753569 703.5431365131804 696.7753368804268
272.0 6.751374579931137 703.1824829964613 696.4311084165301
273.0 6.834822445985032 701.7947821910239 694.9599597450389
274.0 6.739225667811815 702.3026798481752 695.5634541803634
275.0 6.795602779553203 702.7506021802766 695.9549994007234
276.0 6.746724805046245 701.3729166367907 694.6261918317444
277.0 6.663522528336039 701.4363727917138 694.7728502633777
278.0 6.611269022669547 698.8907714038776 692.279502381208
279.0 6.594751301872952 700.8777975054664 694.2830462035935
280.0 6.636405073726634 701.1588331812201 694.5224281074934
281.0 6.601734316710053 701.0616905525627 694.4599562358527
282.0 6.672401278960068 699.0454449805542 692.3730437015941
283.0 6.601968278697722 697.719601508948 691.1176332302503
284.0 6.563261657649127 698.6240214425887 692.0607597849396
285.0 6.491467529577295 700.2017771945754 693.7103096649981
286.0 6.549428723854165 698.133034211093 691.5836054872389
287.0 6.5118248155935 696.6464550652136 690.1346302496201
288.0 6.478968423991464 694.9753021169669 688.4963336929754
289.0 6.470879689897842 694.6839618623394 688.2130821724415
290.0 6.448327639112331 694.4966475200071 688.0483198808948
291.0 6.486619810163123 691.5861828839116 685.0995630737485
292.0 6.47315945259524 694.0467368597955 687.5735774072003
293.0 6.427471506375888 691.1413856790795 684.7139141727036
294.0 6.396787197703826 692.4626876491832 686.0659004514794
295.0 6.366819955955946 690.858748333245 684.4919283772891
296.0 6.356383697707944 691.7165193060646 685.3601356083567
297.0 6.291225588669591 692.3268467646558 686.0356211759863
298.0 6.284072212609417 691.1105468145586 684.8264746019492
299.0 6.288801059386254 692.11852921384 685.8297281544537
300.0 6.269414629140902 688.5670910618946 682.2976764327537
301.0 6.270870205590687 688.569771638613 682.2989014330223
302.0 6.213982511716608 688.7022402923404 682.4882577806238
303.0 6.222678189787335 686.5058848214161 680.2832066316288
304.0 6.192917372975217 686.7735158607457 680.5805984877704
305.0 6.164079726100237 685.8707311828281 679.7066514567279
306.0 6.132017063154326 685.0923269720196 678.9603099088653
307.0 6.131623640809367 685.4667452771413 679.3351216363319
308.0 6.076041001153832 685.5943299163877 679.5182889152338
309.0 6.06088109221022 684.2216379449361 678.1607568527258
310.0 6.046344304674138 683.0985119876465 677.0521676829724
311.0 6.029031114854388 683.2280751032074 677.1990439883531
312.0 6.014847054915362 681.975295603279 675.9604485483636
313.0 5.99551469861178 682.7115800432616 676.7160653446498
314.0 5.946643130815817 681.5276237596062 675.5809806287904
315.0 5.946150946381881 680.3580675929079 674.411916646526
316.0 5.92711038761148 680.6262886450466 674.6991782574351
317.0 5.877243953711927 680.9784582458765 675.1012142921645
318.0 5.901040845648707 679.2249497458151 673.3239089001664
319.0 5.906466367646292 677.6806851565541 671.7742187889078
320.0 5.87794987059309 678.0914967707233 672.2135469001302
321.0 5.801087254346777 678.8788985430522 673.0778112887055
322.0 5.789052277588428 676.9846928127743 671.1956405351858
323.0 5.762577395426259 676.0497757948262 670.2871983994
324.0 5.777576401126749 675.0868331344039 669.3092567332772
325.0 5.653475501721472 676.0070297845136 670.3535542827921
326.0 5.671144727487259 675.1173976830551 669.4462529555678
327.0 5.669911053415733 673.3479759844917 667.6780649310759
328.0 5.664197428044996 673.8172333678217 668.1530359397767
329.0 5.613717831115837 671.7638153315191 666.1500975004032
330.0 5.646685616911482 671.685624854041 666.0389392371296
331.0 5.568942160532491 672.4041377488954 666.8351955883629
332.0 5.595706515632271 670.7931057813715 665.1973992657392
333.0 5.546837255878806 671.9782181202401 666.4313808643613
334.0 5.524471229975796 670.809206921225 665.2847356912492
335.0 5.500138646869163 669.2957457547719 663.7956071079027
336.0 5.498655649554377 668.736963207124 663.2383075575697
337.0 5.459965077707703 668.3885298610085 662.9285647833008
338.0 5.44917160048873 668.2457178009256 662.7965462004369
339.0 5.432627864621132 666.7039759777125 661.2713481130913
340.0 5.387970555524725 667.6233491000585 662.2353785445338
341.0 5.3885558899768 666.3684383032042 660.9798824132274
342.0 5.365573410193603 665.4720635090505 660.1064900988569
343.0 5.295825334106123 665.7240780251073 660.4282526910012
344.0 5.3132467313361 664.8616340735476 659.5483873422115
345.0 5.293413252491581 663.8043216646734 658.5109084121818
346.0 5.272783667833256 663.2684699232308 657.9956862553975
347.0 5.218585127395501 663.5495201666173 658.3309350392218
348.0 5.219169344446648 662.3665592006596 657.1473898562129
349.0 5.207674052047132 660.6522562543366 655.4445822022894
350.0 5.161004279642736 661.1882468543432 656.0272425747004
351.0 5.184174614685561 659.3790224235965 654.1948478089109
352.0 5.138099693134024 660.2434533410728 655.1053536479388
353.0 5.09926811357785 659.4162289170703 654.3169608034925
354.0 5.07981191192021 658.6690888927147 653.5892769807945
355.0 5.073906976323632 658.3756990229311 653.3017920466074
356.0 5.066939124842059 657.461808262198 652.394869137356
357.0 5.037649616963179 656.4269717350662 651.3893221181031
358.0 5.011686189446457 656.9697201217117 651.9580339322652
359.0 4.948639518870649 657.3598992167867 652.411259697916
360.0 4.997313993080945 655.4858777227613 650.4885637296803
361.0 4.951547187726231 654.5265047852631 649.5749575975369
362.0 4.933032012231937 653.7465588765522 648.8135268643203
363.0 4.913400946648978 653.9907431386736 649.0773421920246
364.0 4.902337552622493 653.3274926033118 648.4251550506893
365.0 4.877342812559493 652.7451330571806 647.8677902446211
366.0 4.866723451240308 651.3263064370044 646.4595829857641
367.0 4.836596796881654 651.3036888973532 646.4670921004716
368.0 4.814119460920702 650.7305740139904 645.9164545530697
369.0 4.811277663313238 650.2680915844677 645.4568139211545
370.0 4.790151022513695 649.7677779763621 644.9776269538484
371.0 4.785270629120817 649.1451955380394 644.3599249089186
372.0 4.756016385789154 648.0487450141659 643.2927286283768
373.0 4.732135230680542 648.055275685534 643.3231404548534
374.0 4.716703244840338 647.3627766301058 642.6460733852655
375.0 4.680053087090656 647.031367731199 642.3513146441083
376.0 4.6787263859049 646.0115251407819 641.332798754877
377.0 4.671074567688019 645.5439694686716 640.8728949009836
378.0 4.639025987436025 644.9282891708866 640.2892631834506
379.0 4.629995727711934 644.2925726931749 639.6625769654629
380.0 4.603201240971506 643.7180858834983 639.1148846425267
381.0 4.594554457118331 643.2697486672141 638.6751942100958
382.0 4.568259888856406 642.3964769466784 637.828217057822
383.0 4.55741064961273 642.4394131147578 637.882002465145
384.0 4.544757810091696 641.6779097447877 637.133151934696
385.0 4.531492396330618 641.0645272229224 636.5330348265917
386.0 4.517064637740672 640.4798362016085 635.9627715638678
387.0 4.49082629053203 640.0120083111269 635.5211820205948
388.0 4.482671328116379 639.7632579311254 635.280586603009
389.0 4.477734540855328 638.7202836310572 634.2425490902019
390.0 4.466744915760146 638.17483351704 633.7080886012799
391.0 4.432894221890286 637.2042973157863 632.771403093896
392.0 4.418495926283777 636.8418503380309 632.4233544117471
393.0 4.414284515356927 636.4023057240207 631.9880212086638
394.0 4.408152320952453 635.5883530021639 631.1802006812114
395.0 4.370764726153105 635.1867431796665 630.8159784535134
396.0 4.370097828198515 634.3948999778992 630.0248021497007
397.0 4.338842626110345 634.0072787193302 629.6684360932199
398.0 4.340514779651609 632.7790880981749 628.4385733185233
399.0 4.333136056263947 632.53302051095 628.199884454686
400.0 4.323713123587122 632.3798126877034 628.0560995641162
401.0 4.299165606622931 631.6387250261648 627.3395594195418
402.0 4.297067969789018 631.1200864216862 626.8230184518972
403.0 4.282302981460368 630.5910607217169 626.3087577402565
404.0 4.262627582204732 630.0982062927224 625.8355787105176
405.0 4.275336165588745 628.537618936259 624.2622827706703
406.0 4.257853969649565 628.3281006871363 624.0702467174868
407.0 4.231962723521909 627.8862513969618 623.6542886734399
408.0 4.223171241396501 627.7214754329104 623.4983041915139
409.0 4.220573345954075 626.7946137585023 622.5740404125482
410.0 4.206811253517954 625.881526182357 621.674714928839
411.0 4.198367914538969 625.4115153444295 621.2131474298905
412.0 4.176084735084698 624.8959797171789 620.7198949820942
413.0 4.176347019601566 624.516615093395 620.3402680737934
414.0 4.173189712078938 623.6303592842812 619.4571695722023
415.0 4.156948897637962 623.1615980682789 619.0046491706409
416.0 4.146497428163734 622.7058735554386 618.5593761272749
417.0 4.140931197024245 622.0904933907846 617.9495621937603
418.0 4.134849866070184 621.4441277868196 617.3092779207494
419.0 4.128783833132403 620.9181550909527 616.7893712578203
420.0 4.123998396299214 620.0990837469847 615.9750853506855
421.0 4.126258882428289 619.5586111771788 615.4323522947505
422.0 4.107515739846463 618.5846911673764 614.4771754275299
423.0 4.108997907760365 618.0866074014944 613.977609493734
424.0 4.09819625719265 617.3775818880643 613.2793856308717
425.0 4.101196289363011 617.0801549995206 612.9789587101576
426.0 4.099390892533041 616.0315558752241 611.932164982691
427.0 4.089777663064921 615.5628273740476 611.4730497109826
428.0 4.081337249721411 615.136405736009 611.0550684862876
429.0 4.084945033462841 614.2562303372176 610.1712853037548
430.0 4.10219691824384 613.5018535997325 609.3996566814887
431.0 4.085785963585548 612.9900408870555 608.90425492347
432.0 4.072509062465602 613.1104005623149 609.0378914998493
433.0 4.091349591679795 612.0294698375027 607.9381202458229
434.0 4.081878187596586 611.1313481870328 607.0494699994362
435.0 4.082944589344836 610.5161195054497 606.4331749161048
436.0 4.088634660805205 610.0464270826774 605.9577924218722
437.0 4.09209971017206 609.2187026612781 605.126602951106
438.0 4.101492389719815 608.4731709607703 604.3716785710505
439.0 4.099192637143107 608.2125645118606 604.1133718747175
440.0 4.114828957122739 607.1433496548008 603.0285206976781
441.0 4.114911025595852 606.6915253457176 602.5766143201217
442.0 4.119582620895508 605.8214899157335 601.701907294838
443.0 4.123264468957964 605.5804341720755 601.4571697031175
444.0 4.126097796671249 604.6535142194444 600.5274164227732
445.0 4.15457324080664 603.940167569068 599.7855943282614
446.0 4.154932325449226 603.3077238768981 599.1527915514489
447.0 4.160792697740471 603.0329576394255 598.8721649416851
448.0 4.183491530478411 601.7136624459337 597.5301709154553
449.0 4.183699215788195 601.375344028493 597.1916448127048
450.0 4.194223823095593 600.9566602215357 596.7624363984401
451.0 4.216947524744658 599.8910279069695 595.6740803822248
452.0 4.236874570723971 599.656382898027 595.4195083273031
453.0 4.2507223446656 598.4971054050557 594.2463830603901
454.0 4.262169186101011 598.1576083161308 593.8954391300298
455.0 4.290374726147766 597.2976533906525 593.0072786645048
456.0 4.298226822145617 596.7410789461758 592.4428521240302
457.0 4.324860267884888 595.9467888623363 591.6219285944514
458.0 4.353304789225852 595.0466819139699 590.693377124744
459.0 4.369071517626454 594.9647493556883 590.5956778380618
460.0 4.387265849922354 593.9651728848234 589.577907034901
461.0 4.428536628374842 593.2752107333783 588.8466741050035
462.0 4.450978491312513 592.5697874760173 588.1188089847048
463.0 4.472373294502079 591.9179372752322 587.4455639807302
464.0 4.511859693214733 591.1890735624339 586.6772138692191
465.0 4.534055417377938 590.2738743873443 585.7398189699663
466.0 4.571411777125214 589.7819030698206 585.2104912926954
467.0 4.584719980328839 589.3455461813422 584.7608262010134
468.0 4.631053906183333 588.4095724687993 583.7785185626159
469.0 4.67657563694925 587.8535290685245 583.1769534315753
470.0 4.713646006918555 586.8437088997928 582.1300628928743
471.0 4.749929301477716 586.2667890847928 581.5168597833151
472.0 4.787978150394995 585.5244827198955 580.7365045695005
473.0 4.826158535392602 585.0910296287229 580.2648710933303
474.0 4.86872128941162 584.273491459254 579.4047701698424
475.0 4.927424365627121 583.4207243801631 578.493300014536
476.0 4.970942909799735 582.5279859552122 577.5570430454124
477.0 5.024130813461422 581.9649636395906 576.9408328261292
478.0 5.064191929857452 581.1045472597479 576.0403553298904
479.0 5.112920658751031 580.7859669038155 575.6730462450645
480.0 5.171447217837331 579.9661868841018 574.7947396662645
481.0 5.207967357894274 579.7437689088147 574.5358015509204
482.0 5.295356713046747 578.2839998862721 572.9886431732253
483.0 5.338340675278448 577.6094351470963 572.2710944718178
484.0 5.393179428219994 577.1766156034748 571.7834361752548
485.0 5.458760808324214 576.1827212297906 570.7239604214664
486.0 5.536139066555829 575.8501877670459 570.3140487004901
487.0 5.586108300572483 575.1404929604078 569.5543846598353
488.0 5.646168714446753 574.131236554236 568.4850678397893
489.0 5.714879861267717 574.4394407711281 568.7245609098604
490.0 5.784706069119823 573.4074419857349 567.6227359166151
491.0 5.876604037359553 572.5055213472007 566.6289173098411
492.0 5.976280155491114 571.4173358588856 565.4410557033945
493.0 6.025544784496641 570.3652964256772 564.3397516411805
494.0 6.118056599442221 570.4464755614697 564.3284189620275
495.0 6.191592348454018 569.6145233509675 563.4229310025135
496.0 6.275035558269854 568.8136231874075 562.5385876291377
497.0 6.392416109746852 567.745258218194 561.3528421084472
498.0 6.454408698522653 567.3057127427185 560.8513040441959
499.0 6.559343114615754 566.320729329352 559.7613862147363
500.0 6.663231495518553 565.6395424553375 558.9763109598189
501.0 6.769254882259844 565.1386826926646 558.3694278104048
502.0 6.86378782537665 564.1342706589878 557.2704828336111
503.0 6.984386614866386 564.1379703149015 557.1535837000351
504.0 7.083476643489417 562.3648788710704 555.281402227581
505.0 7.190919116810242 561.9438578972338 554.7529387804236
506.0 7.269372039742054 562.7881488945199 555.5187768547778
507.0 7.397222317981159 561.2592259863842 553.8620036684031
508.0 7.53118646870179 560.1680531318151 552.6368666631133
509.0 7.671903324772902 559.995532044374 552.323628719601
510.0 7.78129152999339 559.3128495644384 551.531558034445
511.0 7.924038210492729 557.836894832386 549.9128566218933
512.0 8.026767746076751 558.169806369191 550.1430386231142
513.0 8.189932847883986 557.2860792000051 549.0961463521211
514.0 8.335221801025251 555.5247279076609 547.1895061066356
515.0 8.450501491526036 555.7514119379899 547.3009104464639
516.0 8.607561452770883 554.7469376344984 546.1393761817275
517.0 8.789246366237919 555.2134929540845 546.4242465878466
518.0 8.926704120887218 552.2375775991869 543.3108734782997
519.0 9.136939956808178 552.10062992245 542.9636899656419
520.0 9.155490041587013 554.9127089264647 545.7572188848777
521.0 9.401951720106894 551.0275527919402 541.6256010718333
522.0 9.553911852455836 549.0860336596041 539.5321218071483
523.0 9.770318440461867 550.8424666193403 541.0721481788784
524.0 10.04628564963955 548.4539577160814 538.4076720664418
525.0 10.14892512995146 551.1100728392751 540.9611477093237
526.0 10.25080019234702 549.5494439337577 539.2986437414106
527.0 10.63447193310925 545.4613956735529 534.8269237404437
528.0 10.76296859693614 547.3005083203038 536.5375397233677
529.0 10.9276074513923 546.6582384186586 535.7306309672663
530.0 11.05312032213018 548.7661917173759 537.7130713952458
531.0 11.39001574351833 546.2191923483777 534.8291766048593
532.0 11.55354298850661 544.3980269886732 532.8444840001666
533.0 11.69257757136161 537.5438466053724 525.8512690340108
534.0 11.65726965980796 550.1866403659 538.529370706092
535.0 12.0381713397558 544.1525381339296 532.1143667941738
536.0 12.40676346043853 542.9018752169899 530.4951117565514
537.0 12.62458336751386 542.4798632237388 529.8552798562249
538.0 13.35149204580403 534.2915031606501 520.9400111148461
539.0 13.17045061989146 529.2194605638619 516.0490099439704
540.0 13.41816246140723 537.882794849098 524.4646323876908
541.0 13.60688684243417 536.2996271988556 522.6927403564214
542.0 13.71773218808614 571.6412820455295 557.9235498574434
543.0 13.98524901825222 540.5760266131325 526.5907775948803
544.0 13.47047461037608 557.5758502059434 544.1053755955673
545.0 15.27625070322174 537.9126071943225 522.6363564911007
546.0 16.44579398810688 514.7527294227615 498.3069354346546
547.0 16.23859690292113 518.9588400215431 502.720243118622
548.0 14.91389715353121 528.2465957224252 513.332698568894
549.0 15.48920443270832 565.6415028998766 550.1522984671683
550.0 14.94669386686389 542.7510993449218 527.8044054780579
551.0 16.39210798495535 523.7053939496523 507.313285964697
552.0 24.74587101271447 441.6358690456505 416.889998032936
553.0 23.23754502636535 449.5551750150855 426.3176299887202
554.0 21.9992073484011 460.7811966377471 438.781989289346
555.0 19.039513461468 501.7067081036332 482.6671946421652
556.0 25.57247432020322 438.4051360101097 412.8326616899065
557.0 19.47011979254559 491.7179255577112 472.2478057651656
558.0 23.58242115709842 447.8283535046673 424.2459323475689
559.0 24.43913437825704 444.5007954782191 420.0616610999621
560.0 29.38356197863966 421.5395743599446 392.156012381305
561.0 33.26214810246222 403.0598283213012 369.797680218839
562.0 37.02223312181627 384.2041065949166 347.1818734731003
563.0 34.53626658598226 394.8795981222801 360.3433315362978
564.0 35.46515452856286 393.353774217512 357.8886196889491
565.0 30.67731482095542 415.5629403122784 384.885625491323
566.0 36.98341446184216 381.9947109722057 345.0112965103635
567.0 38.55022782477772 378.6936685527222 340.1434407279445
568.0 43.40125416720868 361.6911386804534 318.2898845132448
569.0 38.55048198507904 378.7015448147477 340.1510628296686
570.0 42.65491812564365 362.8707153784041 320.2157972527605
571.0 42.80093596361628 363.5833666818717 320.7824307182555
572.0 51.84916306168336 334.4914142824588 282.6422512207755
573.0 42.80888519918796 363.7216755567827 320.9127903575948
574.0 50.01126849099465 341.579480158248 291.5682116672533
575.0 42.14318952535999 365.0423869294647 322.8991974041047
576.0 61.85761932836457 306.7745987332673 244.9169794049027
577.0 62.44726174499055 304.6138287957822 242.1665670507916
578.0 43.40254601079116 361.7221366314139 318.3195906206228
579.0 54.22550695288218 329.7221340822374 275.4966271293553
580.0 79.99644571676452 262.1465005096093 182.1500547928448
581.0 66.32136445678736 295.7221362687139 229.4007718119266
582.0 73.67263247626186 277.7217046118393 204.0490721355774
583.0 80.58658061289151 263.5032583558063 182.9166777429148
584.0 85.79624605405216 253.7177050827332 167.9214590286811
585.0 99.31944714239553 227.3820150551843 128.0625679127888
586.0 97.26263163441108 231.5251356926863 134.2625040582752
587.0 96.2307345456949 233.6549144732558 137.4241799275609
588.0 97.26524731928497 231.5851661496192 134.3199188303343
591.0 110.866932612946 205.722137 94.85520438705399
