0.0 4.986716593857475 838.4150426099532 833.4283260160957
1.0 3.749168450007724 836.4258741697859 832.6767057197782
2.0 2.963910743474852 835.7649481421256 832.8010373986508
3.0 2.39167639517471 835.5840852811668 833.1924088859921
4.0 1.960455979637014 835.3913880265667 833.4309320469297
5.0 1.631332144824245 834.6093836288641 832.9780514840398
6.0 1.350921221928543 833.8956338135087 832.5447125915801
7.0 1.11252733720083 833.4967739909596 832.3842466537588
8.0 0.9375036017361808 832.8956227924907 831.9581191907545
9.0 0.7879393269944258 832.2439501221745 831.4560107951801
10.0 0.6414040155077626 831.5178631969679 830.8764591814602
11.0 0.5383623035118738 831.4746922571012 830.9363299535894
12.0 0.4360062418598643 830.733482015687 830.2974757738271
13.0 0.3573940992428846 830.1453941334365 829.7880000341936
14.0 0.2997475352452214 829.6230219443102 829.3232744090649
15.0 0.2367351393240992 829.1740322819359 828.9372971426118
16.0 0.1865360322303164 828.6883055240917 828.5017694918614
17.0 0.1561439439547319 828.1784771080102 828.0223331640555
18.0 0.1237235368619799 827.6861595405753 827.5624360037134
19.0 0.1006810736280802 827.1437090382992 827.0430279646712
20.0 0.08294139216065 826.8791866971446 826.7962453049839
21.0 0.0655429443433187 826.2702414889871 826.2046985446438
22.0 0.04706660739721011 825.7772738412225 825.7302072338253
23.0 0.04724195983822431 825.461255535883 825.4140135760448
24.0 0.02997524273743297 824.8913060413547 824.8613307986173
25.0 0.01553610601989715 824.4163921417586 824.4008560357387
26.0 0.01429927305358678 824.1549129960926 824.140613723039
27.0 0.008709123295031387 823.7662853524197 823.7575762291247
28.0 0.003943186115979838 823.1787700912195 823.1748269051035
29.0 0.0003295152789981326 822.9603079192632 822.9599784039842
30.0 0.0001171764525830093 822.4432225673928 822.4431053909402
31.0 0 822.0541749652823 822.0541749652823
32.0 0.001240014346490112 821.7280807914384 821.7268407770919
33.0 0.005614771044671979 821.1486379313215 821.1430231602768
34.0 0.002651241851621564 820.6521575119534 820.6495062701018
35.0 0.01232878957231152 820.298653616889 820.2863248273167
36.0 0.01620033682005312 819.8060575865021 819.789857249682
37.0 0.02061224486139099 819.5198994937289 819.4992872488675
38.0 0.03125287819358921 819.0970054084818 819.0657525302882
39.0 0.03956996021437351 818.7229284784458 818.6833585182314
40.0 0.05098938576706338 818.2619063879649 818.2109170021979
41.0 0.06164426341186385 817.7301240325699 817.6684797691581
42.0 0.08078316692355292 817.1562983823303 817.0755152154067
43.0 0.09257473853234612 816.8731778970112 816.7806031584788
44.0 0.1050129181766124 816.4250008167438 816.3199878985672
45.0 0.1232870332536368 815.8208525380095 815.6975655047558
46.0 0.1423791728455954 815.4398392353572 815.2974600625116
47.0 0.1621082603942094 814.9729725967819 814.8108643363877
48.0 0.1760465438792982 814.3596272271542 814.1835806832749
49.0 0.195616886364663 813.9607855170516 813.7651686306869
50.0 0.2139483272523256 813.4784559322175 813.2645076049652
51.0 0.2388898492025221 812.8967300517412 812.6578402025387
52.0 0.2635181438083163 812.409704978458 812.1461868346497
53.0 0.2811359772869463 811.7999393101618 811.5188033328748
54.0 0.3081997401154924 811.5278227751675 811.219623035052
55.0 0.3349823436472262 810.9972651298072 810.66228278616
56.0 0.3617721032780799 810.4151344502988 810.0533623470207
57.0 0.394797314878171 810.059050098225 809.6642527833468
58.0 0.4247097756582195 809.5320638900425 809.1073541143843
59.0 0.4591641483155946 808.8900533539577 808.4308892056421
60.0 0.4922847811805632 808.3402199398006 807.8479351586201
61.0 0.5247683508021046 807.9620850779152 807.4373167271131
62.0 0.5643579106684151 807.3306761378493 806.7663182271809
63.0 0.5978124324653687 806.761439927082 806.1636274946166
64.0 0.6418481659241331 806.2310229023682 805.589174736444
65.0 0.6769542774284682 806.0375071843601 805.3605529069316
66.0 0.7286228623597435 805.3111267683227 804.5825039059629
67.0 0.7634226231817571 804.7765692140404 804.0131465908587
68.0 0.807309609265937 804.3104169785983 803.5031073693323
69.0 0.8525218386779582 803.9202329797056 803.0677111410276
70.0 0.8994611199546763 803.2991471214783 802.3996860015236
71.0 0.9499695052311453 802.4114226171421 801.4614531119109
72.0 0.9905388788222073 802.3027474456429 801.3122085668207
73.0 1.041023326613974 801.6587470560021 800.6177237293881
74.0 1.099374601150816 801.2493042690296 800.1499296678788
75.0 1.138506215841649 800.3655309250447 799.2270247092031
76.0 1.193816591203963 799.854749458953 798.660932867749
77.0 1.244898888957276 799.4536299842477 798.2087310952904
78.0 1.296058271167325 799.0545469595086 797.7584886883412
79.0 1.34510938042966 798.69677060604 797.3516612256103
80.0 1.399403601660028 797.7485305028718 796.3491269012118
81.0 1.463083493034899 797.725547795871 796.2624643028361
82.0 1.502004979920082 796.9435429924794 795.4415380125594
83.0 1.575988633713271 796.133552820403 794.5575641866897
84.0 1.624981067682961 795.7412824067234 794.1163013390405
85.0 1.684667673119755 795.3217873535714 793.6371196804517
86.0 1.74215544084813 794.817638882799 793.0754834419509
87.0 1.790180801268411 794.388904381216 792.5987235799475
88.0 1.877636492083273 793.1956176042101 791.3179811121269
89.0 1.936986701169491 793.0744484359015 791.137461734732
90.0 1.994483290721155 792.5453781776589 790.5508948869377
91.0 2.064977995444299 791.6374352472765 789.5724572518322
92.0 2.141571917011654 790.8901999204874 788.7486280034758
93.0 2.216494739945371 790.6353775976966 788.4188828577513
94.0 2.28226172192954 790.5165411037907 788.2342793818612
95.0 2.338576620939652 789.507449222219 787.1688726012794
96.0 2.432014519375213 788.7023283842125 786.2703138648372
97.0 2.489365632539204 788.4439791041893 785.95461347165
98.0 2.587385577817864 787.7155005885448 785.1281150107269
99.0 2.679304882230207 787.154259859886 784.4749549776558
100.0 2.759109583089052 786.671748574694 783.9126389916049
101.0 2.831004151349814 786.3174263186239 783.486422167274
102.0 2.935524097528771 786.3895583064654 783.4540342089367
103.0 3.018547569607464 785.5301221476483 782.5115745780408
104.0 3.107006589661576 784.9692351375305 781.8622285478689
105.0 3.20924320699811 784.566579706963 781.3573364999649
106.0 3.30363309741579 783.6740506930498 780.370417595634
107.0 3.380935295537671 782.9380089721653 779.5570736766277
108.0 3.483010327989778 781.7530383752315 778.2700280472417
109.0 3.604883594824361 781.7273132919233 778.122429697099
110.0 3.667530197860295 781.8204536152826 778.1529234174223
111.0 3.766859472190026 781.4097780544312 777.6429185822412
112.0 3.849308237567664 781.1221209257825 777.2728126882149
113.0 3.979840924842622 780.9577993209659 776.9779583961233
114.0 4.069321721424786 779.5663914548204 775.4970697333956
115.0 4.125144588940067 779.3152081328994 775.1900635439594
116.0 4.236347402176355 779.9438745049607 775.7075271027844
117.0 4.318168224242192 778.5708504037605 774.2526821795183
118.0 4.414786064979394 778.675556826748 774.2607707617686
119.0 4.47002574026082 778.6123510553777 774.1423253151168
120.0 4.610554196944721 778.3440417812608 773.7334875843161
121.0 4.676342246000207 777.3023755411075 772.6260332951073
122.0 4.730306239615049 776.1160286457016 771.3857224060866
123.0 4.863262619671539 777.3725021988927 772.5092395792212
124.0 4.882903126029218 775.5543012144998 770.6713980884706
125.0 4.969182337910328 775.7971193673942 770.8279370294839
126.0 5.124873809179582 775.0695332602217 769.9446594510421
127.0 5.086870569723814 774.230976416234 769.1441058465102
128.0 5.129967934736479 774.5085094043122 769.3785414695757
129.0 5.181126238856043 774.9999931178975 769.8188668790415
130.0 5.257258069275348 773.3056381623357 768.0483800930603
131.0 5.289564305320596 775.9276878289809 770.6381235236603
132.0 5.345701656604957 772.8306298828966 767.4849282262917
133.0 5.444170462530216 772.7384696434205 767.2942991808903
134.0 5.491639830508228 771.3852661486384 765.8936263181302
135.0 5.441733867081963 772.857370284577 767.4156364174951
136.0 5.514684723066741 771.5514029409875 766.0367182179208
137.0 5.620122807855582 771.5134355552494 765.8933127473938
138.0 5.548034834768861 768.6589803069312 763.1109454721623
139.0 5.646540433758725 769.0042506339166 763.3577102001578
140.0 5.689405152972827 771.0390107803893 765.3496056274164
141.0 5.739285999255715 769.2164983846932 763.4772123854374
142.0 5.767890329623224 766.6451586167104 760.8772682870871
143.0 5.83414011464745 767.257842855696 761.4237027410485
144.0 5.724943384055028 768.2896236880617 762.5646803040067
145.0 5.83414695761363 767.6053770416332 761.7712300840196
146.0 5.85422844201788 767.686075297867 761.8318468558491
147.0 5.887048992803535 767.7402738179574 761.8532248251539
148.0 5.82846563320646 768.0997755808913 762.2713099476848
149.0 5.934222786444568 766.6854897553119 760.7512669688674
150.0 5.873756732864149 766.8215563208091 760.9477995879449
151.0 5.981445107409094 765.2344334689037 759.2529883614946
152.0 6.025325661230287 764.6388459421481 758.6135202809178
153.0 5.96295154620136 764.4363635981303 758.473412051929
154.0 6.065870163630045 762.623607637568 756.557737473938
155.0 6.000880454276174 762.254657439929 756.2537769856528
156.0 6.020959378382515 760.4385053157467 754.4175459373641
157.0 6.016156635568302 761.3802871352826 755.3641304997143
158.0 6.120790252097346 759.1389214272252 753.0181311751278
159.0 6.13637668853966 759.0644151043588 752.9280384158191
160.0 6.197594970320137 758.4519754820686 752.2543805117484
161.0 6.136424479886685 760.7416263692045 754.6052018893178
162.0 6.161629569390747 758.6895800709325 752.5279505015418
163.0 6.179558077293657 760.8336140938242 754.6540560165305
164.0 6.16931276217048 758.9884204752749 752.8191077131044
165.0 6.160888585181335 758.0298558130935 751.8689672279121
166.0 6.196473515002659 756.7084738184148 750.5120003034121
167.0 6.197053766887249 756.1605616563626 749.9635078894754
168.0 6.194229825148224 756.9438074201769 750.7495775950287
169.0 6.200530807933273 756.9653021934963 750.764771385563
170.0 6.284658278402606 754.7440183028579 748.4593600244552
171.0 6.31246080670407 754.1792006896215 747.8667398829175
172.0 6.37550018464031 753.6513767908406 747.2758766062003
173.0 6.256481810603504 755.8484491239144 749.5919673133109
174.0 6.271784658856912 755.021298517205 748.7495138583481
175.0 6.394900413124832 755.1999980813046 748.8050976681798
176.0 6.367558201178734 752.6165964587295 746.2490382575508
177.0 6.446680371409258 749.6398938670709 743.1932134956617
178.0 6.409086010304502 753.7884222639517 747.3793362536472
179.0 6.396072394546351 751.3926543873328 744.9965819927864
180.0 6.447162901428043 749.7888936253804 743.3417307239524
181.0 6.441177821909894 752.0015623003149 745.560384478405
182.0 6.529926831943856 747.3420679760865 740.8121411441427
183.0 6.5106950837721 746.8248114385897 740.3141163548176
184.0 6.437375136635591 749.3546367705101 742.9172616338745
185.0 6.513199630657385 751.866823577862 745.3536239472046
186.0 6.571528770165829 745.8790516948248 739.3075229246589
187.0 6.562652460813362 747.5736166917881 741.0109642309748
188.0 6.540148852848186 748.3840890649991 741.8439402121509
189.0 6.597847258330161 746.3306322157426 739.7327849574124
190.0 6.743264856084159 741.6980595408355 734.9547946847513
191.0 6.521905233342125 744.7637111772623 738.2418059439201
192.0 6.686207581776781 743.483273936475 736.7970663546982
193.0 6.725409869027429 741.8162078868698 735.0907980178424
194.0 6.651099926485325 742.5138183316642 735.8627184051789
195.0 6.751658229809331 741.4357847412815 734.6841265114721
196.0 6.699432153525047 744.1294645541879 737.4300324006628
197.0 6.745378912460711 740.4136521617197 733.668273249259
198.0 6.702687647563439 739.6556833230432 732.9529956754797
199.0 6.908345816688046 738.4868622950421 731.578516478354
200.0 6.760225102069203 740.3012376541636 733.5410125520944
201.0 6.862421460599669 739.485639170357 732.6232177097573
202.0 6.823727053166972 738.2903462024113 731.4666191492444
203.0 6.777731485803475 739.3380431460519 732.5603116602484
204.0 6.822023672859401 740.3029354814629 733.4809118086035
205.0 6.829662624814884 737.5045863458186 730.6749237210037
206.0 6.932267009370665 733.525229259388 726.5929622500173
207.0 6.950345286007089 735.9292647964833 728.9789195104762
208.0 6.968608503864444 736.7382259090117 729.7696174051473
209.0 6.981127232124315 734.9579410079638 727.9768137758395
210.0 6.934472806825966 734.4008171265702 727.4663443197443
211.0 6.87404033034062 736.2071345458743 729.3330942155337
212.0 6.946502481233615 734.0303445216875 727.0838420404539
213.0 7.072745721217502 731.3689210264063 724.2961753051888
214.0 7.13493376406502 731.7629847373085 724.6280509732434
215.0 7.027044947678223 734.9631942733297 727.9361493256514
216.0 6.945457069173381 733.2857981674409 726.3403410982675
217.0 7.115560003502053 730.9425895890174 723.8270295855154
218.0 7.065355231455225 735.4600669015841 728.3947116701288
219.0 7.05850041857223 732.691089852177 725.6325894336048
220.0 7.068600554989981 735.6667341175654 728.5981335625754
221.0 7.229156364753494 732.5896219839991 725.3604656192456
222.0 7.285790786551821 726.0093108276237 718.7235200410719
223.0 7.127779310235032 728.4377443274499 721.3099650172148
224.0 7.224517253956124 733.3019399740059 726.0774227200498
225.0 7.203612441516089 730.9008102860808 723.6971978445647
226.0 7.253272578260855 728.4892266241319 721.2359540458711
227.0 7.24725760873405 726.2194704307763 718.9722128220422
228.0 7.359827604883297 729.1702910733319 721.8104634684486
229.0 7.296653103673878 729.0207974083823 721.7241443047084
230.0 7.253249563358815 727.1246675106436 719.8714179472848
231.0 7.226096511973704 727.2094850202463 719.9833885082726
232.0 7.327141418812009 721.2424407797843 713.9152993609722
233.0 7.341429325059908 725.7006511913107 718.3592218662508
234.0 7.331520440078574 725.8707546131318 718.5392341730533
235.0 7.443716389281209 722.3981444534885 714.9544280642073
236.0 7.358165341050284 721.9398726359094 714.5817072948592
237.0 7.486269854003715 720.0257957339124 712.5395258799087
238.0 7.353340651887282 723.5216798936862 716.1683392417989
239.0 7.423228039807923 721.0023033134363 713.5790752736284
240.0 7.398896952766165 718.4792674038561 711.0803704510899
241.0 7.38956671113801 721.2978889642769 713.9083222531389
242.0 7.364583338983899 724.6488145440612 717.2842312050773
243.0 7.404377189712789 722.4924837035929 715.0881065138801
244.0 7.391136012695092 720.0004597617985 712.6093237491034
245.0 7.4286393318611 721.3638162241185 713.9351768922574
246.0 7.423917569597518 720.6683794058322 713.2444618362347
247.0 7.402610791621383 715.4893756490364 708.086764857415
248.0 7.407564995466787 715.3630862711757 707.9555212757089
249.0 7.406040212062994 718.0647817329911 710.6587415209281
250.0 7.441926049081927 717.7805603733008 710.3386343242189
251.0 7.312868433058126 718.1946702484096 710.8818018153515
252.0 7.469289778605696 715.9801805598271 708.5108907812214
253.0 7.371336979659783 719.3480259968939 711.9766890172341
254.0 7.524641258419126 715.0030354014342 707.478394143015
255.0 7.363145739474712 715.4542680172002 708.0911222777255
256.0 7.345255717777789 715.1553003898122 707.8100446720344
257.0 7.283559147878034 713.0417209140626 705.7581617661846
258.0 7.352735372082741 714.1501546264397 706.7974192543569
259.0 7.242683612368955 712.1139407799187 704.8712571675497
260.0 7.277940198357044 716.4953016260525 709.2173614276955
261.0 7.25257373038099 710.7450392040831 703.4924654737021
262.0 7.268296338119891 711.6725386547595 704.4042423166396
263.0 7.305693702839508 711.0866324633396 703.7809387605001
264.0 7.305386215263636 709.3987703941408 702.0933841788772
265.0 7.227375183104334 709.002594796828 701.7752196137237
266.0 7.264605885496442 711.1346170906639 703.8700112051675
267.0 7.280166861203848 706.8225898314289 699.542422970225
268.0 7.189343071052323 707.9631176169657 700.7737745459134
269.0 7.22400112472317 707.2424817192278 700.0184805945046
270.0 7.212457910213576 710.2439167104397 703.0314588002261
271.0 7.169898919222212 705.6041169572211 698.4342180379989
272.0 7.15432048158458 705.4214290522576 698.267108570673
273.0 7.242088162862319 704.3474174291133 697.105329266251
274.0 7.144106380172609 705.1084107432685 697.9643043630958
275.0 7.197870189444701 706.4323209519632 699.2344507625185
276.0 7.15506766454438 703.9349093963037 696.7798417317593
277.0 7.071411527087172 703.9806382666622 696.9092267395751
278.0 7.027929773829582 701.0785746285069 694.0506448546773
279.0 7.003678429000444 703.8014422870218 696.7977638580213
280.0 7.044972376266086 703.7965681689933 696.7515957927272
281.0 7.010118292959347 703.9390439323539 696.9289256393945
282.0 7.088066445634378 701.6513352586413 694.5632688130069
283.0 7.021754661314857 700.3294994209541 693.3077447596392
284.0 6.979977645350647 701.2279565416482 694.2479788962975
285.0 6.901935279831747 703.3314208095105 696.4294855296787
286.0 6.96799581607484 700.5471512556872 693.5791554396124
287.0 6.934272503803713 699.6425213917069 692.7082488879032
288.0 6.907449698245771 697.5378115178253 690.6303618195796
289.0 6.900242701340668 697.2736067670949 690.3733640657543
290.0 6.878058538469724 697.1956709727693 690.3176124342996
291.0 6.926384527518766 694.0662213028946 687.1398367753758
292.0 6.904450897446223 696.7440486364508 689.8395977390046
293.0 6.868634982290849 693.5380772425362 686.6694422602453
294.0 6.833741579359585 694.71763614405 687.8838945646904
295.0 6.808890638806926 693.1457114264442 686.3368207876373
296.0 6.794848691810066 694.4689831730122 687.6741344812022
297.0 6.727291574935985 695.1944759420327 688.4671843670967
298.0 6.72444600901007 693.767823511277 687.043377502267
299.0 6.724950983891735 695.3861817802153 688.6612307963236
300.0 6.718326326214872 691.082595926769 684.3642696005541
301.0 6.719583402207858 691.2063961459162 684.4868127437083
302.0 6.662192421703928 691.2763911104836 684.6141986887796
303.0 6.678834311598227 688.6292475296881 681.9504132180899
304.0 6.647681907679914 689.1523983912244 682.5047164835445
305.0 6.621421426473108 688.4328390374551 681.811417610982
306.0 6.592047040339936 687.5116970404129 680.919650000073
307.0 6.590263360746187 687.9839919635065 681.3937286027603
308.0 6.533438492691343 688.517483667463 681.9840451747716
309.0 6.523192586718896 686.8480961801309 680.324903593412
310.0 6.512060052215373 685.8993309457325 679.3872708935171
311.0 6.494834738438607 685.6491390212335 679.1543042827949
312.0 6.484861830914393 684.31103452315 677.8261726922356
313.0 6.462516882438515 685.3734621272571 678.9109452448185
314.0 6.417749269824804 683.9535714081417 677.5358221383169
315.0 6.421266344173422 682.682426766706 676.2611604225326
316.0 6.400947734837778 683.1549637185932 676.7540159837555
317.0 6.349374999266336 683.7554640791675 677.4060890799012
318.0 6.379557027180862 681.653364750891 675.2738077237101
319.0 6.390155091578712 680.0613622991907 673.6712072076119
320.0 6.359808566048886 680.708560307615 674.3487517415662
321.0 6.280220687281176 681.4287087599873 675.1484880727061
322.0 6.274241344692975 679.6112409102336 673.3369995655406
323.0 6.250793697090258 678.6529206301631 672.4021269330728
324.0 6.269327080232577 677.48817163889 671.2188445586574
325.0 6.141620142703112 678.514990820834 672.3733706781309
326.0 6.162211202812981 677.6610755077714 671.4988643049585
327.0 6.166868028204157 675.8466920916598 669.6798240634556
328.0 6.159672580847251 676.260087185615 670.1004146047678
329.0 6.115789604451233 674.1985996339892 668.0828100295379
330.0 6.149136937708898 674.1088300828507 667.9596931451418
331.0 6.068615913616232 674.9325395131213 668.8639235995051
332.0 6.100970624576168 673.1864452703207 667.0854746457446
333.0 6.047540076508969 674.6859296445777 668.6383895680687
334.0 6.028876490535104 673.5762215630133 667.5473450724782
335.0 6.009829356247217 671.8008759832375 665.7910466269903
336.0 6.010193874951371 671.2292839039016 665.2190900289502
337.0 5.972422121154026 670.9445518575695 664.9721297364155
338.0 5.962046575204269 670.8105127711412 664.8484661959369
339.0 5.95057225188847 669.2277671634169 663.2771949115284
340.0 5.902767003433977 670.13779979163 664.2350327881961
341.0 5.907478239138261 668.8821583814336 662.9746801422953
342.0 5.886774600463728 668.3714337589545 662.4846591584908
343.0 5.816604159907856 668.2087329433961 662.3921287834882
344.0 5.836858606273034 667.3824675786039 661.5456089723309
345.0 5.820576253856418 666.234759602711 660.4141833488546
346.0 5.801577735256045 665.7355168538579 659.9339391186018
347.0 5.746231733573159 666.0455070090604 660.2992752754872
348.0 5.750568895938024 664.9480367533245 659.1974678573865
349.0 5.745024177456929 663.0106169807651 657.2655928033081
350.0 5.696184820829579 663.7034920917201 658.0073072708905
351.0 5.725408960201594 661.8740112122507 656.1486022520491
352.0 5.676334333376194 662.7424814916147 657.0661471582385
353.0 5.640070687202318 661.9295991342651 656.2895284470628
354.0 5.623158774971137 661.0891425893295 655.4659838143583
355.0 5.618080727661524 660.8650305054433 655.2469497777818
356.0 5.614172769848046 659.902463623839 654.288290853991
357.0 5.587959393882247 659.0066688974599 653.4187095035777
358.0 5.560077041430836 659.5787712274129 654.0186941859821
359.0 5.495570861992662 659.9504912037544 654.4549203417617
360.0 5.550740836765687 657.9673222971453 652.4165814603796
361.0 5.508062217437435 656.9545828369448 651.4465206195073
362.0 5.492011535347211 656.1960436012076 650.7040320658604
363.0 5.471256187976258 656.6023993700291 651.1311431820528
364.0 5.462578946685627 655.7863241893969 650.3237452427113
365.0 5.439361034582784 655.237327763303 649.7979667287202
366.0 5.433486906077953 653.7439318272653 648.3104449211873
367.0 5.40315586999754 653.8314759021903 648.4283200321928
368.0 5.382534570080085 653.2285705311522 647.8460359610721
369.0 5.381201529825674 652.7681729070681 647.3869713772424
370.0 5.361664359985825 652.256083992577 646.8944196325911
371.0 5.358733136916964 651.6821277996841 646.3233946627671
372.0 5.333130034565144 650.4962353100238 645.1631052754586
373.0 5.308952829474713 650.6246931343056 645.3157403048309
374.0 5.295895086928952 649.8388086720171 644.5429135850882
375.0 5.260034972529315 649.6172497017308 644.3572147292014
376.0 5.262234536569058 648.4857056618324 643.2234711252633
377.0 5.255971833962413 648.0920975255494 642.836125691587
378.0 5.225976885406741 647.3928962779228 642.1669193925161
379.0 5.218878713021105 646.834927354436 641.6160486414149
380.0 5.193952493991446 646.218051883025 641.0240993890335
381.0 5.18666071711318 645.8242991624416 640.6376384453285
382.0 5.163297998848498 644.8565722471679 639.6932742483194
383.0 5.152129967225522 644.9881891931924 639.8360592259669
384.0 5.14202367840649 644.1710218170082 639.0289981386017
385.0 5.130642233860959 643.6133704667038 638.4827282328428
386.0 5.118170142855625 642.9776065871449 637.8594364442893
387.0 5.093274163783759 642.5765908795641 637.4833167157803
388.0 5.085960468724474 642.294029072331 637.2080686036066
389.0 5.084437615670866 641.249617511857 636.1651798961861
390.0 5.075178429364131 640.7215933119049 635.6464148825408
391.0 5.044464332569831 639.7105777721984 634.6661134396286
392.0 5.031153619576789 639.384644340584 634.3534907210072
393.0 5.028444945917692 638.8976239846516 633.8691790387339
394.0 5.024892756492366 638.130620059954 633.1057273034616
395.0 4.988688757442127 637.7364271096891 632.747738352247
396.0 4.990651791528388 636.9239149845659 631.9332631930375
397.0 4.960659631831033 636.4787886723992 631.5181290405681
398.0 4.966333282865688 635.275673985803 630.3093407029373
399.0 4.959678147018209 635.0657251537372 630.1060470067189
400.0 4.95060452403715 634.9883502587666 630.0377457347294
401.0 4.928492585239902 634.196587562742 629.2680949775021
402.0 4.928128559151094 633.6550462352191 628.726917676068
403.0 4.915024850872593 633.142750135444 628.2277252845714
404.0 4.896905418413086 632.6484374670578 627.7515320486447
405.0 4.91486949317217 631.0339905834199 626.1191210902478
406.0 4.898065416981819 630.7945651984144 625.8964997814326
407.0 4.87345510346977 630.4046377624242 625.5311826589544
408.0 4.865114805358319 630.2814887036284 625.4163738982701
409.0 4.865634134986124 629.299641376929 624.4340072419429
410.0 4.85488350716807 628.3502831603324 623.4953996531643
411.0 4.847914192878127 627.9073865150508 623.0594723221727
412.0 4.827247500372761 627.3934852752234 622.5662377748506
413.0 4.828688397815905 627.0571595718042 622.2284711739883
414.0 4.828460843738732 626.1545212832305 621.3260604394918
415.0 4.813719912799714 625.6757771197322 620.8620572069325
416.0 4.804740711267645 625.2122828226131 620.4075421113455
417.0 4.801113964978392 624.6363487662181 619.8352348012397
418.0 4.797182104111527 623.9619902778752 619.1648081737637
419.0 4.792781829288552 623.4609581661574 618.6681763368689
420.0 4.79068715543374 622.633458845883 617.8427716904493
421.0 4.794683383819131 622.1198461037316 617.3251627199125
422.0 4.779203540736268 621.0689075733117 616.2897040325754
423.0 4.782337350930219 620.5633465103753 615.781009159445
424.0 4.773755160203786 619.9004862312184 615.1267310710146
425.0 4.777756164151557 619.594124329628 614.8163681654765
426.0 4.779442073121661 618.5126477932297 613.733205720108
427.0 4.771257642385625 618.0928842409886 613.321626598603
428.0 4.764217482909796 617.6490248212783 612.8848073383685
429.0 4.770775508851765 616.7386488706422 611.9678733617904
430.0 4.790536010245618 616.0010107867192 611.2104747764735
431.0 4.775783967204377 615.4683157367679 610.6925317695636
432.0 4.761943105655165 615.6659026472517 610.9039595415966
433.0 4.784425978199049 614.5659847665438 609.7815587883447
434.0 4.777972558180446 613.6065609172024 608.8285883590219
435.0 4.780943290989917 613.0657303575186 608.2847870665287
436.0 4.788258532770656 612.556501272753 607.7682427399824
437.0 4.79446751911583 611.719901562176 606.9254340430602
438.0 4.806286156295957 611.0072594496759 606.20097329338
439.0 4.804879439918225 610.719810824346 605.9149313844277
440.0 4.824098052198994 609.6374593143534 604.8133612621544
441.0 4.825653116710463 609.1921136584549 604.3664605417444
442.0 4.833256653586185 608.2868309824606 603.4535743288744
443.0 4.837605706335884 608.1293512170854 603.2917455107495
444.0 4.843565990652029 607.1574881776087 602.3139221869566
445.0 4.874452491477196 606.4592810481797 601.5848285567025
446.0 4.876917232430086 605.8102314288919 600.9333141964618
447.0 4.883598465694568 605.6016533045396 600.718054838845
448.0 4.910825486420975 604.205102971836 599.294277485415
449.0 4.912109877256045 603.8878909711032 598.9757810938472
450.0 4.924007593325045 603.4906221510086 598.5666145576836
451.0 4.950380176938871 602.3794871038055 597.4291069268666
452.0 4.971035360459977 602.2114034256217 597.2403680651618
453.0 4.988872286863838 600.9664458293105 595.9775735424466
454.0 5.001464112153374 600.6331946039496 595.6317304917963
455.0 5.032524611298415 599.8115115915525 594.778986980254
456.0 5.042278337301187 599.2255131001426 594.1832347628414
457.0 5.071583201043744 598.447229147575 593.3756459465312
458.0 5.103142205682971 597.5055501662923 592.4024079606093
459.0 5.119091291596094 597.5090514767474 592.3899601851514
460.0 5.140694027239812 596.4689302515557 591.3282362243159
461.0 5.184316722481562 595.8100998938072 590.6257831713256
462.0 5.209222887612958 595.0586360736433 589.8494131860304
463.0 5.232813375267408 594.4159881597043 589.1831747844369
464.0 5.274854838519357 593.6685186743451 588.3936638358257
465.0 5.30009063182712 592.7769274444175 587.4768368125904
466.0 5.339262583894846 592.2357289632822 586.8964663793874
467.0 5.353934920915454 591.8722999464506 586.5183650255351
468.0 5.403613658691143 590.8612978060539 585.4576841473627
469.0 5.451040846541758 590.3486854164422 584.8976445699004
470.0 5.491602579040766 589.3060286049373 583.8144260258966
471.0 5.529863365299282 588.752053245661 583.2221898803617
472.0 5.570505778612285 587.9904039271184 582.4198981485061
473.0 5.610218805581008 587.5684518825593 581.9582330769783
474.0 5.655569793690046 586.772720579342 581.1171507856519
475.0 5.71731081725661 585.892247239776 580.1749364225194
476.0 5.763946181869931 584.9744076474211 579.2104614655512
477.0 5.819145936685188 584.4189962368199 578.5998503001348
478.0 5.862244490310636 583.5079407084878 577.6456962181771
479.0 5.912178112798242 583.1885457703129 577.2763676575147
480.0 5.973496372421912 582.4273314568873 576.4538350844654
481.0 6.010826972453802 582.2298624995869 576.2190355271331
482.0 6.103455984340691 580.6734279414815 574.5699719571408
483.0 6.148799733208048 579.9976374287451 573.8488376955371
484.0 6.205147019105625 579.6226682870569 573.4175212679513
485.0 6.274350794569107 578.5385544139655 572.2642036193964
486.0 6.353035532744234 578.2313739016209 571.8783383688767
487.0 6.405578154991741 577.4723999423416 571.0668217873499
488.0 6.469083175049554 576.5067248437455 570.037641668696
489.0 6.536822088933379 576.9300112772335 570.3931891883002
490.0 6.61047638759657 575.7672894089892 569.1568130213926
491.0 6.705594049932177 574.8946170864806 568.1890230365484
492.0 6.809189907584192 573.7943860844209 566.9851961768367
493.0 6.862241074275853 572.6374695963758 565.7752285220999
494.0 6.954506539243902 572.8980504882837 565.9435439490398
495.0 7.031145040898224 571.983733103994 564.9525880630958
496.0 7.117531098932215 571.1570867455421 564.0395556466098
497.0 7.238847023850196 570.0658992374343 562.8270522135841
498.0 7.30245690278198 569.6452543041514 562.3427974013695
499.0 7.411072619216044 568.5945940732256 561.1835214540096
500.0 7.517426734129819 567.9877113373786 560.4702846032488
501.0 7.62564050455002 567.3631153046739 559.7374748001239
502.0 7.723855249562235 566.3139071673437 558.5900519177814
503.0 7.844574467000319 566.479889622228 558.6353151552277
504.0 7.950043763338906 564.5634208393422 556.6133770760033
505.0 8.059441284232356 564.0076538703456 555.9482125861132
506.0 8.135041427735284 565.061081946481 556.9260405187458
507.0 8.268488339723737 563.435953634906 555.1674652951823
508.0 8.40649224433649 562.3363728307576 553.9298805864211
509.0 8.54820921272445 562.1817649855084 553.633555772784
510.0 8.660330853346845 561.4176722352291 552.7573413818822
511.0 8.808382307399588 559.949802729897 551.1414204224974
512.0 8.910286103325636 560.3219152691763 551.4116291658507
513.0 9.077114355686753 559.300127515305 550.2230131596182
514.0 9.228911969931951 557.388857437476 548.159945467544
515.0 9.343342211881697 557.9144960524226 548.571153840541
516.0 9.504556574768195 556.69856096128 547.1940043865118
517.0 9.68492627556532 557.4038482502642 547.7189219746989
518.0 9.833053961005346 554.1491728239766 544.3161188629713
519.0 10.04461453196811 553.8988052973115 543.8541907653434
520.0 10.05319297365676 557.2017903773517 547.148597403695
521.0 10.31443030351066 552.5708371505031 542.2564068469925
522.0 10.47308664336965 550.7470423207902 540.2739556774206
523.0 10.68403223538449 552.7493668420826 542.0653346066981
524.0 10.96899038616615 550.2111367822107 539.2421463960446
525.0 11.06291405938223 553.0689256906259 542.0060116312437
526.0 11.1704415458781 551.3918590942479 540.2214175483698
527.0 11.56824121286657 547.6657312984795 536.0974900856129
528.0 11.69186544026988 549.0285768827074 537.3367114424375
529.0 11.85859404720889 548.7381645948271 536.8795705476182
530.0 11.97814515639142 550.4974366245862 538.5192914681947
531.0 12.32426960192531 548.0950771084285 535.7708075065032
532.0 12.49493218685862 545.8983521317166 533.403419944858
533.0 12.65726715968076 538.8466070994144 526.1893399397337
534.0 12.57958550284482 551.931867390655 539.3522818878102
535.0 12.98242217732171 545.3696053298203 532.3871831524986
536.0 13.35597977088617 544.3325444521073 530.9765646812211
537.0 13.57650467218084 543.5375774007187 529.9610727285379
538.0 14.3332434920954 535.0132525510154 520.68000905892
539.0 14.16823196887132 529.9665030904067 515.7982711215354
540.0 14.38802668333869 538.7962077777071 524.4081810943684
541.0 14.58152720537028 537.8587680225327 523.2772408171624
542.0 14.57328980548186 575.2337675722143 560.6604777667324
543.0 14.94745283764484 541.9086125560505 526.9611597184057
544.0 14.37456648467008 559.2586128370814 544.8840463524113
545.0 16.25262772719061 538.5106613747372 522.2580336475465
546.0 17.50246823240566 515.110387078744 497.6079188463383
547.0 17.28107286946224 519.1412120530096 501.8601391835473
548.0 15.92145335527749 528.4729361187607 512.5514827634832
549.0 16.37556749409946 566.0234021591937 549.6478346650942
550.0 15.90441509665981 544.3776781715178 528.473263074858
551.0 17.41979808281485 523.7095878218608 506.2897897390459
552.0 26.07034579665539 441.7438941100242 415.6735483133688
553.0 24.53111197214485 449.6312237221644 425.1001117500195
554.0 23.25185881883255 460.8458913993295 437.594032580497
555.0 20.14814429158376 501.7102284178783 481.5620841262945
556.0 26.91033160381766 438.4781997278524 411.5678681240347
557.0 20.61297319749337 491.7187943191817 471.1058211216883
558.0 24.88283024159388 447.8812861283788 422.9984558867849
559.0 25.7532706150385 444.5621977600198 418.8089271449813
560.0 30.78941870792233 421.5548073849551 390.7653886770327
561.0 34.74137725607803 403.1075581134289 368.3661808573508
562.0 38.57575302750165 384.24074828972 345.6649952622184
563.0 36.04661080039936 394.8874735407139 358.8408627403145
564.0 36.98353496385018 393.3768260695426 356.3932911056924
565.0 32.10705150023226 415.5761005190924 383.4690490188602
566.0 38.54408399949192 382.0184658160191 343.4743818165272
567.0 40.12686571343473 378.7283511107919 338.6014853973571
568.0 45.04971403232128 361.6935170491691 316.6438030168478
569.0 40.12709610103098 378.7354732612462 338.6083771602152
570.0 44.29703320479353 362.8852346159223 318.5882014111288
571.0 44.4412008876109 363.5913224322829 319.150121544672
572.0 53.61465774230692 334.5147816508531 280.9001239085462
573.0 44.44873512139624 363.7217286510282 319.272993529632
574.0 51.74747478354459 341.5875823467283 289.8401075631837
575.0 43.77648980677611 365.0583011526698 321.2818113458937
576.0 63.74701057203552 306.7955267641342 243.0485161920987
577.0 64.34569543344343 304.6287836971805 240.283088263737
578.0 45.05091227715391 361.7221366932627 316.6712244161088
579.0 56.01450692471807 329.7221344853844 273.7076275606663
580.0 82.0919800752091 262.1601824659994 180.0682023907903
581.0 68.26174654841832 295.7221363594779 227.4603898110595
582.0 75.69627133052005 277.7217352387201 202.0254639082
583.0 82.67960949629786 263.5095195656674 180.8299100693696
584.0 87.93853021862564 253.7179656700893 165.7794354514636
585.0 101.5926189389019 227.3894635501971 125.7968446112952
586.0 99.51544408932487 231.5315447033596 132.0161006140347
587.0 98.47317069387538 233.657164969439 135.1839942755636
588.0 99.51787581204637 231.5887973103551 132.0709214983087
591.0 113.2491720690146 205.722137 92.4729649309854
