0.0 4.917835628958847 843.2854350343669 838.367599405408
1.0 3.684686725170314 841.4612514748063 837.776564749636
2.0 2.899226326120692 840.6136415007165 837.7144151745958
3.0 2.324582462010754 840.3813713869645 838.0567889249538
4.0 1.89194198549355 840.1495941924308 838.2576522069372
5.0 1.565725011929059 839.3818818846817 837.8161568727527
6.0 1.288348639956448 838.6070676670143 837.3187190270579
7.0 1.050864835410279 838.2512975856087 837.2004327501984
8.0 0.8783739528209299 837.7320353217942 836.8536613689733
9.0 0.7323102023098008 837.0123337574733 836.2800235551635
10.0 0.5895486005212092 836.2933529674543 835.7038043669331
11.0 0.48611477342585 836.2489703036143 835.7628555301884
12.0 0.3876921813414712 835.5850269840764 835.197334802735
13.0 0.312502793233169 834.9703288824475 834.6578260892144
14.0 0.2578709704884043 834.4565006717744 834.198629701286
15.0 0.1975002680790155 833.9718028171462 833.7743025490672
16.0 0.1500425414340009 833.5212535595651 833.3712110181311
17.0 0.1230190921790538 832.9403304426892 832.8173113505101
18.0 0.09349610334914907 832.4819469587559 832.3884508554067
19.0 0.07367538799761594 831.9966958375564 831.9230204495588
20.0 0.05754314300562778 831.7335900792768 831.6760469362712
21.0 0.04404641229307736 831.115384895486 831.0713384831929
22.0 0.02861489472076346 830.6428309680047 830.614216073284
23.0 0.03095890514221453 830.2947140878741 830.2637551827319
24.0 0.01718620106728069 829.7639201128855 829.7467339118182
25.0 0.005914485800160144 829.2400419416914 829.2341274558913
26.0 0.006248008099206517 829.0207227070609 829.0144746989617
27.0 0.003080279968786695 828.6583906009882 828.6553103210194
28.0 0.002366328346044277 827.9964202285113 827.9940539001652
29.0 0 827.8287780958415 827.8287780958415
30.0 0.003193189637575256 827.3047354703156 827.301542280678
31.0 0.005619798083616442 826.9168084894876 826.911188691404
32.0 0.008913600433539309 826.6177119936313 826.6087983931978
33.0 0.01722762754785413 826.0012597961277 825.9840321685798
34.0 0.01754630274003764 825.4894243622357 825.4718780594957
35.0 0.02954812322772732 825.1545903204962 825.1250421972684
36.0 0.03666050854334703 824.6632765296282 824.6266160210848
37.0 0.0429970403699637 824.3700368316622 824.3270397912922
38.0 0.05631011344098112 823.9983521961629 823.9420420827219
39.0 0.0672158915165449 823.5983873998079 823.5311715082913
40.0 0.08164289417694982 823.1650822584613 823.0834393642843
41.0 0.09596830556073395 822.5957122840565 822.4997439784958
42.0 0.1188746637793072 822.0553619633964 821.9364872996171
43.0 0.1326633963661289 821.754118849703 821.6214554533368
44.0 0.148127184634071 821.2997886161886 821.1516614315546
45.0 0.1705060854114196 820.687993374273 820.5174872888616
46.0 0.1922016622438994 820.3111971005678 820.1189954383239
47.0 0.2152223329428119 819.8114607967721 819.5962384638293
48.0 0.233212871450937 819.2160472486857 818.9828343772347
49.0 0.2553532442208784 818.8705919758068 818.6152387315859
50.0 0.2770653407555395 818.3554396105083 818.0783742697528
51.0 0.3059930597524925 817.7688332575511 817.4628401977986
52.0 0.3338978570558671 817.3036730945081 816.9697752374522
53.0 0.355640722855221 816.6889612575758 816.3333205347206
54.0 0.3846671335104618 816.4153548854607 816.0306877519502
55.0 0.4150578737275221 815.8985625796083 815.4835047058808
56.0 0.4459159926299704 815.2912648059963 814.8453488133663
57.0 0.4814928253359857 814.9330367235794 814.4515438982434
58.0 0.514897394174622 814.4522372316197 813.9373398374451
59.0 0.553846129162663 813.7912466439826 813.23740051482
60.0 0.5909539157817283 813.1885985470985 812.5976446313167
61.0 0.6259028949181963 812.8800317951565 812.2541289002383
62.0 0.6699640548374389 812.2246342478567 811.5546701930193
63.0 0.7075612173256355 811.5922937779508 810.8847325606252
64.0 0.7552137996046305 811.1075377353003 810.3523239356956
65.0 0.7916376322252614 810.968592873919 810.1769552416937
66.0 0.8484642611457009 810.2224616103048 809.3739973491591
67.0 0.8869817376666694 809.6926371690584 808.8056554313918
68.0 0.9341859673402871 809.2327587855756 808.2985728182353
69.0 0.9824295461318929 808.785253094047 807.8028235479151
70.0 1.033534371293722 808.2304280594922 807.1968936881984
71.0 1.090328814286992 807.2965271527266 806.2061983384396
72.0 1.131788550897091 807.2149026891056 806.0831141382085
73.0 1.18668970288868 806.6128467772832 805.4261570743945
74.0 1.248131922751021 806.191632748823 804.943500826072
75.0 1.293710188539121 805.1855859014216 803.8918757128825
76.0 1.352472562426671 804.7510385886819 803.3985660262552
77.0 1.406563052653237 804.3321324954861 802.9255694428329
78.0 1.460506281690222 803.9871282830822 802.526622001392
79.0 1.51233492544997 803.5934450528335 802.0811101273835
80.0 1.573255858480649 802.629779041482 801.0565231830013
81.0 1.637422303022625 802.6239485656175 800.9865262625949
82.0 1.681683268926468 801.8568845215599 800.1752012526334
83.0 1.761584663432954 801.0064457094604 799.2448610460275
84.0 1.813519985576746 800.5952756913088 798.7817557057321
85.0 1.876321613188807 800.1793048285953 798.3029832154064
86.0 1.937276269142729 799.7427467547945 797.8054704856518
87.0 1.98862559925784 799.2518289724335 797.2632033731757
88.0 2.084544270718813 798.0361860584353 795.9516417877165
89.0 2.144681847846686 798.0393599710181 795.8946781231714
90.0 2.205749997524107 797.5956700823163 795.3899200847922
91.0 2.283020460749023 796.5721827454267 794.2891622846777
92.0 2.365220662832441 795.7566978101283 793.3914771472959
93.0 2.441871381182836 795.6386907371319 793.1968193559491
94.0 2.509092492809073 795.4373798574297 792.9282873646206
95.0 2.572631254067513 794.3527253587578 791.7800941046903
96.0 2.67166752227508 793.6319093906683 790.9602418683932
97.0 2.731067741263812 793.3781921156904 790.6471243744266
98.0 2.834773088729255 792.5602577276994 789.7254846389701
99.0 2.930899077275672 792.0238521351454 789.0929530578697
100.0 3.014440751214385 791.5315058077733 788.5170650565589
101.0 3.089001618909004 791.2127189813259 788.1237173624169
102.0 3.193298463717302 791.4154651372251 788.2221666735078
103.0 3.282560310751226 790.5462999498517 787.2637396391004
104.0 3.375066357981496 790.0505627450266 786.6754963870451
105.0 3.480983761442962 789.5315504983827 786.0505667369397
106.0 3.581552804650732 788.7138592210309 785.1323064163801
107.0 3.664432271841677 787.9021824006041 784.2377501287625
108.0 3.77508458281711 786.6770828382861 782.901998255469
109.0 3.898107348058063 786.586782046533 782.6886746984749
110.0 3.959946055675601 786.8746454326624 782.9146993769868
111.0 4.063121734595182 786.2982401217074 782.2351183871123
112.0 4.148362927561877 785.8856904427656 781.7373275152038
113.0 4.279091108815578 786.2836880185458 782.0045969097302
114.0 4.379793032358361 784.4096067872589 780.0298137549006
115.0 4.437080465863338 784.3265312637612 779.8894507978979
116.0 4.544970226922576 784.9289316287125 780.3839614017899
117.0 4.637184384356638 783.2834605435972 778.6462761592406
118.0 4.731918783002777 783.9911073439596 779.2591885609568
119.0 4.788939797758602 783.5781026356362 778.7891628378776
120.0 4.931153571822091 783.6198516908238 778.6886981190018
121.0 5.003423485598584 782.8327390872545 777.8293156016559
122.0 5.066794816783951 781.2511903430765 776.1843955262926
123.0 5.192837607818455 782.352826096646 777.1599884888275
124.0 5.223883805125029 780.7602005669279 775.5363167618029
125.0 5.309855260608105 780.7596546560691 775.449799395461
126.0 5.471578771853717 779.9209077163212 774.4493289444675
127.0 5.438030170302881 779.3589303117306 773.9209001414278
128.0 5.480227837869033 779.4371101843823 773.9568823465133
129.0 5.528187553250269 779.9947723570727 774.4665848038224
130.0 5.616115728160605 778.271655702232 772.6555399740714
131.0 5.630061085906315 781.3314173325044 775.7013562465981
132.0 5.708565361943343 777.6885894579618 771.9800240960185
133.0 5.809463144099049 777.2157357195222 771.4062725754231
134.0 5.864411111168438 776.4370721103866 770.5726609992182
135.0 5.805429683950411 777.6026747263405 771.7972450423901
136.0 5.886491633634245 776.5593364768874 770.6728448432531
137.0 5.993780614433877 776.2634948924104 770.2697142779766
138.0 5.941692658202101 772.833056581905 766.8913639237029
139.0 6.036412091209907 773.8955147279265 767.8591026367166
140.0 6.065090231462194 776.2992948243344 770.2342045928722
141.0 6.127670930434903 774.3051537509549 768.17748282052
142.0 6.174778460594055 771.2635717700591 765.0887933094651
143.0 6.236665989770524 772.1050907346342 765.8684247448637
144.0 6.12197997228135 772.5287697395218 766.4067897672405
145.0 6.235633888040228 772.0900623192238 765.8544284311835
146.0 6.253366345492089 772.7859236577176 766.5325573122256
147.0 6.287203317758693 772.4582374072945 766.1710340895358
148.0 6.224234195899005 773.3220350387855 767.0978008428865
149.0 6.339500453486001 772.1011424731156 765.7616420196296
150.0 6.28033919010261 771.377851591345 765.0975124012424
151.0 6.398298533921611 770.0537735204024 763.6554749864808
152.0 6.446146416965109 769.504086074871 763.0579396579059
153.0 6.384797532150197 769.2996686808027 762.9148711486525
154.0 6.500566286079714 767.4017621443969 760.9011958583172
155.0 6.437558569271258 767.0154474833083 760.577888914037
156.0 6.470504430554874 764.9420378410653 758.4715334105104
157.0 6.458196292737344 766.2776434241286 759.8194471313912
158.0 6.57882216196565 763.905423102047 757.3266009400813
159.0 6.593988058488448 764.1067293915621 757.5127413330737
160.0 6.658854327512712 763.7283274966219 757.0694731691092
161.0 6.584174996223949 765.3874581390989 758.803283142875
162.0 6.622488892726556 763.5420410614735 756.919552168747
163.0 6.621092536531502 767.5064207076681 760.8853281711366
164.0 6.627851739567885 763.9512247541727 757.3233730146048
165.0 6.626510402107116 762.7140339123354 756.0875235102283
166.0 6.669896559368098 761.7488766645874 755.0789801052193
167.0 6.674906785272231 760.9419012036266 754.2669944183544
168.0 6.667145967073903 761.6266265251607 754.9594805580868
169.0 6.671353461320871 762.3176911555436 755.6463376942227
170.0 6.771861811524548 759.683700768745 752.9118389572204
171.0 6.804040721169632 758.9558583646296 752.15181764346
172.0 6.870730398752878 758.4764335910976 751.6057031923448
173.0 6.736811263864182 760.6103294549389 753.8735181910747
174.0 6.757196458283018 759.9316943409912 753.1744978827082
175.0 6.874214957504936 761.9527977724556 755.0785828149507
176.0 6.868948969935076 757.6164987818219 750.7475498118869
177.0 6.9683440235339 754.5949870026749 747.626642979141
178.0 6.900824489112883 759.599794052065 752.6989695629522
179.0 6.906092912944837 756.2696946943276 749.3636017813827
180.0 6.967011701096141 754.9831876142923 748.0161759131962
181.0 6.946027491063559 757.4072079950391 750.4611805039755
182.0 7.067476111526434 752.1875798515008 745.1201037399743
183.0 7.052393893445859 751.358474978775 744.3060810853291
184.0 6.959757607030805 754.6703932050621 747.7106355980313
185.0 7.019771828587051 757.0787044481923 750.0589326196052
186.0 7.12082280772073 750.1308658306028 743.0100430228821
187.0 7.09431157068981 754.004903096604 746.9105915259141
188.0 7.069720513812916 753.6066784556594 746.5369579418465
189.0 7.139393364181382 752.2673542756115 745.1279609114301
190.0 7.321319523392943 745.8591573445265 738.5378378211336
191.0 7.076430351356154 749.5495279530554 742.4730976016993
192.0 7.250105291197941 748.3233815551973 741.0732762639993
193.0 7.299919407755405 746.8069450019079 739.5070255941525
194.0 7.22062269914262 747.4480164115343 740.2273937123917
195.0 7.32758319788517 746.9111796627308 739.5835964648457
196.0 7.256481863307015 749.8438366362442 742.5873547729372
197.0 7.330579497159356 744.9901790187719 737.6595995216125
198.0 7.289889504394731 745.0348026383892 737.7449131339945
199.0 7.50401457253501 744.0692022429981 736.5651876704631
200.0 7.345328108306822 745.1474234288412 737.8020953205344
201.0 7.452828486002552 744.5355750256864 737.0827465396839
202.0 7.422706939143107 743.0577956426668 735.6350887035237
203.0 7.368337854248167 744.5224244502166 737.1540865959684
204.0 7.408435903532577 744.8324573435228 737.4240214399902
205.0 7.43487030016494 741.9345670520185 734.4996967518536
206.0 7.564801387400341 737.7693394335001 730.2045380460998
207.0 7.565727183741422 740.6528633805519 733.0871361968105
208.0 7.578008557418556 741.6686265931444 734.0906180357259
209.0 7.60118513920381 740.2844570709719 732.6832719317681
210.0 7.55946410464752 739.1876029491613 731.6281388445138
211.0 7.487657257976194 740.7322922016058 733.2446349436296
212.0 7.57448486122654 738.6780310603591 731.1035461991325
213.0 7.720701153776129 735.4829516301904 727.7622504764143
214.0 7.777727078494745 736.8706064238807 729.0928793453859
215.0 7.647049531206669 740.3820834854939 732.7350339542872
216.0 7.57614546039326 738.785730395116 731.2095849347228
217.0 7.764426488447354 735.7343407491031 727.9699142606558
218.0 7.676590474772179 742.7734800352589 735.0968895604868
219.0 7.694552594356621 737.8001979146165 730.1056453202599
220.0 7.677479864654688 743.6141675006077 735.936687635953
221.0 7.85965569322637 740.1097742900018 732.2501185967754
222.0 7.967996256442242 730.8860403149831 722.9180440585409
223.0 7.794031937454268 732.9471066237451 725.1530746862909
224.0 7.847721270975505 741.7960758290374 733.9483545580619
225.0 7.848467789957947 737.2819664576754 729.4334986677175
226.0 7.918648832554066 733.4083570151334 725.4897081825794
227.0 7.928205131958652 730.9392783362061 723.0110732042475
228.0 8.020828901242028 734.2533063436372 726.2324774423952
229.0 7.955734871428817 734.9119537216851 726.9562188502563
230.0 7.926861114914322 732.3215081601018 724.3946470451875
231.0 7.897426146431188 732.8553907686267 724.9579646221956
232.0 8.041078317929771 725.96553079869 717.9244524807602
233.0 8.025349143568473 730.7027023736078 722.6773532300393
234.0 8.011911000364642 731.6067249296254 723.5948139292608
235.0 8.149391850752865 727.5735963181907 719.4242044674379
236.0 8.068240246093068 726.5130747657903 718.4448345196972
237.0 8.210522253397812 724.3653170062362 716.1547947528384
238.0 8.052233929117587 728.379480185974 720.3272462568564
239.0 8.141839856673339 724.9420236426297 716.8001837859563
240.0 8.130931613367573 723.3769315359252 715.2459999225577
241.0 8.102751055459003 726.2596898898022 718.1569388343432
242.0 8.049106414158682 731.7879789253425 723.7388725111839
243.0 8.107183958790207 728.3077379319077 720.2005539731175
244.0 8.113530508209473 724.8090774369485 716.695546928739
245.0 8.142135497734857 726.188294532425 718.0461590346902
246.0 8.141068602795183 725.7505703033722 717.609501700577
247.0 8.155475172415153 720.0115934944685 711.8561183220533
248.0 8.162491170557031 719.5145902212234 711.3520990506664
249.0 8.137923421379598 723.8962892718036 715.758365850424
250.0 8.176528223659217 723.407419600499 715.2308913768398
251.0 8.044592274814049 723.5716508319257 715.5270585571116
252.0 8.215519341659699 721.7647248677723 713.5492055261126
253.0 8.09407800747772 725.3084387432809 717.2143607358032
254.0 8.279267380547417 720.1745057940156 711.8952384134682
255.0 8.112307196203342 721.0766369165681 712.9643297203647
256.0 8.098814098658915 719.989116330208 711.8903022315491
257.0 8.046777595552335 719.1521029196455 711.1053253240932
258.0 8.113177536966991 718.899000574418 710.785823037451
259.0 8.016148003106833 716.7667087768919 708.7505607737851
260.0 8.009779420173899 725.9696888899579 717.959909469784
261.0 8.035990933188531 715.0907123511302 707.0547214179417
262.0 8.043089064527816 716.8391396188862 708.7960505543584
263.0 8.085357463785465 716.0294316012709 707.9440741374854
264.0 8.097217411272438 713.9603022233459 705.8630848120735
265.0 8.021651052756264 713.4607139759606 705.4390629232043
266.0 8.041626618601722 716.7229761741646 708.6813495555629
267.0 8.086120439691539 712.1975159669332 704.1113955272417
268.0 7.990695309963889 712.2717033806885 704.2810080707246
269.0 8.026882818533506 712.6745234800104 704.6476406614769
270.0 7.992015212607587 716.7608502416649 708.7688350290573
271.0 7.987544746002458 709.602258626035 701.6147138800325
272.0 7.971651012034496 709.8753800912723 701.9037290792378
273.0 8.064895305911139 709.4597636701111 701.3948683642
274.0 7.959306234064417 710.8561274796534 702.896821245589
275.0 7.995068012776064 715.6175562473333 707.6224882345572
276.0 7.980039489153594 709.0289773800867 701.0489378909331
277.0 7.895735915528314 709.0009751351579 701.1052392196296
278.0 7.873305711058852 705.3855689938692 697.5122632828103
279.0 7.824361432318994 710.3858325551465 702.5614711228275
280.0 7.869404361502949 709.1337069253452 701.2643025638422
281.0 7.831729801720561 709.788514625687 701.9567848239665
282.0 7.927445694655021 706.7570558234255 698.8296101287705
283.0 7.869170401807589 705.5069487498221 697.6377783480145
284.0 7.820758380165351 706.6026584341249 698.7819000539595
285.0 7.724014460342355 710.1592982284995 702.4352837681571
286.0 7.815204621583686 705.2176275947823 697.4024229731986
287.0 7.780667014339796 706.625416323189 698.8447493088492
288.0 7.77243620045281 702.7288757500039 694.956439549551
289.0 7.766854350093828 702.4703116147589 694.7034572646651
290.0 7.744163547798382 702.6710952829712 694.9269317351728
291.0 7.814991196479649 698.9975590160386 691.1825678195589
292.0 7.773738583411855 702.1987927792481 694.4250541958362
293.0 7.760982777244937 698.2574284091123 690.4964456318674
294.0 7.719100677427903 699.1403176959084 691.4212170184805
295.0 7.704184860258016 697.6247947412146 689.9206098809565
296.0 7.678094074895885 699.9787012389225 692.3006071640266
297.0 7.604344503640451 701.0343719876095 693.430027483969
298.0 7.612435791095366 699.0903227741862 691.4778869830909
299.0 7.595879308966008 702.9708005074044 695.3749211984384
300.0 7.624749729443157 696.1359156696461 688.511165940203
301.0 7.624289769481074 696.5508675776692 688.9265778081881
302.0 7.565884267678211 696.7472763363767 689.1813920686985
303.0 7.604032911122262 692.7354077820776 685.1313748709553
304.0 7.567478048135332 693.8092255450342 686.2417474968989
305.0 7.544343114194508 693.5419015244072 685.9975584102127
306.0 7.521649179324432 692.3710405408716 684.8493913615471
307.0 7.516074431834816 693.0598250793376 685.5437506475028
308.0 7.451962029314329 694.7179391421487 687.2659771128344
309.0 7.455466087400076 692.0700730509316 684.6146069635316
310.0 7.447519361998126 692.2452530577423 684.7977336957441
311.0 7.436205138748278 690.4235940450768 682.9873889063286
312.0 7.435383177799467 688.9548358492989 681.5194526714994
313.0 7.403699630865158 690.7111890308406 683.3074893999754
314.0 7.36977959938645 688.6994118539703 681.3296322545839
315.0 7.382191979960017 687.2720265780065 679.8898345980465
316.0 7.357313600724745 688.1509383080378 680.793624707313
317.0 7.299187990566009 689.5170410704895 682.2178530799234
318.0 7.346326448925465 686.4259517544061 679.0796253054807
319.0 7.36758021120322 684.7975340877775 677.4299538765743
320.0 7.331248352734512 685.9189133808716 678.5876650281371
321.0 7.246773902907914 686.5419399154145 679.2951660125065
322.0 7.252145482470991 684.8803412957813 677.6281958133103
323.0 7.234794941713701 683.9474880336168 676.7126930919031
324.0 7.262646533364259 682.2765146638462 675.013868130482
325.0 7.126736517290922 683.4954135098254 676.3686769925345
326.0 7.152806104406912 682.7173793765326 675.5645732721257
327.0 7.169319735446245 680.9577880253018 673.7884682898556
328.0 7.16018548136216 681.0733365495158 673.9131510681537
329.0 7.129393342543848 679.0644775383 671.9350841957562
330.0 7.163752133934641 678.9000621660217 671.736310032087
331.0 7.076322773794991 680.0558629113937 672.9795401375987
332.0 7.121504823088553 677.9171882790003 670.7956834559117
333.0 7.055668699870482 680.1177243708472 673.0620556709767
334.0 7.042326351438399 679.7627448211722 672.7204184697338
335.0 7.037922759345877 676.8287204156477 669.7907976563018
336.0 7.042233575715191 676.1831807850626 669.1409472093474
337.0 7.005456758587721 676.1112936171705 669.1058368585828
338.0 6.99586938384713 675.9803769783426 668.9845075944955
339.0 6.995165429498316 674.2270094052143 667.231843975716
340.0 6.941074023167197 675.1487297182162 668.207655695049
341.0 6.953977866257628 673.9189165733251 666.9649387070675
342.0 6.932282487321596 674.9133337862919 667.9810512989703
343.0 6.867206784392976 673.1455571965785 666.2783504121855
344.0 6.892669449489285 672.4323050071746 665.5396355576853
345.0 6.884502195734813 671.0577628778983 664.1732606821635
346.0 6.86845846865707 670.6089836440105 663.7405251753535
347.0 6.810505892403077 670.9869267781266 664.1764208857235
348.0 6.821309395767017 670.1359011269255 663.3145917311585
349.0 6.830072915192531 667.6730738311844 660.8430009159919
350.0 6.775332297270643 668.686090412368 661.9107581150974
351.0 6.816764846432339 666.8539883110887 660.0372234646563
352.0 6.761753828853881 667.6903604972746 660.9286066684207
353.0 6.730408985907573 666.9352809312706 660.204871945363
354.0 6.719440595434018 665.9330076429166 659.2135670474826
355.0 6.715464227466715 665.7976550562629 659.0821908287962
356.0 6.71809554062073 664.7603253388688 658.0422297982481
357.0 6.69661028940689 664.1653386961202 657.4687284067133
358.0 6.664707502542686 664.7553654724983 658.0906579699556
359.0 6.597502945910139 665.0758470840404 658.4783441381302
360.0 6.666658050521072 662.9038982387665 656.2372401882454
361.0 6.630665357182249 661.7904203683005 655.1597550111182
362.0 6.619373152009333 661.0587105376104 654.4393373856011
363.0 6.59452217621205 661.8856066403304 655.2910844641183
364.0 6.592310708920472 660.6918139754835 654.099503266563
365.0 6.572279484522417 660.2251286301267 653.6528491456043
366.0 6.576679057030568 658.5635467267207 651.9868676696901
367.0 6.544838935627586 658.8772588748547 652.3324199392271
368.0 6.528254497177915 658.2031926463761 651.6749381491982
369.0 6.529839020926526 657.775869571217 651.2460305502905
370.0 6.513713635552379 657.1954105890438 650.6816969534914
371.0 6.514188434653151 656.7250985872389 650.2109101525857
372.0 6.496769610413607 655.3593101343378 648.8625405239242
373.0 6.470681724610917 655.778005184496 649.3073234598851
374.0 6.463370859584338 654.7738622158781 648.3104913562937
375.0 6.427953368160281 654.7928809526175 648.3649275844572
376.0 6.438340835824061 653.4256898925242 646.9873490567002
377.0 6.434129196857101 653.1807298794249 646.7466006825678
378.0 6.409056468886705 652.3170516421979 645.9079951733112
379.0 6.405024790789776 651.9256627856917 645.5206379949019
380.0 6.384250934170602 651.2235948638398 644.8393439296692
381.0 6.379110370395678 650.9487852692742 644.5696748988785
382.0 6.362689914211825 649.7340294719675 643.3713395577557
383.0 6.349914315934933 650.0801227957053 643.7302084797704
384.0 6.345571390546302 649.1053580642301 642.7597866736838
385.0 6.337263111217652 648.7154328304719 642.3781697192543
386.0 6.329240633691265 647.9620584206543 641.632817786963
387.0 6.306302572726713 647.7240469425072 641.4177443697805
388.0 6.301149870387943 647.3171263353609 641.0159764649729
389.0 6.306380620395677 646.3040149013182 639.9976342809225
390.0 6.300284842853767 645.8593861280393 639.5591012851855
391.0 6.276436359661781 644.6927974715205 638.4163611118587
392.0 6.264780161380904 644.5044172856991 638.2396371243182
393.0 6.265718631390475 643.8525253486692 637.5868067172787
394.0 6.266736360892861 643.228015902943 636.9612795420501
395.0 6.232841264012445 642.8429341296744 636.6100928656619
396.0 6.240338800657076 641.9619904457785 635.7216516451214
397.0 6.213491623239755 641.3806864340871 635.1671948108473
398.0 6.22679562116802 640.2768445189404 634.0500488977724
399.0 6.221273482234956 640.1229923149623 633.9017188327273
400.0 6.212108544735546 640.2144242185791 634.0023156738435
401.0 6.195380002208745 639.316761967533 633.1213819653243
402.0 6.198719248498553 638.7249067702079 632.5261875217093
403.0 6.188785964059517 638.2405303924066 632.0517444283471
404.0 6.173808746342405 637.7366781884338 631.5628694420914
405.0 6.202789572491095 636.0247389166573 629.8219493441663
406.0 6.187689233759891 635.7045705577435 629.5168813239836
407.0 6.165133214906073 635.4173772735211 629.252244058615
408.0 6.157033071649296 635.4768383748538 629.3198053032045
409.0 6.16461923654097 634.2703894644507 628.1057702279097
410.0 6.160288145193698 633.2339386770997 627.073650531906
411.0 6.155915850441202 632.8773124831142 626.721396632673
412.0 6.138492255721796 632.3563104478176 626.2178181920958
413.0 6.141786181845191 632.1373616680922 625.995575486247
414.0 6.14746212825758 631.2508309319062 625.1033688036486
415.0 6.135929847208612 630.7056976018096 624.569767754601
416.0 6.130059251733883 630.193705492936 624.0636462412021
417.0 6.129881618772301 629.7120957592982 623.5822141405259
418.0 6.130498431080121 628.9909164764846 622.8604180454045
419.0 6.1292044969433 628.5331036764892 622.4038991795459
420.0 6.132481117418546 627.7244165318919 621.5919354144734
421.0 6.139772381032659 627.2311901147675 621.0914177337349
422.0 6.131571114245369 626.0273932918069 619.8958221775615
423.0 6.138116440587282 625.4943841934409 619.3562677528536
424.0 6.133457784500997 624.9464452078447 618.8129874233437
425.0 6.139554065885547 624.6207126047392 618.4811585388537
426.0 6.148557511061084 623.4686847488444 617.3201272377833
427.0 6.142709060381444 623.1621813878085 617.0194723274271
428.0 6.138672146436069 622.6717635231494 616.5330913767133
429.0 6.15147787915388 621.6821868363445 615.5307089571907
430.0 6.176029417761995 621.0011652861185 614.8251358683565
431.0 6.164874681624554 620.398253934915 614.2333792532905
432.0 6.149103451927423 620.7664616062544 614.6173581543269
433.0 6.179073079776435 619.6227339292784 613.443660849502
434.0 6.179283480540858 618.5313521601593 612.3520686796184
435.0 6.185255032082191 618.1689472186846 611.9836921866024
436.0 6.196238187904932 617.5691051989651 611.3728670110602
437.0 6.208040548202528 616.7065402038198 610.4984996556173
438.0 6.224362099637902 616.0703120435127 609.8459499438748
439.0 6.224977325549427 615.7401984030579 609.5152210775084
440.0 6.251556390281889 614.6057985549325 608.3542421646506
441.0 6.256009341326717 614.1675372250099 607.9115278836832
442.0 6.269770627975708 613.2117211760233 606.9419505480476
443.0 6.274618778555469 613.2270033262955 606.95238454774
444.0 6.287275268030349 612.1651787062888 605.8779034382585
445.0 6.322845871602807 611.493207062371 605.1703611907682
446.0 6.329674149639142 610.8152555808006 604.4855814311614
447.0 6.337027872377282 610.8720491902056 604.5350213178283
448.0 6.374320821980523 609.2140312601089 602.8397104381284
449.0 6.377571706905702 608.9304516515092 602.5528799446035
450.0 6.392048956829505 608.5594412448638 602.1673922880343
451.0 6.426160982269301 607.3596782746884 600.9335172924191
452.0 6.447585110742198 607.3368033235441 600.8892182128019
453.0 6.47436495344296 605.8742623136854 599.3998973602424
454.0 6.489095155512564 605.5881025428456 599.099007387333
455.0 6.525466574757112 604.8509147084574 598.3254481337003
456.0 6.5393153188957 604.2055602704902 597.6662449515945
457.0 6.573752967957972 603.4790996931018 596.9053467251438
458.0 6.612054695945764 602.4134889943136 595.8014342983678
459.0 6.627475286937148 602.6092160673784 595.9817407804413
460.0 6.656312547128526 601.4799030931424 594.8235905460139
461.0 6.704282689866126 600.9027561120833 594.1984734222171
462.0 6.734618131012273 600.0409587077664 593.3063405767541
463.0 6.762518667879065 599.41296170128 592.650443033401
464.0 6.809812692555442 598.6435863971892 591.8337737046338
465.0 6.840893835736165 597.7993443197516 590.9584504840155
466.0 6.884290862057508 597.1179929253683 590.2337020633108
467.0 6.90071281684704 597.0063186505829 590.1056058337358
468.0 6.95798854688344 595.7743354909076 588.8163469440242
469.0 7.008764851226117 595.3621890431223 588.3534241918962
470.0 7.056651451236637 594.245978451667 587.1893270004304
471.0 7.098603224663325 593.752061479075 586.6534582544117
472.0 7.144648252269122 592.9425185649423 585.7978703126732
473.0 7.187215634256564 592.5828966502907 585.3956810160341
474.0 7.237960885932176 591.8169399761414 584.5789790902092
475.0 7.306079208372226 590.8694828611371 583.5634036527648
476.0 7.359171228811779 589.9091999903075 582.5500287614957
477.0 7.418296862066588 589.3781364240678 581.9598395620012
478.0 7.468057364520952 588.3319131101052 580.8638557455843
479.0 7.520496492118344 587.977602268609 580.4571057764906
480.0 7.586725129430826 587.3695164438257 579.7827913143948
481.0 7.625405359998094 587.2311327501714 579.6057273901733
482.0 7.729444991150031 585.4896103613085 577.7601653701584
483.0 7.77946676758727 584.8337202094073 577.0542534418201
484.0 7.838215814852024 584.5902486003696 576.7520327855175
485.0 7.915718327772683 583.2605301749323 575.3448118471596
486.0 7.996699314414724 583.0308808131911 575.0341814987763
487.0 8.054951503909293 582.1421581982981 574.0872066943888
488.0 8.124780658386436 581.3152604728072 573.1904798144208
489.0 8.1893487322312 582.0055229930087 573.8161742607775
490.0 8.272094619215177 580.5236643967064 572.2515697774912
491.0 8.373233733190405 579.759880332839 571.3866465996486
492.0 8.484828290108596 578.6189487231465 570.1341204330379
493.0 8.546549127273307 577.2272284070794 568.6806792798061
494.0 8.636189127741375 577.9924777083051 569.3562885805638
495.0 8.72006812758339 576.8222461687712 568.1021780411879
496.0 8.812714484953289 575.8971598266047 567.0844453416514
497.0 8.941997337826909 574.8090472155975 565.8670498777706
498.0 9.008625223735561 574.4368624827471 565.4282372590115
499.0 9.125436455217625 573.1832788386023 564.0578423833847
500.0 9.235660516402812 572.8555725649868 563.6199120485839
501.0 9.349672556942036 571.9028741337288 562.5532015767868
502.0 9.455706362934671 570.7588241562191 561.3031177932844
503.0 9.575003250117245 571.2742120339593 561.699208783842
504.0 9.694771069914114 569.0210773092448 559.3263062393307
505.0 9.809440964920021 568.1813742338604 558.3719332689404
506.0 9.877120297237754 569.713971519455 559.8368512222173
507.0 10.02277451322165 567.8695560336397 557.8467815204181
508.0 10.16885717760735 566.7849162813427 556.6160591037353
509.0 10.31237439409662 566.6751404654515 556.3627660713549
510.0 10.4307999063678 565.7341737542292 555.3033738478615
511.0 10.58932162774571 564.304022746347 553.7147011186013
512.0 10.68937647035653 564.6825726960939 553.9931962257374
513.0 10.8649104560797 563.3777615057012 552.5128510496215
514.0 11.0311420195988 561.189142898182 550.1580008785832
515.0 11.14074224829023 562.3851639085678 551.2444216602776
516.0 11.31256268211346 560.6622239590886 549.3496612769751
517.0 11.48757691971917 561.9900305366962 550.5024536169771
518.0 11.66016963537413 558.028697485235 546.3685278498609
519.0 11.8755261741222 557.5404650447365 545.6649388706143
520.0 11.8591323291423 561.901207337926 550.0420750087837
521.0 12.15769893152378 555.6120222980747 543.4543233665509
522.0 12.32814598157096 554.1912479951195 541.8631020135486
523.0 12.5257826991237 556.6728822979811 544.1470995988574
524.0 12.8303516299258 553.7746788863043 540.9443272563785
525.0 12.90484717004865 557.0417976126281 544.1369504425795
526.0 13.02476031292985 555.1559636032452 542.1312032903153
527.0 13.44612571288023 552.5807231456238 539.1345974327436
528.0 13.56579141205088 552.5759779237645 539.0101865117136
529.0 13.73275669666707 553.1671429019412 539.4343862052742
530.0 13.84450200281098 553.9726771309019 540.1281751280909
531.0 14.20782236258955 551.7997027835924 537.5918804210028
532.0 14.39636271407949 548.8848458000006 534.4884830859211
533.0 14.60692731255255 541.5524054753809 526.9454781628284
534.0 14.44055436906944 555.3723891327356 540.9318347636662
535.0 14.89236019262283 547.7896838576142 532.8973236649913
536.0 15.27384380688323 547.1419795496848 531.8681357428015
537.0 15.50365156732431 545.5258020656069 530.0221504982825
538.0 16.3233101074577 536.344947758301 520.0216376508433
539.0 16.18985568466915 531.4404371301168 515.2505814454477
540.0 16.35238017386495 540.5315162435931 524.1791360697281
541.0 16.54865319487642 541.0433857396089 524.4947325447325
542.0 16.28384907096221 581.8993347662314 565.6154856952692
543.0 16.89210476134412 544.5785482106576 527.6864434493135
544.0 16.20011889538515 562.4223229875561 546.222204092171
545.0 18.23332129097516 539.5389740258809 521.3056527349057
546.0 19.64602322976335 515.6903334808516 496.0443102510882
547.0 19.3977355888109 519.4471549003906 500.0494193115797
548.0 17.96772798091595 528.9079562348475 510.9402282539315
549.0 18.17844969027484 566.5876720319067 548.4092223416319
550.0 17.83770216157192 547.452068775876 529.6143666143041
551.0 19.50847958362635 523.7150401118667 504.2065605282404
552.0 28.75162533086291 441.9398313243109 413.188205993448
553.0 27.1508684517909 449.7708116455309 422.61994319374
554.0 25.78990226338581 460.9604588841539 435.1705566207681
555.0 22.39871188342634 501.7150012556225 479.3162893721962
556.0 29.61870280083585 438.6101041321204 408.9914013312846
557.0 22.93200686812228 491.7200198352133 468.788012967091
558.0 27.51648036839704 447.9808871147788 420.4644067463818
559.0 28.41430349198744 444.6745762198406 416.2602727278532
560.0 33.63432805973572 421.5811829912754 387.9468549315396
561.0 37.73273130774494 403.1921949044696 365.4594635967246
562.0 41.71577987528512 384.3094851704578 342.5937052951727
563.0 39.10055963309496 394.9018788492204 355.8013192161255
564.0 40.053416968537 393.4181184231319 353.3647014545949
565.0 34.99973906384538 415.5990475906592 380.5993085268138
566.0 41.69853187190715 382.0631099126931 340.3645780407859
567.0 43.31314648602768 378.793609618223 335.4804631321953
568.0 48.37994595844773 361.6976932884033 313.3177473299555
569.0 43.31333611347446 378.799442890247 335.4861067767726
570.0 47.61445756063467 362.9132849031226 315.2988273424879
571.0 47.75499083430081 363.6057072193422 315.8507163850414
572.0 57.17875811429055 334.5592204258205 277.38046231153
573.0 47.76176840856651 363.7218163969946 315.9600479884281
574.0 55.25314596591152 341.6022819411859 286.3491359752744
575.0 47.07627175702103 365.0888218556057 318.0125500985846
576.0 67.55892676413986 306.8355310974691 239.2766043333293
577.0 68.17575237142437 304.6578357574054 236.482083385981
578.0 48.38097872118765 361.7221367867871 313.3411580655994
579.0 59.62584077672954 329.7221351268377 270.0962943501082
580.0 86.31625026197509 262.186899966223 175.8706497042479
581.0 72.17584464271403 295.7221365072763 223.5462918645623
582.0 79.7768826696031 277.7217895876498 197.9449069180467
583.0 86.89894155594121 263.5213871319009 176.6224455759597
584.0 92.25643004098879 253.7184371325672 161.4620070915784
585.0 106.1722251645736 227.4037098852052 121.2314847206317
586.0 104.0543420619648 231.5436284018375 127.4892863398727
587.0 102.9913555589151 233.6613995889252 130.6700440300102
588.0 104.0564320738944 231.5957014442023 127.5392693703079
591.0 118.046984892981 205.722137 87.67515210701896
