0.0 4.728168821984933 858.703034406765 853.97486558478
1.0 3.499694562154467 857.7104669257494 854.2107723635949
2.0 2.720866527365809 856.4175765635566 853.6967100361908
3.0 2.142380643571195 855.8130061203539 853.6706254767827
4.0 1.705858620095404 855.5603189217417 853.8544603016463
5.0 1.388954234207739 854.8061112217335 853.4171569875257
6.0 1.124566192984815 853.7726861776621 852.6481199846773
7.0 0.8880818745479241 853.5628918001758 852.6748099256278
8.0 0.7192179966105125 853.4169312292443 852.6977132326338
9.0 0.5882270735467301 852.4086125607066 851.8203854871599
10.0 0.4570603438900098 851.7597622038913 851.3027018600013
11.0 0.3529594015057356 851.6361975986147 851.283238197109
12.0 0.263702960416583 851.2349472901696 850.971244329753
13.0 0.2005848241827079 850.5718849613163 850.3713001371336
14.0 0.1553979391866585 850.0797208392918 849.9243229001051
15.0 0.1052009596027867 849.4905588278889 849.3853578682861
16.0 0.06480606850769356 849.1762928496233 849.1114867811156
17.0 0.05189482189886305 848.3778792970779 848.3259844751791
18.0 0.03053695705877204 847.9968125683899 847.9662756113311
19.0 0.01775792394334055 847.8057727726091 847.7880148486658
20.0 0.0073707680834059 847.4627569952077 847.4553862271243
21.0 0.006912607405501363 846.8298288109576 846.8229162035521
22.0 0 846.4786794073971 846.4786794073971
23.0 0.01133670224090427 845.9690228255062 845.9576861232653
24.0 0.006873806525904448 845.5979074998637 845.5910336933378
25.0 0.008822324923123591 844.8256616254409 844.8168393005178
26.0 0.012004632718978 844.7856955099417 844.7736908772227
27.0 0.0155155986772669 844.507522453525 844.4920068548477
28.0 0.031792124118026 843.5510952337152 843.5193031095972
29.0 0.03058975964920503 843.6198384568116 843.5892486971624
30.0 0.04522296803794296 843.0674137595519 843.0221907915139
31.0 0.05559714945818248 842.7231323892665 842.6675352398083
32.0 0.06462750375076042 842.4692972741332 842.4046697703824
33.0 0.08759877058729468 841.7176646596625 841.6300658890752
34.0 0.09907596709159544 841.1838964297456 841.084820462654
35.0 0.1171866234298939 840.9751410939227 840.8579544704928
36.0 0.1354724539082294 840.3965008828259 840.2610284289177
37.0 0.1482623281318565 840.1027403262714 839.9544779981396
38.0 0.1678233320255324 839.9153665077993 839.7475431757738
39.0 0.1884314814735984 839.4056565293441 839.2172250478705
40.0 0.2105324436142109 839.1824186446498 838.9718862010355
41.0 0.2388727850444736 838.4388163237762 838.1999435387317
42.0 0.2733719467973355 837.8890003741068 837.6156284273095
43.0 0.2934592568241795 837.6627464745552 837.369287217731
44.0 0.3199598834902201 837.080855383997 836.7608955005068
45.0 0.3554916967872479 836.510938500728 836.1554468039407
46.0 0.385978336984391 836.0666201519813 835.6806418149969
47.0 0.4208753596881025 835.5184700472522 835.0975946875641
48.0 0.4511413271076112 834.975719585253 834.5245782581453
49.0 0.4786451427945892 834.8817255670761 834.4030804242816
50.0 0.5132709359083942 834.2020111488775 833.6887402129691
51.0 0.5554861156361363 833.5882391406819 833.0327530250458
52.0 0.5933759415228568 833.1464401146859 832.553064173163
53.0 0.6284554979927665 832.5592966530075 831.9308411550148
54.0 0.6639799399413053 832.2759484505401 831.6119685105988
55.0 0.7050742491907551 831.8502584510244 831.1451842018337
56.0 0.7503022053273708 831.1602045433777 830.4099023380503
57.0 0.7945050028236099 830.7674549910258 829.9729499882022
58.0 0.8377996400889123 830.3464221497366 829.5086225096477
59.0 0.8914456447201532 829.7332421858413 828.8417965411211
60.0 0.9439293340775766 828.9592898199238 828.0153604858462
61.0 0.9832827438309402 828.9414583195565 827.9581755757255
62.0 1.043025157782088 828.190588705755 827.1475635479729
63.0 1.097833708022066 827.2405237648761 826.142690056854
64.0 1.154779007574923 826.950079561379 825.7953005538041
65.0 1.193051044693592 826.9894857937733 825.7964347490797
66.0 1.267594931307573 826.1719401924902 824.9043452611826
67.0 1.317296165795557 825.7443147372405 824.427018571445
68.0 1.375304667410705 825.2591252813805 823.8838206139698
69.0 1.43663380605591 824.5438337745875 823.1071999685316
70.0 1.497326508149766 824.3271996196737 822.8298731115239
71.0 1.577451315638046 823.1347553708184 821.5573040551803
72.0 1.620148561430983 823.2145690321907 821.5944204707597
73.0 1.687015518705137 822.7967592748163 821.1097437561112
74.0 1.760115284125504 822.2009163236787 820.4408010395532
75.0 1.830974532325648 820.9679306244792 819.1369560921535
76.0 1.898655755508854 820.6140697988791 818.7154140433703
77.0 1.964692797038077 819.9483816365633 817.9836888395252
78.0 2.02365221111868 819.9939284692679 817.9702762581493
79.0 2.086350991823773 819.4577411603462 817.3713901685224
80.0 2.168080778115945 818.6238250867019 816.455744308586
81.0 2.235714218905234 818.346529841784 816.1108156228787
82.0 2.295180879978194 817.8063935973649 815.5112127173867
83.0 2.396257354839816 816.8126634070092 814.4164060521694
84.0 2.459761682109931 816.1721245492697 813.7123628671598
85.0 2.533199972150357 815.7102844278021 813.1770844556517
86.0 2.601282855473894 815.6340499321482 813.0327670766743
87.0 2.666422105564665 814.8992992502438 812.2328771446791
88.0 2.789954764248296 813.7377164910587 810.9477617268104
89.0 2.846526322913731 814.1861106530192 811.3395843301054
90.0 2.913433914301717 814.303282760968 811.3898488466662
91.0 3.019231090664255 812.7111782452284 809.6919471545641
92.0 3.123229428402609 811.6296247795726 808.50639535117
93.0 3.197943644027299 812.1250988704882 808.9271552264609
94.0 3.275895743253199 811.3778123080952 808.101916564842
95.0 3.36650006407014 809.9955101169172 806.6290100528471
96.0 3.481069609881124 809.4004557858027 805.9193861759216
97.0 3.547207521378966 809.1331947115423 805.5859871901633
98.0 3.675148357823645 807.8142005534932 804.1390521956696
99.0 3.78296372494532 807.4373783598104 803.6544146348651
100.0 3.875657180544668 807.3924268392058 803.5167696586611
101.0 3.957980514391703 807.116842389533 803.1588618751413
102.0 4.056913127692172 807.5720036562956 803.5150905286035
103.0 4.162878454684621 807.1640052176138 803.0011267629291
104.0 4.26459039739571 807.0221526730192 802.7575622756235
105.0 4.387983512807153 806.0938213631359 801.7058378503287
106.0 4.509100263872157 805.0605000761037 800.5513998122316
107.0 4.613391208475979 803.9910897135296 799.3776985050536
108.0 4.751793852966591 802.8546602338327 798.1028663808661
109.0 4.884633983042384 802.1545401971956 797.2699062141532
110.0 4.931882545739809 803.4916930687424 798.5598105230026
111.0 5.05867240336161 801.9071898896384 796.8485174862767
112.0 5.163544805388215 800.4378261620612 795.2742813566729
113.0 5.257779894693975 804.201320820292 798.943540925598
114.0 5.423461370688261 799.8199727840636 794.3965114133753
115.0 5.475157664601518 800.7777403625558 795.3025826979543
116.0 5.575135368403355 801.0331425049067 795.4580071365034
117.0 5.716772583466444 798.0111052612417 792.2943326777752
118.0 5.760200363356695 803.1333614751429 797.3731611117862
119.0 5.856547970119746 799.175013909531 793.3184659394112
120.0 5.98579382578721 800.9984575074353 795.0126636816481
121.0 6.06412207090297 801.2491480344835 795.1850259635805
122.0 6.17052840466911 799.3223744954765 793.1518460908074
123.0 6.292328498064516 798.2667047062238 791.9743762081592
124.0 6.329988820253784 800.4188733229652 794.0888845027114
125.0 6.437849132873627 797.9646293780709 791.5267802451972
126.0 6.641270407594132 794.316517521735 787.6752471141409
127.0 6.596191901125027 796.4325610157183 789.8363691145933
128.0 6.646813147786276 795.512165751899 788.8653526041127
129.0 6.692130952969571 794.9414650312146 788.249334078245
130.0 6.807812386032819 794.6092044036143 787.8013920175815
131.0 6.739131180648974 799.5566013167172 792.8174701360682
132.0 6.920909710757073 793.3489582493543 786.4280485385972
133.0 7.055413307939493 790.4857876621744 783.4303743542349
134.0 7.076549943428514 796.4164287253088 789.3398787818803
135.0 7.021513186561331 793.7451377982359 786.7236246116746
136.0 7.129548318061858 791.5511228600994 784.4215745420375
137.0 7.243863127912284 791.8427131555144 784.5988500276021
138.0 7.294119878282387 785.0474240591125 777.7533041808301
139.0 7.326551177248982 790.6365089062568 783.3099577290078
140.0 7.271099135664256 797.9813207026885 790.7102215670243
141.0 7.410236126970059 790.9573532133473 783.5471170863773
142.0 7.543822162342221 785.7474074658773 778.2035853035351
143.0 7.586970033581545 786.5525260457848 778.9655560122032
144.0 7.480308444358904 785.2391970673733 777.7588886230144
145.0 7.59083350548774 786.4477196799683 778.8568861744806
146.0 7.564658895397457 790.5488054540845 782.9841465586871
147.0 7.631265261807159 787.117877134566 779.4866118727588
148.0 7.531933753746786 789.5807435652326 782.0488098114858
149.0 7.635149730876689 794.0991811760532 786.4640314451765
150.0 7.65522743620908 785.1931966440963 777.5379692078872
151.0 7.792377254743093 784.9646682509308 777.1722909961877
152.0 7.858715186091702 783.6180709921935 775.7593558061018
153.0 7.789787436994284 784.7629946984455 776.9732072614512
154.0 7.948428823797749 782.8943064054898 774.9458775816921
155.0 7.900188567694213 781.4913497927718 773.5911612250776
156.0 7.984011440189592 778.9699431944011 770.9859317542116
157.0 7.933982469887661 780.968547236143 773.0345647662553
158.0 8.068310172158214 785.3229887383024 777.2546785661442
159.0 8.102162819200459 780.7876812713654 772.6855184521649
160.0 8.16877715445718 781.1050491843141 772.9362720298569
161.0 8.096429017109173 778.5099754560053 770.4135464388962
162.0 8.145987980520212 780.2011143430879 772.0551263625677
163.0 7.90454682420751 803.9417636525175 796.03721682831
164.0 8.146076938017279 780.0055259242719 771.8594489862546
165.0 8.187777705116874 776.8041165518935 768.6163388467767
166.0 8.233765948969851 777.7625517437321 769.5287857947623
167.0 8.262551388582424 776.5282030670676 768.2656516784852
168.0 8.255180972267886 775.3855767553365 767.1303957830686
169.0 8.198617989722798 781.3633784656786 773.1647604759558
170.0 8.382348128020829 775.7521123850426 767.3697642570218
171.0 8.437763726187693 774.3831311865259 765.9453674603382
172.0 8.519956747323941 773.3558152243247 764.8358584770008
173.0 8.336246539347911 775.714970594914 767.378724055566
174.0 8.357440740100703 776.805558649417 768.4481179093163
175.0 8.347479595136966 787.5421977382078 779.1947181430709
176.0 8.531745283340277 772.7918220586272 764.2600767752869
177.0 8.68523409811785 771.3851949338134 762.6999608356956
178.0 8.393882498650578 794.1726700327341 785.7787875340835
179.0 8.598388677965213 771.5877749743194 762.9893862963542
180.0 8.675326354378474 771.4832034801666 762.8078771257881
181.0 8.56023423146845 779.7273736665968 771.1671394351284
182.0 8.845971570227986 768.0428042617962 759.1968326915682
183.0 8.872986219418733 764.3391816488936 755.4661954294749
184.0 8.650571077187475 774.2741423758943 765.6235712987069
185.0 8.687961086141291 773.2099224597343 764.521961373593
186.0 8.967339991183737 763.7012265363317 754.733886545148
187.0 8.665527725269376 792.4238531427493 783.7583254174799
188.0 8.806172517517795 770.5030335725852 761.6968610550674
189.0 8.778026360496292 787.3947313420421 778.6167049815458
190.0 9.270753906152058 758.3832733898413 749.1125194836892
191.0 8.918481266810782 764.4692118642138 755.550730597403
192.0 9.110725582597167 764.5750816863576 755.4643561037604
193.0 9.1968994495259 762.422675980544 753.2257765310181
194.0 9.114441025992808 761.6611167433939 752.5466757174011
195.0 9.154541226442241 771.441014943231 762.2864737167887
196.0 9.026310979422099 773.2595649188136 764.2332539393915
197.0 9.276821458703455 759.8006519554621 750.5238304967587
198.0 9.215837281731868 761.2308521910265 752.0150149092947
199.0 9.431332555468026 763.1352645064582 753.7039319509901
200.0 9.285694840406947 759.9982129205749 750.7125180801679
201.0 9.405389260908296 759.5295063088723 750.124117047964
202.0 9.406102270216113 758.4088975787103 749.0027953084942
203.0 9.277173812133958 765.4102001360681 756.1330263239342
204.0 9.376606798618083 757.6042103286463 748.2276035300283
205.0 9.461036223086155 755.2001534994288 745.7391172763426
206.0 9.686507219368495 750.7113469286535 741.024839709285
207.0 9.605323736300209 755.8046437391482 746.199320002848
208.0 9.603349418218463 755.6848644807094 746.0815150624909
209.0 9.620161856652771 758.4917256781355 748.8715638214827
210.0 9.636501316833977 753.4155923785859 743.7790910617519
211.0 9.540982107195504 753.908587727338 744.3676056201425
212.0 9.666418483403082 752.5045672457435 742.8381487623404
213.0 9.902418681419079 747.4959342412565 737.5935155598375
214.0 9.869462843651367 755.7345692086908 745.8651063650394
215.0 9.666203722587428 758.2205505306505 748.5543468080631
216.0 9.4173474271201 793.9337896372376 784.5164422101175
217.0 9.912261249181012 750.7871274483996 740.8748661992186
218.0 9.52947376929748 773.5995328559128 764.0700590866153
219.0 9.782535871819433 754.3601614280383 744.5776255562188
220.0 9.223103653904385 816.3758825433102 807.1527788894059
221.0 9.761053690185836 771.9695742722436 762.2085205820578
222.0 10.19035898467365 750.3464644256244 740.1561054409507
223.0 10.01275368580657 746.8756645601251 736.8629108743185
224.0 9.574353605373145 791.6122659007515 782.0379122953783
225.0 9.878311645253476 761.5845696609782 751.7062580157248
226.0 10.11966709176955 748.1849706938613 738.0653036020917
227.0 10.18026328228373 746.0090167052171 735.8287534229333
228.0 10.20952540672528 748.3983276330649 738.1888022263396
229.0 10.08583811450798 753.667333347307 743.5814952327991
230.0 10.11404429349928 751.742788656396 741.6287443628968
231.0 10.07440047269661 751.2124143152318 741.1380138425352
232.0 10.41118016511469 739.7119136339386 729.3007334688239
233.0 10.28584778356627 745.3424352823162 735.0565874987499
234.0 10.22389510722668 749.1425331123217 738.918638005095
235.0 10.47121894068719 742.9176053323282 732.4463863916411
236.0 10.42905800864604 740.2898796994572 729.8608216908111
237.0 10.62269197399356 738.0538970556991 727.4312050817055
238.0 10.34557643521364 745.5791634132377 735.2335869780241
239.0 10.56711065621339 735.6914430739264 725.124332417713
240.0 10.53783525460582 739.5820114751733 729.0441762205674
241.0 10.4608313509672 740.6919746413309 730.2311432903637
242.0 10.14341812958811 762.8769831663589 752.7335650367707
243.0 10.37894423952148 747.281925329382 736.9029810898605
244.0 10.48071949492746 742.4483817737148 731.9676622787874
245.0 10.49913541850804 741.3771590227435 730.8780236042354
246.0 10.50455813865832 740.8547560911943 730.350197952536
247.0 10.648617873485 734.6587986984227 724.0101808249377
248.0 10.67595685547274 733.4976642867397 722.821707431267
249.0 10.4921754502631 744.1584101529568 733.6662347026937
250.0 10.54727159703341 743.5146954093808 732.9674238123474
251.0 10.43829789040471 739.9861583887866 729.5478604983819
252.0 10.59033379449844 746.0401398666588 735.4498060721604
253.0 10.42241246339403 744.8559536467121 734.4335411833181
254.0 10.75933284247689 735.6855343589772 724.9262015165004
255.0 10.55448635873552 737.9583827713671 727.4038964126315
256.0 10.58780478982484 734.8589794064077 724.2711746165828
257.0 10.45570770185038 745.4603060084787 735.0045983066284
258.0 10.63116772055612 733.1141399310064 722.4829722104503
259.0 10.57237867982764 731.6174057958859 721.0450271160583
260.0 9.631102779105713 835.7791077626729 826.1480049835672
261.0 10.64246768678199 728.5967558154229 717.9542881286409
262.0 10.58608836386409 732.6823507027896 722.0962623389255
263.0 10.64374630322756 732.6398944155048 721.9961481122772
264.0 10.72957858269815 726.9997354781795 716.2701568954814
265.0 10.66266251659861 726.7044820993674 716.0418195827688
266.0 10.55996496135473 735.6352344767904 725.0752695154356
267.0 10.72048082489801 728.7874246952931 718.0669438703951
268.0 10.6569728342405 725.6130517452514 714.9560789110109
269.0 10.61690893388883 733.7058899153692 723.0889809814804
270.0 10.47452460290485 738.7109413788832 728.2364167759783
271.0 10.72602453310644 721.2162428679981 710.4902183348917
272.0 10.67869395471933 724.2997236126073 713.6210296578879
273.0 10.75899746152262 726.1285936258131 715.3695961642904
274.0 10.59283932668953 730.399623360741 719.8067840340515
275.0 10.16023979269392 780.2118394470149 770.051599654321
276.0 10.68498655735451 725.237025959924 714.5520394025695
277.0 10.60878488602869 724.030256306892 713.4214714208634
278.0 10.68392056815322 718.5123550898098 707.8284345216566
279.0 10.32242235404452 749.5412002213386 739.218777867294
280.0 10.55468088543443 726.9760992780426 716.4214183926082
281.0 10.48674443964814 728.93385659345 718.4471121538018
282.0 10.68682460082815 721.9774290827541 711.290604481926
283.0 10.64588311888391 721.633836468183 710.9879533492991
284.0 10.54730864500209 725.9223786488762 715.3750700038741
285.0 10.28572260492644 739.0503515891113 728.7646289841849
286.0 10.62250221963448 718.6621580780374 708.0396558584029
287.0 10.29489953784476 754.1543212989897 743.859421761145
288.0 10.59393548081463 720.4789080229967 709.8849725421821
289.0 10.5989846835415 719.4588863101038 708.8599016265623
290.0 10.55980650312185 720.7903270633208 710.230520560199
291.0 10.73608966147648 714.3795563546495 703.6434666931731
292.0 10.60288355338759 719.9335851554161 709.3307016020285
293.0 10.7060494738693 712.7016636660277 701.9956141921584
294.0 10.6545061125557 712.6948181737314 702.0403120611757
295.0 10.6714792669595 711.0368426253841 700.3653633584246
296.0 10.55279975699942 717.6552292455339 707.1024294885344
297.0 10.43570769358739 720.8182667692507 710.3825590756633
298.0 10.51047875606666 716.2021860076651 705.6917072515984
299.0 10.1851932932604 748.552508493329 738.3673152000686
300.0 10.5913374329054 712.8915488888706 702.3002114559652
301.0 10.57017512718046 714.3890496934765 703.818874566296
302.0 10.45668037766848 721.9271998012847 711.4705194236163
303.0 10.68700363137583 704.7708268822486 694.0838232508727
304.0 10.60705563639665 707.7224547545646 697.115399118168
305.0 10.56706822998734 709.7736750785533 699.206606848566
306.0 10.57460665151441 708.1070668522079 697.5324602006935
307.0 10.54379799643953 709.9464729092932 699.4026749128537
308.0 10.37371228457949 719.4676214175861 709.0939091330066
309.0 10.50440534880575 708.5752514541699 698.0708461053641
310.0 10.30899143479294 734.5332775090047 724.2242860742118
311.0 10.53795249101423 705.0617480130257 694.5237955220115
312.0 10.56987852054402 703.5083620717538 692.9384835512098
313.0 10.47456019652238 707.7519224698672 697.2773622733448
314.0 10.51073519267787 702.8269356501789 692.316200457501
315.0 10.5533419535925 701.6595713482404 691.1062293946479
316.0 10.49706131331901 703.6321861446626 693.1351248313436
317.0 10.35543067321073 711.1791905889006 700.8237599156899
318.0 10.53148129112678 700.9836343252016 690.4521530340748
319.0 10.58470666467743 699.7286184460063 689.1439117813288
320.0 10.50786251656925 702.3880501688876 691.8801876523184
321.0 10.40717296980822 703.3336200449842 692.926447075176
322.0 10.44282576884486 702.1134359531803 691.6706101843354
323.0 10.43578270825523 702.4011194296454 691.9653367213902
324.0 10.52693182590739 697.7103048020671 687.1833729761597
325.0 10.35797060023917 699.2700946402795 688.9121240400403
326.0 10.3980969719542 698.8226373723714 688.4245404004172
327.0 10.43069250282857 700.050381000218 689.6196884973894
328.0 10.45286501043024 695.7749266419741 685.3220616315438
329.0 10.45593349104673 694.7444353147931 684.2885018237464
330.0 10.50046915600445 693.9330051791231 683.4325360231186
331.0 10.3637179544475 697.7624233408656 687.3987053864181
332.0 10.48074353779715 692.6599270019318 682.1791834641346
333.0 10.33926008769827 697.5647048865774 687.2254447988791
334.0 10.13693356238274 727.3973067683349 717.2603732059522
335.0 10.40248025960942 693.2824756989071 682.8799954392977
336.0 10.42807561711053 691.7169829697896 681.2889073526791
337.0 10.37399680576662 693.8692785034354 683.4952816976688
338.0 10.36858620557084 693.4896591110009 683.1210729054301
339.0 10.42073747426035 689.7905170880961 679.3697796138357
340.0 10.34324321077878 691.0582624005711 680.7150191897924
341.0 10.37719189135183 690.5406720060848 680.163480114733
342.0 10.09704282509873 726.6519212155943 716.5548783904956
343.0 10.314136290358 688.6112517769002 678.2971154865422
344.0 10.34564042721963 689.1023586385212 678.7567182113016
345.0 10.37719888169722 686.5939065788974 676.2167076972002
346.0 10.37354512123825 685.5657654293387 675.1922203081004
347.0 10.30312959866427 686.3011878967165 675.9980582980522
348.0 10.31769888462166 687.0162532569001 676.6985543722785
349.0 10.40072254302865 682.3967618010406 671.996039258012
350.0 10.31408792292796 684.1725772683985 673.8584893454706
351.0 10.39077350473775 682.9564824408981 672.5657089361603
352.0 10.32320956423272 682.945917381658 672.6227078174253
353.0 10.30230552479275 682.7688574098636 672.4665518850709
354.0 10.31357241535709 681.8666060465195 671.5530336311624
355.0 10.31531585509523 681.1850424087668 670.8697265536716
356.0 10.33975437452373 680.2921633008701 669.9524089263464
357.0 10.31766000985085 681.0346191467964 670.7169591369456
358.0 10.27711251088976 680.9362886168624 670.6591761059726
359.0 10.20401581559237 681.0466690378614 670.842653222269
360.0 10.32438298907368 678.5824082890459 668.2580252999722
361.0 10.31291777334729 677.4196244849453 667.106706711598
362.0 10.31835986831202 676.4214969798604 666.1031371115484
363.0 10.25319377370228 679.6366687568182 669.383474983116
364.0 10.29429202070093 676.5640778747038 666.2697858540029
365.0 10.2785660054603 676.7194550660995 666.4408890606392
366.0 10.32537256641316 674.3190203529908 663.9936477865777
367.0 10.2794243432567 675.2016523097147 664.922227966458
368.0 10.27937748150864 674.3017158535213 664.0223383720126
369.0 10.28778951471797 674.0667382013075 663.7789486865895
370.0 10.29031574997132 672.6738524754641 662.3835367254928
371.0 10.29595794367921 672.7320419219546 662.4360839782753
372.0 10.31270963305704 670.8568858972637 660.5441762642066
373.0 10.26278115176959 672.8393852005521 662.5766040487825
374.0 10.28700216457179 670.7301525665923 660.4431504020205
375.0 10.24245900126659 671.4157565932304 661.1732975919638
376.0 10.28858498233937 669.5470133831742 659.2584284008348
377.0 10.28414063116324 669.8269642631928 659.5428236320295
378.0 10.2809620525743 668.6739653745561 658.3930033219818
379.0 10.28096135867402 668.5206500911146 658.2396887324406
380.0 10.27800689910212 667.4566335304192 657.178626631317
381.0 10.27213529930625 667.9504509182192 657.6783156189129
382.0 10.29580682242224 665.0462073010694 654.7504004786472
383.0 10.26489228826726 666.5347310095661 656.2698387212989
384.0 10.29037469543982 664.5179722038376 654.2275975083977
385.0 10.2788346893068 665.432466189191 655.1536314998842
386.0 10.29357056558411 663.843881772596 653.5503112070119
387.0 10.26399763138399 665.0040229910732 654.7400253596893
388.0 10.27858144399258 663.1766325161595 652.8980510721669
389.0 10.30021941572895 662.8428262544829 652.542606838754
390.0 10.29472271896896 663.5200883010991 653.2253655821302
391.0 10.30870938626382 660.6463060791656 650.3375966929018
392.0 10.28514694551788 662.6380496957564 652.3529027502385
393.0 10.31701566762262 659.6519397855931 649.3349241179704
394.0 10.32291928754555 659.8961687430225 649.573249455477
395.0 10.29655069126909 659.5019969737647 649.2054462824956
396.0 10.32749875786682 658.0966791455625 647.7691803876957
397.0 10.31949193305939 656.7213694658432 646.4018775327838
398.0 10.34727250845508 656.7488810314577 646.4016085230026
399.0 10.34546163097193 656.4108994058753 646.0654377749034
400.0 10.32706174124389 657.2247451721071 646.8976834308632
401.0 10.33163830776656 656.1567882166492 645.8251499088827
402.0 10.34983061828476 655.3290451501522 644.9792145318674
403.0 10.35053108751889 654.6869980279013 644.3364669403824
404.0 10.34751663534228 653.9514387718838 643.6039221365416
405.0 10.41401306098781 652.3265624167986 641.9125493558108
406.0 10.41067055449481 651.3776867297177 640.9670161752229
407.0 10.39051048279716 651.3841947064011 640.993684223604
408.0 10.36153531862193 653.9687883742372 643.6072530556153
409.0 10.41761295492453 649.8196953207103 639.4020823657858
410.0 10.43883018956546 648.4077609783069 637.9689307887415
411.0 10.43600069352887 648.7305041918875 638.2945034983586
412.0 10.43083740487699 647.9930162332154 637.5621788283384
413.0 10.43167299535764 648.5840065504826 638.1523335551249
414.0 10.44350468171127 649.7870722216729 639.3435675399617
415.0 10.45714519376351 647.069658102511 636.6125129087474
416.0 10.46644127951972 646.0298971089017 635.563455829382
417.0 10.4724690799309 645.9370776215259 635.464608541595
418.0 10.48941934467562 645.1200666629552 634.6306473182796
419.0 10.49605118077968 644.8703659728248 634.3743147920451
420.0 10.51204442978472 644.6486981604925 634.1366537307077
421.0 10.53219333979267 643.8472145649109 633.3150212251183
422.0 10.55516894331928 642.0035733625618 631.4484044192425
423.0 10.57454578036959 641.3356130568578 630.7610672764882
424.0 10.57646220897124 641.2562575252274 630.6797953162562
425.0 10.58958043777306 640.9863837333151 630.396803295542
426.0 10.62613504354519 639.5166306832764 628.8904956397312
427.0 10.62165834403857 639.7174273004048 629.0957689563662
428.0 10.62990235411802 639.0592026877811 628.4293003336631
429.0 10.66820021585544 637.5871786600132 626.9189784441577
430.0 10.70391288372607 637.3239284862117 626.6200156024856
431.0 10.71062224058663 636.0822783683357 625.3716561277491
432.0 10.68001880247566 637.1122183782444 626.4321995757688
433.0 10.73678800095875 635.7574879905419 625.0206999895832
434.0 10.76461600072575 634.2636717316785 623.4990557309528
435.0 10.76934788738076 634.8840022663308 624.1146543789501
436.0 10.79781943384919 633.7727416467662 622.974922212917
437.0 10.83094131302968 632.5294253486149 621.6984840355852
438.0 10.85686043760936 632.3697205047388 621.5128600671294
439.0 10.86430266912768 632.1357161366083 621.2714134674806
440.0 10.91996913632545 630.4509492185396 619.5309800822142
441.0 10.93406359826575 629.9689190102144 619.0348554119486
442.0 10.96799792226149 629.1252248535893 618.1572269313278
443.0 10.96621284464853 629.7788394897337 618.8126266450851
444.0 11.00406143164589 628.5291686390209 617.525107207375
445.0 11.05405642409496 627.8998150182005 616.8457585941055
446.0 11.07611209817497 627.1338497884767 616.0577376903017
447.0 11.03503896460782 634.9054849180658 623.870445953458
448.0 11.15238488302552 625.9862938838521 614.8339090008266
449.0 11.16234317886108 625.5395129821056 614.3771698032445
450.0 11.18592611849816 624.9866762389219 613.8007501204237
451.0 11.24841371797458 623.6099056859524 612.3614919679778
452.0 11.26539155827429 624.103549310098 612.8381577518237
453.0 11.33466969275705 621.4732740219572 610.1386043292002
454.0 11.35060436595509 621.8229275767498 610.4723232107947
455.0 11.40051686127985 621.3288355760497 609.9283187147698
456.0 11.42981836373219 620.5718264352314 609.1420080714992
457.0 11.47702349444812 620.2088316589877 608.7318081645396
458.0 11.54729744808564 618.1348422576273 606.5875448095416
459.0 11.54923631950798 619.4400324514125 607.8907961319045
460.0 11.60749038206415 617.6989621606489 606.0914717785848
461.0 11.66394210320337 617.6521925215236 605.9882504183202
462.0 11.71809409124754 616.2979316703473 604.5798375790997
463.0 11.76030070487502 615.5603025969212 603.8000018920462
464.0 11.8236052506485 615.0290435402828 603.2054382896343
465.0 11.87292272814167 614.099035660633 602.2261129324914
466.0 11.9399484685891 612.5026636082926 600.5627151397035
467.0 11.92878989170313 616.8289960941178 604.9002062024147
468.0 12.03919279147633 611.7091630874016 599.6699702959253
469.0 12.09471473491972 611.8619577160473 599.7672429811276
470.0 12.17085700941905 610.3350912990404 598.1642342896213
471.0 12.22141673692338 610.1007354341285 597.8793186972051
472.0 12.28741448776953 609.1272175311704 596.8398030434008
473.0 12.32901751763349 610.1541682809793 597.8251507633458
474.0 12.40032208615747 608.740826879802 596.3405047936446
475.0 12.49341243076844 607.4190213399528 594.9256089091843
476.0 12.5701582799626 606.1445542595264 593.5743959795638
477.0 12.63953408662221 605.9021180625054 593.2625839758832
478.0 12.71978175832863 604.0755096997351 591.3557279414064
479.0 12.78544175626207 603.1270597264158 590.3416179701538
480.0 12.85846152942859 603.2870059108094 590.4285443813808
481.0 12.89881103778695 603.3252727448568 590.4264617070698
482.0 13.04576371079187 601.3490286276676 588.3032649168758
483.0 13.10402426390256 601.7854623672924 588.6814381033898
484.0 13.1669724569647 601.459725146185 588.2927526892203
485.0 13.29003297260532 598.2860213293338 584.9959883567285
486.0 13.37115324212243 598.8662981634045 585.495144921282
487.0 13.4581846279107 596.9168676336451 583.4586830057344
488.0 13.53761835645449 597.1619930811516 583.6243747246971
489.0 13.57654167643608 599.1558533533042 585.5793116768681
490.0 13.70833831645268 595.9672693861456 582.258931069693
491.0 13.81847986042583 596.3311329862982 582.5126531258723
492.0 13.96050221434116 594.6846157213305 580.7241135069893
493.0 14.06286819866611 592.2814026620877 578.2185344634216
494.0 14.09956117692522 597.9622785144026 583.8627173374774
495.0 14.23513970586417 593.3672510836801 579.1321113778159
496.0 14.35801866247952 591.3609857657227 577.0029671032432
497.0 14.50801046486763 590.9568250753024 576.4488146104348
498.0 14.58251469418742 590.6623017985057 576.0797871043182
499.0 14.74180374222994 587.8785891669048 573.1367854246749
500.0 14.83382795086308 591.0918920375074 576.2580640866443
501.0 14.99371679894749 587.2537942734069 572.2600774744594
502.0 15.12938384697218 585.809453763851 570.6800699168788
503.0 15.22765534496242 587.5268074517743 572.2991521068119
504.0 15.41325002084382 583.628867649821 568.2156176289772
505.0 15.55874914872928 581.7312523782328 566.1725032295036
506.0 15.57431832053316 585.4404816074998 569.8661632869667
507.0 15.77225938159179 582.513319980722 566.7410605991302
508.0 15.94061104909133 581.9201388724672 565.9795278233758
509.0 16.0871902067115 582.0574437775726 565.9702535708611
510.0 16.23514606075178 580.3914525569429 564.1563064961911
511.0 16.42506176665482 579.171888183133 562.7468264164782
512.0 16.52626625869392 578.6039316055696 562.0776653468757
513.0 16.74129815815571 576.6219148245583 559.8806166664026
514.0 16.96284256573713 574.1096601049127 557.1468175391756
515.0 17.02192787761756 578.0636752458521 561.0417473682346
516.0 17.25907766075449 573.6051609856022 556.3460833248477
517.0 17.37470834154225 578.8100222203802 561.4353138788379
518.0 17.67383996566102 570.5136108434283 552.8397708777673
519.0 17.91195247058689 569.3048311057435 551.3928786351567
520.0 17.76394094847002 577.4037847251001 559.6398437766301
521.0 18.26676150279198 564.7799193423888 546.5131578395968
522.0 18.44323029561119 566.4635785782309 548.0203482826197
523.0 18.57983799704148 569.9626342097243 551.3827962126829
524.0 18.9696102152931 565.2193497554617 546.2497395401686
525.0 18.96265987732607 569.8105203296447 550.8478604523187
526.0 19.12972429096873 567.5443591215082 548.4146348305395
527.0 19.54260661237701 572.7203859918591 553.1777793794821
528.0 19.74098927722914 564.727697850167 544.9867085729378
529.0 19.8604243165727 569.0718394084499 549.2114150918772
530.0 20.00619359536065 564.8628519754103 544.8566583800496
531.0 20.42055168807759 562.768132799126 542.3475811110484
532.0 20.69356046329125 558.3126756984171 537.6191152351259
533.0 21.06511749661523 551.0579187516693 529.9928012550541
534.0 20.59137319881088 565.5258489587227 544.9344757599118
535.0 21.2412115349651 555.565521506272 534.3243099713069
536.0 21.63700891594069 555.36738124984 533.7303723338993
537.0 21.93644413893823 550.8301983746782 528.89375423574
538.0 22.98745773693496 539.8537824379092 516.8663247009742
539.0 22.94490656458282 536.0219089518716 513.0770023872888
540.0 22.9143247407724 545.3997503550803 522.4854256143079
541.0 23.04833134215891 551.2477069955741 528.1993756534152
542.0 21.8444394673161 597.2316113366766 575.3871718693605
543.0 23.34372571101751 552.9430021386523 529.5992764276347
544.0 22.25702982971737 570.6832899726169 548.4262601428996
545.0 24.88252421059229 541.8668056592733 516.984281448681
546.0 26.84275548878522 516.7740956099067 489.9313401211214
547.0 26.51529330643892 520.0976615123541 493.5823682059152
548.0 24.84892726986837 530.175657655208 505.3267303853396
549.0 24.27082186507441 567.4089023779054 543.138080512831
550.0 24.24991795687036 555.2169112183817 530.9669932615114
551.0 26.54561628351402 523.7209569770314 497.1753406935174
552.0 37.70731835149195 442.4298978151006 404.7225794636087
553.0 35.90865982711853 450.1335049802106 414.2248451530921
554.0 34.28335632486708 461.2295126195882 426.9461562947211
555.0 29.96198874703541 501.7207151219848 471.7587263749494
556.0 38.66493682304867 438.9359771110659 400.2710402880173
557.0 30.71788764743097 491.7216343258821 461.0037466784511
558.0 36.32084904035517 448.2561930314409 411.9353439910857
559.0 37.30734943751681 444.9613926902135 407.6540432526967
560.0 43.12839376774111 421.6395368515638 378.5111430838227
561.0 47.70055603196112 403.3903552850411 355.6897992530799
562.0 52.16713814619657 384.4983206542689 332.3311825080724
563.0 49.27438275174249 394.9394445458031 345.6650617940606
564.0 50.2780339644572 393.5178681261073 343.2398341616501
565.0 44.64920016460001 415.6504712793855 371.0012711147855
566.0 52.19773028721133 382.1861661676473 329.9884358804359
567.0 53.91496778861155 378.972962970587 325.0579951819754
568.0 59.45210167443042 361.7072472200925 302.255145545662
569.0 53.91507006788244 378.9760581139738 325.0609880460914
570.0 58.6439548736374 362.996209253062 304.3522543794246
571.0 58.77331375307672 363.6412888383754 304.8679750852987
572.0 69.00930381325606 334.6853706396924 265.6760668264364
573.0 58.77817801333599 363.7219875927088 304.9438095793728
574.0 66.89506840198507 341.6389119674498 274.7438435654648
575.0 58.04834310431976 365.1770605284434 307.1287174241237
576.0 80.19504570449071 306.9503647641886 226.7553190596979
577.0 80.87125312393302 304.744913867919 223.873660743986
578.0 59.45274901116322 361.7221369324444 302.2693879212811
579.0 71.61173012511111 329.7221362618109 258.1104061366998
580.0 100.2930336123297 262.2682024053694 161.9751687930398
581.0 85.14571779396919 295.7221367848281 210.5764189908589
582.0 93.28792185718537 277.7219173204621 184.4339954632767
583.0 100.8603384201906 263.5546595214135 162.694321101223
584.0 106.5386408242059 253.7196033089073 147.1809624847014
585.0 121.3044070197985 227.444660700778 106.1402536809795
586.0 119.054323423851 231.5770175011841 112.522694077333
587.0 117.9243390405729 233.6730391301871 115.7487000896141
588.0 119.0555097239513 231.6152261271187 112.5597164031674
591.0 133.8889309204947 205.722137 71.83320607950524
