0.0 4.605053792882493 872.0137256623198 867.4086718694373
1.0 3.361192496308132 872.2156171757219 868.8544246794138
2.0 2.593187934100425 870.8694958356257 868.2763079015253
3.0 2.019487740290435 869.8348020926382 867.8153143523478
4.0 1.579841293958988 869.5171438548341 867.9373025608751
5.0 1.269716703114705 868.9779639942758 867.7082472911611
6.0 1.023605220943493 867.5361109078897 866.5125056869462
7.0 0.7850481775484753 867.501091031988 866.7160428544395
8.0 0.6123180380331029 867.6940111829207 867.0816931448876
9.0 0.5002138148218927 866.4934450157018 865.9932312008799
10.0 0.3775823543864042 866.0057996692762 865.6282173148898
11.0 0.2757914662763813 865.6483580995321 865.3725666332557
12.0 0.1905977240419347 865.4332941007374 865.2426963766955
13.0 0.1385892689601093 864.8217175237466 864.6831282547865
14.0 0.1019650536393518 864.3217908978028 864.2198258441635
15.0 0.06201595923837883 863.7733906021202 863.7113746428818
16.0 0.02625441783299569 863.4982232516479 863.4719688338149
17.0 0.02928429287751958 862.634832077783 862.6055477849055
18.0 0.01445599969119385 862.2843400142014 862.2698840145102
19.0 0.001550598058210041 862.4725262269951 862.4709756289369
20.0 0 861.8198690560292 861.8198690560292
21.0 0.01105331738929875 861.26774168083 861.2566883634407
22.0 0.009208416674879212 861.0824657298091 861.0732573131342
23.0 0.03203523453817315 860.4205833527262 860.388548118188
24.0 0.03322363214524473 860.1806188253944 860.1473951932492
25.0 0.05265530931663839 859.1313285937276 859.078673284411
26.0 0.05490540850425288 859.2743589290576 859.2194535205533
27.0 0.0634109092046952 859.0225958914503 858.9591849822456
28.0 0.1006412490351529 857.8387613133648 857.7381200643297
29.0 0.09578443596511176 858.1450003763999 858.0492159404348
30.0 0.1214380756311436 857.5770434362318 857.4556053606006
31.0 0.1374230453407256 857.3714449689753 857.2340219236345
32.0 0.1522257591687062 857.0040723085297 856.8518465493609
33.0 0.1905107052380164 856.2294453757951 856.0389346705571
34.0 0.212008778288523 855.7553313779991 855.5433225997106
35.0 0.2335955729252169 855.6090779658969 855.3754823929717
36.0 0.2650349313185769 854.8379267370442 854.5728918057256
37.0 0.2830647036740151 854.6225606357815 854.3394959321075
38.0 0.3049192858340864 854.6035542644057 854.2986349785716
39.0 0.3373926029608692 853.8944705392862 853.5570779363253
40.0 0.3605071857281008 854.0896608772116 853.7291536914835
41.0 0.4056436095192536 853.1275437093748 852.7219000998556
42.0 0.4533327113215084 852.3250480815317 851.8717153702102
43.0 0.4756722746863074 852.3882902284368 851.9126179537505
44.0 0.5151758035433285 851.6834294000686 851.1682535965253
45.0 0.5611482277267442 851.2460582192424 850.6849099915157
46.0 0.6035840267888431 850.4232016612073 849.8196176344184
47.0 0.6477153921732548 850.153422078793 849.5057066866198
48.0 0.6897988323298089 849.4706893812712 848.7808905489414
49.0 0.7164418711779169 849.7291038103014 849.0126619391234
50.0 0.7667100665886701 848.8360622966527 848.069352230064
51.0 0.821509914008942 848.2281813239219 847.406671409913
52.0 0.8696025705087982 847.6392411197549 846.7696385492461
53.0 0.915199215630739 847.2334638631685 846.3182646475377
54.0 0.9568691343689594 846.9447044405584 845.9878353061894
55.0 1.006161146303274 846.5735185188337 845.5673573725304
56.0 1.065783334443262 845.8711618883594 844.8053785539161
57.0 1.118869257665666 845.4164784389909 844.2976091813253
58.0 1.172448597017224 844.798262889545 843.6258142925278
59.0 1.236505181412001 844.4661467107804 843.2296415293684
60.0 1.305500028182021 843.6566852906847 842.3511852625027
61.0 1.342514698839938 844.0180497891401 842.6755350903002
62.0 1.419529517777134 843.0417462740066 841.6222167562295
63.0 1.497068673458384 841.7246854946178 840.2276168211594
64.0 1.559060763552207 841.5819917580023 840.0229309944501
65.0 1.595827961383401 841.7679033419027 840.1720753805193
66.0 1.687408991092808 840.9986904738741 839.3112814827813
67.0 1.744722005382133 840.7195971787855 838.9748751734033
68.0 1.814363863781739 840.0742408686894 838.2598770049076
69.0 1.893149742826574 839.1072086703975 837.2140589275709
70.0 1.955479808450526 839.2550638980425 837.299584089592
71.0 2.063615270510329 837.6409004597515 835.5772851892412
72.0 2.10153728013498 838.2567580949247 836.1552208147897
73.0 2.177184806086262 837.8220901119183 835.644905305832
74.0 2.266144024522605 836.8666697011478 834.6005256766252
75.0 2.35990494190228 835.9633230166179 833.6034180747156
76.0 2.438952082854996 835.1399819531314 832.7010298702764
77.0 2.524646298460041 833.778605963034 831.253959664574
78.0 2.576934230670271 834.6533955053187 832.0764612746484
79.0 2.652425234096918 833.9702580726479 831.3178328385509
80.0 2.748323631478647 833.5341369426636 830.7858133111849
81.0 2.827561791633833 832.7130543553215 829.8854925636877
82.0 2.895652044313026 832.4495870385454 829.5539349942323
83.0 3.018437061354725 831.3967822851133 828.3783452237585
84.0 3.10136133991161 830.0005541184574 826.8991927785458
85.0 3.183737987427198 829.7588430553758 826.5751050679486
86.0 3.24938956151079 830.2965410796705 827.0471515181598
87.0 3.334377855662103 828.9682617544644 825.6338838988023
88.0 3.479684255964824 828.1527480119154 824.6730637559506
89.0 3.526433282927462 828.7811468794478 825.2547135965204
90.0 3.581585807276975 830.1977002910428 826.6161144837658
91.0 3.728466427926078 827.6073207174819 823.8788542895558
92.0 3.856440784850388 826.4380429955526 822.5816022107022
93.0 3.916440849724217 827.6658102048148 823.7493693550906
94.0 4.01708119062807 826.1578382472739 822.1407570566458
95.0 4.141116394973773 824.1248063920451 819.9836899970713
96.0 4.270805889900163 823.2777993766738 819.0069934867736
97.0 4.34243548024499 823.1723753057653 818.8299398255203
98.0 4.503227312010323 821.3517272455722 816.8484999335619
99.0 4.621783824565149 820.6359472090533 816.0141633844881
100.0 4.704095421111716 822.2076539610674 817.5035585399557
101.0 4.790894789944637 822.3653599621842 817.5744651722395
102.0 4.886174154696114 822.224411620999 817.3382374663029
103.0 4.994645714141867 822.5654426394488 817.570796925307
104.0 5.094656895779952 823.209758108235 818.115101212455
105.0 5.241855032947095 821.8742594552256 816.6324044222785
106.0 5.389096294951036 820.4780018030251 815.088905508074
107.0 5.519719782062219 818.9566873397471 813.4369675576849
108.0 5.68224174180144 817.7264666857836 812.0442249439821
109.0 5.839139001280046 816.1995151913823 810.3603761901022
110.0 5.848523559327938 818.949661552428 813.1011379931
111.0 6.022325330321634 815.7516990292692 809.7293736989476
112.0 6.174280669817746 812.3753258836472 806.2010452138294
113.0 6.151863352677902 821.2859698468404 815.1341064941625
114.0 6.440400505770711 812.8391858087091 806.3987853029384
115.0 6.44767712144415 817.3001617314767 810.8524846100326
116.0 6.557324922643195 815.8245110437568 809.2671861211136
117.0 6.780578524000097 810.3471278582489 803.5665493342488
118.0 6.649013448279671 824.6267017295499 817.9776882812702
119.0 6.892336733649312 812.4189698735358 805.5266331398865
120.0 6.933575884515974 822.2743477933765 815.3407719088606
121.0 7.03281855735784 817.8278219712632 810.7950034139054
122.0 7.150068836340789 819.7386502584566 812.5885814221158
123.0 7.348586428467328 812.0708105929359 804.7222241644685
124.0 7.247680949413839 826.1251244267434 818.8774434773296
125.0 7.446635919044307 819.2964707199452 811.8498348009008
126.0 7.804108999947402 805.3864065338524 797.582297533905
127.0 7.669471811902096 813.1302919941212 805.4608201822191
128.0 7.755073386107435 810.2680289194713 802.5129555333639
129.0 7.836400181516119 806.8976984102221 799.0612982287059
130.0 7.932672303703728 809.7913421747684 801.8586698710647
131.0 7.744670719439753 817.3211233069368 809.576452587497
132.0 8.082112532083714 807.3078344420096 799.2257219099259
133.0 8.308568408109445 800.617272580799 792.3087041726895
134.0 8.033990303036597 829.4478843810745 821.4138940780379
135.0 8.098281105553714 820.451387094713 812.3531059891593
136.0 8.351337089908955 802.9049054930439 794.5535684031349
137.0 8.43674702892298 806.2822805830964 797.8455335541734
138.0 8.664550742106383 794.2744948935237 785.6099441514173
139.0 8.533919013541736 805.9653002777396 797.4313812641979
140.0 8.144740771293119 838.6442891026359 830.4995483313428
141.0 8.617566246596324 805.8752192395723 797.257652992976
142.0 8.876629570612579 798.1887275875267 789.3120980169141
143.0 8.918114548034139 797.3541399611772 788.436025413143
144.0 8.843241473067267 795.2788683433387 786.4356268702714
145.0 8.908266532029193 799.2454099300216 790.3371433979924
146.0 8.697515426798185 818.9487322230415 810.2512167962433
147.0 8.939249208790338 799.5414156446713 790.6021664358809
148.0 8.774243066718809 803.9225153922512 795.1482723255324
149.0 8.62641553418904 828.6668330666153 820.0404175324263
150.0 9.008684682823751 796.8172232637217 787.8085385808979
151.0 9.145412092686167 797.2369221568929 788.0915100642068
152.0 9.253628340700125 794.2491435669267 784.9955152262266
153.0 9.138638132326254 797.8908655293768 788.7522273970505
154.0 9.335183215640083 796.0601772604648 786.7249940448247
155.0 9.331242235053752 792.6162880274134 783.2850457923597
156.0 9.459522591962635 790.8891845993039 781.4296620073413
157.0 9.375926338382765 792.0381413945488 782.6622150561661
158.0 9.091167309996763 842.3093288502485 833.2181615402517
159.0 9.515686798235373 795.8255116287236 786.3098248304882
160.0 9.572827323283219 796.6184575927072 787.045630269424
161.0 9.604932413535324 787.8695325316831 778.2646001181478
162.0 9.556885256764665 797.1644525462241 787.6075672894594
163.0 8.489978148815112 859.3311458386 850.8411676897849
164.0 9.580036781709325 794.6479552288812 785.0679184471718
165.0 9.718439947282417 787.4297410691817 777.7113011218993
166.0 9.728017855063647 790.3274345007507 780.599416645687
167.0 9.77133056581604 790.4665895306623 780.6952589648462
168.0 9.817543170051671 785.7000347874466 775.8824916173949
169.0 9.565491751371919 800.5319116518961 790.9664199005242
170.0 9.91119085462831 789.129046410746 779.2178555561177
171.0 9.993332734135308 788.0376822398073 778.044349505672
172.0 10.10744158934117 785.8213220524509 775.7138804631097
173.0 9.875795210787373 787.9245983283325 778.0488031175451
174.0 9.83947291147947 793.3344110740318 783.4949381625523
175.0 9.554179291373645 810.5471261046496 800.9929468132759
176.0 10.13667069838744 784.3357859925814 774.199115294194
177.0 10.2843629554497 787.2484418720067 776.964078916557
178.0 8.993190030672067 871.8121134710279 862.8189234403559
179.0 10.21902553095343 784.1598814393994 773.940855908446
180.0 10.29131407678771 784.8296613204894 774.5383472437017
181.0 9.874323598578271 809.6757039462841 799.8013803477058
182.0 10.52467422345502 782.3254839649916 771.8008097415366
183.0 10.66796779220567 773.5862054290772 762.9182376368715
184.0 10.15020484928681 794.7433914716257 784.5931866223389
185.0 10.27612715580297 786.0534210075852 775.7772938517822
186.0 10.75130351439328 775.9478370452279 765.1965335308347
187.0 9.426188318872718 852.9074253120812 843.4812369932085
188.0 10.43675807116232 784.5476611916012 774.1109031204389
189.0 9.663087456415479 846.0046448546214 836.341557398206
190.0 11.18307489921229 768.192305159889 757.0092302606767
191.0 10.68356930502151 776.8665334808909 766.1829641758694
192.0 10.85678814824672 779.2172662903352 768.3604781420885
193.0 11.00474604362796 774.8503712714306 763.8456252278026
194.0 10.95374357418546 772.1512977035148 761.1975541293294
195.0 10.61119240985935 803.5227149561403 792.911522546281
196.0 10.46481319323196 803.75366373086 793.288850537628
197.0 11.13638643177779 772.3243421734944 761.1879557417166
198.0 11.05034043898852 773.1601521012893 762.1098116623008
199.0 11.18585617649567 780.3033503040354 769.1174941275398
200.0 11.14933656060219 771.645117291025 760.4957807304228
201.0 11.28581773735648 770.4449062131391 759.1590884757826
202.0 11.2870813778776 771.8830119867545 760.5959306088769
203.0 10.89919413328533 792.9892122350148 782.0900181017295
204.0 11.31041080914302 766.8547608509107 755.5443500417677
205.0 11.43626689800425 765.0524111533154 753.6161442553112
206.0 11.74686735344461 761.2811525463323 749.5342851928877
207.0 11.5404777115293 769.209244219805 757.6687665082757
208.0 11.56818398099265 765.9690502733249 754.4008662923323
209.0 11.46716062266313 775.9385913280201 764.471430705357
210.0 11.6378374895696 764.5273916422478 752.8895541526782
211.0 11.54125636178444 763.9837019618036 752.4424456000192
212.0 11.69170763475379 762.9508106629884 751.2591030282346
213.0 12.04183318234048 756.5483886180297 744.5065554356892
214.0 11.75780621729984 774.8339726709457 763.0761664536458
215.0 11.53633221739469 773.5355015449636 761.9991693275689
216.0 9.583062601092815 903.647391576147 894.0643289750542
217.0 11.95374645075705 763.6603966390643 751.7066501883072
218.0 10.93400908564748 806.414497353495 795.4804882678475
219.0 11.73761169842766 768.8473605357789 757.1097488373513
220.0 9.276683403728868 890.553457870533 881.2767744668042
221.0 11.20881590924702 803.4492267873885 792.2404108781415
222.0 12.14560765566473 774.6607767846284 762.5151691289637
223.0 12.14064636480388 758.7914185022425 746.6507721374386
224.0 10.40690953039128 844.0415721452923 833.6346626149011
225.0 11.61103465906641 784.8123230549279 773.2012883958615
226.0 12.22581078608108 759.75527123307 747.5294604469889
227.0 12.32513832498732 757.88804476136 745.5629064363727
228.0 12.32984658515001 758.1036833650908 745.7738367799408
229.0 12.04752259986731 769.3248936579387 757.2773710580714
230.0 12.06498479721519 773.1093131740643 761.0443283768491
231.0 12.08905447665496 766.0305247404809 753.9414702638259
232.0 12.70210034373462 749.2894242429961 736.5873238992615
233.0 12.45705388414077 755.9943729081289 743.5373190239881
234.0 12.29181713265321 762.9305742031525 750.6387570704993
235.0 12.68770692033364 753.996961232159 741.3092543118253
236.0 12.69922544876244 751.122692814104 738.4234673653416
237.0 12.930821054823 749.9893826034452 737.0585615486222
238.0 12.44550335752976 764.236150017043 751.7906466595132
239.0 12.95924198107349 743.2168943833764 730.2576524023029
240.0 12.78635191302172 754.6132679397124 741.8269160266907
241.0 12.72586908209379 751.1990842334993 738.4732151514055
242.0 11.7472415470483 797.4596975621516 785.7124560151033
243.0 12.46474140139575 763.2252620153589 750.7605206139631
244.0 12.63338647236547 762.1750385420924 749.5416520697269
245.0 12.72286490418492 755.4084044051973 742.6855395010124
246.0 12.75780948604514 752.4269380181256 739.6691285320804
247.0 13.01832182194348 746.7570638842405 733.738742062297
248.0 13.05788853542935 747.1198209370582 734.0619324016289
249.0 12.62900557302026 761.012178829893 748.3831732568727
250.0 12.67329415969738 763.5435078687095 750.8702137090121
251.0 12.70030332722881 752.0558027153927 739.3554993881639
252.0 12.58659955660875 775.0024266997472 762.4158271431385
253.0 12.55612074307276 760.5518888685622 747.9957681254895
254.0 13.11411815004221 747.4064759700384 734.2923578199962
255.0 12.85604799750763 750.1381952191979 737.2821472216903
256.0 12.9487649466939 747.5449250993201 734.5961601526262
257.0 12.42635538291834 778.1120969600589 765.6857415771406
258.0 13.03759024657316 744.5019724269338 731.4643821803606
259.0 12.99763011703297 743.8494621069937 730.8518319899608
260.0 9.305415943572463 904.0373469352884 894.731930991716
261.0 13.13140728286005 740.6149155769107 727.4835082940507
262.0 12.98954721447838 744.9768566716618 731.9873094571834
263.0 13.01501356555001 749.1380279250105 736.1230143594605
264.0 13.27395858391567 736.1943469391454 722.9203883552297
265.0 13.20162149809239 737.0784383927675 723.8768168946752
266.0 12.85896223781224 753.2629298624829 740.4039676246707
267.0 13.19231838933163 742.0788139677828 728.8864955784512
268.0 13.20841793049805 736.9921008262637 723.7836828957657
269.0 12.89971647485363 757.4893557633903 744.5896392885366
270.0 12.70620418843448 756.4528436170535 743.746639428619
271.0 13.38743936632399 729.8278658088308 716.4404264425068
272.0 13.23669650606044 737.9074737145731 724.6707772085127
273.0 13.26833276347729 741.123742459413 727.8554096959357
274.0 12.99275218280313 747.8097786492768 734.8170264664737
275.0 11.11815611809866 839.0518830812593 827.9337269631606
276.0 13.22066532002682 738.9440956838074 725.7234303637805
277.0 13.18829526119913 735.232080049193 722.0437847879938
278.0 13.37878038475868 729.0046121197808 715.6258317350221
279.0 11.97477751963204 804.8204088429071 792.8456313232751
280.0 13.03608555501932 742.574103850808 729.5380182957886
281.0 12.92891947711963 744.3498326220786 731.420913144959
282.0 13.30177449073437 733.8752738750444 720.57349938431
283.0 13.25539770735308 734.6497400172024 721.3943423098493
284.0 13.01675325879256 745.2265682490134 732.2098149902208
285.0 12.39610285166791 768.2576951717205 755.8615923200526
286.0 13.31887372127327 728.4411127362366 715.1222390149633
287.0 11.75931234619123 816.835465445695 805.0761530995038
288.0 13.18685248429515 737.9243586126514 724.7375061283562
289.0 13.23167689446735 734.4869219060191 721.2552450115517
290.0 13.15806022666558 736.6210751399368 723.4630149132713
291.0 13.4913660773463 726.8776156765098 713.3862495991635
292.0 13.22768133697432 734.6350441853581 721.4073628483838
293.0 13.50072957100565 724.4237606241619 710.9230310531562
294.0 13.45155525707544 724.243164467149 710.7916092100735
295.0 13.50990878955151 721.3549841257508 707.8450753361993
296.0 13.21505004170612 733.1687911931282 719.9537411514221
297.0 13.01053301752258 738.8784596425147 725.8679266249921
298.0 13.20671613595749 730.8460928235542 717.6393766875967
299.0 11.81601100351476 806.416393169192 794.6003821656773
300.0 13.34273231824186 728.91803483659 715.5753025183481
301.0 13.2935946619086 729.8454866215296 716.551891959621
302.0 12.82956820721288 761.078187724087 748.2486195168741
303.0 13.65508961045764 714.1890081864622 700.5339185760046
304.0 13.50405291682467 718.3974537195035 704.8934008026788
305.0 13.39515083701961 723.6329929389012 710.2378421018816
306.0 13.43708551501386 721.7112933399967 708.2742078249828
307.0 13.35421070431702 725.3579835998585 712.0037728955415
308.0 12.88348241398169 747.3626714487194 734.4791890347377
309.0 13.35189433603529 722.6815672637361 709.3296729277009
310.0 12.12244144192197 802.3827796941558 790.2603382522338
311.0 13.4740992696945 716.9003675351417 703.4262682654472
312.0 13.53415466116092 715.6285635444141 702.0944088832532
313.0 13.3359248970953 721.8562635648228 708.5203386677275
314.0 13.49811985460393 713.6406530493006 700.1425331946967
315.0 13.55081781082407 714.0448409651777 700.4940231543536
316.0 13.449124533914 716.699151416325 703.250026882411
317.0 13.06255727833908 735.0431010427992 721.9805437644602
318.0 13.54501362456557 712.9315188227403 699.3865051981747
319.0 13.61917169177454 712.0106736525844 698.3915019608099
320.0 13.47439710518848 716.4271573353905 702.952760230202
321.0 13.34188003301414 718.7578584859464 705.4159784529323
322.0 13.39929404883678 717.7483715401873 704.3490774913505
323.0 13.35840547653189 721.363977913955 708.0055724374231
324.0 13.58616454818413 711.5612082206187 697.9750436724345
325.0 13.38402789934343 713.1142049235003 699.7301770241569
326.0 13.42418815444736 713.9370047420207 700.5128165875734
327.0 13.3589027073677 724.0671002908361 710.7081975834685
328.0 13.56527512913133 707.5507747745726 693.9854996454413
329.0 13.57082182144123 708.4705852715281 694.8997634500869
330.0 13.63763410876559 707.1370888988979 693.4994547901323
331.0 13.37811146531607 716.4433805400944 703.0652690747783
332.0 13.64721942541475 705.2045380725654 691.5573186471507
333.0 13.3868344363969 712.3356508869669 698.94881645057
334.0 11.89420927854517 812.4117600157078 800.5175507371626
335.0 13.53324459145704 708.2782378565408 694.7449932650838
336.0 13.60594041587764 704.8101596615539 691.2042192456763
337.0 13.4634117007446 712.4691723117092 699.0057606109646
338.0 13.47358492287219 711.0249395317664 697.5513546088942
339.0 13.63665487475064 702.6938740276677 689.0572191529171
340.0 13.52737019745246 704.6363489592056 691.1089787617531
341.0 13.55418878697717 706.2492750616684 692.6950862746912
342.0 11.8082949734585 816.1037016455247 804.2954066720662
343.0 13.5518775186934 701.3194675726535 687.7675900539601
344.0 13.54692150801286 705.1905206073062 691.6435990992933
345.0 13.6416308701642 701.0274189655714 687.3857880954072
346.0 13.67785728023019 697.4813937593249 683.8035364790947
347.0 13.58579132508994 698.9689091620025 685.3831178369126
348.0 13.56749809118311 701.7598936946386 688.1923956034555
349.0 13.75717675004244 695.5575857522319 681.8004090021894
350.0 13.63681860959056 696.8817134454125 683.244894835822
351.0 13.72243270746043 697.5658817179853 683.8434490105248
352.0 13.67428296270096 695.0891172216594 681.4148342589584
353.0 13.64611248442127 696.0912538237802 682.4451413393589
354.0 13.6616655605188 696.872350633768 683.2106850732492
355.0 13.69433984073564 694.0316616302402 680.3373217895046
356.0 13.72768494647279 694.2572042407417 680.5295192942689
357.0 13.67104922156461 697.361790546558 683.6907413249934
358.0 13.65410882347815 694.3817435978765 680.7276347743984
359.0 13.5769023799222 694.6780209516606 681.1011185717384
360.0 13.74833950197461 691.9623601900016 678.214020688027
361.0 13.75006857822175 692.0645002820462 678.3144317038244
362.0 13.78454127401146 689.7971057730353 676.0125644990239
363.0 13.62769447281769 696.0766005228762 682.4489060500585
364.0 13.74848203078016 690.9157716997219 677.1672896689417
365.0 13.71481978332142 692.9175591782023 679.2027393948808
366.0 13.81739198256009 689.5203230262131 675.702931043653
367.0 13.75484146207382 690.0656199849209 676.3107785228471
368.0 13.77039958872286 689.5006978512831 675.7302982625602
369.0 13.78674375690924 688.6786894292522 674.891945672343
370.0 13.83077671751067 685.5708815929425 671.7401048754318
371.0 13.82598183401131 686.771990868369 672.9460090343577
372.0 13.88147827113913 684.6781292462271 670.796650975088
373.0 13.77002495126447 689.2307287357589 675.4607037844944
374.0 13.84802710730913 685.7662280069716 671.9182008996625
375.0 13.7931397307812 685.6991865328946 671.9060468021134
376.0 13.87142107097901 684.5467275697684 670.6753064987894
377.0 13.85579386325259 685.4601247142843 671.6043308510317
378.0 13.8685040474797 685.2581305259825 671.3896264785028
379.0 13.88261323636236 683.4570208690741 669.5744076327117
380.0 13.90549607840837 681.7402393955034 667.8347433170951
381.0 13.87254235587617 684.4096676124916 670.5371252566155
382.0 13.98152804200267 678.0832081404154 664.1016800984128
383.0 13.90377041098303 681.6701132684405 667.7663428574574
384.0 13.98545121736851 677.6333045286605 663.647853311292
385.0 13.9342253054969 681.0690030071343 667.1347777016374
386.0 13.9967363784511 677.4255044082102 663.4287680297591
387.0 13.90967425544163 682.9557598111831 669.0460855557415
388.0 13.99333934663013 676.9263912078559 662.9330518612257
389.0 14.00467585978417 678.7124813060348 664.7078054462506
390.0 13.95718649529428 683.0346620497596 669.0774755544653
391.0 14.06645430446038 675.1670307251625 661.1005764207021
392.0 13.92849455702481 687.3486600223716 673.4201654653468
393.0 14.0941336633414 674.2629153663695 660.1687817030281
394.0 14.08981808366676 674.8420918045263 660.7522737208596
395.0 14.06902721968848 674.6856701026386 660.6166428829502
396.0 14.13438684753064 672.5559471654929 658.4215603179623
397.0 14.16601545643071 669.5770803242938 655.4110648678631
398.0 14.17020523902749 672.4195854012026 658.2493801621752
399.0 14.18399292774817 670.9109359729171 656.7269430451689
400.0 14.14175816085521 672.5752112082551 658.4334530473999
401.0 14.16166458840469 672.2730917285313 658.1114271401266
402.0 14.19772455948142 671.3510392793485 657.1533147198671
403.0 14.21971797991319 669.4769431570008 655.2572251770876
404.0 14.23774544673471 667.8460636665012 653.6083182197665
405.0 14.32584073617271 667.6446428741648 653.3188021379921
406.0 14.35286275047143 665.2323905312796 650.8795277808082
407.0 14.32981266837473 665.4964010459207 651.166588377546
408.0 14.18772719679851 675.9103521133704 661.7226249165719
409.0 14.39651343845295 662.8110665894721 648.4145531510192
410.0 14.44928798963739 660.9361686367119 646.4868806470745
411.0 14.42885262160021 662.5698115028904 648.1409588812902
412.0 14.44252585586443 661.267472850288 646.8249469944235
413.0 14.41908849564121 663.3427439474559 648.9236554518147
414.0 14.31004867687679 678.1393293945495 663.8292807176727
415.0 14.47271011716267 662.0258296684276 647.5531195512649
416.0 14.5110302405754 659.9594834253556 645.4484531847803
417.0 14.5159945860783 660.1368950299811 645.6209004439028
418.0 14.55017798627052 659.1510117711971 644.6008337849265
419.0 14.55581556230887 659.6737657608695 645.1179501985607
420.0 14.562784937422 661.0893089789843 646.5265240415623
421.0 14.60287577482961 659.921712658632 645.3188368838024
422.0 14.67501377655667 656.3207629275991 641.6457491510424
423.0 14.70780620255074 655.6649350149436 640.9571288123929
424.0 14.70910119596265 655.7140050757239 641.0049038797613
425.0 14.72263381284171 656.1253917094686 641.4027578966269
426.0 14.79276672671491 654.0870481728234 639.2942814461085
427.0 14.77912578865953 654.8324422571016 640.0533164684421
428.0 14.79701376461026 654.7416398603427 639.9446260957324
429.0 14.87352867880453 652.0910763669319 637.2175476881274
430.0 14.90904501408695 652.4811410372967 637.5720960232097
431.0 14.95192482597859 649.7765869668859 634.8246621409073
432.0 14.89465065617093 651.4834590774164 636.5888084212454
433.0 14.98154817948939 649.7554540983382 634.7739059188488
434.0 15.03864423463184 648.3754247020169 633.3367804673851
435.0 15.01689368222702 650.6844855911151 635.6675919088881
436.0 15.07615722157899 648.4970340232808 633.4208768017019
437.0 15.1433651429581 646.073949044255 630.9305839012969
438.0 15.16497049568376 646.8068242564746 631.6418537607908
439.0 15.17167072168386 647.2550596012268 632.0833888795429
440.0 15.27106688607381 644.3461699829445 629.0751030968707
441.0 15.29522875533307 643.8275489101215 628.5323201547884
442.0 15.34118060647257 643.5671471285863 628.2259665221137
443.0 15.31943545637315 645.0604016527611 629.7409661963879
444.0 15.3793434817271 644.2460242219401 628.866680740213
445.0 15.44120402685999 643.8097083050895 628.3685042782295
446.0 15.4831409607821 642.2925931585952 626.8094521978131
447.0 14.91329299323927 700.0658357077182 685.1525427144789
448.0 15.56912826512509 642.8859243449877 627.3167960798626
449.0 15.59521979390578 641.5151550713454 625.9199352774396
450.0 15.63768930599387 639.8981899897708 624.2605006837769
451.0 15.72680589678306 638.6775679377021 622.950762040919
452.0 15.7298532355454 639.7094013171125 623.9795480815671
453.0 15.86532961404169 635.480109409521 619.6147797954793
454.0 15.86268240878684 637.2428471966611 621.3801647878742
455.0 15.9229587245801 636.6817817514823 620.7588230269022
456.0 15.96648618964212 636.0403905000207 620.0739043103786
457.0 16.0172478487938 636.1059945142704 620.0887466654766
458.0 16.1457578162747 632.0659593768035 615.9202015605288
459.0 16.09758420642145 636.661462998759 620.5638787923375
460.0 16.20920922418523 632.3065906448144 616.0973814206292
461.0 16.25929510560764 633.2114898794706 616.952194773863
462.0 16.34321302943451 631.6877085904534 615.3444955610189
463.0 16.40719116214461 629.9856071151144 613.5784159529698
464.0 16.46973593981594 631.1509934187909 614.6812574789749
465.0 16.5483399852864 628.7066621733042 612.1583221880178
466.0 16.65995025208411 625.6939620240905 609.0340117720063
467.0 16.38177883841522 655.2172073365702 638.835428498155
468.0 16.76595526608193 626.0736453692528 609.3076901031708
469.0 16.80878669848326 627.5716271873536 610.7628404888703
470.0 16.92361917500354 625.0381491740359 608.1145299990324
471.0 16.97908923411225 624.7581066952695 607.7790174611572
472.0 17.06451709235705 623.9051546961106 606.8406376037536
473.0 17.03319136774608 632.3538991664176 615.3207077986715
474.0 17.17081615376805 625.5261282707812 608.3553121170131
475.0 17.29433137814867 623.9417695098506 606.6474381317019
476.0 17.41006403062038 620.830748701312 603.4206846706917
477.0 17.47823724689764 621.4656371466811 603.9873998997835
478.0 17.60361718291767 618.7655269896596 601.1619098067419
479.0 17.70253528488594 616.1168623971413 598.4143271122553
480.0 17.76581758534065 617.1180888884566 599.352271303116
481.0 17.80660572370753 617.0473287873565 599.2407230636489
482.0 17.98865120196912 615.8202516857403 597.8316004837712
483.0 17.98745554344903 623.563895836498 605.5764402930489
484.0 18.09136999975516 618.2010044987606 600.1096344990054
485.0 18.31181922743555 610.9359786056484 592.6241593782129
486.0 18.3637034756787 613.9890635877868 595.6253601121081
487.0 18.51317320443039 609.1217777271305 590.6086045227001
488.0 18.57134541973352 611.4685286262987 592.8971832065652
489.0 18.55707496417223 615.1692360234375 596.6121610592653
490.0 18.77442583883664 609.5606711059386 590.7862452671019
491.0 18.85790631967197 612.4698159385525 593.6119096188805
492.0 19.0454715915151 609.4671383729084 590.4216667813933
493.0 19.20725357950843 605.8085357667839 586.6012821872754
494.0 19.00716092117961 627.7003940001907 608.6932330790111
495.0 19.33790073610036 609.7328876430342 590.3949869069339
496.0 19.52531844848138 604.8145124819846 585.2891940335033
497.0 19.66937042779583 606.4164547944144 586.7470843666186
498.0 19.75564730296131 605.4131739261331 585.6575266231718
499.0 19.99433240743522 600.0430171890718 580.0486847816366
500.0 19.94024792940576 613.8569482586821 593.9167003292764
501.0 20.24331711956942 601.8394556725964 581.596138553027
502.0 20.41216158628551 600.0398184213274 579.6276568350419
503.0 20.46993548784197 602.7257257157692 582.2557902279273
504.0 20.75442435696481 596.5178520443362 575.7634276873714
505.0 20.95123895605499 593.2229909287173 572.2717519726623
506.0 20.87114077161421 599.6479589143108 578.7768181426966
507.0 21.14267175416688 595.2048296826265 574.0621579284596
508.0 21.31474235847278 595.8966750946933 574.5819327362206
509.0 21.45832949193394 596.3671643515805 574.9088348596465
510.0 21.64975544975645 593.7112241245831 572.0614686748266
511.0 21.86595002592851 592.5064686025512 570.6405185766226
512.0 21.99927644656373 589.740420342035 567.7411438954713
513.0 22.25602052376692 587.9438235871749 565.687803063408
514.0 22.52106537073739 586.6552849236492 564.1342195529118
515.0 22.47752794491525 593.5910612034055 571.1135332584902
516.0 22.8442921802528 584.5874396043851 561.7431474241323
517.0 22.80567939800051 596.1474245588955 573.341745160895
518.0 23.33282303911037 580.7444746997962 557.4116516606858
519.0 23.60331426559017 579.0643919370979 555.4610776715078
520.0 23.26814579228662 590.1157682101423 566.8476224178556
521.0 24.07674322516508 571.8956767022532 547.8189334770881
522.0 24.17955554407886 578.529764099855 554.3502085557762
523.0 24.25341467958612 581.6427902017748 557.3893755221887
524.0 24.76361160815945 574.4873582203702 549.7237466122107
525.0 24.65727025205995 580.3010381855489 555.643767933489
526.0 24.87256946237999 577.829411528992 552.956842066612
527.0 25.10894374901159 591.6395344296445 566.5305906806329
528.0 25.54271048993864 575.8898849076641 550.3471744177254
529.0 25.55531790511457 582.5962804902835 557.0409625851689
530.0 25.83384997545512 573.3578019269455 547.5239519514904
531.0 26.30061885464179 570.7609989589572 544.4603801043154
532.0 26.66562777381288 566.3607670052726 539.6951392314597
533.0 27.17618389304651 559.8155157171764 532.6393318241299
534.0 26.42913996389514 572.7456288197911 546.3164888558959
535.0 27.28795416883355 562.4227596588888 535.1348054900553
536.0 27.7029712449467 561.1710201849275 533.4680489399808
537.0 28.11791586919944 554.3119785096291 526.1940626404297
538.0 29.40960304811834 542.2918578002445 512.8822547521261
539.0 29.4265006974325 539.8505174620946 510.4240167646621
540.0 29.21813538821452 548.956984917863 519.7388495296485
541.0 29.20074519310865 559.0144056021802 529.8136604090715
542.0 27.10015954701692 603.9580362135056 576.8578766664887
543.0 29.48291885951324 559.3795963176862 529.896677458173
544.0 28.04833865652194 575.8002254561337 547.7518867996117
545.0 31.3126424373638 543.2466437273741 511.9340012900103
546.0 33.79896807321039 517.2194430575718 483.4204749843614
547.0 33.40285793626142 520.4546301164781 487.0517721802167
548.0 31.50601905477833 531.1692966900646 499.6632776352863
549.0 30.21266517779652 567.6226578797603 537.4099927019638
550.0 30.38340384363987 559.3628105473108 528.9794067036709
551.0 33.3681408987801 523.721894533388 490.3537536346079
552.0 46.29334166882728 442.7412014824258 396.4478598135985
553.0 44.31378404584326 450.3806662104044 406.0668821645611
554.0 42.44626865424436 461.384936206153 418.9386675519086
555.0 37.27017969639876 501.7217946078464 464.4516149114477
556.0 47.33710128590632 439.1391706976803 391.802069411774
557.0 38.23159628511915 491.7219957742763 453.4903994891571
558.0 44.77018159592144 448.4591099251837 403.6889283292622
559.0 45.83861800926448 445.1476076894378 399.3089896801734
560.0 52.2180811688869 421.6702816231698 369.4522004542829
561.0 57.22548745449571 403.5028885605742 346.2774011060785
562.0 62.13819983148113 384.6370689627657 322.4988691312845
563.0 58.99175864401909 394.965935357986 335.9741767139669
564.0 60.04140588307289 393.5777763150513 333.5363704319784
565.0 53.8824236767815 415.677791899135 361.7953682223535
566.0 62.21402998135221 382.2768787311005 320.0628487497483
567.0 64.02509096147935 379.1027137139321 315.0776227524527
568.0 69.99917325252107 361.7125101571436 291.7133369046225
569.0 64.02515000253035 379.1044728951031 315.0793228925728
570.0 69.15036021521936 363.0630443561854 293.912684140966
571.0 69.27028991957725 363.6633824238003 294.3930925042231
572.0 80.25445084528648 334.7817694582619 254.5273186129755
573.0 69.27392705311182 363.7220609709369 294.4481339178251
574.0 77.96765679552541 341.6618286003209 263.6941718047955
575.0 68.5016740744857 365.2456518917669 296.7439778172812
576.0 92.18397767658416 307.0390358772918 214.8550582007076
577.0 92.91542299470988 304.8163702436314 211.9009472489215
578.0 69.99960242869188 361.7221369756067 291.7225345469148
579.0 83.00238573832172 329.7221366768138 246.7197509384921
580.0 113.520010141744 262.3365148157128 148.8165046739688
581.0 97.44466615849566 295.7221368966942 198.2774707381985
582.0 106.0864062316294 277.7219904977287 171.6355842660993
583.0 114.0739880024928 263.5794535071658 149.505465504673
584.0 120.0489600607386 253.7203247182287 133.6713646574901
585.0 135.5986418498924 227.4763320814148 91.87769023152236
586.0 133.2266701317358 231.6013614663246 98.37469133458874
587.0 132.0351989920045 233.6814635356744 101.6462645436699
588.0 133.2272443568574 231.6299643115708 98.40271995471344
591.0 148.8390234819782 205.722137 56.8831135180218
