0.0 4.492795196285047 894.8431472683733 890.3503520720883
1.0 3.17378966900453 896.1826069389642 893.0088172699597
2.0 2.420664054408656 895.1163712849725 892.6957072305638
3.0 1.863678561350462 894.2488920180759 892.3852134567254
4.0 1.426930171008782 893.4409136940091 892.0139835230003
5.0 1.11093991925816 893.7603453496091 892.6494054303509
6.0 0.9192039041161841 891.4040724493564 890.4848685452402
7.0 0.6670758447641521 891.8171270188927 891.1500511741286
8.0 0.481025344834895 891.8788699944306 891.3978446495957
9.0 0.4022147733924398 890.963463398591 890.5612486251986
10.0 0.2837760036503416 890.9955487427722 890.7117727391219
11.0 0.2010951769662918 889.9738754336402 889.7727802566739
12.0 0.1172873409361676 889.9028056749718 889.7855183340357
13.0 0.08177650969944439 889.3590377112983 889.2772612015988
14.0 0.06137501098253379 888.7891789013809 888.7278038903983
15.0 0.02945832374760624 888.8865462705247 888.8570879467771
16.0 0.005201628380291298 888.3151009253957 888.3098992970154
17.0 0.03162037206696893 887.8715768445883 887.8399564725214
18.0 0.02758819808560551 887.5332373885891 887.5056491905035
19.0 0 888.0775336128194 888.0775336128194
20.0 0.03611433192066515 886.3834581076035 886.3473437756828
21.0 0.06023860893154777 886.1838217533594 886.1235831444279
22.0 0.05921695169221724 886.2975558788906 886.2383389271984
23.0 0.1050315574464219 885.6969976333837 885.5919660759373
24.0 0.1143078508825984 885.3627097541151 885.2484019032325
25.0 0.1718959010804589 884.2738484138884 884.101952512808
26.0 0.1662883398859708 884.5360527229608 884.3697643830748
27.0 0.1856620105893573 884.1027593012728 883.9170972906834
28.0 0.263597805661642 882.9789146656663 882.7153168600046
29.0 0.2438236382996464 883.5490603747073 883.3052367364076
30.0 0.2877720702971881 883.1088687916233 882.8210967213261
31.0 0.3070897641599301 883.0480348004629 882.740945036303
32.0 0.3439650716241676 882.0263968058645 881.6824317342403
33.0 0.4020776305490058 881.8093499144413 881.4072722838922
34.0 0.43409907189747 881.764874935393 881.3307758634956
35.0 0.4682267442331975 880.9811515638764 880.5129248196432
36.0 0.5293376998205167 880.1181352831735 879.588797583353
37.0 0.5515702323953975 880.1046307240028 879.5530604916074
38.0 0.5734860972491046 880.0542603034647 879.4807742062156
39.0 0.6365732164463379 879.0312016237194 878.394628407273
40.0 0.6420484061190676 879.8018678170438 879.1598194109247
41.0 0.7239530199301747 878.7293336522126 878.0053806322825
42.0 0.809875634038755 877.3696705010426 876.5597948670039
43.0 0.8212941720133977 877.9234390117687 877.1021448397553
44.0 0.8792569334522476 877.8278034613794 876.9485465279272
45.0 0.9361422358699586 877.6799840102282 876.7438417743583
46.0 1.033990626730689 874.9459457072238 873.9119550804931
47.0 1.065505415216885 876.2586747524412 875.1931693372243
48.0 1.144234344472261 874.7168632122226 873.5726288677503
49.0 1.153539599868555 875.4411870736997 874.2876474738311
50.0 1.238127507224068 874.4723414709674 873.2342139637433
51.0 1.312242410284301 874.0315915786266 872.7193491683423
52.0 1.39112140797519 872.8421021037909 871.4509806958157
53.0 1.439068711828313 873.28645453082 871.8473858189916
54.0 1.492757437891738 872.8788008908588 871.386043452967
55.0 1.563097663874988 871.8136649391577 870.2505672752828
56.0 1.640010465440143 871.7758258653659 870.1358153999257
57.0 1.711705982315936 871.2622164736942 869.5505104913783
58.0 1.799285125291425 869.902536466907 868.1032513416156
59.0 1.868612454003537 869.8294148321513 867.9608023781478
60.0 1.95319077152787 870.2339020695015 868.2807112979736
61.0 1.968761896966451 871.133627381163 869.1648654841966
62.0 2.096727466807193 868.9276900330752 866.830962566268
63.0 2.222694356488154 867.7725126341778 865.5498182776896
64.0 2.295117439221383 867.1823812763012 864.8872638370798
65.0 2.326486527617213 867.316284626827 864.9897980992098
66.0 2.427611833542836 868.1160627864579 865.688450952915
67.0 2.501723526684064 867.1299796222498 864.6282560955657
68.0 2.603246236567798 865.9807531123668 863.377506875799
69.0 2.710042609990211 865.8324339813247 863.1223913713345
70.0 2.774438878860859 865.1738169212973 862.3993780424365
71.0 2.959455174627991 862.0515002979639 859.0920451233359
72.0 2.930603359906778 866.4123680105668 863.48176465066
73.0 3.041633275993625 864.5351956739304 861.4935623979368
74.0 3.185999986956878 861.9273245134562 858.7413245264993
75.0 3.282357391189233 863.0439154312418 859.7615580400526
76.0 3.426614611140188 859.8142670821045 856.3876524709643
77.0 3.597209568746998 855.9750135652487 852.3778039965017
78.0 3.573938448951551 860.4151704574299 856.8412320084783
79.0 3.683791376353711 858.9074416615801 855.2236502852264
80.0 3.776790383458442 859.8898656643494 856.113075280891
81.0 3.897459866845128 858.4430904359988 854.5456305691537
82.0 3.979228666247421 857.7773107111846 853.7980820449372
83.0 4.137601156159845 856.9132848457898 852.77568368963
84.0 4.319140942389914 851.9049561705358 847.5858152281459
85.0 4.384915861358697 853.7680807054089 849.3831648440502
86.0 4.39724505138054 857.1027229810905 852.70547792971
87.0 4.581603026451702 851.5769230829164 846.9953200564647
88.0 4.739124653401969 852.1859420822093 847.4468174288073
89.0 4.779518978557523 851.5628455598152 846.7833265812577
90.0 4.724555850931325 857.2827478930461 852.5581920421148
91.0 5.002062939599475 852.1287956296197 847.1267326900202
92.0 5.158645511601814 852.2383581602239 847.0797126486221
93.0 5.141967396962079 856.6277432947307 851.4857758977686
94.0 5.328428549976226 852.6526233989521 847.3241948489759
95.0 5.562054053616916 847.867488898748 842.3054348451311
96.0 5.758065148698006 844.1591259255334 838.4010607768354
97.0 5.80751522967833 846.356196640428 840.5486814107496
98.0 6.017122083196165 846.6044015487176 840.5872794655214
99.0 6.237736801177862 839.5268581286226 833.2891213274447
100.0 6.181863965535014 847.0860452229169 840.9041812573819
101.0 6.157534530999244 857.1964110996395 851.0388765686402
102.0 6.387963617275634 845.7779799284584 839.3900163111828
103.0 6.487195109526545 845.7514901168592 839.2642950073326
104.0 6.520594104295219 849.7485385566216 843.2279444523263
105.0 6.738386294446971 846.7424351666977 840.0040488722507
106.0 6.913897609277976 847.4944723185661 840.5805747092881
107.0 7.104913472988456 846.197287595853 839.0923741228646
108.0 7.363165095688612 840.6705520578494 833.3073869621608
109.0 7.57190259016724 840.1505231491486 832.5786205589814
110.0 7.468614839916119 843.559970123002 836.0913552830859
111.0 7.811669996383064 836.7529961228863 828.9413261265032
112.0 8.139114467413211 829.9622653559107 821.8231508884974
113.0 7.670427099917748 847.5655307016706 839.8951036017529
114.0 8.386509824667752 830.7106509975408 822.324141172873
115.0 8.01312122477408 851.2266363286527 843.2135151038786
116.0 8.315477548100397 839.9488185934506 831.6333410453502
117.0 8.83103803324884 827.6967834124779 818.865745379229
118.0 7.836972062304814 866.051182907107 858.2142108448022
119.0 8.851580677203368 831.3704306196321 822.5188499424287
120.0 7.689147188651608 901.787936601716 894.0987894130644
121.0 8.739566051389333 841.0988100349285 832.3592439835392
122.0 8.583760717766243 855.7726306554004 847.1888699376341
123.0 9.325269773294593 831.3044287651826 821.979158991888
124.0 8.323704036436427 868.9419560619925 860.6182520255561
125.0 8.70035884440408 869.1082777179856 860.4079188735815
126.0 10.1037916984164 819.3619359218552 809.2581442234388
127.0 9.483776684161405 841.0198292480319 831.5360525638705
128.0 9.74614423935434 833.4165416949798 823.6703974556254
129.0 10.04672937630551 823.583369842667 813.5366404663615
130.0 9.92530836391114 834.3142443498698 824.3889359859586
131.0 9.417643817012988 845.1542379816066 835.7365941645936
132.0 10.23768140378922 826.3699266644904 816.1322452607012
133.0 10.79848804274533 813.7454974954577 802.9470094527123
134.0 8.675963115610735 889.1730076217459 880.4970445061352
135.0 8.531759292499625 914.881123716287 906.3493644237874
136.0 10.75100582899003 816.7359044591722 805.9848986301822
137.0 10.58991562802582 828.888627997286 818.2987123692602
138.0 11.3953866232991 806.1816043642509 794.7862177409518
139.0 10.7258668057088 826.1305240631332 815.4046572574244
140.0 8.256078694487323 907.6684886939745 899.4124099994871
141.0 10.79814412709654 827.6840219027397 816.8858777756432
142.0 11.37792030550951 816.7057629573522 805.3278426518427
143.0 11.53653221427637 810.0684828568451 798.5319506425687
144.0 11.52430024544615 808.4465765714606 796.9222763260145
145.0 11.36707328102407 818.0782087648935 806.7111354838694
146.0 9.048439001430705 923.1209868073977 914.072547805967
147.0 11.41404603247902 816.7559945618226 805.3419485293436
148.0 11.00733533697332 827.3944973091733 816.3871619722
149.0 9.453854688057557 879.4480001665159 869.9941454784583
150.0 11.57166293951539 814.8552181617495 803.2835552222341
151.0 11.71074889931557 814.0797017139311 802.3689528146155
152.0 11.96695661914134 808.4688122793184 796.501855660177
153.0 11.66591138033483 815.4250915069525 803.7591801266177
154.0 11.94167149855034 812.5971211762542 800.6554496777038
155.0 12.10648035407212 806.096918294494 793.9904379404219
156.0 12.23778285318787 808.2287714376165 795.9909885844286
157.0 12.17589572324969 805.2524328669646 793.0765371437149
158.0 8.655769790983124 926.591032008591 917.9352622176079
159.0 12.06576172969537 816.6500981087264 804.584336379031
160.0 12.0847392497687 818.3555583274731 806.2708190777044
161.0 12.58817142075048 798.8763090969874 786.2881376762369
162.0 11.96458988915508 824.0455309965641 812.080941107409
163.0 8.432370294599479 899.7616925077781 891.3293222131786
164.0 12.16314425688974 816.1718321040103 804.0086878471205
165.0 12.69390464260646 799.8081219612031 787.1142173185966
166.0 12.57089066411827 804.7228557406949 792.1519650765767
167.0 12.51804215043474 810.9950267728176 798.4769846223829
168.0 12.85299190628839 798.2218501448549 785.3688582385665
169.0 11.85718538180153 826.9671223371639 815.1099369553623
170.0 12.76656360291604 805.4926826155373 792.7261190126213
171.0 12.84098899071725 807.6208911635975 794.7799021728802
172.0 13.06199939138275 803.8616191657755 790.7996197743928
173.0 12.80237567889336 802.3485214806901 789.5461458017967
174.0 12.43178139889798 816.8945865472731 804.4628051483751
175.0 11.56656932217097 832.5283735665875 820.9618042444165
176.0 13.20669328575082 797.9065982341047 784.6999049483539
177.0 12.46181665485624 892.5467948194636 880.0849781646074
178.0 8.363625745177601 915.7898220947142 907.4261963495366
179.0 13.256947471085 800.1677154109462 786.9107679398612
180.0 13.29924686188459 801.3922435876547 788.0929967257701
181.0 11.58272626764955 849.9711172635118 838.3883909958623
182.0 13.5619666965605 802.7201258787127 789.1581591821522
183.0 14.16271295483396 784.0404725062811 769.8777595514472
184.0 12.61156651562432 823.266811181286 810.6552446656617
185.0 13.12793806690161 825.1246480299237 811.9967099630221
186.0 14.04397315675364 794.3331843392427 780.2892111824891
187.0 9.722243615793958 885.5280972903049 875.805853674511
188.0 13.45076664677173 801.259636662514 787.8088700157423
189.0 10.1712192798856 879.6390434512717 869.4678241713862
190.0 14.8390707887391 780.7766260668092 765.9375552780701
191.0 13.9658781679917 793.7256210878175 779.7597429198258
192.0 14.00932635074588 799.3254087698367 785.3160824190908
193.0 14.38706263914191 790.0349573860932 775.6478947469513
194.0 14.46335568593364 785.2273564496873 770.7640007637537
195.0 12.64189855261093 837.3115526528967 824.6696541002858
196.0 12.43304357241609 841.0321847408662 828.5991411684501
197.0 14.59533214140816 788.0723905997719 773.4770584583637
198.0 14.5138304092294 786.9170892031173 772.4032587938879
199.0 14.28257518556435 801.5127838336113 787.230208648047
200.0 14.65093415832225 786.4979094426553 771.8469752843331
201.0 14.87381192388772 782.4892201288212 767.6154082049335
202.0 14.70994743381121 791.3698987992135 776.6599513654023
203.0 13.25806743394928 829.7337725735986 816.4757051396493
204.0 15.03830267516767 777.9246867879446 762.8863841127769
205.0 15.22018124702058 776.4379558244243 761.2177745774037
206.0 15.61517963461735 775.9612259145851 760.3460462799678
207.0 15.0687418913311 787.9600268118914 772.8912849205603
208.0 15.30805667278151 778.5238138078681 763.2157571350866
209.0 14.65811505105709 801.1093602770646 786.4512452260075
210.0 15.40711402082678 778.139646654593 762.7325326337662
211.0 15.34162268416039 776.8528750460398 761.5112523618794
212.0 15.53182489409564 775.6664368528801 760.1346119587844
213.0 16.12998706218033 767.8206450187933 751.6906579566129
214.0 14.99460990816914 798.9811188239713 783.9865089158022
215.0 14.91069073953965 792.3761548374015 777.4654640978618
216.0 8.443573270365196 923.5409223990271 915.0973491286619
217.0 15.69233727987915 781.6785270055482 765.9861897256691
218.0 12.95136248335979 836.5644829268041 823.6131204434443
219.0 15.27480494531347 787.7724783208055 772.497673375492
220.0 8.750169270456782 903.4602453807137 894.7100761102569
221.0 13.4009515727171 830.0413733265852 816.6404217538681
222.0 15.23116116847617 807.3927855362758 792.1616243677996
223.0 16.0539848303168 776.5781889180925 760.5242040877757
224.0 11.27512101567317 865.7871943887758 854.5120733731027
225.0 14.5013420256392 808.7365600421091 794.2352180164699
226.0 16.15648928335619 774.2860413690691 758.1295520857129
227.0 16.33680730602105 771.0771036938055 754.7402963877845
228.0 16.37428104598029 769.4632244289937 753.0889433830134
229.0 15.56224767845524 789.2290218821889 773.6667742037336
230.0 15.28005100612349 802.2123412543539 786.9322902482304
231.0 15.76986845659625 782.1187024859747 766.3488340293785
232.0 17.06670379632099 759.2203567633358 742.1536529670148
233.0 16.55689132427962 768.2140611096098 751.6571697853301
234.0 16.077841082738 779.7228380509562 763.6449969682182
235.0 16.85833509355776 766.2289192323591 749.3705841388013
236.0 16.94537426477914 764.6928557345149 747.7474814697357
237.0 17.15636106305934 767.931362116961 750.7750010539016
238.0 15.98887759520903 792.714423604513 776.725546009304
239.0 17.55282567166453 752.3355678626786 734.782742191014
240.0 16.77966471641011 776.5470608736235 759.7673961572134
241.0 16.99028974816931 763.5973710455926 746.6070812974233
242.0 14.08807351386079 826.7693692296206 812.6812957157598
243.0 16.20996724053038 781.7060839580906 765.4961167175603
244.0 16.2279850287247 791.6754306361596 775.4474456074349
245.0 16.69841624046703 776.9114784387344 760.2130621982674
246.0 16.94616722810839 767.0787663212868 750.1325990931784
247.0 17.39638475192958 761.3725633196729 743.9761785677433
248.0 17.32650739944593 768.0210698869205 750.6945624874746
249.0 16.46614462659042 778.3002091494406 761.8340645228502
250.0 16.28306822199815 789.3237844763286 773.0407162543304
251.0 16.91710109337601 765.2603359674748 748.3432348740988
252.0 15.67633292046565 806.3464956396366 790.670162719171
253.0 16.41944208110707 777.3063932227509 760.8869511416439
254.0 17.48904319427194 761.2453508078198 743.7563076135479
255.0 17.14225070302783 763.2321999950622 746.0899492920344
256.0 17.24447061673346 765.92205751455 748.6775868978166
257.0 15.35423544286676 811.6194517574999 796.2652163146332
258.0 17.483254468353 760.0499519576617 742.5666974893087
259.0 17.46042420472593 759.2142734700573 741.7538492653314
260.0 8.514312930611993 909.6685208414316 901.1542079108196
261.0 17.66712113809583 758.6384979365615 740.9713767984657
262.0 17.42891545389185 759.3508445766752 741.9219291227833
263.0 17.13128937831317 774.8789955365298 757.7477061582166
264.0 18.0804499956007 746.7872854153007 728.7068354197
265.0 17.92621686617966 750.8249120403638 732.8986951741841
266.0 16.85312289124782 777.431503605235 760.5783807139871
267.0 17.68749226696292 759.4934434349565 741.8059511679936
268.0 17.89008761736966 753.6732123012529 735.7831246838833
269.0 16.60796577911672 788.7333832992993 772.1254175201826
270.0 16.67322656410782 775.0663175924092 758.3930910283014
271.0 18.40928825520916 740.3342070367853 721.9249187815762
272.0 17.79520769561815 760.3953581661239 742.6001504705057
273.0 17.73332668865771 762.1753785587409 744.4420518700832
274.0 17.20082814159363 770.0667618170853 752.8659336754917
275.0 12.29318301147907 854.8072362007875 842.5140531893084
276.0 17.81164555193692 756.5426192987093 738.7309737467724
277.0 17.97812983184056 748.3412621286853 730.3631322968448
278.0 18.3715367794779 742.8848012854123 724.5132645059344
279.0 14.02353003497281 833.6088931367541 819.5853631017813
280.0 17.47572933249261 761.2329460274856 743.757216694993
281.0 17.33686503238432 761.1512060017835 743.8143409693992
282.0 18.09294558463031 750.2411945371176 732.1482489524873
283.0 18.01682248828987 750.5108957099359 732.4940732216461
284.0 17.24204147789138 771.1585089335761 753.9164674556847
285.0 15.81526054405309 793.062773854418 777.2475133103649
286.0 18.36409987066968 740.0006234134689 721.6365235427993
287.0 13.50300276440349 840.4831835775762 826.9801808131727
288.0 17.67179598354458 763.6257986410617 745.9540026575171
289.0 17.92403272587962 754.8316165882356 736.907583862356
290.0 17.76216025857348 757.959242901985 740.1970826434115
291.0 18.51642565221813 742.9408496103472 724.4244239581291
292.0 17.95185293265033 752.5996646317528 734.6478116991024
293.0 18.61377857665333 740.3213718722445 721.7075932955912
294.0 18.53701312939922 742.7217543823917 724.1847412529925
295.0 18.7745629586199 734.0716993822861 715.2971364236662
296.0 17.91046245263246 756.4523419506108 738.5418794979783
297.0 17.47829943305018 763.3074860622066 745.8291866291564
298.0 18.0340416047995 750.2342655623975 732.200223957598
299.0 13.82308784368351 834.7618250928088 820.9387372491253
300.0 18.14048686022377 754.6977843519744 736.5572974917506
301.0 18.1625599062681 748.3663191752107 730.2037592689426
302.0 16.12428186758012 804.0696049337168 787.9453230661366
303.0 19.16077867932058 727.2304006386178 708.0696219592972
304.0 18.85798538300086 731.5385539951153 712.6805686121144
305.0 18.4707790032117 743.0428753735336 724.572096370322
306.0 18.59023857132568 740.1550863528853 721.5648477815596
307.0 18.33467974970305 746.5478506601513 728.2131709104482
308.0 16.87689935941036 780.2687833105678 763.3918839511575
309.0 18.45202820627501 742.308096426257 723.8560682199819
310.0 14.21010714383405 832.1624508319792 817.9523436881451
311.0 18.83603968760755 732.4826307122779 713.6465910246703
312.0 18.92007566581572 732.6600650712241 713.7399894054084
313.0 18.48347564431521 740.0959898137129 721.6125141693977
314.0 19.00217637744458 727.1965486099347 708.1943722324901
315.0 18.97816967751871 731.5590175314295 712.5808478539108
316.0 18.75839773444257 736.2394698793584 717.4810721449158
317.0 17.50902584632709 766.6057970988576 749.0967712525305
318.0 19.01968210143807 730.0469892493027 711.0273071478647
319.0 19.1448073740497 727.4760357469323 708.3312283728826
320.0 18.7735385101437 737.0886137594961 718.3150752493524
321.0 18.52049221452735 741.3257812760018 722.8052890614745
322.0 18.60492096462092 740.9690774805169 722.364156515896
323.0 18.31946631001862 751.7798114298573 733.4603451198387
324.0 19.04462618859049 732.2857007419348 713.2410745533443
325.0 18.77922261574511 734.460114966039 715.6808923502939
326.0 18.69038781829725 742.5151115308393 723.8247237125421
327.0 18.0133960822077 766.1844388311461 748.1710427489384
328.0 19.23917403572592 723.0555948812361 703.8164208455101
329.0 19.14821410961682 727.9873016608593 708.8390875512425
330.0 19.24576852917144 728.143130811935 708.8973622827636
331.0 18.45758315267773 750.2410594231452 731.7834762704674
332.0 19.35716678333874 723.6046308333125 704.2474640499738
333.0 18.8265167486429 731.8214365779351 712.9949198292922
334.0 13.68758048380584 839.0337569264738 825.3461764426679
335.0 19.06454541101654 731.0084434758497 711.9438980648332
336.0 19.31733601262857 723.8336404434995 704.5163044308709
337.0 18.68933986184635 745.2850899440649 726.5957500822186
338.0 18.79492285099069 741.1915128381546 722.3965899871639
339.0 19.42981813407893 721.0320639900923 701.6022458560134
340.0 19.23746668055867 723.6749940933763 704.4375274128177
341.0 19.11601987870978 731.2982767114852 712.1822568327754
342.0 13.51180372901713 841.1247454077943 827.6129416787772
343.0 19.41094372944064 717.7806819049415 698.3697381755008
344.0 19.10685830663286 732.8694077646306 713.7625494579977
345.0 19.40887741971313 724.3534080507459 704.9445306310328
346.0 19.68989429729827 712.6096317170363 692.919737419738
347.0 19.50759143813254 716.6690449597717 697.1614535216391
348.0 19.34838849103897 722.0847897896702 702.7364012986312
349.0 19.74705205681769 716.6779922984427 696.930940241625
350.0 19.63786480458505 713.8665510179131 694.228686213328
351.0 19.61679866800275 720.0785427130241 700.4617440450213
352.0 19.76166509715739 710.3641058199916 690.6024407228342
353.0 19.6538896006485 714.2404670134272 694.5865774127787
354.0 19.55759760748561 720.4613053591764 700.9037077516907
355.0 19.776253428285 712.0936794678095 692.3174260395245
356.0 19.72853850722053 717.5751315765779 697.8465930693574
357.0 19.45385870554703 728.0324190879942 708.5785603824472
358.0 19.71668796641679 712.6070464097274 692.8903584433106
359.0 19.59037255158791 715.7800638258035 696.1896912742156
360.0 19.89181965806141 710.2424035918709 690.3505839338095
361.0 19.77557316654632 718.7416860310436 698.9661128644973
362.0 19.97291190548105 710.2605382280557 690.2876263225747
363.0 19.54886946987744 718.9592405119122 699.4103710420347
364.0 19.8760763608469 712.4355960878651 692.5595197270182
365.0 19.6669060250751 721.6711608322915 702.0042548072163
366.0 19.91032958373092 717.082526937193 697.172197353462
367.0 19.88745014773462 713.1141073318904 693.2266571841558
368.0 19.86741840469894 716.7814641603975 696.9140457556985
369.0 19.98684939212727 710.3176822820128 690.3308328898855
370.0 20.20224046191411 702.9499929725245 682.7477525106104
371.0 20.09569411998508 708.395979971374 688.300285851389
372.0 20.21445067597192 707.0627440315661 686.8482933555941
373.0 19.86328599217134 716.5839604637337 696.7206744715624
374.0 20.06747548109136 713.4451992493485 693.3777237682572
375.0 20.11813427700861 705.6008596533598 685.4827253763512
376.0 20.1807624797846 708.0474545393633 687.8666920595787
377.0 20.11564905900797 710.0169847914782 689.9013357324702
378.0 20.0465955979402 715.9505821699618 695.9039865720216
379.0 20.25450436704182 705.069989568415 684.8154852013732
380.0 20.36277435273359 701.5613242470495 681.1985498943159
381.0 20.12665744551496 711.6193905884329 691.492733142918
382.0 20.58114229981749 697.2027049585703 676.6215626587528
383.0 20.28109900054253 707.5827751402586 687.3016761397161
384.0 20.59487401056487 697.0869691206141 676.4920951100493
385.0 20.33872203544295 705.8826440865893 685.5439220511463
386.0 20.6152964733484 696.4362182056068 675.8209217322583
387.0 20.09306551148317 718.4443097361288 698.3512442246457
388.0 20.6046603769551 697.7088946305621 677.104234253607
389.0 20.43444414001522 707.9342024654805 687.4997583254653
390.0 20.04634396995807 724.4049389828911 704.358595012933
391.0 20.68998100569814 699.1872821898748 678.4973011841767
392.0 19.50974025870973 749.1420390402807 729.632298781571
393.0 20.69880426148451 702.5901419973459 681.8913377358614
394.0 20.75786160378807 695.9317732039522 675.1739116001642
395.0 20.71499870401397 697.6995142365717 676.9845155325577
396.0 20.85495792589303 696.023863429466 675.168905503573
397.0 21.06582116076921 687.6001881219343 666.5343669611651
398.0 20.84824370963363 698.6519921537091 677.8037484440755
399.0 20.97838167719255 692.7919857951545 671.813604117962
400.0 20.85825533228443 695.6656587612604 674.8074034289759
401.0 20.82737091672244 699.4962104492974 678.668839532575
402.0 20.85618901358814 702.1043521466484 681.2481631330603
403.0 21.04429619462863 692.6672405155686 671.62294432094
404.0 21.17223478958556 687.1584664629142 665.9862316733286
405.0 21.17653899257161 693.2746077076117 672.0980687150401
406.0 21.34590150695761 687.1139885874185 665.7680870804609
407.0 21.30518927527469 687.8371239469839 666.5319346717092
408.0 20.42934342360833 721.8307421215667 701.4013986979583
409.0 21.52258245776152 681.0627538581628 659.5401714004013
410.0 21.65744183892067 677.9142657572106 656.2568239182899
411.0 21.53088947642961 682.8053638641616 661.274474387732
412.0 21.60787179760681 680.3499332621287 658.7420614645219
413.0 21.46155415241569 685.6742747300816 664.2127205776659
414.0 20.00642359878984 749.2702014685112 729.2637778697214
415.0 21.53935877219659 685.9556885591447 664.4163297869481
416.0 21.68659213708929 681.3604690922701 659.6738769551809
417.0 21.69059398236796 680.9712203218396 659.2806263394717
418.0 21.76982228749645 679.1970286461202 657.4272063586237
419.0 21.70510333292821 683.4358068145053 661.730703481577
420.0 21.58383078510566 690.2572570278735 668.6734262427678
421.0 21.6368078974025 691.5903716372547 669.9535637398522
422.0 21.96215407288011 678.4811630168849 656.5190089440048
423.0 22.00867409038054 678.4875501034834 656.4788760131029
424.0 22.02696934540461 677.0806787630904 655.0537094176858
425.0 21.97849458800575 680.8248227878072 658.8463281998015
426.0 22.146547501406 676.8598649267138 654.7133174253078
427.0 22.09760287143987 678.1213600070903 656.0237571356504
428.0 22.033864143724 684.6292797777747 662.5954156340507
429.0 22.2826657630619 676.0233206442457 653.7406548811838
430.0 22.28697840535491 677.5082178301284 655.2212394247735
431.0 22.48807993435913 670.3889151407528 647.9008352063937
432.0 22.35530063057381 673.1102856240526 650.7549849934788
433.0 22.52128266944983 670.0281360135988 647.5068533441489
434.0 22.59233037351799 671.1673663705318 648.5750359970138
435.0 22.429129010923 677.4259328011478 654.9968037902248
436.0 22.612031253881 672.1009760552904 649.4889448014094
437.0 22.81478592822514 666.3778634501482 643.563077521923
438.0 22.78803388508643 668.297247111639 645.5092132265526
439.0 22.740561926147 671.4144091352899 648.6738472091429
440.0 22.98963790946104 665.2928939763357 642.3032560668747
441.0 23.01814220422463 666.0794325041255 643.0612902999009
442.0 23.04145575013587 668.1257471266346 645.0842913764987
443.0 22.93827873589463 671.5287586804472 648.5904799445526
444.0 22.97004158440635 675.0793302814673 652.109288697061
445.0 23.01244836601967 677.5521178711276 654.5396695051079
446.0 23.20793571356055 667.955849993168 644.7479142796074
447.0 19.48972088931802 774.2157022312155 754.7259813418974
448.0 23.17233049357486 675.4743629187299 652.302032425155
449.0 23.27558047689805 672.8807936706891 649.605213193791
450.0 23.4718432075761 663.574810317575 640.1029671099989
451.0 23.58835685414143 663.4516968242812 639.8633399701398
452.0 23.52656984163058 666.8536967667647 643.3271269251341
453.0 23.8535123700236 659.8149958546966 635.961483484673
454.0 23.74323443971603 664.3501331461126 640.6068987063966
455.0 23.83634402482152 663.0319517689134 639.1956077440918
456.0 23.9036871462451 661.9133043042391 638.009617157994
457.0 23.95518783892026 661.5614380470206 637.6062502081003
458.0 24.28130483703756 654.2994476820986 630.018142845061
459.0 23.8182332303842 677.8149643159246 653.9967310855404
460.0 24.32453562575151 655.1035571901843 630.7790215644328
461.0 24.31146381645874 658.1478324643277 633.8363686478689
462.0 24.40941759606216 659.9700131807296 635.5605955846674
463.0 24.62126257892859 651.5618585621888 626.9405959832602
464.0 24.48160474210556 665.2705102017139 640.7889054596084
465.0 24.79103027072452 651.8269443763805 627.035914105656
466.0 25.04858203673065 646.3077814071634 621.2591993704328
467.0 22.59850408064626 734.9987524560596 712.4002483754133
468.0 25.10870596616965 648.6750223817221 623.5663164155525
469.0 25.01736423627179 656.3159815192472 631.2986172829754
470.0 25.28519434488108 649.0879162234953 623.8027218786143
471.0 25.38189034454021 646.3400789676693 620.9581886231291
472.0 25.48048648782557 646.7235587224738 621.2430722346482
473.0 24.61398342820431 690.8568251448366 666.2428417166323
474.0 25.41787211065273 656.468172556655 631.0503004460022
475.0 25.55991826163861 658.3258408872517 632.7659226256131
476.0 25.94850606423416 643.0044067548536 617.0559006906194
477.0 25.95695819314706 646.1651842172627 620.2082260241156
478.0 26.17454048913236 644.1814248224426 618.0068843333102
479.0 26.4535694388132 635.6068405243702 609.153271085557
480.0 26.47029403351961 637.3207827456938 610.8504887121742
481.0 26.53049264107573 636.1174599335749 609.5869672924992
482.0 26.71807560740772 637.3462641371545 610.6281885297468
483.0 25.89990138352699 680.9767022449892 655.0768008614622
484.0 26.61726501725891 648.6182990525942 622.0010340353353
485.0 27.27972928576883 628.4377788798942 601.1580495941253
486.0 27.07478302809425 642.6867076705279 615.6119246424337
487.0 27.56633060978399 625.3925814906989 597.8262508809149
488.0 27.45908722355063 633.5898819840574 606.1307947605068
489.0 27.28391779331367 639.1954708184878 611.9115530251741
490.0 27.75964099745385 629.8641903680386 602.1045493705847
491.0 27.65421723067926 638.4535491056738 610.7993318749945
492.0 28.00178075247259 632.1650659134746 604.163285161002
493.0 28.32480970841344 626.4722137896477 598.1474040812343
494.0 26.70841488258624 685.6143678600677 658.9059529774814
495.0 28.20157772210882 638.7225604609711 610.5209827388623
496.0 28.70952544066528 623.7080481157148 594.9985226750496
497.0 28.70000522073366 632.4517514488214 603.7517462280877
498.0 28.89015220321196 626.4858676892096 597.5957154859976
499.0 29.39649123557705 616.1581609836124 586.7616697480354
500.0 28.41381392281453 657.8828202017593 629.4690062789448
501.0 29.46792960389097 626.346824450356 596.878894846465
502.0 29.72499570888643 622.8287957294193 593.1038000205329
503.0 29.67910234102519 626.3372098585932 596.6581075175681
504.0 30.25056230705645 615.7768312941868 585.5262689871303
505.0 30.62432641261883 608.2850483279495 577.6607219153307
506.0 30.25335542077614 619.2252172990712 588.9718618782951
507.0 30.72023298293365 612.5670992886329 581.8468663056993
508.0 30.81735629559321 617.0009975829896 586.1836412873964
509.0 30.94954363298747 617.1783745556171 586.2288309226296
510.0 31.27075579586124 612.2780214280143 581.007265632153
511.0 31.54171959492276 610.5193149700425 578.9775953751197
512.0 31.84390194497764 603.3842766844418 571.5403747394642
513.0 32.13794255434247 603.6955121932286 571.5575696388861
514.0 32.36792409058443 608.2419027294728 575.8739786388884
515.0 32.0280821481819 618.6149394245195 586.5868572763376
516.0 32.87190499211284 599.2404621439759 566.3685571518631
517.0 32.26543004218881 621.2158057070383 588.9503756648495
518.0 33.52384305735656 594.2356005794149 560.7117575220583
519.0 33.87025990529773 591.7767089503924 557.9064490450947
520.0 33.11280252267651 605.2426255895052 572.1298230668287
521.0 34.65599509068781 581.1393710845398 546.483375993852
522.0 34.39665590466577 596.3198963816591 561.9232404769934
523.0 34.40899780577606 597.0222370733747 562.6132392675986
524.0 35.23641421330163 586.1063702030196 550.8699559897179
525.0 34.89929161294501 594.171619313732 559.2723277007869
526.0 35.21786694676147 590.5923342854092 555.3744673386478
527.0 34.88568670936629 609.913297487165 575.0276107777987
528.0 35.93018158725591 591.2741834152452 555.3440018279893
529.0 35.72566059790128 597.0853140929211 561.3596534950198
530.0 36.40431255157914 583.4015435539232 546.9972310023441
531.0 36.98195892774748 580.3618954458135 543.379936518066
532.0 37.4721736453044 578.0702201083803 540.5980464630759
533.0 38.2090989257791 571.4167827355144 533.2076838097353
534.0 37.07809734194063 580.4609084214377 543.3828110794971
535.0 38.27338289967538 572.3589584053569 534.0855755056815
536.0 38.80149284672852 567.3406071530019 528.5391143062733
537.0 39.49926121773463 558.0997718764313 518.6005106586967
538.0 41.24180910566492 545.4079689910207 504.1661598853558
539.0 41.30037099101395 545.2757954726301 503.9754244816161
540.0 40.80087606038024 553.457085303439 512.6562092430588
541.0 40.38152879160426 567.1663565853032 526.7848277936989
542.0 36.80528907682304 608.0549524708374 571.2496633940144
543.0 40.68245687231865 566.4097552879562 525.7272984156375
544.0 38.69661758647965 580.946763237703 542.2501456512234
545.0 43.20217712237184 544.8099507482083 501.6077736258365
546.0 46.6455906095406 517.5338163271981 470.8882257176575
547.0 46.12951174401828 520.8437940447782 474.7142823007599
548.0 43.80198625743898 532.5655606920009 488.7635744345619
549.0 41.29200557256838 567.7074034042524 526.415397831684
550.0 41.68179270667379 562.4148727836639 520.7330800769902
551.0 45.99331696099165 523.7221192824649 477.7288023214732
552.0 61.99360437151996 443.0912317806616 381.0976274091417
553.0 59.69927434888802 450.6896183082153 390.9903439593272
554.0 57.41193345605543 461.5406187348188 404.1286852787634
555.0 50.7452679048309 501.7221045040316 450.9768365992007
556.0 63.19203368137668 439.3623773312942 376.1703436499175
557.0 52.06635359520953 491.7221197595913 439.6557661643818
558.0 60.23439203384472 448.7312111682354 388.4968191343907
559.0 61.44745204408343 445.3595758248743 383.9121237807908
560.0 68.80983313773085 421.6978994591346 352.8880663214038
561.0 74.57618611171456 403.6115944947384 329.0354083830238
562.0 80.26791577255971 384.824648952328 304.5567331797683
563.0 76.68190619259554 395.0021204388516 318.320214246256
564.0 77.81103164787537 393.6403216832117 315.8292900353363
565.0 70.72547423802153 415.7021726671032 344.9766984290817
566.0 80.42477763554424 382.4002928651937 301.9755152296494
567.0 82.3986237486866 379.2703837821068 296.8717600334202
568.0 89.14215242501795 361.7174441337326 272.5752917087146
569.0 82.39864735749006 379.2710680247338 296.8724206672437
570.0 88.21960464920945 363.1617330792576 274.9421284300482
571.0 88.32500266671776 363.6873031554082 275.3623004886904
572.0 100.615396884844 334.9166359117013 234.3012390268572
573.0 88.32726040849346 363.7221121922242 275.3948517837308
574.0 98.02966054998272 341.6867218558107 243.657061305828
575.0 87.47803792916294 365.3420730350293 277.8640351058663
576.0 113.84684657496 307.1634479099185 193.3166013349585
577.0 114.675533647231 304.9240591951867 190.2485255479557
578.0 89.14237050751991 361.7221369955078 272.5797664879879
579.0 103.6218076498772 329.722136918145 226.1003292682678
580.0 137.3501143166233 262.4428248043513 125.092710487728
581.0 119.6536003925312 295.7221369694345 176.0685365769033
582.0 129.1695260607781 277.7220621108869 148.5525360501088
583.0 137.8826836261581 263.6127014468365 125.7300178206784
584.0 144.3777683015983 253.7210973431012 109.3433290415029
585.0 161.2980632058883 227.520831355285 66.22276814939673
586.0 158.7131167166658 231.6331223116277 72.92000559496186
587.0 157.4146564293481 233.6923649750671 76.27770854571904
588.0 158.7129756473429 231.6500476846147 72.93707203727184
591.0 175.6874600637307 205.722137 30.03467693626927
