0.0 4.479247442835984 899.62364366522 895.144396222384
1.0 3.145051234131992 900.6245323571652 897.4794811230332
2.0 2.393604318832833 899.6319900752189 897.2383857563861
3.0 1.837924624715495 898.9603487435653 897.1224241188498
4.0 1.403777859615033 898.0354969493632 896.6317190897482
5.0 1.083493422011947 898.4991380233663 897.4156446013544
6.0 0.9052550835839679 896.0163027039109 895.1110476203269
7.0 0.6488190380806645 896.5225653777501 895.8737463396695
8.0 0.4617741078029644 896.4092006333637 895.9474265255608
9.0 0.3876588910151252 895.6165145043268 895.2288556133116
10.0 0.2679604782087085 895.7637766814538 895.4958162032451
11.0 0.191257831463204 894.6490980386592 894.457840207196
12.0 0.1073510447112456 894.5840554287173 894.476704384006
13.0 0.07499617190944568 894.0111399753171 893.9361438034077
14.0 0.05796932668103237 893.4247322317413 893.3667629050603
15.0 0.02474000577272279 893.6981655954383 893.6734255896656
16.0 0.004087820904747561 893.0276315460016 893.0235437250969
17.0 0.03293274636178503 892.7243154715417 892.6913827251799
18.0 0.03091518984536932 892.3886905950084 892.357775405163
19.0 0 892.8809931229073 892.8809931229073
20.0 0.04711249100636173 891.0187079025347 890.9715954115283
21.0 0.07239453307602419 890.8825331705992 890.8101386375232
22.0 0.07059023603538668 891.0222123810261 890.9516221449907
23.0 0.1201147459952468 890.490294234873 890.3701794888777
24.0 0.1316564473905149 890.0935448030691 889.9618883556786
25.0 0.1958870420240194 889.1085162323973 888.9126291903733
26.0 0.1887944361762776 889.3204862848662 889.1316918486899
27.0 0.2110396246585781 888.8448510967806 888.633811472122
28.0 0.2960768302188408 887.7777329151491 887.4816560849302
29.0 0.2725998483966516 888.3925469083694 888.1199470599727
30.0 0.3192720004469934 888.0238036353931 887.7045316349461
31.0 0.3392791826750613 887.8870106655465 887.5477314828715
32.0 0.3829817582274517 886.7282587819775 886.3452770237501
33.0 0.4422174185358371 886.6927387111148 886.250521292579
34.0 0.4743228665706805 886.7752308728292 886.3009080062585
35.0 0.5141489326325458 885.7379022505086 885.223753317876
36.0 0.5806514410534218 884.9463829392365 884.3657314981831
37.0 0.6030272151610869 884.9557245656447 884.3526973504836
38.0 0.6256372681721747 884.8155263501013 884.1898890819292
39.0 0.6952496844423784 883.815153188851 883.1199035044086
40.0 0.6962245035443553 884.5301440152822 883.8339195117378
41.0 0.7849010481788332 883.5344810689669 882.7495800207881
42.0 0.879599791734727 882.1752917148034 881.2956919230686
43.0 0.8877475359226879 882.7173356879277 881.829588152005
44.0 0.9458574531348077 882.8852630850622 881.9394056319274
45.0 1.003865361921173 882.7746940556676 881.7708286937464
46.0 1.120262016630012 879.575333342722 878.455071326092
47.0 1.1429923459816 881.2232516275478 880.0802592815662
48.0 1.231967145978354 879.5444506633044 878.312483517326
49.0 1.23710598207343 880.2013749647961 878.9642689827227
50.0 1.327798584649476 879.3290413275223 878.0012427428728
51.0 1.404944894398232 878.9143563469256 877.5094114525274
52.0 1.491644664755102 877.6874412576305 876.1957965928754
53.0 1.536664872181875 878.302130495521 876.7654656233391
54.0 1.593316920363675 877.8359259701248 876.2426090497611
55.0 1.671439964764481 876.4594788688055 874.788038904041
56.0 1.748328936351222 876.6632392965209 874.9149103601697
57.0 1.823363754600189 876.2255979089416 874.4022341543414
58.0 1.920020389162698 874.7657909790627 872.8457705899
59.0 1.990673317968837 874.5227609873476 872.5320876693787
60.0 2.071781321193794 875.4505475247706 873.3787662035768
61.0 2.082091162780131 876.3086044510467 874.2265132882666
62.0 2.225313056970513 873.7205138223783 871.4952007654078
63.0 2.358124110762996 872.88701179628 870.528887685517
64.0 2.435257065478095 872.0572267924882 869.6219697270101
65.0 2.466157278359543 872.1414204746192 869.6752631962596
66.0 2.561462506427381 873.4720175723798 870.9105550659524
67.0 2.643143178416934 872.091148336639 869.448005158222
68.0 2.752370138887905 870.9043242660306 868.1519541271426
69.0 2.859328277091373 871.2299882663044 868.370659989213
70.0 2.929610517594012 870.054583411534 867.12497289394
71.0 3.136184316291345 866.4007250052459 863.2645406889546
72.0 3.077059470598838 872.0132119636057 868.9361524930068
73.0 3.201212323622057 869.7857119484937 866.5844996248717
74.0 3.364057381627319 866.5513889043214 863.1873315226941
75.0 3.453142690569859 868.0155986874272 864.5624559968574
76.0 3.619239639793117 864.3293634858155 860.7101238460224
77.0 3.815564647040021 860.0173843163158 856.2018196692758
78.0 3.762081153924815 865.5373419918165 861.7752608378917
79.0 3.882809927054267 863.6545448863657 859.7717349593114
80.0 3.969293897409799 865.0173289358573 861.0480350384475
81.0 4.099762475270004 863.4583123435895 859.3585498683195
82.0 4.186523601256589 862.6462020247123 858.4596784234557
83.0 4.351203666223325 861.7253579644147 857.3741542981914
84.0 4.567170146161546 855.7031118264737 851.1359416803121
85.0 4.619977112208268 858.2796209113424 853.6596437991342
86.0 4.609860263565094 862.3889990167935 857.7791387532284
87.0 4.833088745518861 855.4004385134218 850.5673497679029
88.0 4.986305017842962 856.5614112425448 851.5751062247019
89.0 5.032581117640932 855.2874508413394 850.2548697236985
90.0 4.940094590419881 861.8454411063037 856.9053465158838
91.0 5.251844911153368 856.244110754485 850.9922658433316
92.0 5.407143202341872 856.8868655961962 851.4797223938544
93.0 5.359795218337512 862.6653771002725 857.305581881935
94.0 5.573960367130262 857.8274119446936 852.2534515775634
95.0 5.840200759618348 852.2884400979162 846.4482393382979
96.0 6.063153206354918 847.4463056664492 841.3831524600943
97.0 6.097163898970127 850.4702528512973 844.3730889523271
98.0 6.302962945328162 851.9488587551329 845.6458958098047
99.0 6.575004925207632 842.4037014387162 835.8286965135086
100.0 6.469093106134336 851.2678454827609 844.7987523766266
101.0 6.370830074632115 865.6620960605786 859.2912659859465
102.0 6.685369913737051 849.6224901499487 842.9371202362116
103.0 6.786072047528475 849.3794326905509 842.5933606430224
104.0 6.79341669586075 854.0336498708326 847.2402331749718
105.0 7.032294093404693 850.4969014486357 843.464607355231
106.0 7.201863376767082 852.0690737926822 844.8672104159151
107.0 7.400181850352693 851.3725988890336 843.9724170386809
108.0 7.698139021268239 844.26261129785 836.5644722765817
109.0 7.909217461736876 844.4475834585345 836.5383659967976
110.0 7.785872282256773 847.4315710727281 839.6456987904714
111.0 8.174048835801376 840.021253159284 831.8472043234826
112.0 8.545804038165988 832.8395414960836 824.2937374579176
113.0 7.964672668824605 851.4190331904546 843.45436052163
114.0 8.79086613449258 833.344242333432 824.5533761989394
115.0 8.28061773746227 857.2732411097233 848.9926233722611
116.0 8.659428561306955 843.9240499238749 835.264621362568
117.0 9.256282852853293 830.348918811475 821.0926359586217
118.0 8.012591733178769 872.4028749903377 864.3902832571589
119.0 9.253978985843514 834.2620364408656 825.008057455022
120.0 7.629982849118842 913.4839347108062 905.8539518616874
121.0 9.081155334698032 844.384928818018 835.30377348332
122.0 8.830792592335674 860.5750616359633 851.7442690436276
123.0 9.731319314173458 834.0589734745712 824.3276541603978
124.0 8.490430432642607 873.3717305711593 864.8813001385167
125.0 8.860942583724976 875.9272417600941 867.0662991763691
126.0 10.58921190183018 821.342034195548 810.7528222937178
127.0 9.827669478867739 845.1679136999149 835.3402442210472
128.0 10.13939879991389 837.0130434560842 826.8736446561703
129.0 10.50444296883263 826.1652565264884 815.6608135576558
130.0 10.31317998585017 838.255596572076 827.9424165862258
131.0 9.736756446772813 849.0894632632751 839.3527068165023
132.0 10.67976441262453 828.8993213435152 818.2195569308907
133.0 11.32217991248685 815.7059504875551 804.3837705750683
134.0 8.72236741701294 893.5099541286676 884.7875867116547
135.0 8.411760500136379 922.1705216808813 913.7587611807449
136.0 11.25649513948761 818.6269722914026 807.370477151915
137.0 11.01591477305024 832.4096055881986 821.3936908151484
138.0 11.96901521907598 807.9618341452352 795.9928189261592
139.0 11.17212371685834 828.7331020726836 817.5609783558253
140.0 8.189596335718998 911.4743743389959 903.2847780032769
141.0 11.23359416217042 830.9030865669525 819.6694924047821
142.0 11.88434891563318 819.5982140827925 807.7138651671594
143.0 12.0877353570806 811.7584810160913 799.6707456590107
144.0 12.08460971129752 810.3492791137405 798.264669402443
145.0 11.86545237849653 820.8551738085386 808.9897214300421
146.0 8.879112994555299 931.1851064707397 922.3059934761844
147.0 11.92170219972511 819.2070525063227 807.2853503065976
148.0 11.4439131766968 831.2440309396821 819.8001177629853
149.0 9.566769324566179 882.8750655892493 873.3082962646831
150.0 12.09021109587469 817.8387803193362 805.7485692234615
151.0 12.2362423941128 816.5906065234428 804.35436412933
152.0 12.52891408833828 810.6738939141251 798.1449798257868
153.0 12.18325388799556 817.8373369635318 805.6540830755363
154.0 12.47865416754287 814.7247393370364 802.2460851694936
155.0 12.68471143156454 807.9373894076125 795.252677976048
156.0 12.80144894278319 810.877809136313 798.0763601935298
157.0 12.7597918063556 807.0492064944113 794.2894146880557
158.0 8.481748220338092 928.9456214299521 920.463873209614
159.0 12.57683211364386 819.4719290959627 806.8950969823189
160.0 12.58502164496653 821.3693798720562 808.7843582270897
161.0 13.21407445383865 800.3710766990066 787.157002245168
162.0 12.42766538187229 827.707328731812 815.2796633499397
163.0 8.419228352314912 902.3507351829221 893.9315068306072
164.0 12.67702795043165 819.2156085123588 806.5385805619271
165.0 13.31442084830741 801.4255242439784 788.111103395671
166.0 13.16029155500049 806.541717315487 793.3814257604865
167.0 13.06540412824093 814.0484932777306 800.9830891494897
168.0 13.48376101387268 799.9441005505546 786.4603395366819
169.0 12.30308925730501 830.2493786257198 817.9462893684148
170.0 13.35157852821578 807.6068822423912 794.2553037141754
171.0 13.41135737327434 810.4657912792531 797.0544339059787
172.0 13.65660463673268 806.6709011114063 793.0142964746736
173.0 13.4075499269604 804.1638873518923 790.7563374249318
174.0 12.94283735465672 819.9493261648292 807.0064888101725
175.0 11.98089705087271 834.552923363363 822.5720263124902
176.0 13.84127502819587 799.7022074631434 785.8609324349475
177.0 12.39086599552919 935.2041730438612 922.8133070483321
178.0 8.25830312271078 916.6191516266424 908.3608485039316
179.0 13.87701727575085 802.3302443751206 788.4532270993698
180.0 13.91192375345237 803.634265364075 789.7223416106226
181.0 11.8874950294795 853.2535083911773 841.3660133616978
182.0 14.16614429731454 805.6302907030416 791.464146405727
183.0 14.88832492072172 785.4015054235669 770.5131805028452
184.0 13.08402122882306 826.6687218212047 813.5847005923816
185.0 13.50418604484309 861.5114533195826 848.0072672747395
186.0 14.70232505388351 797.0851588479236 782.3828337940401
187.0 9.808150599557034 886.402588562593 876.5944379630359
188.0 14.06568651287488 803.3201492021027 789.2544626892278
189.0 10.29547964472095 880.5106693269887 870.2151896822677
190.0 15.58717559805301 782.5846673829467 766.9974917848937
191.0 14.62841046519206 796.1586964779536 781.5302860127616
192.0 14.63705708535151 802.1367359265485 787.499678841197
193.0 15.07568256024298 792.0713715209821 776.9956889607391
194.0 15.18205312353691 787.1006395717869 771.91858644825
195.0 13.03259847262244 839.6760381181863 826.6434396455639
196.0 12.79832379365492 843.9142482299222 831.1159244362673
197.0 15.29703507222217 790.1196779421468 774.8226428699247
198.0 15.22269685620937 788.7560177588169 773.5333209026075
199.0 14.89942540460726 804.076359689147 789.1769342845397
200.0 15.3623575434674 788.6033667065725 773.2410091631051
201.0 15.61263819029019 784.0021983720881 768.3895601817979
202.0 15.38992882180624 794.2275631940377 778.8376343722314
203.0 13.69606816186353 832.826439703066 819.1303715412025
204.0 15.8058011862404 779.4243709049583 763.6185697187179
205.0 15.99777507172495 777.9373236404745 761.9395485687495
206.0 16.39594398115268 778.1536197298108 761.7576757486581
207.0 15.77215888343054 790.6096503712219 774.8374914877914
208.0 16.07290022660414 780.2385432404212 764.1656430138171
209.0 15.27729259500925 804.447770524581 789.1704779295718
210.0 16.17462548345889 779.9340841284097 763.7594586449508
211.0 16.11649819224144 778.6615266139195 762.5450284216781
212.0 16.31520284500184 777.4196512065136 761.1044483615118
213.0 16.96498026294738 769.4068721086831 752.4418918457357
214.0 15.63072396024903 801.6446796176067 786.0139556573577
215.0 15.58735673363134 794.7086540868234 779.121297353192
216.0 8.294229879453781 923.6446875193896 915.3504576399358
217.0 16.43758812822823 784.3188040876205 767.8812159593922
218.0 13.3489806630004 838.7737434302355 825.4247627672351
219.0 15.98120596045116 790.2135018207827 774.2322958603316
220.0 8.724114766957655 903.5910182446451 894.8669034776875
221.0 13.84146391654033 832.0379362476074 818.1964723310671
222.0 15.8165999669919 810.4037232969647 794.5871233299728
223.0 16.83193765625666 779.3388433534411 762.5069056971845
224.0 11.49056639796596 866.4616350751858 854.9710686772199
225.0 15.07679287578662 810.9520165652361 795.8752236894494
226.0 16.95131700829123 776.2573229803885 759.3060059720973
227.0 17.15333642593973 772.6528221468823 755.4994857209426
228.0 17.20074084468815 771.0758499589546 753.8751091142664
229.0 16.2610314483072 791.8512219152651 775.5901904669579
230.0 15.89677752039412 805.366597634833 789.4698201144389
231.0 16.51543522574348 783.9177152037274 767.4022799779839
232.0 17.96060250584183 760.4092943594205 742.4486918535787
233.0 17.39197135090147 769.8347016652784 752.4427303143769
234.0 16.83863869677265 781.9012008979544 765.0625622011818
235.0 17.70745618798953 767.7793675226835 750.071911334694
236.0 17.80345153205647 766.5264178409287 748.7229663088723
237.0 17.99325316844281 770.7094885212057 752.7162353527629
238.0 16.66660951405453 796.1215478879143 779.4549383738597
239.0 18.49100944539095 753.6392964300286 735.1482869846376
240.0 17.56129782057149 779.5772180626513 762.0159202420798
241.0 17.85570884776114 765.2921731449363 747.4364642971752
242.0 14.55289311838647 828.6374769944541 814.0845838760677
243.0 16.95955158006392 783.877281034664 766.9177294546
244.0 16.91350448825697 795.0580070456767 778.1445025574197
245.0 17.47737232841849 779.9340657812999 762.4566934528814
246.0 17.78908362864654 769.1553100135656 751.3662263849191
247.0 18.27717328950954 763.2371309349564 744.9599576454469
248.0 18.16329552717662 770.9712485003927 752.8079529732161
249.0 17.23887596508318 780.148118288369 762.9092423232858
250.0 16.98469481323084 792.2214675740685 775.2367727608376
251.0 17.77207123247812 766.9309516209398 749.1588803884617
252.0 16.27265829134352 808.7562251199268 792.4835668285833
253.0 17.19780054665741 779.1915154160501 761.9937148693927
254.0 18.37127458985529 763.0789122174612 744.7076376276059
255.0 18.01093962531949 764.8757069480273 746.8647673227078
256.0 18.09419868523251 768.647458562845 750.5532598776125
257.0 15.9170370665603 813.9118505657384 797.9948134991781
258.0 18.37125402049117 762.3582824720915 743.9870284516004
259.0 18.35399979289025 761.300636854527 742.9466370616368
260.0 8.449600817790488 909.6985302979052 901.2489294801147
261.0 18.5636912004425 761.2922269734186 742.7285357729761
262.0 18.32222323495067 761.1882702783564 742.8660470434057
263.0 17.92363918340714 778.3865031574128 760.4628639740056
264.0 19.05492081937222 748.2464542961359 729.1915334767637
265.0 18.87360535436913 752.8455701942648 733.9719648398956
266.0 17.62955977783585 780.5452465534197 762.9156867755839
267.0 18.57951506240497 761.9875168147407 743.4080017523357
268.0 18.81831209520458 756.2548160283176 737.436503933113
269.0 17.31425565023456 791.8899216188754 774.5756659686409
270.0 17.46617880956882 777.1085807424164 759.6424019328476
271.0 19.42479425365507 741.7934246894286 722.3686304357736
272.0 18.67936613535301 763.8831265999812 745.2037604646282
273.0 18.60820652068948 765.0412101037697 746.4330035830802
274.0 18.02478772835065 772.9100045584733 754.8852168301226
275.0 12.58228762608589 855.1554292720278 842.5731416459419
276.0 18.72279046118642 758.8563904906588 740.1336000294724
277.0 18.94167490345477 750.089989098983 731.1483141955282
278.0 19.36961618605793 744.9235194608323 725.5539032747744
279.0 14.44981487642715 834.4358544151386 819.9860395387114
280.0 18.35672016231886 763.4515972773039 745.0948771149851
281.0 18.21837545213196 763.0910863256885 744.8727108735565
282.0 19.04330095794574 752.7829209891529 733.7396200312072
283.0 18.96658975940563 752.5376176127854 733.5710278533797
284.0 18.05878272723277 774.2636304305482 756.2048477033155
285.0 16.4947921016165 794.8539796215987 778.3591875199822
286.0 19.38102816826792 741.5629687499454 722.1819405816775
287.0 13.88555942970518 840.9957259427824 827.1101665130772
288.0 18.5359841715857 766.9771736873259 748.4411895157402
289.0 18.84481445036892 757.6024098252386 738.7575953748697
290.0 18.66237072376171 760.9522685262931 742.2898978025314
291.0 19.51448322542319 745.1522634698215 725.6377802443983
292.0 18.88762162484732 754.9437387807546 736.0561171559073
293.0 19.62789621234416 742.665158474256 723.0372622619118
294.0 19.53368398890266 745.8874784712828 726.3537944823801
295.0 19.82929534648857 735.8162563449893 715.9869609985007
296.0 18.818999653343 760.0027214089603 741.1837217556173
297.0 18.34362080106908 766.5493542171949 748.2057334161258
298.0 18.98370183384291 752.8791473438795 733.8954455100366
299.0 14.24075692634841 835.7296245647603 821.4888676384119
300.0 19.06006921755659 758.5505241260313 739.4904549084747
301.0 19.12554268869741 750.5947046569384 731.469161968241
302.0 16.73685746328686 806.5175880184522 789.7807305551653
303.0 20.25840946587211 729.2604139290602 709.0020044631881
304.0 19.92839252529922 733.334127827852 713.4057353025528
305.0 19.4659722058422 745.9033885402536 726.4374163344114
306.0 19.60445777082745 742.7385375160736 723.1340797452462
307.0 19.30788768242858 749.3737232818755 730.065835599447
308.0 17.63665200069297 783.2172181388069 765.5805661381139
309.0 19.45169494274853 745.1161260351283 725.6644310923798
310.0 14.64687683414546 832.8010697416769 818.1541929075314
311.0 19.89937068628179 734.6794152876687 714.7800446013869
312.0 19.98156844661901 735.2852511320296 715.3036826854106
313.0 19.49743388206261 742.6769040051478 723.1794701230852
314.0 20.0993696542853 729.1143039362815 709.0149342819962
315.0 20.0469455513002 734.0819755868015 714.0350300355013
316.0 19.79574575181772 739.3581958114572 719.5624500596395
317.0 18.35435421519899 769.8684164421149 751.5140622269159
318.0 20.09746110598029 732.7139924077577 712.6165313017774
319.0 20.24069260414403 729.5414805311874 709.3007879270434
320.0 19.80531759165055 740.380348493897 720.5750309022464
321.0 19.52527578212366 744.5332606725624 725.0079848904387
322.0 19.61167043917202 744.4145833507022 724.8029129115302
323.0 19.25650971027529 756.0305468153703 736.774037105095
324.0 20.10763909840474 735.3880416368391 715.2804025384343
325.0 19.8265704279761 737.8691511509971 718.042580723021
326.0 19.68359329403419 747.5095851517252 727.825991857691
327.0 18.85937715937666 771.0195266468424 752.1601494874658
328.0 20.36189007269536 725.2894474439135 704.9275573712182
329.0 20.23855686870181 730.8665087710467 710.6279519023449
330.0 20.33406332926028 731.5892847306756 711.2552214014153
331.0 19.40226002395018 755.3087760795812 735.906516055631
332.0 20.47540594383413 726.4545942781328 705.9791883342987
333.0 19.89221407741721 734.5300073628695 714.6377932854523
334.0 14.08060642948112 839.3644396596029 825.2838332301218
335.0 20.13435098274096 734.4583260673944 714.3239750846535
336.0 20.43351719170109 726.829493403665 706.3959762119639
337.0 19.66609173713552 750.1325179238033 730.4664261866677
338.0 19.79760532464128 745.8929467006296 726.0953413759883
339.0 20.56386523102546 723.9585928390515 703.394727608026
340.0 20.35458400267904 726.5125403108548 706.1579563081758
341.0 20.18319758408613 735.130539466121 714.9473418820349
342.0 13.89125535055944 841.4127293008912 827.5214739503318
343.0 20.56644361870121 720.067637691107 699.5011940724058
344.0 20.16249098651721 737.3556517624043 717.193160775887
345.0 20.52042633647812 728.0038649111873 707.4834385747092
346.0 20.87896422655157 714.70486862741 693.8259044008584
347.0 20.6692595546806 719.3380127354669 698.6687531807863
348.0 20.47553734970332 725.001623058597 704.5260857088937
349.0 20.90776152647817 720.1223483630496 699.2145868365714
350.0 20.81790922177157 716.3264046433409 695.5084954215693
351.0 20.75603377067094 723.5480043916253 702.7919706209544
352.0 20.96472821802638 712.4688502099245 691.5041219918982
353.0 20.83121242601214 716.8812902637429 696.0500778377307
354.0 20.69392025896435 723.9986070488124 703.304686789848
355.0 20.96691903128676 714.8713723544244 693.9044533231377
356.0 20.88179536058525 721.6635559120312 700.7817605514459
357.0 20.53827381276761 733.3735637811302 712.8352899683626
358.0 20.90427476253477 715.2470450872741 694.3427703247394
359.0 20.75530561212598 719.3223617439944 698.5670561318684
360.0 21.09486707580819 712.8492428876479 691.7543758118397
361.0 20.91968344923646 723.609618010985 702.6899345617485
362.0 21.17428258135994 713.5564546640793 692.3821720827193
363.0 20.69563253599702 722.0263289741803 701.3306964381833
364.0 21.06386487704917 715.6620438736633 694.5981789966141
365.0 20.79313070677553 726.3360123225621 705.5428816157866
366.0 21.06539972544329 721.903410354959 700.8380106295158
367.0 21.07024127813834 716.6554965566084 695.5852552784701
368.0 21.02409845407103 721.5897240450728 700.5656255910017
369.0 21.18801690843542 713.5820309577864 692.394014049351
370.0 21.4516620761843 705.4391502101161 683.9874881339318
371.0 21.30851669956514 711.8789780939428 690.5704613943776
372.0 21.43497118849402 710.9188238872593 689.4838526987653
373.0 21.0224266255808 720.9475311553867 699.9251045298059
374.0 21.24489001229961 718.4788106116164 697.2339205993168
375.0 21.34955821078337 708.5694505730617 687.2198923622783
376.0 21.3959010752493 711.6135507630548 690.2176496878055
377.0 21.31818816267317 713.6701205910274 692.3519324283542
378.0 21.20881849852171 720.9065574453815 699.6977389468598
379.0 21.48942409570654 708.2045045766315 686.715080480925
380.0 21.62057552700828 704.3712350507554 682.7506595237471
381.0 21.31799244435734 715.7875074605276 694.4695150161702
382.0 21.86599521062075 700.2446523834292 678.3786571728085
383.0 21.49693260113615 712.0679967970704 690.5710641959342
384.0 21.88034706828789 700.1798702946211 678.2995232263332
385.0 21.56717823787646 709.6912700825077 688.1240918446312
386.0 21.9056471339538 699.2518215774872 677.3461744435334
387.0 21.23755633015686 724.3505070253469 703.1129506951901
388.0 21.88571315207032 701.0365803658317 679.1508672137614
389.0 21.64676690791017 713.1812508325884 691.5344839246782
390.0 21.15191070257394 731.1180015793678 709.9660908767938
391.0 21.96047546740489 703.214313434811 681.2538379674061
392.0 20.45993642721061 756.4388687330741 735.9789323058635
393.0 21.94395578145798 708.2352351528893 686.2912793714314
394.0 22.0515899293031 698.9119208703556 676.8603309410525
395.0 21.99628961717834 701.1699570495568 679.1736674323785
396.0 22.14573189773978 700.0131555317405 677.8674236340007
397.0 22.41264454773638 690.3305538847287 667.9179093369923
398.0 22.12226055361257 702.8863056538812 680.7640451002686
399.0 22.29123023237466 696.1832592304373 673.8920289980627
400.0 22.15260328885926 699.1778000775743 677.0251967887151
401.0 22.0958170137517 703.8336259867164 681.7378089729647
402.0 22.1049235103011 707.8228982049111 685.71797469461
403.0 22.35718087039689 696.4341421640617 674.0769612936648
404.0 22.52210681733421 689.9682953840815 667.4461885667472
405.0 22.4852549727216 697.4561043668027 674.9708493940811
406.0 22.69438796414975 690.8389035068746 668.1445155427248
407.0 22.64899954009536 691.5718250345726 668.9228254944772
408.0 21.55257537267321 728.5778726257432 707.02529725307
409.0 22.91152355707481 683.863925423885 660.9524018668101
410.0 23.06719222048976 680.4008997070297 657.33370748654
411.0 22.90845465508601 685.8889539711793 662.9804993160933
412.0 23.00114434011712 683.3147612153763 660.3136168752592
413.0 22.82025622299614 689.1097114475103 666.2894552245142
414.0 20.96019675164683 756.0614807235818 735.101283971935
415.0 22.89529075821502 689.9111731506594 667.0158823924444
416.0 23.07273159477279 684.8177686887218 661.745037093949
417.0 23.07995796519812 684.1408014523352 661.0608434871371
418.0 23.17090936886525 682.2009370758156 659.0300277069503
419.0 23.07748787570379 687.3188915791141 664.2414037034103
420.0 22.91084518925109 695.24077450332 672.3299293140689
421.0 22.9533649510202 697.4744875385517 674.5211225875315
422.0 23.36711980109074 682.0213326643913 658.6542128633005
423.0 23.41334569258306 682.2060541178191 658.792708425236
424.0 23.44148464190989 680.396790084571 656.9553054426611
425.0 23.36790666459735 684.8445514456099 661.4766447810126
426.0 23.56224015975317 680.4612623496961 656.8990221899429
427.0 23.50527551183252 681.7506078542168 658.2453323423843
428.0 23.39592797630296 690.2014163324201 666.8054883561171
429.0 23.70284159946062 680.1019083710165 656.3990667715559
430.0 23.69790073417845 681.6741154074051 657.9762146732267
431.0 23.9459370392937 673.6915271031202 649.7455900638265
432.0 23.79546485512059 676.5488602367772 652.7533953816566
433.0 23.9821253795301 673.1256497147933 649.1435243352632
434.0 24.04456991079996 674.9767732882788 650.9322033774788
435.0 23.84072635887556 681.8045851659808 657.9638588071052
436.0 24.05850490521205 675.9847567308334 651.9262518256214
437.0 24.29856857820526 669.8032657557154 645.5046971775101
438.0 24.26033453094377 671.5989749349475 647.3386404040037
439.0 24.19193069238821 675.304143759387 651.1122130669988
440.0 24.48134137034147 668.5993283596362 644.1179869892948
441.0 24.50346478226653 670.001023687565 645.4975589052984
442.0 24.51266796115836 672.6737960808009 648.1611281196425
443.0 24.38754560850092 676.3009637336631 651.9134181251622
444.0 24.39418739431153 681.1235079591039 656.7293205647924
445.0 24.41923731678928 684.4684006620147 660.0491633452254
446.0 24.68125664943486 672.461293749688 647.7800371002531
447.0 20.30570624232025 775.8589628050777 755.5532565627574
448.0 24.59604704308393 681.2316227635416 656.6355757204577
449.0 24.71429192578503 679.125424247482 654.411132321697
450.0 24.97521139623537 667.4242515886444 642.4490401924091
451.0 25.09234822652984 667.5763345594362 642.4839863329064
452.0 25.00739647547487 671.717723631229 646.7103271557541
453.0 25.38001724831969 664.3284141872104 638.9483969388907
454.0 25.2410225873281 669.0341854239226 643.7931628365945
455.0 25.3428101279173 667.6848756617366 642.3420655338193
456.0 25.41860284181418 666.1217079149011 640.7031050730869
457.0 25.47335890148723 665.4949803210858 640.0216214195985
458.0 25.84578109492889 658.1427485451495 632.2969674502206
459.0 25.22414104425069 686.041401156442 660.8172601121913
460.0 25.88491036959219 658.7596452926862 632.874734923094
461.0 25.8522903844644 662.1435144078139 636.2912240233495
462.0 25.93629023629075 665.1449840937207 639.20869385743
463.0 26.20595044855732 654.8549270772905 628.6489766287332
464.0 25.9718669735068 672.0873060290479 646.1154390555411
465.0 26.37330301604148 655.7475273647755 629.374224348734
466.0 26.66676079082277 649.9278944522728 623.2611336614501
467.0 23.66185237836902 739.3488737773108 715.6870213989418
468.0 26.71262218233218 652.3713023887654 625.6586802064333
469.0 26.5697911468357 661.5698707739268 635.0000796270912
470.0 26.88650762424427 653.176731400124 626.2902237758797
471.0 27.00291564150912 649.5871850706524 622.5842694291433
472.0 27.09894727475675 650.2460091867327 623.147061911976
473.0 25.94477480831961 699.1794804635322 673.2347056552125
474.0 26.97156052740574 661.7724534498104 634.8008929224046
475.0 27.09948281561983 664.874650242799 637.7751674271792
476.0 27.59254921859083 646.4529549656722 618.8604057470814
477.0 27.58079816735278 649.9719501999288 622.391152032576
478.0 27.8100527848671 648.5493985036621 620.739345718795
479.0 28.14622495807527 638.8120941790162 610.6658692209409
480.0 28.15282748858539 640.4655001084822 612.3126726198968
481.0 28.22153839322358 638.9748243820405 610.753285988817
482.0 28.40182775747629 640.5162238741067 612.1143961166305
483.0 27.29947403431942 688.9005503157331 661.6010762814136
484.0 28.22583183696035 653.8937323223748 625.6679004854145
485.0 29.02251608872617 631.0547384795393 602.0322223908131
486.0 28.721600853842 648.1239302546042 619.4023294007622
487.0 29.33002502256635 627.7640848145416 598.4340597919753
488.0 29.16891128438527 637.1532329080444 607.9843216236592
489.0 28.95875240564296 642.7404456115486 613.7816932059056
490.0 29.49496438466294 633.0523939358506 603.5574295511876
491.0 29.33464836581278 642.3648862312157 613.0302378654029
492.0 29.72368388934696 635.6599296609914 605.9362457716444
493.0 30.08382569682201 629.7436994891732 599.6598737923512
494.0 28.09265158425663 690.9764828498331 662.8838312655764
495.0 29.88100661453199 643.5262160187939 613.6452094042619
496.0 30.48907907376813 626.4857296673735 595.9966505936054
497.0 30.42170158466377 636.8456552101968 606.423953625533
498.0 30.65305228856835 629.56728670603 598.9142344174616
499.0 31.22720740102357 618.5093894359677 587.2821820349441
500.0 29.97580653287729 663.4709764076885 633.4951698748112
501.0 31.23207940366482 630.4555101836975 599.2234307800327
502.0 31.51334127809775 626.4902749316071 594.9769336535093
503.0 31.44600832655735 629.9647063047961 598.5186979782387
504.0 32.08666325542598 618.8175733383676 586.7309100829417
505.0 32.510961767585 610.3501286192971 577.8391668517121
506.0 32.06955596302362 621.9346731098936 589.86511714687
507.0 32.5801656659591 615.0860529158783 582.5058872499192
508.0 32.64876595060834 620.2702759561918 587.6215100055835
509.0 32.78155887659007 620.1434871126845 587.3619282360944
510.0 33.13552508240256 614.866889729681 581.7313646472784
511.0 33.41908538217924 613.0072332222314 579.5881478400522
512.0 33.76826894127855 605.2248653296873 571.4565963884087
513.0 34.06068680550939 606.0388420094082 571.9781552038988
514.0 34.26066457684104 611.8637038060118 577.6030392291708
515.0 33.85554006105775 622.3588233534804 588.5032832924226
516.0 34.82680921340895 601.3324195276278 566.5056103142188
517.0 34.08037709365496 624.3466350111238 590.2662579174689
518.0 35.51328329932693 596.2350680648057 560.7217847654788
519.0 35.87723793019622 593.5876842532526 557.7104463230564
520.0 35.03332084047894 607.1682385047061 572.1349176642272
521.0 36.73348104407568 582.5029451361617 545.7694640920861
522.0 36.37721485983379 598.8076520137526 562.4304371539188
523.0 36.3865832737782 599.1224908192247 562.7359075454465
524.0 37.28658420384933 587.7161983705498 550.4296141667004
525.0 36.89737952936933 596.1873535035662 559.2899739741969
526.0 37.24043972230719 592.3094320598902 555.068992337583
527.0 36.78933133946824 611.5990875632719 574.8097562238036
528.0 37.95179116741933 593.3586340978403 555.406842930421
529.0 37.71224854051469 598.7125726205618 561.0003240800471
530.0 38.4787919474758 584.7238476600823 546.2450557126065
531.0 39.07819916561278 581.7332497846822 542.6550506190694
532.0 39.58391599661962 579.8780264198603 540.2941104232406
533.0 40.3663873400027 572.9416784160703 532.5752910760676
534.0 39.1756217148864 581.398659707614 542.2230379927276
535.0 40.42549715059421 573.8498860550284 533.4243889044342
536.0 40.98942447067488 568.090331723983 527.1009072533082
537.0 41.74812639436611 558.5958672771632 516.8477408827971
538.0 43.57809204930885 545.8852519536095 502.3071599043006
539.0 43.6366981970126 546.1157528281988 502.4790546311862
540.0 43.08521343751915 554.118923091172 511.0337096536528
541.0 42.57951987889105 568.0921728681357 525.5126529892446
542.0 38.73605839378821 608.3790352668731 569.6429768730849
543.0 42.88718600871722 567.226749122778 524.3395631140608
544.0 40.801940532068 581.5802109828566 540.7782704507886
545.0 45.55472331076121 545.0302814103207 499.4755580995595
546.0 49.18461641571276 517.5636103108056 468.3789938950929
547.0 48.6453093327779 520.898659615541 472.2533502827631
548.0 46.23225149624967 532.7893720157881 486.5571205195384
549.0 43.49509115379583 567.711756584058 524.2166654302622
550.0 43.91844672030425 562.6799388646034 518.7614921442991
551.0 48.49104033487366 523.7221260145057 475.231085679632
552.0 65.07593832271668 443.1391064506078 378.0631681278911
553.0 62.7217480765695 450.7361131629796 388.0143650864101
554.0 60.35498381544192 461.5599216941992 401.2049378787573
555.0 53.40487910484372 501.7221158656939 448.3172367608502
556.0 66.3042397899118 439.3922988022017 373.0880590122899
557.0 54.79447356129109 491.7221252664342 436.9276517051431
558.0 63.27196715573776 448.7738494954407 385.501882339703
559.0 64.51281199402024 445.3886322956577 380.8758203016374
560.0 72.0630127381271 421.7010225711388 349.6380098330117
561.0 77.97367814817975 403.624572882888 325.6508947347082
562.0 83.81348831013305 384.8544393993772 301.0409510892442
563.0 80.14426252277469 395.0080859286778 314.8638234059031
564.0 81.28845510886074 393.6483334633369 312.3598783544762
565.0 74.02653023617135 415.7048891558844 341.678358919713
566.0 83.98600079472148 382.420070515082 298.4340697203605
567.0 85.99071470683109 379.2957425130637 293.3050278062326
568.0 92.88134762938911 361.7180199165011 268.836672287112
569.0 85.99073465742368 379.296317665991 293.3055830085674
570.0 91.94442858405144 363.1782767247264 271.233848140675
571.0 92.04732454878495 363.6904557403392 271.6431311915542
572.0 104.5861403867562 334.9384841512333 230.3523437644771
573.0 92.04939498839508 363.722116788245 271.6727217998499
574.0 101.943844307174 341.6900006350084 239.7461563278344
575.0 91.18518308824789 365.357611891282 274.1724288030341
576.0 118.0656113730653 307.183537476777 189.1179261037117
577.0 118.9128702183486 304.9423883002472 186.0295180818987
578.0 92.88154041372574 361.7221369967051 268.8405965829793
579.0 107.6422449522153 329.7221369363623 222.0798919841469
580.0 141.981736575706 262.4613881338984 120.4796515581924
581.0 123.9768019472003 295.7221369755438 171.7453350283435
582.0 133.6592389383948 277.7220707587766 144.0628318203819
583.0 142.5104897665991 263.6178806978708 121.1073909312717
584.0 149.1047529511053 253.7211978640828 104.6164449129774
585.0 166.2859676330622 227.5280229498293 61.24205531676711
586.0 163.6605003486112 231.6379625192523 67.9774621706411
587.0 162.3417308697923 233.6940163989164 71.35228552912416
588.0 163.6602611257992 231.6532158515853 67.99295472578612
591.0 180.8943763514938 205.722137 24.82776064850617
