0.0 4.472318116944465 902.1036078381234 897.631289721179
1.0 3.131479102947897 902.8410620230041 899.7095829200562
2.0 2.380694509441895 901.8910699241968 899.5103754147549
3.0 1.825200619039459 901.3288972315064 899.503696612467
4.0 1.392614196899705 900.3481854469024 898.9555712500026
5.0 1.069878397954073 900.8728163036133 899.8029379056592
6.0 0.8986480364370174 898.3405268956118 897.4418788591747
7.0 0.6398498834798316 898.8920174509034 898.2521675674236
8.0 0.4527376642226947 898.6741557616108 898.2214180973881
9.0 0.3806894656297009 897.9440795611576 897.5633900955279
10.0 0.2601034004039688 898.1475036307925 897.8874002303885
11.0 0.1865760434702514 896.9987061820894 896.8121301386192
12.0 0.1026117720456003 896.9338289898698 896.8312172178242
13.0 0.0719118690378544 896.3409085291031 896.2689966600653
14.0 0.05661021530101022 895.745971361428 895.689361146127
15.0 0.02232626175556164 896.1073288550433 896.0850025932877
16.0 0.003709028069181667 895.3827519355447 895.3790429074755
17.0 0.03344255037769137 895.1532536279771 895.1198110775994
18.0 0.03242676544913235 894.8185857761352 894.7861590106861
19.0 0 895.2677329896103 895.2677329896103
20.0 0.0529592028731473 893.3382596888463 893.2853004859732
21.0 0.07868424249034414 893.2299558361438 893.1512715936534
22.0 0.07644552250768781 893.3745752829619 893.2981297604542
23.0 0.1276624930518192 892.8803452188289 892.7526827257771
24.0 0.1404802085669746 892.4516527078982 892.3111724993312
25.0 0.2077707153051206 891.5317606342703 891.3239899189652
26.0 0.2000733011755782 891.7063762904482 891.5063029892726
27.0 0.2238423522708955 891.2136941760415 890.9898518237706
28.0 0.3123030627332534 890.1740437768473 889.861740714114
29.0 0.2868708740844622 890.8126714336913 890.5258005596068
30.0 0.3347290014448917 890.4869401154915 890.1522111140466
31.0 0.3552900931270302 890.2931823823084 889.9378922891813
32.0 0.4027027725897338 889.0730579156583 888.6703551430685
33.0 0.4620822763660611 889.1317000361791 888.669617759813
34.0 0.4939371247557494 889.2803283941702 888.7863912694144
35.0 0.5372080311085524 888.1053723641235 887.568164333015
36.0 0.6062228605074472 887.3603679087251 886.7541450482176
37.0 0.6286247773195249 887.3780466123818 886.7494218350623
38.0 0.6518060313722865 887.1824415849023 886.5306355535301
39.0 0.7245977669908953 886.2097100492612 885.4851122822703
40.0 0.7235052520812773 886.8681591111171 886.1446538590358
41.0 0.8153678020708341 885.9238965914293 885.1085287893584
42.0 0.9144079999332607 884.5881671336811 883.6737591337479
43.0 0.9209830355327845 885.1062322018893 884.1852491663565
44.0 0.9785544906774088 885.4131176344779 884.4345631438005
45.0 1.03704484585918 885.3186408013948 884.2815959555357
46.0 1.163752386292916 881.8954023017593 880.7316499154664
47.0 1.1813662214885 883.6930901786344 882.5117239571459
48.0 1.275731648659762 881.9678998960892 880.6921682474294
49.0 1.279006133148006 882.5568726243413 881.2778664911933
50.0 1.372501621420172 881.7484286789585 880.3759270575384
51.0 1.451113574539055 881.3421980272963 879.8910844527572
52.0 1.541757309663061 880.1230511986595 878.5812938889964
53.0 1.584952999827641 880.809981968331 879.2250289685033
54.0 1.643226050130984 880.3112288182559 878.6680027681249
55.0 1.725984713707548 878.7589823503922 877.0329976366846
56.0 1.802301470984817 879.0901176970871 877.2878162261023
57.0 1.878793036762101 878.7116670963209 876.8328740595588
58.0 1.980187796622503 877.2155601678526 875.2353723712301
59.0 2.051961004121831 876.850730565395 874.7987695612731
60.0 2.130086976296266 878.0715794340543 875.9414924577581
61.0 2.137915791529193 878.8807977313022 876.742881939773
62.0 2.289658897213158 876.0870769463687 873.7974180491556
63.0 2.425071129525093 875.4620168943579 873.0369457648328
64.0 2.505133540506307 874.4961949250161 871.9910613845098
65.0 2.53590699166772 874.5587432623982 872.0228362707305
66.0 2.627095590921017 876.1556627068713 873.5285671159502
67.0 2.713506596260332 874.5516095774279 871.8381029811676
68.0 2.826636685528927 873.3633669341756 870.5367302486467
69.0 2.932535664818931 873.9594493843253 871.0269137195064
70.0 3.006995671165227 872.4943159405037 869.4873202693384
71.0 3.225644151749884 868.5253902901575 865.2997461384076
72.0 3.148459153610309 874.8093949143622 871.6609357607519
73.0 3.279904558568785 872.4404985433598 869.160593984791
74.0 3.453506439114659 868.8409529689511 865.3874465298364
75.0 3.538249452210028 870.4372932497792 866.8990437975692
76.0 3.716224302262658 866.5619758059131 862.8457515036504
77.0 3.926418686241391 862.0480527299006 858.1216340436592
78.0 3.855308996963681 868.1466991978454 864.2913902008817
79.0 3.982389821249036 866.0430163945247 862.0606265732756
80.0 4.064734975150361 867.606759339692 863.5420243645417
81.0 4.200399943756932 865.9676125300455 861.7672125862885
82.0 4.289937342727541 865.1116165401226 860.8216791973951
83.0 4.457984417561922 864.1163927178579 859.658408300296
84.0 4.693512182932229 857.5589916884544 852.8654795055222
85.0 4.73812621729255 860.5431304941582 855.8050042768656
86.0 4.71505328944958 865.026369500414 860.3113162109644
87.0 4.961164938895754 857.2362557435196 852.2750908046239
88.0 5.110830291053118 858.7540956887555 853.6432653977023
89.0 5.161670676846376 857.0752555790088 851.9135849021624
90.0 5.04860839615314 864.0096465497035 858.9610381535503
91.0 5.378452704638769 858.2041296955897 852.8256769909509
92.0 5.531846435061383 859.1415272816587 853.6096808465973
93.0 5.465741886796546 865.7588134531504 860.2930715663539
94.0 5.69583470771605 860.4255922122825 854.7297575045664
95.0 5.980131195554514 854.4870015685808 848.5068703730263
96.0 6.219276402532777 848.9974098516082 842.7781334490754
97.0 6.243623978303035 852.4715215986025 846.2278976202995
98.0 6.444538113054909 854.6635238493882 848.2189857363333
99.0 6.748133608053277 843.755719524601 837.0075859165477
100.0 6.614285938392756 853.2551616265285 846.6408756881357
101.0 6.468931957104719 869.9995412532804 863.5306092961757
102.0 6.836417899416553 851.4391480381739 844.6027301387574
103.0 6.938235177843689 851.1528524779633 844.2146173001196
104.0 6.931219980893576 856.0497195271028 849.1184995462093
105.0 7.181874577034707 852.230564568358 845.0486899913233
106.0 7.346594770409172 854.2226787117485 846.8760839413393
107.0 7.547046510092725 853.9058177185614 846.3587712084686
108.0 7.868542173184215 845.9537757099781 838.0852335367939
109.0 8.079117435821525 846.5292804423973 838.4501630065758
110.0 7.946825992566087 849.2417246699363 841.2948986773702
111.0 8.35887710712053 841.5544240645652 833.1955469574447
112.0 8.753588831898694 834.2178641257138 825.4642752938151
113.0 8.114230517420999 853.1867241528962 845.0724936354752
114.0 8.998087491747033 834.5753505268738 825.5772630351268
115.0 8.41194008461636 860.0834469779771 851.6715068933607
116.0 8.833453682617594 845.8058870753904 836.9724333927728
117.0 9.473883150102937 831.6007042471966 822.1268210970937
118.0 8.09754157339479 875.2436726412193 867.1461310678245
119.0 9.459640994393445 835.6205435388974 826.1609025445039
120.0 7.587643795877399 917.9384633128604 910.350819516983
121.0 9.255623341042328 845.8908735571683 836.635250216126
122.0 8.954908195369616 862.666577866276 853.7116696709064
123.0 9.939157627950861 835.328899145373 825.3897415174221
124.0 8.575453641602007 875.1771677907899 866.6017141491879
125.0 8.937822681779209 878.7579916263911 869.8201689446119
126.0 10.83840676121385 822.2635023543081 811.4250955930942
127.0 10.001460035832 847.0445974978919 837.0431374620599
128.0 10.33896974774013 838.6868101775833 828.3478404298431
129.0 10.7384250306655 827.3873152808022 816.6488902501367
130.0 10.50927253137715 840.1053407645355 829.5960682331584
131.0 9.898639072269457 850.8604022358767 840.9617631636072
132.0 10.90616880774628 830.0368835856367 819.1307147778904
133.0 11.59052443405388 816.6325877730183 805.0420633389644
134.0 8.74784486286451 895.0860091544466 886.3381642915821
135.0 8.348788252853299 924.5673679344972 916.2185796816439
136.0 11.51593658060667 819.4985390951984 807.9826025145918
137.0 11.23201290853569 834.0536196713072 822.8216067627715
138.0 12.26272321007226 808.8042221184318 796.5414989083596
139.0 11.40046024387992 829.9026548131779 818.502194569298
140.0 8.159842856694907 912.7868874824006 904.6270446257057
141.0 11.45511303700324 832.3901150227375 820.9350019857342
142.0 12.14202188603747 820.9576999473685 808.815678061331
143.0 12.37047894298884 812.5340338644098 800.163554921421
144.0 12.37141600039793 811.2357433509372 798.8643273505393
145.0 12.11940048556511 822.1380130920754 810.0186126065103
146.0 8.790064856912057 933.8153279033143 925.0252630464023
147.0 12.18101284716434 820.3331706995215 808.1521578523572
148.0 11.66455809330845 833.0511359637161 821.3865778704076
149.0 9.627269036913566 884.1324735990219 874.5052045621083
150.0 12.35370423942083 819.2601170701983 806.9064128307775
151.0 12.50429650159302 817.7664870727285 805.2621905711355
152.0 12.81583707499701 811.7235399722301 798.9077028972331
153.0 12.44750759324104 818.9383092626241 806.4908016693831
154.0 12.7533707362889 815.6840536477454 802.9306829114565
155.0 12.98062990379025 808.7877958937555 795.8071659899652
156.0 13.08828794641333 812.117018047996 799.0287301015827
157.0 13.05863741644074 807.8798104112746 794.8211729948339
158.0 8.401239353739722 929.6671924418282 921.2659530880884
159.0 12.83708681660533 820.7470794605448 807.9099926439395
160.0 12.83945369207089 822.7377453306199 809.898291638549
161.0 13.53458301431815 801.0616561021122 787.5270730877941
162.0 12.66216512973773 829.3331105597241 816.6709454299864
163.0 8.417823606765717 903.5694530550337 895.1516294482679
164.0 12.93818949914351 820.6005743681133 807.6623848689698
165.0 13.63198438180215 802.1651323400342 788.5331479582321
166.0 13.46187322857304 807.367189945039 793.9053167164659
167.0 13.3432358525074 815.4611006880286 802.1178648355212
168.0 13.80620367077878 800.7411513194163 786.9349476486375
169.0 12.52983681868812 831.6990210256293 819.1691842069412
170.0 13.65032980934314 808.5653071095271 794.9149773001839
171.0 13.70115609215778 811.7781522472002 798.0769961550425
172.0 13.95853992166305 807.9958991473314 794.0373592256684
173.0 13.71703543418083 804.9829583348815 791.2659229007006
174.0 13.20262592337544 821.3084598270851 808.1058339037096
175.0 12.19463289093304 835.4077396678858 823.2131067769528
176.0 14.16547833769895 800.5262953074547 786.3608169697557
177.0 12.27912962633641 951.3383759683218 939.0592463419854
178.0 8.214924615845643 916.8796871584291 908.6647625425835
179.0 14.19317374868794 803.318944806715 789.125771058027
180.0 14.22420215725036 804.6638304766036 790.4396283193532
181.0 12.04404018013401 854.5329122362125 842.4888720560785
182.0 14.47271959301167 806.9658453106739 792.4931257176622
183.0 15.25899141039834 786.0246166499528 770.7656252395545
184.0 13.3238389936166 828.1466818328265 814.8228428392099
185.0 13.60490832859526 887.3234962360393 873.718587907444
186.0 15.03630654282747 798.3599947550137 783.3236882121862
187.0 9.860266273959951 886.6924015128998 876.8321352389398
188.0 14.37953069427326 804.2425491544955 789.8630184602222
189.0 10.36679043256033 880.7938711167025 870.4270806841422
190.0 15.96808175377978 783.4297528438045 767.4616710900247
191.0 14.96518088841651 797.2852195713195 782.320038682903
192.0 14.95562422710374 803.4271958741626 788.4715716470589
193.0 15.42637941560537 793.0068847460076 777.5805053304022
194.0 15.5481135570116 787.9756502042641 772.4275366472525
195.0 13.23397658669627 840.5966690891618 827.3626925024655
196.0 12.98593663041816 845.0382498764995 832.0523132460813
197.0 15.65427976925904 791.0452836329753 775.3910038637163
198.0 15.58394018651649 789.6039616715979 774.0200214850814
199.0 15.21317467404089 805.2133097064794 790.0001350324385
200.0 15.72428564994692 789.5800328356915 773.8557471857445
201.0 15.98959370311211 784.68917656863 768.6995828655179
202.0 15.73450633188573 795.5454411062864 779.8109347744007
203.0 13.91958001144876 834.0476431996074 820.1280631881586
204.0 16.19710240500428 780.1143366911502 763.9172342861459
205.0 16.39412860563091 778.6254336469327 762.2313050413018
206.0 16.79233824063459 779.1772338496921 762.3848956090575
207.0 16.1289197943522 791.8262712625667 775.6973514682145
208.0 16.46240695069729 781.026769770413 764.5643628197157
209.0 15.59052939792592 805.934180852871 790.3436514549451
210.0 16.56530836393623 780.751514495575 764.1862061316387
211.0 16.51080799883021 779.4969538819004 762.9861458830702
212.0 16.71388171572868 778.2313143794569 761.5174326637282
213.0 17.38982504689491 770.1441943705625 752.7543693236676
214.0 15.95396948641159 802.7882868003225 786.8343173139109
215.0 15.93149681148004 795.7487519214093 779.8172551099292
216.0 8.230198122036724 923.671135181115 915.4409370590783
217.0 16.81525856151669 785.5445400658171 768.7292815043004
218.0 13.55409242209388 839.6518600115343 826.0977675894404
219.0 16.33996917131043 791.3070325446012 774.9670633732908
220.0 8.721670274309615 903.6287322956558 894.9070620213462
221.0 14.06842285855095 832.8478548584645 818.7794319999135
222.0 16.11393992506812 811.6186433954003 795.5047034703322
223.0 17.22567055666028 780.6323211895006 763.4066506328404
224.0 11.60780188897388 866.6972013328783 855.0893994439044
225.0 15.3707093773118 811.8778496621063 796.5071402847945
226.0 17.35526591558457 777.1593298882266 759.804063972642
227.0 17.56903134768618 773.3567958628442 755.787764515158
228.0 17.62124736602284 771.8323730198483 754.2111256538254
229.0 16.61557037061941 793.0385223291215 776.4229519585021
230.0 16.20933630425093 806.6996027502289 790.490266445978
231.0 16.89520175089062 784.7057797692564 767.8105780183657
232.0 18.41580551430797 760.9443834287223 742.5285779144143
233.0 17.81679832677564 770.5814849098846 752.764686583109
234.0 17.22514591854343 782.8868653677964 765.661719449253
235.0 18.13947367626396 768.4854934454633 750.3460197691993
236.0 18.23932545133938 767.3648913463215 749.1255658949822
237.0 18.41642348119986 772.0079876179633 753.5915641367634
238.0 17.00909975165683 797.5793153088244 780.5702155571676
239.0 18.96805746657737 754.2501372649507 735.2820797983733
240.0 17.95638693183147 780.9445055759372 762.9881186441058
241.0 18.29553434318558 766.0776313642338 747.7820970210483
242.0 14.79234731142742 829.3598853048607 814.5675379934333
243.0 17.34051434893003 784.8375995180949 767.4970851691648
244.0 17.25997243736541 796.4902864325113 779.2303139951459
245.0 17.87114553628363 781.2944108506907 763.4232653144071
246.0 18.21681962765427 770.1195199038529 751.9027002761987
247.0 18.7243564417548 764.0799337701482 745.3555773283934
248.0 18.58612898984876 772.3050644621024 753.7189354722536
249.0 17.63212551611596 780.9557060351482 763.3235805190322
250.0 17.34019523414393 793.4685363923683 776.1283411582244
251.0 18.20674889913825 767.6938698790806 749.4871209799423
252.0 16.57672809111977 809.7069174241055 793.1301893329857
253.0 17.5937689860992 780.0224921809681 762.4287231948689
254.0 18.8192221381543 763.9193881929271 745.1001660547728
255.0 18.45253576105603 765.6262029273834 747.1736671663274
256.0 18.52392779806338 769.909314605434 751.3853868073706
257.0 16.20463441919739 814.7935668089036 798.5889323897062
258.0 18.82101178633281 763.4361264744297 744.6151146880969
259.0 18.80706388402965 762.2598790824876 743.452815198458
260.0 8.428009663160407 909.7063618115649 901.2783521484045
261.0 19.01701537245519 762.5120781174859 743.4950627450307
262.0 18.77571824870256 762.021980069432 743.2462618207294
263.0 18.32310365631277 779.9453445739341 761.6222409176213
264.0 19.54977762635521 748.9272839264965 729.3775063001413
265.0 19.35368419392988 753.7912664400089 734.437582246079
266.0 18.02191282374515 781.9301972905421 763.908284466797
267.0 19.03089294032234 763.1447613484295 744.1138684081072
268.0 19.28756675625981 757.4681563127402 738.1805895564804
269.0 17.67163480758121 793.2039782051722 775.532343397591
270.0 17.86912264623089 778.001950281567 760.1328276353361
271.0 19.94017658308778 742.4700532383027 722.5298766552149
272.0 19.12465942672802 765.4897112524548 746.3650518257268
273.0 19.05027435931296 766.3343426634546 747.2840683041416
274.0 18.44146110448786 774.1856640295536 755.7442029250657
275.0 12.73699452343809 855.27232925413 842.5353347306919
276.0 19.1841799095089 759.9025391194932 740.7183592099843
277.0 19.43045665330612 750.8951104666886 731.4646538133825
278.0 19.87499702957156 745.8797244508621 726.0047274212905
279.0 14.67220136079091 834.7132415205535 820.0410401597626
280.0 18.80328177410795 764.4342560764482 745.6309743023402
281.0 18.66579142819645 763.9516967686723 745.2859053404758
282.0 19.52368933632851 753.9873745752085 734.46368523888
283.0 19.44791837192273 753.4503790530995 734.0024606811768
284.0 18.47135668599275 775.6212581845031 757.1499014985104
285.0 16.84170162481466 795.5724600549979 778.7307584301833
286.0 19.89690542226307 742.2830547222384 722.3861492999754
287.0 14.08669311159978 841.1620800932852 827.0753869816854
288.0 18.97172072548034 768.458722129979 749.4870014044987
289.0 19.31001632916272 758.8640562348184 739.5540399056557
290.0 19.11677713138395 762.3287056059073 743.2119284745234
291.0 20.01951905337904 746.1672424348373 726.1477233814583
292.0 19.36124440660781 756.0103773873347 736.6491329807269
293.0 20.14063615683629 743.7592895717068 723.6186534148705
294.0 20.03581180615484 747.407016072837 727.3712042666822
295.0 20.36367521641025 736.6214999006965 716.2578246842862
296.0 19.27632552185681 761.6487957392353 742.3724702173785
297.0 18.78010133666983 768.0107874504197 749.2306861137498
298.0 19.46360958290812 754.0865745263534 734.6229649434453
299.0 14.45852084867965 836.0749058574996 821.6163850088199
300.0 19.52231144492689 760.3097009807791 740.7873895358522
301.0 19.61307363902359 751.5843707609626 731.971297121939
302.0 17.04912731478748 807.4153070974549 790.3661797826675
303.0 20.81356099620817 730.2240685853285 709.4105075891204
304.0 20.4705023527117 734.1609856621397 713.690483309428
305.0 19.96812754438489 747.2337620860513 727.2656345416664
306.0 20.11676349862223 743.9249939166519 723.8082304180297
307.0 19.7992093479167 750.647616659461 730.8484073115443
308.0 18.02125047896992 784.4203888399557 766.3991383609858
309.0 19.9562320448104 746.4071408794148 726.4509088346044
310.0 14.87488242454855 833.0076962020755 818.132813777527
311.0 20.43706513852045 735.6923975911818 715.2553324526613
312.0 20.5173470443333 736.5266499735862 716.0093029292529
313.0 20.00958453671726 743.8775045025679 723.8679199658507
314.0 20.65458613509555 730.0074715486944 709.3528854135988
315.0 20.58665574350037 735.2429124966237 714.6562567531234
316.0 20.31836311038045 740.8327248360178 720.5143617256373
317.0 18.78100994729095 771.2369211531396 752.4559112058486
318.0 20.64129402128235 733.9731266300835 713.3318326088012
319.0 20.79497113650309 730.4841463700377 709.6891752335346
320.0 20.32475868842476 741.9421590350988 721.6174003466741
321.0 20.03152206860171 745.9979207517095 725.9663986831078
322.0 20.11834103748843 746.0082833580594 725.8899423205709
323.0 19.72669612343382 757.9343170861606 738.2076209627268
324.0 20.6431879051473 736.8240628056545 716.1808749005072
325.0 20.35355841501723 739.4755568313686 719.1219984163514
326.0 20.18005262484768 749.8425911778161 729.6625385529684
327.0 19.28310533105956 773.0276154380348 753.7445101069752
328.0 20.92917807714191 726.3285435011404 705.3993654239985
329.0 20.7882465313086 732.205432972147 711.4171864408384
330.0 20.88142898258603 733.219732710942 712.338303728356
331.0 19.87449560303718 757.5799568126091 737.705461209572
332.0 21.03907851434099 727.7938627656552 706.7547842513142
333.0 20.42998224619729 735.7763587996544 715.3463765534571
334.0 14.28733940611987 839.4620786826308 825.1747392765109
335.0 20.67252306785038 736.0622047460594 715.389681678209
336.0 20.99581725575927 728.2487643456723 707.252947089913
337.0 20.15483506509401 752.3079878501286 732.1531527850346
338.0 20.29952911320626 748.0513411983772 727.7518120851709
339.0 21.13522031412136 725.3608439443158 704.2256236301944
340.0 20.91773537743159 727.840531511089 706.9227961336574
341.0 20.71923983295464 736.9013354244476 716.182095591493
342.0 14.09127906736444 841.4974289700744 827.4061499027099
343.0 21.1500264915584 721.1223006050328 699.9722741134744
344.0 20.69129934164973 739.4441059202525 718.7528065786027
345.0 21.07903027668714 729.700650123149 708.6216198464619
346.0 21.47974917614753 715.671476611425 694.1917274352775
347.0 21.25505140361844 720.5891292984277 699.3340778948093
348.0 21.04355913807501 726.3528647189484 705.3093055808734
349.0 21.4913453950673 721.7486336287663 700.257288233699
350.0 21.41336391171816 717.4722204779173 696.0588565661992
351.0 21.32886951522818 725.1648372805139 703.8359677652857
352.0 21.57248972810163 713.4395609224005 691.8670711942989
353.0 21.42491180132708 718.1105103091442 696.6855985078171
354.0 21.26519578850279 725.6248797984678 704.359684009965
355.0 21.56694479609885 716.1867899416564 694.6198451455576
356.0 21.4601519060486 723.6341045661365 702.1739526600879
357.0 21.07956180423752 735.8767838300984 714.7972220258609
358.0 21.50311261740555 716.4735269452442 694.9704143278387
359.0 21.34072909771786 721.0233609938029 699.682631896085
360.0 21.70152302183098 714.0527814692597 692.3512584474287
361.0 21.49174007891788 725.9507251146592 704.4589850357413
362.0 21.77851374680969 715.1183072852333 693.3397935384236
363.0 21.27320897135793 723.4100208545181 702.1368118831602
364.0 21.66152500409104 717.1583994711493 695.4968744670582
365.0 21.35686773242091 728.4953621258384 707.1384943934174
366.0 21.64309661930075 724.194995015666 702.5518983963652
367.0 21.66470702459377 718.3009971636205 696.6362901390267
368.0 21.60261491150997 723.8817589826811 702.2791440711711
369.0 21.7922709424171 715.1023464475493 693.3100755051322
370.0 22.08175486556572 706.5917771953258 684.5100223297601
371.0 21.91806594539141 713.5269350040164 691.6088690586249
372.0 22.04747162970506 712.7805422410228 690.7330706113177
373.0 21.6032486407261 722.9843732040488 701.3811245633227
374.0 21.83324514179954 720.8922804848511 699.0590353430515
375.0 21.96956885422124 709.9621689756373 687.9926001214161
376.0 22.00650444070813 713.2617232932346 691.2552188525265
377.0 21.92233095961441 715.3441156233426 693.4217846637282
378.0 21.78995505073617 723.1823169622724 701.3923619115362
379.0 22.11086934948388 709.649454113525 687.5385847640411
380.0 22.25417321255547 705.6648274890279 683.4106542764724
381.0 21.91540032340177 717.703359068853 695.7879587454513
382.0 22.51251508047412 701.6931817690349 679.1806666885608
383.0 22.10573853245044 714.2078424572236 692.1021039247732
384.0 22.52707704465318 701.6459705161657 679.1188934715125
385.0 22.18390248649165 711.455666037859 689.2717635513673
386.0 22.55547170676391 700.5652568137687 678.0097851070048
387.0 21.80776669407051 727.056597409795 705.2488307157245
388.0 22.52971362498406 702.6145778024966 680.0848641775125
389.0 22.25211990758244 715.688737888068 693.4366179804855
390.0 21.70103950048625 734.1260752649381 712.4250357644519
391.0 22.59764635289255 705.126143480832 682.5284971279395
392.0 20.9309886921466 759.3017554738708 738.3707667817242
393.0 22.56469488351377 711.0035232490889 688.4388283655751
394.0 22.70279154449811 700.2782473995733 677.5754558550751
395.0 22.64016845183703 702.7788994825471 680.13873103071
396.0 22.79309120499496 701.924647628631 679.131556423636
397.0 23.09087083364331 691.6148121656289 668.5239413319856
398.0 22.76079690930542 704.8658272749748 682.1050303656694
399.0 22.95102664424259 697.772398839155 674.8213721949124
400.0 22.8029040513277 700.8138219503154 678.0109178989877
401.0 22.73137177710201 705.8463697649871 683.114997987885
402.0 22.72741663941044 710.564639497334 687.8372228579235
403.0 23.01612346050586 698.2225517042627 675.2064282437568
404.0 23.20171979337704 691.2716496673768 668.0699298739998
405.0 23.1412423810383 699.41798821549 676.2767458344517
406.0 23.3711593520814 692.6397953767781 669.2686360246967
407.0 23.32344823011957 693.3583937355673 670.0349455054477
408.0 22.11063538223106 731.5208497219707 709.4102143397397
409.0 23.61063887729559 685.1886019898393 661.5779631125437
410.0 23.77743595899211 681.5617423965984 657.7843064376063
411.0 23.60128706706747 687.3331956355235 663.731908568456
412.0 23.70206259992086 684.7176523803786 661.0155897804577
413.0 23.50289374702339 690.7138887625186 667.2109950154952
414.0 21.43439735632834 758.5809722541326 737.1465748978042
415.0 23.57532190944234 691.7984221097035 668.2231002002612
416.0 23.76898397022683 686.459866830383 662.6908828601561
417.0 23.77850658033483 685.6224696351439 661.8439630548091
418.0 23.8756819735672 683.6060501627544 659.7303681891872
419.0 23.76593695157854 689.1553487851345 665.389411833556
420.0 23.57418079219471 697.5971029224182 674.0229221302235
421.0 23.60943671208466 700.2775814970621 676.6681447849774
422.0 24.07262075780748 683.6935217161546 659.6209009583472
423.0 24.11829556341434 683.9677460466738 659.8494504832594
424.0 24.15225491606803 681.9636580172688 657.8114031012008
425.0 24.0645829944726 686.7381779251341 662.6735949306615
426.0 24.2729892879265 682.15251121337 657.8795219254435
427.0 24.21195940474893 683.4523843660895 659.2404249613406
428.0 24.07539863937169 692.8791168672244 668.8037182278527
429.0 24.41469976794035 682.0585791774489 657.6438794095086
430.0 24.40498095952901 683.6511543256324 659.2461733661033
431.0 24.67838659863419 675.2620647474905 650.5836781488563
432.0 24.5187767058839 678.1795722482078 653.6607955423239
433.0 24.71655620475308 674.5814710424056 649.8649148376525
434.0 24.77308052710838 676.7924305745071 652.0193500473987
435.0 24.54772592251 683.8563890717371 659.3086631492271
436.0 24.78397988791818 677.8303567699687 653.0463768820505
437.0 25.04363276344781 671.4710890797448 646.427456316297
438.0 25.0000550281676 673.1456715808268 648.1456165526592
439.0 24.91986852254102 677.1384670003913 652.2185984778503
440.0 25.2307290084727 670.1598740233982 644.9291450149255
441.0 25.24817940135854 671.9152267256081 646.6670473242495
442.0 25.24888055832516 674.91638567867 649.6675051203448
443.0 25.11235855367408 678.6149483681859 653.5025898145119
444.0 25.1035599672047 684.0725187069362 658.9689587397315
445.0 25.11800054814 687.8289286706893 662.7109281225493
446.0 25.418701963397 674.6418405913407 649.2231386279437
447.0 20.72152639792493 776.3538260918717 755.6322996939468
448.0 25.30604062733085 683.9454835205358 658.6394428932049
449.0 25.43047046849422 682.1859045613263 656.7554340928321
450.0 25.72922270563301 669.2469765719697 643.5177538663367
451.0 25.84604446910032 669.5389920389478 643.6929475698475
452.0 25.7478035683949 674.0664654498312 648.3186618814363
453.0 26.14398390953613 666.5379215620926 640.3939376525564
454.0 25.99038072542557 671.261289522188 645.2709087967624
455.0 26.09651046458691 669.9306373561772 643.8341268915903
456.0 26.17763394022669 668.0948045483001 641.9171706080734
457.0 26.23465801477347 667.3221487588616 641.0874907440881
458.0 26.63026723753649 660.0091674740562 633.3789002365197
459.0 25.91983882640019 689.8835679418192 663.963729115419
460.0 26.66786194367167 660.4856541884567 633.8177922447851
461.0 26.6247335210213 664.0229384385415 637.3982049175202
462.0 26.69904272535593 667.6354627515084 640.9364200261525
463.0 27.00189252669485 656.3931548759671 629.3912623492722
464.0 26.71264809465536 675.3704956098179 648.6578475151626
465.0 27.16653812925689 657.6399973428252 630.4734592135684
466.0 27.47856510672827 651.7014561537251 624.2228910469969
467.0 24.1960764020378 740.8010706314638 716.604994229426
468.0 27.51723046835564 654.1290238154329 626.6117933470772
469.0 27.34514010329443 664.1011409000303 636.7560007967359
470.0 27.68891007262596 655.139240656785 627.4503305841591
471.0 27.81713489889084 651.1003078433191 623.2831729444282
472.0 27.91127790531402 651.8884919104214 623.9772140051073
473.0 26.60370594094224 702.5916017526285 675.9878958116863
474.0 27.74755833894904 664.2634889681141 636.515930629165
475.0 27.8656013552794 667.9851595621297 640.1195582068503
476.0 28.41780589134213 648.0748307720286 619.6570248806864
477.0 28.39521390849931 651.7375834501601 623.3423695416608
478.0 28.62897538378343 650.6243463073372 621.9953709235538
479.0 28.99625442146503 640.3536351417671 611.357380720302
480.0 28.9979832042041 641.9517035601381 612.953720355934
481.0 29.0715999783307 640.3174242868628 611.2458243085321
482.0 29.24761068809926 641.9777607336664 612.7301500455672
483.0 27.99368014282772 692.1237399403263 664.1300597974986
484.0 29.02928789920197 656.3937005922977 627.3644126930957
485.0 29.89897932034243 632.2828545938721 602.3838752735296
486.0 29.54370930811667 650.7562721483069 621.2125628401902
487.0 30.21748925265741 628.8732421770534 598.655752924396
488.0 30.02677839009789 638.8423035127058 608.8155251226079
489.0 29.79925795999479 644.3754726502894 614.5762146902946
490.0 30.36642435212343 634.5561783523442 604.1897540002208
491.0 30.1771681909923 644.1608298991672 613.9836617081749
492.0 30.58779508058418 637.2901556286245 606.7023605480404
493.0 30.96694782975697 631.2870122886079 600.3200644588509
494.0 28.78477501260689 693.0357440984751 664.2509690858682
495.0 30.72100671967198 645.7672229380304 615.0462162183585
496.0 31.38359538845286 627.7779549805988 596.394359592146
497.0 31.28365839322978 638.9338921957836 607.6502338025538
498.0 31.53858491855233 630.9970904490042 599.4585055304518
499.0 32.1482222064103 619.6115392168133 587.463317010403
500.0 30.75589638111275 665.8246131225116 635.0687167413988
501.0 32.11590415411365 632.4027083124543 600.2868041583406
502.0 32.41026914067658 628.2175160372668 595.8072468965902
503.0 32.33234257640656 631.6504912240131 599.3181486476065
504.0 33.00883024772023 620.2549741556021 587.2461439078819
505.0 33.46061012626665 611.2953013969235 577.8346912706569
506.0 32.98259167685593 623.1724287642579 590.1898370874019
507.0 33.51543832078684 616.2577440068197 582.7423056860328
508.0 33.56810552422267 621.8049595758821 588.2368540516594
509.0 33.7019450284938 621.4983276546859 587.7963826261921
510.0 34.07310718905351 616.0491969482767 581.9760897592232
511.0 34.36317926156664 614.14649399086 579.7833147292933
512.0 34.73726442992372 606.0707161040395 571.3334516741157
513.0 35.02773865857978 607.1338649705041 572.1061263119243
514.0 35.20986799990465 613.575577027576 578.3657090276714
515.0 34.77195045704531 624.0713537099764 589.2994032529311
516.0 35.81050770951011 602.3026058590705 566.4920981495604
517.0 34.99199619274803 625.7160512352092 590.7240550424611
518.0 36.51442158597672 597.1774361000405 560.6630145140638
519.0 36.88758173326047 594.4303896388305 557.5428079055701
520.0 36.00023586307398 608.0392066517208 572.0389707886469
521.0 37.78004382198661 583.1441483098147 545.3641044878281
522.0 37.37292258263292 599.9380475959802 562.5651250133472
523.0 37.38163083538932 600.0835730393064 562.7019422039171
524.0 38.31897250689564 588.4612172908516 550.142244783956
525.0 37.90282595565726 597.1271970402168 559.2243710845595
526.0 38.25880819666281 593.0978711151887 554.8390629185259
527.0 37.74843531941822 612.3111728557698 574.5627375363516
528.0 38.96890623372614 594.3017780350631 555.3328718013369
529.0 38.71287901391429 599.4317896838704 560.7189106699562
530.0 39.52397538581569 585.3296245269531 545.8056491411374
531.0 40.13412465968081 582.3769887326614 542.2428640729806
532.0 40.64663037734187 580.7276639243489 540.0810335470071
533.0 41.45255643289242 573.6294647561731 532.1769083232807
534.0 40.23317911130165 581.8205236466127 541.587344535311
535.0 41.50910464658 574.5454394761518 533.0363348295718
536.0 42.09258996560391 568.4280261204777 526.3354361548738
537.0 42.88229537454835 558.8242885576903 515.9419931831419
538.0 44.75599455480415 546.1129274345803 501.3569328797761
539.0 44.81382608869136 546.5136927041448 501.6998666154534
540.0 44.23674299771471 554.4307170314172 510.1939740337025
541.0 43.68735318024589 568.5005753549209 524.813222174675
542.0 39.7115842247867 608.5139587624615 568.8023745376748
543.0 43.99862007869899 567.5874299009244 523.5888098222254
544.0 41.86404727214834 581.8680730180712 540.0040257459229
545.0 46.74132964033294 545.1334162843501 498.3920866440171
546.0 50.46488267334201 517.5764724187926 467.1115897454505
547.0 49.91390402895697 520.9244418602977 471.0105378313408
548.0 47.45770417494979 532.8968289669117 485.4391247919619
549.0 44.60744163774938 567.7134103056455 523.1059686678961
550.0 45.04703629661932 562.7909393674034 517.7439030707841
551.0 49.75071842577079 523.7221283297479 473.9714099039771
552.0 66.62781707177107 443.161349332852 376.533532261081
553.0 64.2436987242909 450.7582055072013 386.5145067829104
554.0 61.8372836214892 461.5686961152664 399.7314124937772
555.0 54.74550109956825 501.7221199205573 446.9766188209891
556.0 67.87109399070396 439.4061367916577 371.5350428009538
557.0 56.16934995031552 491.7221273027009 435.5527773523854
558.0 64.80147671933164 448.7942508825831 383.9927741632515
559.0 66.05624488887652 445.4021245462529 379.3458796573764
560.0 73.70041225130507 421.7024147107495 348.0020024594445
561.0 79.68321259389818 403.6304201558657 323.9472075619675
562.0 85.59702491452596 384.8687511794308 299.2717262649048
563.0 81.88624380220256 395.0109867507111 313.1247429485086
564.0 83.0379658586412 393.6520004186955 310.6140345600543
565.0 75.68786883184925 415.7060948313708 340.0182259995216
566.0 85.7773848643525 382.4296000898548 296.6522152255023
567.0 87.79752066608254 379.3077702758609 291.5102496097784
568.0 94.76176040922606 361.7182781375326 266.9565177283066
569.0 87.79753901927662 379.3082979716709 291.5107589523943
570.0 93.8176201025468 363.1863065336279 269.3686864310811
571.0 93.91929504279148 363.6919073616361 269.7726123188446
572.0 106.5822800118512 334.949018650216 228.3667386383648
573.0 93.92127868558202 363.722118738685 269.800840053103
574.0 103.9117454657547 341.6915094712447 237.7797640054901
575.0 93.04953759714511 365.3650854962736 272.3155478991285
576.0 120.1857655831308 307.193209086861 187.0074435037302
577.0 121.0423140132649 304.9513157988823 183.9090017856173
578.0 94.76194178371986 361.7221369971741 266.9601952134543
579.0 109.6632800202403 329.7221369438252 220.058856923585
580.0 144.3083225810205 262.4704845386162 118.1621619575957
581.0 126.1492191414157 295.7221369781014 169.5729178366857
582.0 135.914911775427 277.7220746643101 141.8071628888831
583.0 144.8351977955057 263.620353736058 118.7851559405522
584.0 151.4790614742159 253.7212439928787 102.2421825186627
585.0 168.7907202945311 227.5314857200343 58.74076542550322
586.0 166.1449978968465 231.6402621679586 65.49526427111207
587.0 164.8160808634706 233.6948000215636 68.87871915809301
588.0 166.1447132641175 231.6547329154197 65.51001965130219
591.0 183.508650912269 205.722137 22.21348608773097
