0.0 4.457088028136844 907.2432414118937 902.7861533837569
1.0 3.105790102515141 907.2718463381118 904.1660562355966
2.0 2.355909504448959 906.4229404893759 904.067030984927
3.0 1.799768842376673 906.0920014320408 904.2922325896641
4.0 1.370782378804236 905.0093280803011 903.6385457014969
5.0 1.04266130613604 905.6290959883957 904.5864346822597
6.0 0.8858093540720969 903.0316193685255 902.1458100144534
7.0 0.6218930398559154 903.6681285650426 903.0462355251867
8.0 0.4356608662757435 903.2116867452717 902.776025878996
9.0 0.3671902565113874 902.6036027796722 902.2364125231608
10.0 0.2443397280156453 902.9124973506315 902.6681576226159
11.0 0.1773966177623553 901.7253313604843 901.547934742722
12.0 0.09333140627231363 901.6544807988323 901.56114939256
13.0 0.06614370735193141 901.0129080794101 900.9467643720581
14.0 0.05437049961478826 900.4003400085975 900.3459695089827
15.0 0.01719973494967921 900.9317245692002 900.9145248342506
16.0 0.003161471055182616 900.0895823055707 900.0864208345155
17.0 0.03399578486425535 900.0126251540093 899.978629369145
18.0 0.03498001255688808 899.6775947454425 899.6426147328856
19.0 0 900.0078707904098 900.0078707904098
20.0 0.06515219618531352 897.9870050722801 897.9218528760948
21.0 0.09153529308548209 897.925261029161 897.8337257360755
22.0 0.08843065655900348 898.0603308293 897.971900172741
23.0 0.1426867139296677 897.643699779623 897.5010130656933
24.0 0.1583367294923862 897.1544945420224 896.9961578125301
25.0 0.2311022764832358 896.3881843722675 896.1570820957842
26.0 0.2225933719170196 896.4630824168361 896.240489044919
27.0 0.2495337360264524 895.9487371278929 895.6992033918665
28.0 0.3446092323737396 894.9576095153183 894.6130002829445
29.0 0.3150467569833586 895.6459479153282 895.3309011583448
30.0 0.3648543969219559 895.4205294316694 895.0556750347474
31.0 0.3871322467822009 895.0739784134784 894.6868461666962
32.0 0.4424655447676052 893.7525788254795 893.3101132807119
33.0 0.5012825913306937 894.000249905642 893.4989673143113
34.0 0.5320368127971146 894.2826024361042 893.7505656233071
35.0 0.583469828348038 892.8194635787103 892.2359937503622
36.0 0.6570443436417895 892.1857846840147 891.5287403403729
37.0 0.6794399390675731 892.2135247041682 891.5340847651006
38.0 0.7043096223843316 891.8881690457265 891.1838594233422
39.0 0.7831251767494483 891.0055764744748 890.2224512977254
40.0 0.7785502963596369 891.4933450986435 890.7147948022838
41.0 0.876265508848558 890.6742670296244 889.7980015207758
42.0 0.9836518032507634 889.4364921217539 888.4528403185031
43.0 0.9873859229895018 889.8711742983529 888.8837883753634
44.0 1.042629863828958 890.4542983691734 889.4116685053445
45.0 1.101950584932057 890.3881446571974 889.2861940722653
46.0 1.251201292247229 886.5566063367018 885.3054050444545
47.0 1.257361956110124 888.6011870267367 887.3438250706266
48.0 1.362784272249125 886.8417163946888 885.4789321224397
49.0 1.363133517957399 887.216187771998 885.8530542540406
50.0 1.461587171399474 886.5645499950619 885.1029628236624
51.0 1.543080899862357 886.1644680757543 884.6213871758919
52.0 1.641387406839714 885.0244158459786 883.3830284391389
53.0 1.680377125631254 885.8170143940885 884.1366372684573
54.0 1.74219217124535 885.2508905795359 883.5086984082906
55.0 1.835888476609176 883.3134289935769 881.4775405169678
56.0 1.90990423733005 883.9026511136489 881.9927468763189
57.0 1.988661649494417 883.6892793926521 881.7006177431577
58.0 2.099780562032242 882.1525377938431 880.0527572318109
59.0 2.175065862322357 881.4741574893826 879.2990916270603
60.0 2.244474154619381 883.326183509662 881.0817093550426
61.0 2.247921416994411 883.981275269118 881.7333538521236
62.0 2.418612679073479 880.7542658855641 878.3356532064906
63.0 2.557111835914971 880.6431429454695 878.0860311095545
64.0 2.644324277459635 879.3785561074335 876.7342318299739
65.0 2.67499712003636 879.4164240049984 876.741426884962
66.0 2.755636662429817 881.5090827951164 878.7534461326866
67.0 2.853601665712037 879.4267594286354 876.5731577629234
68.0 2.974456444628076 878.2736324744725 875.2991760298444
69.0 3.075683427655085 879.4565751851811 876.3808917575261
70.0 3.161182664904725 877.3860517659661 874.2248691010613
71.0 3.407093827131032 872.671628129318 869.264534302187
72.0 3.287610311682358 880.3498573716885 877.0622470600061
73.0 3.434647953518705 877.8099939367061 874.3753459831874
74.0 3.633310814629609 873.3738301505745 869.7405193359449
75.0 3.708444352948146 875.1260392119047 871.4175948589565
76.0 3.911611289995383 870.9822172043985 867.0706059144031
77.0 4.151111145872123 866.1692517058813 862.0181405600091
78.0 4.039421549456402 873.4704746899057 869.4310531404493
79.0 4.181345617852906 870.8646097996571 866.6832641818042
80.0 4.253566748684134 872.8454139711276 868.5918472224434
81.0 4.400522831192952 870.9706661012012 866.5701432700082
82.0 4.495748025550664 870.1391678983947 865.643419872844
83.0 4.671523644656458 868.8572163607333 864.1856927160768
84.0 4.951096305343613 861.1860570888429 856.2349607834993
85.0 4.975348657887681 865.1158461054939 860.1404974476062
86.0 4.923222776152948 870.2473589904719 865.324136214319
87.0 5.222588045256223 860.7453315434279 855.5227434981717
88.0 5.36140298797518 863.2045886348705 857.8431856468953
89.0 5.42547509326701 860.5249628969084 855.0994878036414
90.0 5.268184965410758 868.082491228415 862.8143062630043
91.0 5.635941981779815 861.9133867400093 856.2774447582295
92.0 5.78277080971221 863.4810382734716 857.6982674637593
93.0 5.670868410811182 872.0755514198564 866.4046830090452
94.0 5.937582161031737 865.626503573135 859.6889214121032
95.0 6.261679453908183 858.8508932703541 852.5892138164459
96.0 6.539413110262073 851.9140444833954 845.3746313731333
97.0 6.540243721275725 856.3440615066082 849.8038177853324
98.0 6.724582764330074 860.1131129110982 853.3885301467682
99.0 7.104027348477472 846.2921672508314 839.1881399023539
100.0 6.908732255942768 857.0060249567605 850.0972927008177
101.0 6.647518979588546 878.6391526015491 871.9916336219605
102.0 7.144107297297583 854.8496569133799 847.7055496160824
103.0 7.247898730872721 854.7631911366231 847.5152924057503
104.0 7.210728426315187 859.8191412038421 852.6084127775269
105.0 7.487532087420675 855.4143020780115 847.9267699905908
106.0 7.638806644002645 858.2312385611704 850.5924319171678
107.0 7.83976809609082 858.8077537419901 850.9679856458993
108.0 8.216032854873825 849.1300796568464 840.9140468019726
109.0 8.421974153499637 850.5292023534496 842.10722819995
110.0 8.274469197367583 852.6067572017897 844.3322880044221
111.0 8.736626246252031 844.4188754675326 835.6822492212805
112.0 9.178446448215791 836.8505516509947 827.6721052027789
113.0 8.419601186241257 856.4135899724735 847.9939887862322
114.0 9.423240763566213 836.875459109312 827.4522183457458
115.0 8.671922569239262 865.2052952658508 856.5333726966116
116.0 9.186517803215799 849.3439284423181 840.1574106391023
117.0 9.919559228820814 833.961404339313 824.0418451104922
118.0 8.264976572399005 880.2462908093863 871.9813142369873
119.0 9.880550155070646 838.1669659454156 828.286415790345
120.0 7.490359536042383 924.4956739277969 917.0053143917545
121.0 9.613047711269595 848.6421238728202 839.0290761615506
122.0 9.207151729195794 866.2799887544608 857.072837025265
123.0 10.36530164518925 837.6645441275261 827.2992424823368
124.0 8.752370731446978 878.1145190390051 869.3621483075581
125.0 9.090192773497422 883.363338425807 874.2731456523096
126.0 11.35020198635242 823.9795389383498 812.6293369519974
127.0 10.35452820641802 850.4040735957299 840.0495453893119
128.0 10.7450694054855 841.7803763490027 831.0353069435172
129.0 11.21711016605467 829.6968832526438 818.4797730865891
130.0 10.90683063895747 843.5512673063611 832.6444366674037
131.0 10.22880761606123 854.0235974681754 843.7947898521142
132.0 11.37071586996863 832.0763358621134 820.7056199921448
133.0 12.1405041320254 818.3859629189041 806.2454587868787
134.0 8.808238514720287 897.3814803207795 888.5732418060592
135.0 8.227024104379648 927.7154057663551 919.4883816619754
136.0 12.04869769160293 821.1051977390266 809.0565000474237
137.0 11.67139058010168 837.1053579290108 825.4339673489091
138.0 12.86415873913657 810.4003458601496 797.5361871210131
139.0 11.86859429287119 832.0026521888971 820.1340578960259
140.0 8.111992405530308 914.6198424128247 906.5078500072944
141.0 11.90675541244402 835.123931056242 823.2171756437979
142.0 12.66695446917329 823.5012114365574 810.8342569673841
143.0 12.950681610782 813.9590744810234 801.0083928702414
144.0 12.95873636704836 812.8863537172265 799.9276173501781
145.0 12.637649469244 824.4984104864553 811.8607610172113
146.0 8.614525640414059 937.2541382350719 928.6396125946578
147.0 12.71135815461064 822.3952896129175 809.6839314583068
148.0 12.11160453068787 836.4107034593631 824.2990989286753
149.0 9.760058349407207 885.9864163370371 876.2263579876299
150.0 12.88965564017466 821.9526475781697 809.0629919379951
151.0 13.05158866012289 819.9648338231358 806.9132451630129
152.0 13.40187197495646 813.7209955261942 800.3191235512377
153.0 12.98798505384219 820.9425867610882 807.954601707246
154.0 13.31602768241512 817.4136431359765 804.0976154535613
155.0 13.58651270385506 810.3612534921487 796.7747407882937
156.0 13.67261978470685 814.4258713111421 800.7532515264352
157.0 13.67054158249871 809.4180503272673 795.7475087447686
158.0 8.256520044355336 930.5809684364154 922.3244483920601
159.0 13.36814495829217 823.0427032248533 809.6745582665611
160.0 13.35805095299533 825.2104630027216 811.8524120497262
161.0 14.19102169630682 802.339490701631 788.1484690053242
162.0 13.13889696650154 832.1972622481404 819.0583652816389
163.0 8.425313993790241 906.0820776593626 897.6567636655724
164.0 13.47009029705184 823.1089999206305 809.6389096235787
165.0 14.28214575398053 803.5201217369899 789.2379759830094
166.0 14.07936308894624 808.8689146694554 794.7895515805091
167.0 13.90813401553448 818.0613924935643 804.1532584780298
168.0 14.46558827193268 802.2181941967237 787.752605924791
169.0 12.99254141472209 834.2548947598345 821.2623533451124
170.0 14.26103684648336 810.3038902406135 796.0428533941301
171.0 14.29085836760416 814.1908747697426 799.9000164021384
172.0 14.57226791492142 810.4862583126224 795.913990397701
173.0 14.35041368485311 806.4626346243354 792.1122209394823
174.0 13.73213436763438 823.7186361012405 809.9865017336061
175.0 12.63644663215397 836.8610101098814 824.2245634777274
176.0 14.82818183057661 802.0415907379162 787.2134089073396
177.0 11.96266221077353 971.6832038749048 959.7205416641313
178.0 8.14767462121722 917.2202921536918 909.0726175324746
179.0 14.83839839440114 805.1258363161669 790.2874379217657
180.0 14.86129746760267 806.5547885652259 791.6934910976232
181.0 12.36845091838651 856.530055286993 844.1616043686065
182.0 15.09580832641906 809.4085705368969 794.3127622104779
183.0 16.01635192526924 787.1678378310934 771.1514859058241
184.0 13.81256300894266 830.7072443263779 816.8946813174352
185.0 13.58314463247512 941.395175592575 927.8120309600999
186.0 15.71467728161012 800.7108230489636 784.9961457673535
187.0 9.983749457913479 887.0871651084862 877.1034156505727
188.0 15.02078334895181 805.8952142537113 790.8744309047595
189.0 10.52873415201609 881.1716868703732 870.6429527183571
190.0 16.74393998335434 785.0113416197228 768.2674016363685
191.0 15.650397259992 799.3659163618585 783.7155191018665
192.0 15.60307281172192 805.7917240263103 790.1886512145884
193.0 16.14111067879415 794.7283916492989 778.5872809705047
194.0 16.29402656432455 789.6108951498708 773.3168685855462
195.0 13.65084195240221 842.0462709542797 828.3954290018775
196.0 13.37368770747695 846.7991904665586 833.4255027590816
197.0 16.38226927759946 792.717766433959 776.3354971563595
198.0 16.32050019628626 791.1704946925634 774.8499944962771
199.0 15.85247276553488 807.2309347864366 791.3784620209018
200.0 16.46109168820349 791.3901150728107 774.9290233846072
201.0 16.75901066133975 785.9396122887339 769.1806016273941
202.0 16.43372781451187 797.9643265974489 781.530598782937
203.0 14.3783112195886 835.9803022742108 821.6019910546222
204.0 16.99514845169379 781.3842671786781 764.3891187269844
205.0 17.20229855076888 779.8909303845024 762.6886318337335
206.0 17.59764890827277 781.0828950883399 763.4852461800672
207.0 16.85338887765255 794.0551771384083 777.2017882607558
208.0 17.25602698804435 782.4748121906775 765.2187852026332
209.0 16.22587516692782 808.5644351683954 792.3385600014676
210.0 17.36106112605814 782.2414316385647 764.8803705125066
211.0 17.31361261398154 781.0381530948357 763.7245404808541
212.0 17.52561220588128 779.7356380945518 762.2100258886705
213.0 18.25451455809316 771.5159509706553 753.2614364125621
214.0 16.61237672131104 804.7509317239627 788.1385550026517
215.0 16.63237008485407 797.6024867962833 780.9701167114292
216.0 8.123329923583686 923.6997068021436 915.5763768785599
217.0 17.58140757285626 787.8138260512468 770.2324184783906
218.0 13.97869275284933 841.0591108511457 827.0804180982964
219.0 17.06962294287506 793.2613463451225 776.1917234022474
220.0 8.737889762124705 903.6741330025039 894.9362432403792
221.0 14.53718237241309 834.1756609605908 819.6384785881777
222.0 16.72027645956881 813.5784575713646 796.8581811117958
223.0 18.0233161629941 783.0438902476624 765.0205740846683
224.0 11.86187397316475 867.0348378018944 855.1729638287297
225.0 15.97235256841491 813.431557125214 797.4592045567991
226.0 18.17681557855819 778.8080867898456 760.6312712112874
227.0 18.41583582065564 774.6172331222541 756.2013973015984
228.0 18.47705813841728 773.2543290814615 754.7772709430442
229.0 17.33592077316687 795.1849138743184 777.8489931011515
230.0 16.84490981544066 808.9465520317994 792.1016422163588
231.0 17.66951054669954 786.0888071188779 768.4192965721783
232.0 19.34303322628541 761.910667590532 742.5676343642466
233.0 18.6813951377352 771.9615602106151 753.2801650728799
234.0 18.0111461885482 784.6693802424076 766.6582340538594
235.0 19.018840561218 769.7750006726544 750.7561601114364
236.0 19.12527021967924 768.8969013235728 749.7716311038936
237.0 19.2729195294565 774.4211774701366 755.1482579406801
238.0 17.70345808298662 800.0570268499149 782.3535687669283
239.0 19.9382207378874 755.3964404590625 735.4582197211751
240.0 18.75635134522158 783.3980039507097 764.6416526054882
241.0 19.18977692642575 767.5362980422346 748.3465211158088
242.0 15.28694896257272 830.4890660964138 815.2021171338411
243.0 18.11573459118047 786.5384900043209 768.4227554131404
244.0 17.96255843429521 798.9009612156721 780.9384027813769
245.0 18.66856348586103 783.7245705004998 765.0560070146388
246.0 19.08534215702885 771.909269976646 752.8239278196171
247.0 19.6329224090119 765.6047370705841 745.9718146615722
248.0 19.44185774043141 774.7013230363958 755.2594652959644
249.0 18.43323651028899 782.3737595793218 763.9405230690328
250.0 18.06224892145067 795.6116473943221 777.5493984728714
251.0 19.09093811405995 769.0922192224042 750.0012811083442
252.0 17.19870755916606 811.2146416581302 794.0159340989642
253.0 18.40009504067648 781.491758137673 763.0916630969965
254.0 19.72928049812165 765.4619486836161 745.7326681854944
255.0 19.35066650320905 767.0026025831386 747.6519360799296
256.0 19.39390757583924 772.2353721886195 752.8414646127803
257.0 16.79430290401331 816.1593883492323 799.365085445219
258.0 19.73257878053836 765.4436697587335 745.7110909781952
259.0 19.72632619144809 764.0246900596707 744.2983638682226
260.0 8.406142600566908 909.7149992161575 901.3088566155906
261.0 19.93459347529801 764.7419272329517 744.8073337576537
262.0 19.6969687786569 763.5368353877212 743.8398666090643
263.0 19.13032115595012 782.6933714777691 763.563050321819
264.0 20.55495976945244 750.201901051171 729.6469412817186
265.0 20.32701751504558 755.5601941778112 735.2331766627656
266.0 18.81633877798093 784.3835994820691 765.5672607040882
267.0 19.94504336405189 765.2889765536341 745.3439331895822
268.0 20.23692481978111 759.7401784535946 739.5032536338135
269.0 18.39708080434316 795.3904363954233 776.9933555910802
270.0 18.68890883039076 779.5685628956702 760.8796540652795
271.0 20.98647270351937 743.7259844118083 722.7395117082889
272.0 20.02287667823097 768.4211783033161 748.3983016250852
273.0 19.94481983118787 768.6567475621392 748.7119277309513
274.0 19.28538158982167 776.4715683560553 757.1861867662337
275.0 13.06691424059145 855.4343655475708 842.3674513069793
276.0 20.11943793135001 761.7912606807683 741.6718227494182
277.0 20.42246657369748 752.3807642106111 731.9582976369136
278.0 20.89882942024982 747.674052636375 726.7752232161251
279.0 15.13630634900994 835.0947257037573 819.9584193547474
280.0 19.70950572390989 766.1771528000255 746.4676470761156
281.0 19.57473804726501 765.4833588902591 745.908620842994
282.0 20.49533699180903 756.2647793175736 735.7694423257646
283.0 20.42420194656297 755.0929485070408 734.6687465604779
284.0 19.306548427074 777.9906836258216 758.6841351987476
285.0 17.55113022802575 796.7388102017942 779.1876799737685
286.0 20.94383682959539 743.6117372055307 722.6679003759353
287.0 14.50912430947585 841.3847616328016 826.8756373233258
288.0 19.85215337777433 771.0626114689481 751.2104580911738
289.0 20.25102805265543 761.1575784993826 740.9065504467271
290.0 20.03515739140626 764.8547367803237 744.8195793889175
291.0 21.04226273803748 748.0277524370725 726.985489699035
292.0 20.32075355837107 757.9528224159655 737.6320688575944
293.0 21.17802484048662 745.7981260773321 724.6201012368455
294.0 21.04812882109562 750.3034985187783 729.2553696976827
295.0 21.4468749464733 738.1092358175682 716.6623608710949
296.0 20.19820511637763 764.6785584006348 744.4803532842572
297.0 19.66204160722671 770.6378864459502 750.9758448387234
298.0 20.43447953479091 756.2877781538256 735.8532986190347
299.0 14.91279844435878 836.5804470832643 821.6676486389055
300.0 20.45318873507149 763.4939334296585 743.040744694587
301.0 20.60116691616406 753.3435859256677 732.7424190095036
302.0 17.68817516553284 808.7478294481012 791.0596542825684
303.0 21.93682121412802 732.0512104451511 710.1143892310231
304.0 21.56898745356914 735.6840401435526 714.1150526899835
305.0 20.98233287725677 749.7016066714576 728.7192737942008
306.0 21.15257748924496 746.099939641115 724.94736215187
307.0 20.79242048755707 752.9381064664987 732.1456859789416
308.0 18.80212278786863 786.3905733820626 767.588450594194
309.0 20.97561620202972 748.7719013952865 727.7962851932568
310.0 15.35076668940174 833.2842705924078 817.9335039030061
311.0 21.52512279213169 737.5571183714503 716.0319955793186
312.0 21.59946214317958 738.8706470976614 717.2711849544818
313.0 21.04488017895048 746.113333428339 725.0684532493886
314.0 21.77866380456164 731.6730206324499 709.8943568278882
315.0 21.67749515951014 737.371390043976 715.6938948844658
316.0 21.37214870757902 743.6065778353456 722.2344291277666
317.0 19.6445160239583 773.5336382984902 753.8891222745319
318.0 21.7393822055626 736.3426011837547 714.6032189781921
319.0 21.91683944163452 732.2047232149535 710.287883773319
320.0 21.37140018594214 744.8935512469184 723.5221510609762
321.0 21.05288622895397 748.6616946074285 727.6088083784745
322.0 21.13935835085732 748.9435675963753 727.804209245518
323.0 20.67239061502407 761.3191167678952 740.6467261528711
324.0 21.72331531562517 739.4689993951925 717.7456840795674
325.0 21.41496925493435 742.4853996899708 721.0704304350364
326.0 21.17431071803458 754.1265044644295 732.9521937463949
327.0 20.1356821215002 776.3386677111612 756.202985589661
328.0 22.07615202247972 728.2598325665243 706.1836805440445
329.0 21.89744538138587 734.6898603488707 712.7924149674849
330.0 21.98336388747565 736.283027350893 714.2996634634174
331.0 20.82123907931152 761.5965883451741 740.7753492658626
332.0 22.17618176393203 730.3013338187649 708.1251520548329
333.0 21.5161904228554 738.0683576638137 716.5521672409583
334.0 14.72149601011036 839.5823581676057 824.8608621574954
335.0 21.75642017267012 739.0300524282525 717.2736322555823
336.0 22.12942239287912 730.9297572002207 708.8003348073416
337.0 21.1353656045056 756.1693508830008 735.0339852784952
338.0 21.30633312337406 751.9721610926568 730.6658279692827
339.0 22.28699205884412 728.0467987928882 705.7598067340441
340.0 22.05390513479135 730.3234709270039 708.2695657922126
341.0 21.79750814844574 740.1502257714094 718.3527176229637
342.0 14.51210743629855 841.6015359487989 827.0894285125004
343.0 22.32949486448536 723.0674903113883 700.7379954469029
344.0 21.7523294021772 743.2925159669847 721.5401865648075
345.0 22.20301066484667 732.8316041055868 710.6285934407401
346.0 22.6943767781026 717.4548928529294 694.7605160748268
347.0 22.43716468304037 722.929092339967 700.4919276569266
348.0 22.18933216655851 728.85435598663 706.6650238200714
349.0 22.66576639505353 724.7989871669871 702.1332207719336
350.0 22.61574091907259 719.6055959961179 696.9898550770453
351.0 22.48196803214612 728.1620429132565 705.6800748811104
352.0 22.80103551304116 715.2304735913979 692.4294380783568
353.0 22.62306461607698 720.3962672855087 697.7732026694317
354.0 22.41520622839533 728.5945245745342 706.1793183461389
355.0 22.77689239439619 718.6779981102621 695.9011057158659
356.0 22.62094446058623 727.4028325660521 704.7818881054659
357.0 22.16196060379558 740.4959163476507 718.3339557438552
358.0 22.71157869070974 718.7491323171018 696.0375536263921
359.0 22.51802729175709 724.2753159126209 701.7572886208638
360.0 22.92586071184172 716.2709650481543 693.3451043363126
361.0 22.63675510813568 730.3962801611938 707.7595250530581
362.0 22.9947482052385 718.06444278804 695.0696945828015
363.0 22.43799397086089 725.8998625565949 703.461868585734
364.0 22.86533802570629 719.922129058071 697.0567910323647
365.0 22.48721645585868 732.4460470974161 709.9588306415574
366.0 22.79993814919448 728.5031621581799 705.7032240089854
367.0 22.86084594437083 721.340272119544 698.4794261751732
368.0 22.76106323201535 728.2017361233875 705.4406728913721
369.0 23.00903225404362 717.9235761340407 694.9145438799971
370.0 23.35338576574454 708.7232404827238 685.3698547169793
371.0 23.14420360935326 716.6287158213898 693.4845122120366
372.0 23.27746819564711 716.3578877104986 693.0804195148515
373.0 22.76869785713824 726.7596552990799 703.9909574419417
374.0 23.01026318637752 725.4599154320074 702.4496522456299
375.0 23.2188770957383 712.5739952174165 689.3551181216782
376.0 23.23493831666948 716.2891830880658 693.0542447713963
377.0 23.13769485960834 718.3903209818931 695.2526261222848
378.0 22.95420347202113 727.3073872317903 704.3531837597692
379.0 23.36272968971983 712.3050222302418 688.942292540522
380.0 23.5316370345276 708.0426888532158 684.5110518186882
381.0 23.11521241653048 721.1960107005953 698.0807982840649
382.0 23.81426061209321 704.4475567150092 680.633296102916
383.0 23.326065194398 718.2519825281656 694.9259173337676
384.0 23.82913260044394 704.415899528601 680.5867669281571
385.0 23.42356307812782 714.7035692378068 691.280006159679
386.0 23.86513869931179 703.0109338120193 679.1457951127075
387.0 22.94655794601148 731.9357415699898 708.9891836239784
388.0 23.82533440128586 705.5962466080817 681.7709122067958
389.0 23.46234781870948 720.4211305036807 696.9587826849712
390.0 22.79544594097529 739.4146216401802 716.6191756992049
391.0 23.87672148593118 708.7280076573249 684.8512861713937
392.0 21.87208538350148 763.7230599692149 741.8509745857134
393.0 23.80312437292971 716.3425135836184 692.5393892106887
394.0 24.01487124984029 702.7769353218378 678.7620640719976
395.0 23.93545832209219 705.7470677870176 681.8116094649254
396.0 24.09245000122435 705.5643941550659 681.4719441538415
397.0 24.45753935396383 694.0275980883228 669.570058734359
398.0 24.04216575185646 708.5353615719773 684.4931958201208
399.0 24.27823740928278 700.7373874103721 676.4591500010893
400.0 24.11076388463424 703.8482848870092 679.737521002375
401.0 24.00656884175728 709.546618644019 685.5400498022617
402.0 23.96987524350583 715.7404264168865 691.7705511733807
403.0 24.33978901320551 701.6041464723576 677.2643574591521
404.0 24.57108637663179 693.6845196716347 669.1134332950029
405.0 24.45763132032461 703.068229825324 678.6105985049994
406.0 24.7302047712288 696.1123773011775 671.3821725299487
407.0 24.67808273413808 696.7594755041305 672.0813927699924
408.0 23.22376391776797 736.5773995847724 713.3536356670045
409.0 25.01869646917782 687.6925760186823 662.6738795495044
410.0 25.20924995894307 683.7274845772742 658.5182346183311
411.0 24.9958177893114 690.0306325655927 665.0348147762813
412.0 25.1130469371333 687.3681921070694 662.2551451699361
413.0 24.87568649221871 693.6950321722465 668.8193456800277
414.0 22.38496765211303 762.2948730101199 739.9099053580069
415.0 24.94025611954845 695.3856309597995 670.445374840251
416.0 25.16853821955462 689.5673205588387 664.3987823392841
417.0 25.18416307199304 688.3827620194495 663.1985989474564
418.0 25.29443257983302 686.2305954294512 660.9361628496182
419.0 25.14824691739192 692.607009811125 667.4587628937331
420.0 24.90179224246733 702.0055706580153 677.1037784155479
421.0 24.91862251044436 705.5271061302057 680.6084836197614
422.0 25.49045923236084 686.8381389349929 661.347679702632
423.0 25.53423350148923 687.2885520823429 661.7543185808536
424.0 25.5815213933548 684.9219200265144 659.3403986331596
425.0 25.46289158596539 690.2809626495547 664.8180710635893
426.0 25.70121129037753 685.3118671557143 659.6106558653367
427.0 25.63196321654878 686.6306458549276 660.9986826383789
428.0 25.43233620520288 697.9477296751903 672.5153934699875
429.0 25.84263911641283 685.7937874440576 659.9511483276448
430.0 25.82330399679509 687.3776818649243 661.5543778681292
431.0 26.15094227192638 678.2412187986059 652.0902765266795
432.0 25.97255356622637 681.264233900429 655.2916803342026
433.0 26.19415325025261 677.3128349247874 651.1186816745348
434.0 26.23562437883821 680.2326368742054 653.9970124953672
435.0 25.96538153372233 687.6659012742883 661.700519740566
436.0 26.24021011781492 681.3203708311925 655.0801607133776
437.0 26.5403559005026 674.7202572327031 648.1799013322005
438.0 26.48747789446685 676.033121956807 649.5456440623402
439.0 26.38119354796812 680.5790523589783 654.1978588110102
440.0 26.73731248759549 673.0941889459929 646.3568764583974
441.0 26.74202960950714 675.6389596472804 648.8969300377733
442.0 26.72272771513456 679.3140394486046 652.5913117334701
443.0 26.56299031564195 683.0640585066608 656.5010681910189
444.0 26.51772627341432 689.7355337758377 663.2178075024234
445.0 26.50749587441861 694.2095816259732 667.7020857515545
446.0 26.89576184763522 678.840756352645 651.9449945050098
447.0 21.57108194943068 776.9722060134732 755.4011240640425
448.0 26.72395027624344 688.988457325824 662.2645070495805
449.0 26.85721626622273 688.0822262104855 661.2250099442627
450.0 27.24275825598791 672.6804762261881 645.4377179702002
451.0 27.35768766481668 673.2538422296981 645.8961545648815
452.0 27.22937452601052 678.5593770615916 651.3300025355811
453.0 27.67373629379037 670.8283870815072 643.1546507877169
454.0 27.49109171868419 675.4542250329101 647.9631333142259
455.0 27.60555582580566 674.2342135044638 646.6286576786582
456.0 27.70001941822435 671.7635752806538 644.0635558624295
457.0 27.76290114673607 670.6969379905604 642.9340368438243
458.0 28.20412409640943 663.6243190355108 635.4201949391014
459.0 27.29984555492218 696.837303855358 669.5374583004358
460.0 28.24014373488304 663.7272945188416 635.4871507839586
461.0 28.17470404986864 667.5376174863225 639.3629134364539
462.0 28.22413118710747 672.369988494064 644.1458573069565
463.0 28.60185313502032 659.2564479753685 630.6545948403481
464.0 28.18698800313292 681.5529466142663 653.3659586111333
465.0 28.75772096632767 661.282418534982 632.5246975686544
466.0 29.10779521600901 655.1700979593971 626.062302743388
467.0 25.27532541484919 742.765554347208 717.4902289323588
468.0 29.13248389805625 657.4567051442428 628.3242212461866
469.0 28.89504702690297 668.9203989897578 640.0253519628549
470.0 29.29788141845391 658.8877326271152 629.5898512086613
471.0 29.45388128427109 653.9113251831183 624.4574438988472
472.0 29.5431398672674 654.9353316251377 625.3921917578703
473.0 27.91573677193765 708.053564580954 680.1378278090163
474.0 29.29942909020589 668.8824984399454 639.5830693497395
475.0 29.39230759417368 673.7702363076948 644.3779287135212
476.0 30.0756172117989 651.1159143732618 621.0402971614629
477.0 30.03023895773869 654.9906914362394 624.9604524785007
478.0 30.27014805488904 654.5271235234619 624.2569754685729
479.0 30.70413023568624 643.3150062308247 612.6108759951385
480.0 30.696727568954 644.7553134389501 614.0585858699961
481.0 30.78143424462638 642.8394777198482 612.0580434752219
482.0 30.94801124791588 644.6604866671913 613.7124754192755
483.0 29.37786163918609 697.2484866333512 667.8706249941651
484.0 30.63587581817001 661.0779837914857 630.4421079733157
485.0 31.66261997567029 634.5860845016911 602.9234645260208
486.0 31.18621942296433 655.7781529682289 624.5919335452645
487.0 32.00417631708933 630.948755161323 598.9445788442337
488.0 31.74917284877244 642.0303700865112 610.2811972377388
489.0 31.48761320964499 647.3778313427449 615.8902181330999
490.0 32.11764968258722 637.3821845177013 605.2645348351141
491.0 31.86822859197599 647.4354782300558 615.5672496380799
492.0 32.32331898120466 640.316290575761 607.9929715945563
493.0 32.74115610977292 634.186363000842 601.4452068910691
494.0 30.17438369107716 696.1875842330319 666.0132005419547
495.0 32.40310202048321 649.8984263074014 617.4953242869182
496.0 33.18284580851472 630.1776131580204 596.9947673495057
497.0 33.01076419772914 642.8702985002028 609.8595343024737
498.0 33.31869906079708 633.6451300152908 600.3264309544937
499.0 34.00205574585838 621.6802255037465 587.6781697578882
500.0 32.31829490663054 669.7435892447777 637.4252943381472
501.0 33.88800012752388 636.0627272200164 602.1747270924925
502.0 34.21049756184971 631.4597588993439 597.2492613374942
503.0 34.11187092798309 634.7645002383528 600.6526293103697
504.0 34.86202989520883 622.9627112441305 588.1006813489217
505.0 35.37318952421528 613.0229030145095 577.6497134902942
506.0 34.81945766569851 625.4290989949364 590.6096413292379
507.0 35.3972377900622 618.4352011552756 583.0379633652134
508.0 35.41485721613752 624.6750292070503 589.2601719909128
509.0 35.55252529775697 623.9622865043184 588.4097612065614
510.0 35.95954642660854 618.2017459636188 582.2421995370102
511.0 36.2629875740359 616.2296771473009 579.966689573265
512.0 36.68936389635645 607.626474507459 570.9371106111025
513.0 36.97373963824439 609.175772424205 572.2020327859606
514.0 37.11479202277982 616.7828873987014 579.6680953759216
515.0 36.61154327866761 627.1783176593268 590.5667743806592
516.0 37.79091051194548 604.1007240651541 566.3098135532086
517.0 36.82519527833813 628.0990767974513 591.2738815191132
518.0 38.52986497399464 598.9553272546013 560.4254622806067
519.0 38.92235614064621 595.9993950766043 557.0770389359581
520.0 37.94802338626162 609.6159901263579 571.6679667400963
521.0 39.88896513617057 584.3504231717414 544.4614580355709
522.0 39.37608776925206 601.9834963838834 562.6074086146313
523.0 39.38487177232424 601.840669121884 562.4557973495597
524.0 40.39869812432694 589.8411861830361 549.4424880587092
525.0 39.92696450304844 598.8773762281746 558.9504117251261
526.0 40.31014863421004 594.5471547938574 554.2370061596474
527.0 39.68215534768638 613.5230125212731 573.8408571735867
528.0 41.01649570331011 596.0020152435599 554.9855195402498
529.0 40.72945443232107 600.7088105070042 559.9793560746831
530.0 41.63051693206437 586.4415693770883 544.811052445024
531.0 42.26175100752085 583.5875902624398 541.3258392549189
532.0 42.78606029427698 582.3187826376943 539.5327223434173
533.0 43.64042725800426 574.8675690764608 531.2271418184565
534.0 42.36608068160285 582.5808501340059 540.2147694524031
535.0 43.69167878853745 575.8394139911442 532.1477352026067
536.0 44.31741920432301 569.0377764525986 524.7203572482756
537.0 45.17003576138407 559.2461103481471 514.0760745867631
538.0 47.13117111482628 546.5479942812588 499.4168231664326
539.0 47.18597863133233 547.267133555447 500.0811549241146
540.0 46.55845596461561 555.0188430173593 508.4603870527437
541.0 45.92095801161486 569.2221739829154 523.3012159713005
542.0 41.68290130654085 608.7404186058165 567.0575172992757
543.0 46.23982817772746 568.2241160685517 521.9842878908243
544.0 44.00716939217386 582.3929087927876 538.3857394006137
545.0 49.13501445752377 545.3267922348147 496.1917777772909
546.0 53.04667473446444 517.5988037010032 464.5521289665387
547.0 52.47223574521353 520.9730157948402 468.5007800496266
548.0 49.92903160233089 533.1032664762312 483.1742348739003
549.0 46.85349620203819 567.7159502212054 520.8624540191672
550.0 47.32467489605449 562.9776089168922 515.6529340208377
551.0 52.29144105380495 523.7221315746833 471.4306905208783
552.0 69.75274891715968 443.2027589779139 373.4500100607542
553.0 67.30877331388759 450.8002620447884 383.4914887309008
554.0 64.8231747969066 461.5846849845343 396.7615101876277
555.0 57.44811152182008 501.7221257998251 444.274014278005
556.0 71.02604963214987 439.4317821440655 368.4057325119156
557.0 58.94046917612796 491.7221303530455 432.7816611769176
558.0 67.88168330624045 448.8333298292458 380.9516465230053
559.0 69.16436065896902 445.427221619607 376.262860960638
560.0 76.99656597989392 421.704904020475 344.7083380405811
561.0 83.12359827478001 403.6409818521237 320.5173835773437
562.0 89.18533871897327 384.8962832628121 295.7109445438388
563.0 85.39154713189464 395.0166395707236 309.625092438829
564.0 86.55832240557219 393.6587268609335 307.1004044553613
565.0 79.03190232547634 415.7082410632304 336.6763387377541
566.0 89.38143550846634 382.4479923662221 293.0665568577558
567.0 91.43239402521582 379.3306075297693 287.8982135045535
568.0 98.54395024392957 361.718742507842 263.1747922639124
569.0 91.43240957935475 379.3310523710242 287.8986427916695
570.0 97.58529860889135 363.2019008582007 265.6166022493094
571.0 97.68459001794763 363.694585621454 266.0099956035064
572.0 110.5958329046754 334.9693521670998 224.3735192624244
573.0 97.68641252729533 363.7221220646896 266.0357095373943
574.0 107.8689012832573 341.6942913100607 233.8253900268034
575.0 96.79954733016451 365.3794694240504 268.5799220938859
576.0 124.4473553307487 307.2118439912759 182.7644886605273
577.0 125.3224889848968 304.9687134318317 179.646224446935
578.0 98.54411098710104 361.7221369979156 263.1780260108145
579.0 113.7267166196266 329.7221369561305 215.9954203365038
580.0 148.9827802088357 262.4883182273626 113.5055380185269
581.0 130.5154199932222 295.7221369824066 165.2067169891844
582.0 140.4476238796683 277.7220817347671 137.2744578550988
583.0 149.5059586443819 263.6250803181449 114.1191216737629
584.0 156.2490445881213 253.7213288058906 97.4722842177694
585.0 173.8215615966981 227.5381586718763 53.71659707517818
586.0 171.1353393583886 231.6446358281226 60.50929646973402
587.0 169.7861404701657 233.6962885713311 63.9101481011654
588.0 171.1349706890062 231.6576404726562 60.52266978364998
591.0 188.758566497216 205.722137 16.96357050278395
