0.0 4.276466436166653 944.3761956617939 940.0997292256272
1.0 3.005868765727566 938.5598519217512 935.5539831560237
2.0 2.233266809910831 939.2491773271438 937.015910517233
3.0 1.643410887366311 939.6789518299485 938.0355409425822
4.0 1.245672763831251 938.6794639497939 937.4337911859627
5.0 0.8812276248399702 938.8183422350712 937.9371146102312
6.0 0.8106835925726947 937.5326926868753 936.7220090943026
7.0 0.5057442354961476 938.0311407465563 937.5253965110602
8.0 0.370432866277731 935.7975843931434 935.4271515268657
9.0 0.3121740168095335 935.7058395653899 935.3936655485804
10.0 0.1668413560747405 935.8982530935069 935.7314117374322
11.0 0.1352307676325555 935.4994251371515 935.3641943695189
12.0 0.05463905893014205 935.2046030491411 935.1499639902109
13.0 0.0602537769414007 934.2867787379455 934.2265249610041
14.0 0.07593085174438831 933.584867648416 933.5089367966716
15.0 0 934.5775821737545 934.5775821737545
16.0 0.0424968552639105 932.6174995113856 932.5750026561217
17.0 0.05568831918506886 933.5746365558039 933.5189482366188
18.0 0.07423024768708061 932.9880272333762 932.9137969856891
19.0 0.05296638913852698 931.7901787881368 931.7372123989983
20.0 0.1886355042880065 931.1644280873324 930.9757925830444
21.0 0.2167597770434557 931.123839646713 930.9070798696695
22.0 0.2217481351035527 930.3745763508453 930.1528282157417
23.0 0.2880799373683342 930.217548173646 929.9294682362777
24.0 0.3278444143812337 929.6971543736903 929.3693099593091
25.0 0.4084451752909636 930.1819744425565 929.7735292672655
26.0 0.419986324466729 929.0814494908631 928.6614631663963
27.0 0.462937820014913 929.0650549070297 928.6021170870147
28.0 0.599899371559647 928.2903567418587 927.6904573702991
29.0 0.5392728503097645 928.7205846583307 928.181311808021
30.0 0.5821294761127063 929.353609506976 928.7714800308633
31.0 0.6568295197150008 927.1072349308129 926.4504054110979
32.0 0.7654899600825885 926.4270830693662 925.6615931092836
33.0 0.7972598570779564 927.3033951380922 926.5061352810143
34.0 0.8037383812008112 928.0467867935724 927.2430484123716
35.0 0.9517186100575463 925.3766254081238 924.4249067980663
36.0 1.034775478786406 925.7131224046378 924.6783469258514
37.0 1.060636755967728 925.4073874423359 924.3467506863681
38.0 1.123525673659912 923.9857852630413 922.8622595893814
39.0 1.213831712461827 924.6314211605315 923.4175894480697
40.0 1.233709008975516 922.8722997645666 921.638590755591
41.0 1.348996520752247 922.9330080505016 921.5840115297493
42.0 1.471493625404686 924.0817501251648 922.6102564997601
43.0 1.483122238737432 923.0697544941881 921.5866322554506
44.0 1.498843030880332 923.847873910744 922.3490308798637
45.0 1.561559544429535 923.7431345637248 922.1815750192953
46.0 1.886708637802148 920.7584195265323 918.8717108887301
47.0 1.811271611450988 921.9522883610839 920.1410167496329
48.0 1.960853178106347 922.4190125103325 920.4581593322262
49.0 2.021102999929355 918.4888606894595 916.4677576895301
50.0 2.11921566875558 919.411471657399 917.2922559886434
51.0 2.22569198571298 918.6529371098522 916.4272451241392
52.0 2.328620338452315 920.3034918984185 917.9748715599661
53.0 2.354804983636167 919.445061226433 917.0902562427968
54.0 2.444142090054511 919.1598986358757 916.7157565458212
55.0 2.680930142183232 914.6838324180962 912.002902275913
56.0 2.707779871180578 916.089704441088 913.3819245699075
57.0 2.761014151714871 917.5070295552432 914.7460154035283
58.0 2.924756775193397 917.2819491286797 914.3571923534863
59.0 3.088926709812832 914.273669228966 911.1847425191531
60.0 3.013452309989028 918.1705318986707 915.1570795886817
61.0 3.026262089214693 917.2277050175766 914.2014429283619
62.0 3.39521790133421 911.8492285110726 908.4540106097384
63.0 3.432936717144109 917.3149402723794 913.8820035552353
64.0 3.630760096533955 913.0725265884464 909.4417664919124
65.0 3.632165886747725 915.5654895205292 911.9333236337815
66.0 3.628881015603493 915.6864932030805 912.057612187477
67.0 3.863611244258762 912.581701029971 908.7180897857123
68.0 4.024430753474495 911.7364986072152 907.7120678537407
69.0 4.016992096066256 914.7251022026804 910.7081101066141
70.0 4.21420527138781 914.3570608468196 910.1428555754318
71.0 4.844259057317382 900.1142427013352 895.2699836440178
72.0 4.245952467585048 912.8194056323835 908.5734531647985
73.0 4.433559273909889 915.6286084445022 911.1950491705923
74.0 4.979136844030492 904.0026465961566 899.0235097521261
75.0 5.033849835352484 901.9664592517803 896.9326094164279
76.0 5.366157640234513 902.5538924047357 897.1877347645012
77.0 5.751177451092667 903.6328110734689 897.8816336223763
78.0 5.22837485541869 912.2541916614681 907.0258168060494
79.0 5.565062197415054 906.0527734507662 900.4877112533512
80.0 5.501420962999358 910.5683252628008 905.0669042998014
81.0 5.832764988298562 902.4594477806245 896.626682792326
82.0 5.821053232668641 912.3423568848804 906.5213036522117
83.0 6.244811501151282 898.3587443352438 892.1139328340925
84.0 7.018774211297872 883.1422222826103 876.1234480713124
85.0 6.591276516735703 906.1151069647966 899.5238304480609
86.0 6.428232644462929 899.3579677475914 892.9297351031285
87.0 7.38342116172099 878.8284315932355 871.4450104315145
88.0 7.045837781991787 906.2670908787176 899.2212530967258
89.0 7.458202028999071 894.0034667807473 886.5452647517482
90.0 7.091813741634382 887.0047699731858 879.9129562315514
91.0 7.760551788105223 879.8693705690217 872.1088187809164
92.0 7.758291956325983 885.4428642906115 877.6845723342855
93.0 6.885656426456115 913.975994380462 907.0903379540058
94.0 7.633929715889484 897.6133722427762 889.9794425268867
95.0 8.375001974394459 885.4273331747447 877.0523312003502
96.0 9.208176139682596 866.1034390625798 856.8952629228972
97.0 8.883542949491657 877.0051451275805 868.1216021780889
98.0 8.699839310842193 889.8783177508072 881.178478439965
99.0 10.07189290438716 858.7902351687056 848.7183422643185
100.0 9.290677507016831 874.9274847691274 865.6368072621106
101.0 7.581936285243664 917.0572142352408 909.4752779499972
102.0 9.670660400848397 870.7058971172624 861.035236716414
103.0 9.031145760252437 932.8744265747083 923.8432808144559
104.0 9.49700645395051 877.192284582321 867.6952781283705
105.0 10.04860526482102 869.2319169423845 859.1833116775635
106.0 10.00468470575033 875.2764374168055 865.2717527110552
107.0 10.04086753072183 882.6819651353385 872.6410976046166
108.0 11.03766402262305 864.9480356820623 853.9103716594392
109.0 11.09184617877921 870.5048647735381 859.4130185947589
110.0 10.95414267763511 867.9188203400298 856.9646776623947
111.0 11.8229175923477 857.9317062561996 846.108788663852
112.0 12.60205310201 850.5749970241941 837.9729439221841
113.0 10.97849174698737 870.1447029623957 859.1662112154083
114.0 12.90847143185699 848.1920883551508 835.2836169232938
115.0 10.72763045699237 883.98749013227 873.2598596752776
116.0 12.01394249293791 865.7686624160272 853.7547199230893
117.0 13.53316439034365 845.9730150124163 832.4398506220727
118.0 9.723463525878264 896.7870979403469 887.0636344144687
119.0 13.30462667102526 850.5377889188005 837.2331622477753
120.0 7.170718987398901 935.2405866180867 928.0698676306878
121.0 12.59225599691668 860.4553515935128 847.8630955965961
122.0 11.40822613417936 878.3616293292307 866.9534031950514
123.0 13.86969386030959 848.1067197056306 834.237025845321
124.0 10.53209356351936 886.2691560614262 875.7370624979068
125.0 10.57249007003263 894.3463239832973 883.7738339132647
126.0 15.52036923548214 832.3829445478156 816.8625753123335
127.0 13.2639864308199 862.7195108597239 849.455524428904
128.0 14.01936961760346 855.1364671696029 841.1170975519994
129.0 15.06852646403811 841.4298739782014 826.3613475141633
130.0 14.07005208223253 858.8289801838092 844.7589281015766
131.0 12.99608921255454 865.9160240429907 852.9199348304362
132.0 15.19924089003641 840.1644069847964 824.96516609476
133.0 16.56153705137862 827.671283035575 811.1097459841964
134.0 9.880601342730014 901.4456193049087 891.5650179621786
135.0 8.004923488357575 931.6325359243639 923.6276124360063
136.0 16.3872416363069 828.5302987092482 812.1430570729413
137.0 15.17696489478663 850.7008620017719 835.5238971069853
138.0 17.66608968632504 818.9224665359202 801.2563768495952
139.0 15.71092569411872 840.6152331227313 824.9043074286126
140.0 8.468034840499484 917.5510659096402 909.0830310691407
141.0 15.54542708782815 846.9265574675765 831.3811303797484
142.0 16.82639692717884 835.3773225750186 818.5509256478398
143.0 17.64505121408626 820.5321537959357 802.8871025818494
144.0 17.66807702984718 820.8319369556673 803.1638599258201
145.0 16.78539031355107 834.931978506854 818.1465881933029
146.0 7.998012168328024 941.5963460848081 933.59833391648
147.0 16.98439044317719 831.3025122060835 814.3181217629063
148.0 15.6400789139552 850.7814330898868 835.1413541759316
149.0 11.36683409723298 889.4454571694348 878.0786230722018
150.0 17.09697611340085 835.060139224493 817.9631631110921
151.0 17.40811052550627 830.5431156506703 813.135005125164
152.0 18.03983224034815 824.3350138878734 806.2951816475253
153.0 17.34214209638864 829.4384757670485 812.0963336706599
154.0 17.86064332139099 824.7163147725536 806.8556714511626
155.0 18.43753114978677 817.8686404056676 799.4311092558808
156.0 18.28042473650094 825.1086152501185 806.8281905136176
157.0 18.56712884740307 816.8375309542419 798.2704021068389
158.0 8.005605707721271 931.6929477627413 923.6873420550201
159.0 17.63063220233756 832.2179134600185 814.5872812576809
160.0 17.5116245505716 835.1051002656806 817.593475715109
161.0 19.43399390862404 808.4698685905932 789.0358746819692
162.0 16.97803105590648 842.3128285079407 825.3347974520342
163.0 8.604830183197558 944.1256668412245 935.520836658027
164.0 17.70886113213576 833.4044714592371 815.6956103271014
165.0 19.4756660991394 809.7606216011224 790.284955501983
166.0 19.02892317089594 815.5882166010838 796.5592934301878
167.0 18.35522070049591 829.3342127450122 810.9789920445163
168.0 19.70258668562602 809.3369907090939 789.6344040234679
169.0 16.7587129195559 843.8293981846034 827.0706852650475
170.0 19.13733393556441 817.8331510523737 798.6958171168093
171.0 18.93259796799861 824.8277951988468 805.8951972308482
172.0 19.35457782053057 822.4473046065855 803.092726786055
173.0 19.41858322295649 812.801541282423 793.3829580594665
174.0 17.97997090597228 832.8565279879808 814.8765570820085
175.0 16.39004389017364 841.8481688671108 825.4581249769371
176.0 20.0872861643745 809.1209434159444 789.0336572515699
177.0 9.62953781780597 987.6823950673504 978.0528572495445
178.0 8.4703786925052 917.6985292439624 909.2281505514572
179.0 19.94425224199029 813.1563095318214 793.2120572898311
180.0 19.89663329792314 815.1202042501344 795.2235709522113
181.0 15.28714542506499 861.0879108980029 845.8007654729379
182.0 19.97200555977168 819.9163469257993 799.9443413660276
183.0 21.98651189564034 792.4709966553708 770.4844847597305
184.0 17.77464785169862 839.5146051428575 821.7399572911589
185.0 10.83497425386687 1007.640897109183 996.8059228553164
186.0 20.98431832695182 811.0729975485834 790.0886792216316
187.0 11.63686664793224 887.6900157851287 876.0531491371965
188.0 20.12777268911225 812.7057116001643 792.577938911052
189.0 12.45331832413286 881.7020061497421 869.2486878256093
190.0 22.77624895505425 793.0209221153478 770.2446731602935
191.0 20.99803804803439 808.7747283268611 787.7766902788267
192.0 20.65592850071591 816.1782094627777 795.5222809620618
193.0 21.73719391773251 802.8259417369461 781.0887478192136
194.0 22.11205928001397 797.7056640299278 775.5936047499139
195.0 17.25413573133647 845.8413821149397 828.5872463836032
196.0 16.75252416822421 850.9778282619697 834.2253040937455
197.0 22.09120289784521 799.7402363770608 777.6490334792156
198.0 22.08763474084181 798.6218186523125 776.5341839114707
199.0 20.90869748500756 815.1917793880031 794.2830819029955
200.0 22.20016525977552 799.8281987017125 777.6280334419369
201.0 22.80337280591414 791.53253424864 768.7291614427259
202.0 21.84545767006126 808.3490374601157 786.5035797900544
203.0 18.23616626744613 840.717964086412 822.4817978189659
204.0 23.23409926330579 787.2395411206027 764.0054418572969
205.0 23.51147533484758 785.8195761996528 762.3081008648052
206.0 23.80327308433855 789.9728199043585 766.16954682002
207.0 22.46233774336612 803.8522446763965 781.3899069330303
208.0 23.44355396292293 788.9960356544425 765.5524816915196
209.0 21.19698315751621 818.0400402496298 796.8430570921136
210.0 23.56018150593941 788.886926939848 765.3267454339086
211.0 23.55199985137894 788.0690168279738 764.5170169765948
212.0 23.82577701768116 786.9590865830993 763.1333095654182
213.0 24.94068558415077 778.2287088189728 753.288023234822
214.0 21.8292677455577 811.3614650806899 789.5321973351322
215.0 22.13778077959424 804.9321908021009 782.7944100225067
216.0 8.188560298770281 923.7220233663066 915.5334630675363
217.0 23.4705764687519 798.1216136306173 774.6510371618654
218.0 17.63769863671686 844.7882756281911 827.1505769914743
219.0 22.76544572814069 800.9178200485578 778.1523743204171
220.0 9.663621500403927 903.7214720439423 894.0578505435384
221.0 18.50404974391087 838.139403094354 819.6353533504431
222.0 21.60292676306304 818.6497640950964 797.0468373320334
223.0 24.11257875827694 794.0769740967458 769.9643953384689
224.0 14.43031110390173 867.6587983761103 853.2284872722086
225.0 20.84168544327599 818.3345796807025 797.4928942374265
226.0 24.5378208145457 786.0421070697041 761.5042862551584
227.0 25.00781827735608 779.8457729005108 754.8379546231547
228.0 25.0884821903379 780.5629225783643 755.4744403880264
229.0 22.93599054947875 804.0575194126238 781.1215288631451
230.0 21.88539874872991 815.7734998472464 793.8881010985165
231.0 23.74859699229476 791.3047935299241 767.5561965376294
232.0 26.52962208479624 766.1225664327921 739.5929443479959
233.0 25.3672718384855 778.6584291053888 753.2911572669033
234.0 24.11233289261764 792.1881119086552 768.0757790160375
235.0 25.82602021527916 775.6678027350818 749.8417825198026
236.0 25.95142593631443 775.629924862676 749.6784989263616
237.0 25.77835684459636 785.1797348726989 759.4013780281025
238.0 23.13102291738742 807.6248934110049 784.4938704936175
239.0 27.38824265363487 761.2641985269026 733.8759558732678
240.0 24.88777813668851 792.8832127949477 767.9954346582591
241.0 26.07127940777386 774.6904016252503 748.6191222174764
242.0 19.46670263410306 833.2174405294943 813.7507378953912
243.0 24.1606337483328 793.2217810334658 769.061147285133
244.0 23.45993278359353 805.9861310130076 782.5261982294141
245.0 24.79032692787443 792.8017056118977 768.0113786840233
246.0 25.74691712822526 780.3991758029251 754.6522586746998
247.0 26.62117623144886 772.1849757359507 745.5637995045018
248.0 25.97004775381236 783.9728193399406 758.0027715861283
249.0 24.69349998759979 787.8893751297994 763.1958751421996
250.0 23.70635253636054 802.7659484621918 779.0595959258312
251.0 25.91550000156705 775.6422222845107 749.7267222829436
252.0 22.23492460663756 814.9700719638398 792.7351473572022
253.0 24.68928733178414 787.2818079689567 762.5925206371726
254.0 26.71828397065021 772.5412290353499 745.8229450646997
255.0 26.27460829259028 773.5219000635179 747.2472917709276
256.0 26.00831642404611 782.4579530463809 756.4496366223347
257.0 21.62295498454715 819.2689073382538 797.6459523537067
258.0 26.66822452319601 774.8436094784149 748.1753849552189
259.0 26.75085468916814 772.1430153921817 745.3921607030136
260.0 9.067261087945385 909.7220956949351 900.6548346069898
261.0 26.90186757672237 774.0964179752359 747.1945503985135
262.0 26.77286437921278 770.2057041999959 743.4328398207831
263.0 25.2965545581471 792.3068983956735 767.0103438375264
264.0 28.23202302550513 756.7948744170545 728.5628513915493
265.0 27.71974441991505 764.2674049179556 736.5476604980406
266.0 24.91685169574604 793.4618314372863 768.5449797415403
267.0 26.88341597273473 775.2180666534188 748.334650680684
268.0 27.40038069011233 770.492014771268 743.0916340811556
269.0 24.07756406393329 801.8166549709375 777.7390909070042
270.0 25.06575353042296 785.4742970024266 760.4085434720036
271.0 28.96027945658111 749.8064086738807 720.8461292172996
272.0 26.77856246579673 780.1176873571723 753.3391248913756
273.0 26.75193871273795 777.7262374837956 750.9742987710577
274.0 25.73929183678122 785.6320776936471 759.8927858568659
275.0 16.17982979439202 855.703078507118 839.523248712726
276.0 27.25481580715413 769.6135379994495 742.3587221922954
277.0 27.98792199375079 759.4898955043987 731.5019735106479
278.0 28.63769102498897 756.7730641616139 728.1353731366249
279.0 19.17430228702454 835.6899093438234 816.5156070567989
280.0 26.66522456576074 773.1183632233823 746.4531386576216
281.0 26.57130669134962 771.7445422286892 745.1732355373396
282.0 27.80387448490905 767.6602529590256 739.8563784741166
283.0 27.87755006704877 761.8223671968844 733.9448171298357
284.0 25.70831042587709 786.4764674200927 760.7681569942156
285.0 23.21961543499176 800.1918283179433 776.9722128829515
286.0 28.91567883241164 749.851042117196 720.9353632847844
287.0 18.26658308608468 841.7075590939128 823.4409760078281
288.0 26.54518889621811 780.3035884138379 753.7583995176198
289.0 27.37263784999538 770.9826152843767 743.6099774343813
290.0 26.96418744852602 775.9450501233808 748.9808626748547
291.0 28.78394059812814 756.2644746639514 727.4805340658232
292.0 27.61112338636341 766.5056542622573 738.8945308758939
293.0 28.9887120691831 755.4634129903932 726.4747009212101
294.0 28.56058226567359 764.4453945803364 735.8848123146628
295.0 29.65100774516914 745.1738352049614 715.5228274597922
296.0 27.09684941991901 777.3892626108988 750.2924131909798
297.0 26.34197720970154 781.1337946467392 754.7918174370376
298.0 27.77403067338932 765.8537638568363 738.0797331834469
299.0 18.86859290225367 837.595316113201 818.7267232109473
300.0 27.41388434686184 775.8858287740134 748.4719444271516
301.0 28.12775311627075 760.3491746710049 732.2214215547342
302.0 22.87386942572485 811.4088896720557 788.5350202463309
303.0 30.36299585144426 741.5119728037294 711.1489769522851
304.0 29.87846206578816 742.7183776928864 712.8399156270982
305.0 28.5800962611425 761.0820612556038 732.5019649944613
306.0 28.94663101759056 755.7289577903094 726.7823267727188
307.0 28.28917597725955 762.2128198081896 733.92364383093
308.0 24.89563879741757 792.0323365303943 767.1366977329767
309.0 28.63532630249797 758.9312855927716 730.2959592902737
310.0 19.47875496471948 833.696808078692 814.2180531139725
311.0 29.72105804511567 745.9494461927225 716.2283881476069
312.0 29.67144290453259 750.6906054692724 721.0191625647398
313.0 28.81047432710889 757.0752864320515 728.2648121049426
314.0 30.2395034082639 739.973164555186 709.7336611469221
315.0 29.86497097587472 746.620563622071 716.7555926461963
316.0 29.19973735994702 756.757167359853 727.5574299999059
317.0 26.27326242823041 780.7209416734633 754.4476792452329
318.0 29.92631255936163 747.848033376576 717.9217208172143
319.0 30.370162456268 739.8475179468139 709.4773554905459
320.0 29.11965601790197 759.232723784156 730.113067766254
321.0 28.69508361319721 759.8381329670353 731.1430493538381
322.0 28.73505071393851 761.8642880957785 733.12923738184
323.0 27.72758581087978 773.805190439928 746.0776046290482
324.0 29.77020821958076 751.0278710519449 721.2576628323642
325.0 29.27000735604941 756.471473892571 727.2014665365216
326.0 28.45355000678086 770.3757355840906 741.9221855773098
327.0 26.60956790776776 785.4052469848983 758.7956790771305
328.0 30.66789497583765 737.4558423453599 706.7879473695223
329.0 30.15621211290325 746.2884162420791 716.1322041291758
330.0 30.11527669954733 750.461221902619 720.3459452030716
331.0 27.83108210060012 775.3103995621314 747.4793174615312
332.0 30.62266917666226 742.2121603307433 711.589491154081
333.0 29.64379567027554 748.5137024623842 718.8699067921086
334.0 18.5685449458355 839.7190430250072 821.1504980791717
335.0 29.7842839028261 752.306624002497 722.5223400996709
336.0 30.51894533342905 744.2371164571081 713.718171123679
337.0 28.38915168926355 769.9191300370549 741.5299783477913
338.0 28.71255812983852 767.2001896431748 738.4876315133363
339.0 30.78329945295493 742.6083564849878 711.8250570320328
340.0 30.49201437924106 742.5242141148997 712.0321997356586
341.0 29.76489396808053 753.8113344351642 724.0464404670836
342.0 18.26676093376431 841.7195096502713 823.452748716507
343.0 31.15039615577752 732.1635992236991 701.0132030679216
344.0 29.52860125375997 759.2235376977841 729.6949364440241
345.0 30.49913969090853 746.3026988425445 715.8035591516359
346.0 31.78237211688429 725.770818055655 693.9884459387707
347.0 31.21908269896059 734.1697705588313 702.9506878598707
348.0 30.70062062180623 740.6668904362956 709.9662698144894
349.0 31.30695506646143 738.9410559096256 707.6341008431641
350.0 31.56664863093513 729.9179887561834 698.3513401252483
351.0 30.98971455594557 741.6045647625413 710.6148502065958
352.0 31.98527304472186 723.5978420054379 691.612568960716
353.0 31.52652403341955 731.299965836139 699.7734418027195
354.0 30.92264247058974 740.8765025101849 709.9538600395952
355.0 31.71580878237417 731.8183478253574 700.1025390429832
356.0 31.05402116294897 745.8558968464242 714.8018756834753
357.0 30.00783924507522 758.7000034072619 728.6921641621867
358.0 31.69086429529796 729.465242834868 697.7743785395701
359.0 31.12621737608421 740.9542096194524 709.8279922433682
360.0 32.0297410987228 726.3521000287065 694.3223589299836
361.0 30.89600702727339 750.3822365823306 719.4862295550572
362.0 31.93220899363333 732.3366539035594 700.404444909926
363.0 31.11141391970739 736.03300727147 704.9215933517626
364.0 31.75839376510816 732.317886248393 700.5594924832849
365.0 30.74769868774615 748.1708417128603 717.4231430251142
366.0 31.16642138370269 747.6362848837287 716.469863500026
367.0 31.66967288572613 734.6684897767717 702.9988168910455
368.0 31.13512178646694 747.4799607412467 716.3448389547798
369.0 31.98019745152822 730.8844911436561 698.9042936921279
370.0 32.79617050541705 718.6028990384902 685.8067285330731
371.0 32.13452359568561 731.3882809322292 699.2537573365436
372.0 32.20458059122655 734.9592197067534 702.7546391155269
373.0 31.2678137113623 743.486846721615 712.2190330102527
374.0 31.48283252427052 745.7436038165315 714.260771292261
375.0 32.42852014280249 725.5930722240284 693.1645520812259
376.0 32.27687061602735 729.2586436933141 696.9817730772868
377.0 32.09665432368649 730.8196655804888 698.7230112568024
378.0 31.44472332102252 743.0054612761891 711.5607379551666
379.0 32.60808326790669 724.1194394805545 691.5113562126478
380.0 32.98801632319985 718.8377435076659 685.849727184466
381.0 31.91188267036419 735.4452695712082 703.533386900844
382.0 33.35919878507947 718.9011692639575 685.541970478878
383.0 32.15888880715621 736.917684197949 704.7587953907927
384.0 33.38595240081266 718.1655513057455 684.7795989049328
385.0 32.51488953302623 728.7369012787612 696.222011745735
386.0 33.52857671324431 714.6433506698434 681.114773956599
387.0 31.1856914728248 749.7519638941322 718.5662724213074
388.0 33.30866737607792 720.4024264149128 687.0937590388349
389.0 32.14838543486978 741.3704563264571 709.2220708915874
390.0 30.71955072191908 756.5361127627773 725.8165620408582
391.0 33.17720508873698 725.470342368542 692.293137279805
392.0 28.92641582845928 772.7878490961198 743.8614332676605
393.0 32.59261026668309 740.533595302101 707.940985035418
394.0 33.70494177722351 713.6984721150285 679.993530337805
395.0 33.44645246365452 718.8308510636949 685.3843986000404
396.0 33.51320214968898 723.4651208568889 689.9519187071999
397.0 34.51490028034365 706.0751100263734 671.5602097460297
398.0 33.37088205350982 724.4301157796966 691.0592337261868
399.0 34.00047131190161 714.5320438979621 680.5315725860605
400.0 33.69446258595617 717.6411428981458 683.9466803121896
401.0 33.29956722534506 724.9498741901473 691.6503069648022
402.0 32.83570656028747 737.9438266953361 705.1081201350486
403.0 33.96578958912207 718.3761790026286 684.4103894135065
404.0 34.66193993250142 704.8551986682083 670.1932587357069
405.0 34.02895106981782 719.1674402996583 685.1384892298405
406.0 34.56259497419399 715.0540963115737 680.4915013373798
407.0 34.51276138466235 713.8887912569768 679.3760298723145
408.0 31.32080045789969 752.2246459924162 720.9038455345165
409.0 35.34580560324974 700.6885381612586 665.3427325580089
410.0 35.76043364749771 694.2876230912556 658.5271894437578
411.0 35.21913423887072 702.9178842146717 667.698749975801
412.0 35.44406844802443 700.8529379081595 665.408869460135
413.0 34.92009771465797 707.255757546706 672.335659832048
414.0 29.58177393225356 769.0953981538678 739.5136242216142
415.0 34.81935257296065 713.6685011808601 678.8491486078995
416.0 35.36084710982257 705.0943650574265 669.7335179476039
417.0 35.48137254832846 701.2937465965734 665.812374048245
418.0 35.69327778419596 699.0421945055291 663.3489167213332
419.0 35.18887517856984 708.8596278457514 673.6707526671815
420.0 34.45638998272758 721.3187028465685 686.8623128638409
421.0 34.25853660477883 727.1767550760264 692.9182184712476
422.0 35.81496668987766 701.9853843287983 666.1704176389207
423.0 35.82039424918305 703.3773590638079 667.5569648146249
424.0 35.99550604669679 700.2501671140865 664.2546610673897
425.0 35.61057169702335 706.5601163382156 670.9495446411922
426.0 36.10583977141651 699.9669580422876 663.8611182708711
427.0 35.97300834549392 701.6530450360418 665.6800366905479
428.0 35.10738555629785 720.0008059345082 684.8934203782103
429.0 36.13977400185246 704.9502783498667 668.8105043480142
430.0 36.07898257109927 704.9334137693537 668.8544311982545
431.0 36.86624366558832 693.4733581159042 656.6071144503159
432.0 36.54499007301824 696.8699567769913 660.324966703973
433.0 36.98726462123454 690.8334039884714 653.8461393672369
434.0 36.82909758675412 697.0130077372937 660.1839101505396
435.0 36.23075154251984 704.1398988556627 667.9091473131429
436.0 36.78120389691851 698.5261051871714 661.7449012902529
437.0 37.34567633729547 693.9314424936701 656.5857661563747
438.0 37.33815402424352 689.6895470582599 652.3513930340164
439.0 36.97652041671599 696.8049888192961 659.8284684025801
440.0 37.70953594505963 687.3203612507344 649.6108253056748
441.0 37.47387159616732 696.3370146432722 658.8631430471049
442.0 37.21631993561887 703.496909253675 666.2805893180561
443.0 36.92805688101057 705.0902002915159 668.1621434105053
444.0 36.49866017267965 715.299445069706 678.8007848970264
445.0 36.27413064716194 719.9666977903922 683.6925671432303
446.0 37.46257221801636 700.8665769296969 663.4040047116805
447.0 28.29769158852862 777.7029287977374 749.4052372092088
448.0 36.85153491573422 709.8784616424312 673.026926726697
449.0 36.8983239512997 714.4145444406006 677.5162204893009
450.0 38.19867310405259 689.2174365806919 651.0187634766393
451.0 38.25622441097371 691.5599543614628 653.3037299504891
452.0 37.81675262992504 700.0983483856829 662.2815957557579
453.0 38.59676389748724 693.0944194946143 654.4976555971271
454.0 38.2730399191989 694.5002393762814 656.2271994570825
455.0 38.39764908858661 695.7689682027101 657.3713191141235
456.0 38.71171860103082 687.9005891490749 649.1888705480441
457.0 38.85180698221448 685.7337613570641 646.8819543748496
458.0 39.51322550660577 683.736634501044 644.2234089944383
459.0 37.04143972920517 719.2254813287295 682.1840415995243
460.0 39.63707516064634 679.0520230368949 639.4149478762485
461.0 39.38551791914006 683.8396524228079 644.4541345036679
462.0 39.10119058397959 694.0619862340217 654.9607956500421
463.0 40.24586268625056 672.6788793641341 632.4330166778835
464.0 38.58267616008975 706.0159450640934 667.4332689040037
465.0 40.19475970411262 680.8941491198318 640.6993894157192
466.0 40.81102040492818 675.328588887397 634.5175684824689
467.0 33.5200501296667 745.5957282418119 712.0756781121452
468.0 40.8070978712686 673.9085808154259 633.1014829441573
469.0 39.93211544920073 691.1360557137354 651.2039402645347
470.0 40.86056269226602 678.0682612760522 637.2076985837861
471.0 41.36365983080214 667.0005154474855 625.6368556166834
472.0 41.3947065162541 668.6863147211763 627.2916082049222
473.0 37.45982054474813 720.2741874255579 682.8143668808098
474.0 40.41552240075989 688.0939399799523 647.6784175791924
475.0 40.21559709882507 696.0845142715724 655.8689171727473
476.0 42.09286793360784 665.8767517948472 623.7838838612393
477.0 41.88880675244825 668.9991342455268 627.1103274930786
478.0 42.07446490016673 672.1293561873787 630.054891287212
479.0 43.05094659158029 659.5822718307491 616.5313252391688
480.0 43.02318884249681 658.9075734157262 615.8843845732294
481.0 43.22423409992294 655.5918121992968 612.3675780993739
482.0 43.33375022825004 656.3229893658105 612.9892391375604
483.0 39.46052093786436 708.4735300181884 669.0130090803241
484.0 42.10934592924188 681.506585930588 639.3972400013461
485.0 44.51392887566972 646.0807196834173 601.5667908077476
486.0 42.85411664111855 678.2293396413589 635.3752230002403
487.0 45.04686736478364 641.3761037107932 596.3292363460095
488.0 44.19579952243084 657.6055256080738 613.409726085643
489.0 43.74912628485393 660.4489345532661 616.6998082684121
490.0 44.81761336288516 651.0166999775408 606.1990866146557
491.0 44.12700947749874 660.9740036492423 616.8469941717436
492.0 44.90200601500418 654.0403807244703 609.1383747094662
493.0 45.59343400562969 648.1030936827376 602.5096596771079
494.0 40.46539638284505 702.8378467023764 662.3724503195313
495.0 44.49694638441273 666.6966272254658 622.1996808410531
496.0 46.28131307662294 641.4912049577472 595.2098918811243
497.0 45.40600864700583 660.9966408031976 615.5906321561917
498.0 46.25398682585945 645.9435732706 599.6895864447406
499.0 47.51151790485096 632.3559676133967 584.8444497085457
500.0 43.70021471581312 680.6363640785304 636.9361493627173
501.0 46.63672328422444 652.7872841956483 606.1505609114239
502.0 47.20202027973049 646.8765929980577 599.6745727183272
503.0 46.99544217402169 648.3905234630963 601.3950812890747
504.0 48.28871921548242 636.1868970600796 587.8981778445972
505.0 49.36168359365032 620.6032449679418 571.2415613742915
506.0 48.21469522262182 635.1996199082684 586.9849246856466
507.0 49.10084211057626 628.7907211261691 579.6898790155928
508.0 48.78326082581466 638.1854040212798 589.4021431954651
509.0 49.02544657101097 634.1426593058159 585.1172127348049
510.0 49.71780146888531 627.2995530699922 577.5817516011069
511.0 50.11776989435953 625.3817979448311 575.2640280504716
512.0 50.97001190506483 614.8225607463665 563.8525488413016
513.0 51.14433138174858 618.8451021686436 567.700770786895
514.0 50.85603950998835 631.1726214694528 580.3165819594645
515.0 49.93896191059517 639.4624554674896 589.5234935568944
516.0 52.23558606651513 612.57381593997 560.3382298734549
517.0 50.21754322972492 636.2617710591633 586.0442278294384
518.0 53.20821563016471 608.2082480402302 555.0000324100654
519.0 53.77309509364476 603.6641684930758 549.891073399431
520.0 52.20452165424428 616.405945673812 564.2014240195677
521.0 55.30208511046022 590.5107561635875 535.2086710531273
522.0 53.96950477754417 610.3368522000338 556.3673474224896
523.0 54.00373851230198 609.5889193282193 555.5851808159173
524.0 55.59167720602076 596.4260566239628 540.8343794179421
525.0 54.68243388067005 607.1837677890725 552.5013339084025
526.0 55.29920601170767 601.2429353106024 545.9437292988947
527.0 53.90342554196859 617.7657717612878 563.8623462193192
528.0 55.96424555110523 602.8040213154157 546.8397757643105
529.0 55.50920139123343 605.9618926463842 550.4526912551508
530.0 57.04874363215873 591.611869767918 534.5631261357592
531.0 57.80462650435261 589.8084309459929 532.0038044416403
532.0 58.36881086459217 589.8536248433374 531.4848139787452
533.0 59.62355554066739 579.8982705999525 520.2747150592851
534.0 58.01914930325826 585.7920321076071 527.7728828043489
535.0 59.6171389797775 581.88414461765 522.2670056378725
536.0 60.6313834820559 571.6666047881338 511.0352213060779
537.0 61.94372012696331 561.278543930209 499.3348238032456
538.0 64.50946408242763 548.9905921962199 484.4811281137923
539.0 64.501746324299 551.2022622645328 486.7005159402339
540.0 63.54400946502995 558.0982507780806 494.5542413130506
541.0 62.28845144619103 571.9948870696808 509.7064356234898
542.0 56.27371265253477 609.461529224443 553.1878165719082
543.0 62.67118169873839 570.6053947811974 507.9342130824591
544.0 59.75760603442989 584.7685569039316 525.0109508695017
545.0 66.67923787134176 546.308528965256 479.6292910939143
546.0 71.9313430316786 517.6801393102679 445.7487962785893
547.0 71.18844081660508 521.2283447087585 450.0399038921535
548.0 68.01293038198298 534.2795125189444 466.2665821369615
549.0 63.3902565134363 567.7215152797701 504.3312587663338
550.0 64.06400107966452 563.5562289335522 499.4922278538876
551.0 70.89108465098152 523.7221367610937 452.8310521101122
552.0 92.43635555873307 443.4073127641987 350.9709572054656
553.0 89.57290015799034 451.0325005876125 361.4596004296221
554.0 86.53700336989025 461.6559048568691 375.1189014869788
555.0 77.18096947284487 501.7221363253816 424.5411668525367
556.0 93.92196367232766 439.5556267235724 345.6336630512448
557.0 79.15288894150509 491.7221364650822 412.5692475235771
558.0 90.25207514197122 449.0539774620557 358.8019023200844
559.0 91.73243669626733 445.5502061696703 353.8177694734029
560.0 100.8839326445598 421.7150842709741 320.8311516264142
561.0 108.0195986403797 403.6860918741552 295.6664932337755
562.0 115.1140867310484 385.0557455892134 269.941658858165
563.0 110.7423888152805 395.0519703440141 284.3095815287336
564.0 112.0145485209413 393.6896200063723 281.675071485431
565.0 103.254471532488 415.716810205245 312.462338672757
566.0 115.4216455401595 382.5569219518053 267.1352764116459
567.0 117.6878878540686 379.4537759906583 261.7658881365896
568.0 125.8338086838576 361.7206876954608 235.8868790116032
569.0 117.6878929958686 379.4539176633872 261.7660246675186
570.0 124.7712908824786 363.2957788559165 238.5244879734378
571.0 124.8558941498572 363.7072203913563 238.8513262414991
572.0 139.5022826555928 335.0887705762325 195.5864879206398
573.0 124.8569344926751 363.7221330897384 238.8651985970632
574.0 136.3832189653928 341.7073477215462 205.3241287561534
575.0 123.8620994509505 365.4622373486902 241.6001378977397
576.0 155.0903341167509 307.3199193850066 152.2295852682557
577.0 156.0956569582135 305.0753192923616 148.9796623341481
578.0 125.8338808312242 361.7221369997266 235.8882561685024
579.0 142.9853582346689 329.7221369915874 186.7367787569185
580.0 182.5158082319342 262.601035303587 80.08522707165284
581.0 161.8934113759521 295.722136995916 133.8287256199639
582.0 172.9911931646219 277.7221122241699 104.730919059548
583.0 183.0151933125761 263.6514112462031 80.63621793362705
584.0 190.4535009663915 253.7217215041237 63.26822053773228
585.0 209.8510563908891 227.5768853399424 17.72582894905337
586.0 206.8816981284414 231.668415051177 24.78671692273567
587.0 205.3909339113679 233.7043369370112 28.31340302564331
588.0 206.8809383030554 231.6740599232279 24.79312162017245
591.0 226.3225610123642 205.722137 -20.60042401236418
