0.0 4.109273801275836 978.9934723263699 974.884198525094
1.0 2.964626653939002 978.7810267962058 975.8164001422668
2.0 2.062201030501222 980.494536796943 978.4323357664418
3.0 1.470150094935602 978.9444962890145 977.4743461940789
4.0 1.06718282215298 979.2682784456697 978.2010956235167
5.0 0.7246257655806151 977.704584457639 976.9799586920583
6.0 0.6195959276721393 979.6480377000377 979.0284417723656
7.0 0.3318061670250819 977.9693996886706 977.6375935216455
8.0 0.2954670666707792 976.9545431843077 976.6590761176369
9.0 0.220242418832688 977.4230944087371 977.2028519899044
10.0 0.1056780975381637 976.1109028606683 976.0052247631302
11.0 0.0773276597431079 975.8896113561962 975.8122836964531
12.0 0.00544414610344407 975.844751751597 975.8393076054935
13.0 0.05718805922946299 975.0663045705682 975.0091165113387
14.0 0.1044875396889229 974.6805483880768 974.5760608483879
15.0 0 974.4966079254026 974.4966079254026
16.0 0.156239975769414 973.1109106728867 972.9546706971172
17.0 0.1147008918097246 973.5791801725973 973.4644792807876
18.0 0.1620493599479339 973.6138324364634 973.4517830765154
19.0 0.259091050892651 970.7375877261849 970.4784966752922
20.0 0.3347457493732957 973.3186096025112 972.9838638531379
21.0 0.3793543853887338 972.7161712466642 972.3368168612755
22.0 0.4494675227958256 971.5795498791555 971.1300823563597
23.0 0.5324258789175648 971.1715538463756 970.639127967458
24.0 0.5961672641186994 970.8566523630966 970.2604850989779
25.0 0.6554015263568994 970.9999557960063 970.3445542696494
26.0 0.7362760862191107 969.9277037922274 969.1914277060083
27.0 0.7655266352970501 970.2171943748602 969.4516677395632
28.0 0.901752232308997 971.2970359096244 970.3952836773154
29.0 0.8781585227618225 969.866583535255 968.9884250124932
30.0 0.8981760890614797 969.7014863726103 968.8033102835488
31.0 1.126988756254842 967.1174868231478 965.9904980668929
32.0 1.191173234076388 969.7184390822658 968.5272658481895
33.0 1.241128512504999 967.3596283463076 966.1184998338026
34.0 1.219496065375384 967.8781274156799 966.6586313503045
35.0 1.49054999353328 966.3801465427045 964.8895965491712
36.0 1.523867394340501 967.980302429953 966.4564350356125
37.0 1.610392605430954 966.2514021976069 964.641009592176
38.0 1.743398698950324 965.883673904363 964.1402752054127
39.0 1.809664621171678 965.0971031256721 963.2874385045004
40.0 1.913735490928729 964.9660602926162 963.0523248016874
41.0 2.012021336207563 966.2742566587279 964.2622353225204
42.0 2.036615502692124 967.199536686738 965.1629211840459
43.0 2.182750439742219 963.5516274449153 961.368877005173
44.0 2.180445918000322 964.6272062265214 962.446760308521
45.0 2.335522405354292 960.4063135657676 958.0707911604133
46.0 2.620927996822819 965.3582090915993 962.7372810947765
47.0 2.51954078103857 965.4980759352089 962.9785351541703
48.0 2.630895349319398 964.9173104657615 962.2864151164421
49.0 2.950923326856157 962.9221077081378 959.9711843812817
50.0 3.005098193166279 962.1518067178387 959.1467085246724
51.0 3.205921311049755 959.7297822817488 956.5238609706991
52.0 3.135683143752396 963.7788763714196 960.6431932276672
53.0 3.315729083146385 960.0921036593646 956.7763745762182
54.0 3.365355507125043 961.5935219171455 958.2281664100205
55.0 3.804900713723117 960.5550804182654 956.7501797045423
56.0 3.836374210593593 958.1691181805019 954.3327439699083
57.0 3.885146370161065 956.9040303612523 953.0188839910912
58.0 3.949244864795193 960.4691746744268 956.5199298096316
59.0 4.175986994277997 961.8202568620985 957.6442698678205
60.0 4.120361596175483 957.7467979707319 953.6264363745564
61.0 4.179123769143119 956.1659853200495 951.9868615509064
62.0 4.697302380354641 958.4633860816152 953.7660837012606
63.0 4.417459778102644 962.2168138352648 957.7993540571621
64.0 5.075688127260817 950.019329935352 944.9436418080912
65.0 4.68364017707334 961.3705171018085 956.6868769247351
66.0 4.932094915837782 954.0119511748584 949.0798562590206
67.0 5.182861324349137 955.5001005559677 950.3172392316186
68.0 5.52546881413972 950.5776474668256 945.0521786526859
69.0 5.543880341441892 947.3544510634387 941.8105707219968
70.0 5.310541499815519 960.4665442944885 955.1560027946729
71.0 6.615378651722927 961.5142150328394 954.8988363811165
72.0 5.88247225523023 947.4619798691301 941.5795076138998
73.0 5.642207285668976 958.780829626518 953.138622340849
74.0 6.720015016075439 956.1168036823308 949.3967886662554
75.0 7.222344197534365 941.2272949517617 934.0049507542273
76.0 6.995365211366018 963.2745577624462 956.2791925510802
77.0 7.234704862817038 957.4664588137673 950.2317539509503
78.0 6.773647753012051 947.8081340448323 941.0344862918203
79.0 7.595172964237819 935.57313287299 927.9779599087522
80.0 7.165102089846788 945.2129400259289 938.0478379360821
81.0 8.271876393081151 926.5399977464937 918.2681213534126
82.0 7.167544698196246 951.8946963811939 944.7271516829976
83.0 8.998728619245909 919.840823037197 910.8420944179511
84.0 10.78557448959302 900.3773713416244 889.5917968520314
85.0 7.626751263928063 973.836573015407 966.2098217514789
86.0 9.328746659844708 913.8930095982658 904.5642629384211
87.0 11.59291605573079 889.7320392331469 878.1391231774161
88.0 8.5198703099084 952.5479126877743 944.0280423778659
89.0 8.318084519951298 982.7103050942952 974.3922205743439
90.0 10.88589849952696 896.2113355965257 885.3254370969987
91.0 11.96653897769394 889.6468033693875 877.6802643916936
92.0 11.60582380391421 896.7259356562576 885.1201118523434
93.0 8.650884306794425 939.8764136313915 931.2255293245971
94.0 10.58868880451776 915.2061220145232 904.6174332100054
95.0 12.08785748632905 901.8340767211426 889.7462192348136
96.0 14.29163256188798 874.3513260233278 860.0596934614398
97.0 13.23324812137348 889.0062531127951 875.7730049914216
98.0 12.31670412303434 901.5960693494129 889.2793652263786
99.0 15.61420547634167 866.7202723991909 851.1060669228492
100.0 13.85244603317972 884.5843279632481 870.7318819300684
101.0 9.717841014666244 926.8810797872228 917.1632387725565
102.0 14.53761965594676 878.4335220982665 863.8959024423197
103.0 8.386693955298323 989.2504764722427 980.8637825169443
104.0 13.97085091240527 885.999847339481 872.0289964270757
105.0 15.04472956097523 876.2770789450927 861.2323493841174
106.0 14.67474071376724 881.7310197770963 867.056279063329
107.0 14.20273876264666 892.2385048956518 878.0357661330051
108.0 16.22040311050993 875.4681222790047 859.2477191684948
109.0 15.97518875191078 880.3899934517148 864.414804699804
110.0 16.03610005114601 876.0746943546742 860.0385943035282
111.0 17.51227429399244 865.5599645272379 848.0476902332454
112.0 18.70609346182178 859.0769585750404 840.3708651132186
113.0 15.98220815518569 876.933364173456 860.9511560182703
114.0 19.19444593718196 855.7972890102426 836.6028430730607
115.0 14.99644909676225 889.3299960875701 874.3335469908079
116.0 17.27719036705143 873.3687191454728 856.0915287784214
117.0 19.95982928528882 853.9253431983926 833.9655139131038
118.0 13.28527374545734 900.7396241931248 887.4543504476675
119.0 19.48644104231689 857.8562465433401 838.3698055010232
120.0 8.617539532003899 935.8916643829087 927.2741248509048
121.0 18.24334512907656 866.1264213535662 847.8830762244896
122.0 16.06603263311402 882.562793913359 866.496761280245
123.0 20.26791454450619 853.6639432244643 833.3960286799581
124.0 14.76897472253901 888.7449332184071 873.9759584958681
125.0 14.40364188955598 895.6096092385403 881.2059673489844
126.0 22.86658812822301 838.0334862076815 815.1668980794585
127.0 18.87846893748694 866.5870910553883 847.7086221179013
128.0 20.0338712984335 860.713002199888 840.6791309014545
129.0 21.83723239307081 848.9574350949234 827.1202027018526
130.0 19.85693974743365 865.2873740547911 845.4304343073574
131.0 18.40869592890899 870.3276921274749 851.918996198566
132.0 22.16330502225089 843.6703387105549 821.507033688304
133.0 24.17966566625132 834.7931841412179 810.6135184749666
134.0 13.32558713282995 901.7103127003924 888.3847255675624
135.0 9.713624836179631 931.7210070477851 922.0073822116054
136.0 24.02613963885146 832.8920075557019 808.8658679168504
137.0 21.47837515120438 856.8754380133786 835.3970628621742
138.0 25.83607511904137 825.4829110352719 799.6468359162306
139.0 22.65735782635408 844.8647778936312 822.2074200672771
140.0 10.96464483268855 917.7152421417448 906.7505973090562
141.0 22.10169778080912 852.2107821880942 830.1090844072851
142.0 24.05908328446676 841.3881114259802 817.3290281415134
143.0 25.79994203409689 824.5001470602285 798.7002050261316
144.0 25.77726305566002 825.8175038292068 800.0402407735468
145.0 24.06216150424115 840.3747244447467 816.3125629405056
146.0 9.163291729698298 941.7196850678975 932.5563933381992
147.0 24.50473943562354 835.5077210938925 811.0029816582689
148.0 21.98284772753823 856.1274940984808 834.1446463709426
149.0 15.54521607641084 889.7078445470069 874.1626284705961
150.0 24.33553102220664 841.8807807989324 817.5452497767258
151.0 24.93690000705114 836.6414857451938 811.7045857381426
152.0 25.90412019270799 831.7941857853603 805.8900655926523
153.0 24.99113826030521 833.4044274164494 808.4132891561442
154.0 25.79725009457636 828.7944931418539 802.9972430472776
155.0 26.75550100600149 822.6844027893881 795.9289017833866
156.0 26.16598645452845 830.6985643297257 804.5325778751972
157.0 26.94530912262916 821.7811207353413 794.8358116127121
158.0 9.713633474327804 931.7216909783571 922.0080575040293
159.0 25.14699196319678 836.0513067229955 810.9043147597987
160.0 24.86143374626311 838.9634947671312 814.1020610208681
161.0 28.34010299883141 812.5706832688765 784.2305802700451
162.0 23.92594670102966 845.5595519673727 821.633605266343
163.0 8.331576200689509 981.3957999256958 973.0642237250063
164.0 25.13956489634681 838.1047144463934 812.9651495500466
165.0 28.31641010049842 813.7820414926358 785.4656313921374
166.0 27.52623251149991 819.6285173074295 792.1022847959296
167.0 26.02671689790747 834.4489209776764 808.4222040797689
168.0 28.55616600371466 814.0983757200369 785.5422097163222
169.0 23.59733971581098 847.6223025602653 824.0249628444543
170.0 27.51613579618618 821.8591692318498 794.3430334356636
171.0 26.87738185859237 830.1248458284297 803.2474639698373
172.0 27.41954985952496 828.7012832798002 801.2817334202752
173.0 28.1048239548694 816.2630284904107 788.1582045355413
174.0 25.48544970818367 836.5544178205987 811.0689681124151
175.0 23.37651473713956 843.8106526293895 820.4341378922499
176.0 28.98016663786857 813.6299536568941 784.6497870190256
177.0 8.381427875016285 987.7221067775129 979.3406789024966
178.0 10.96475434584166 917.7213337701067 906.756579424265
179.0 28.60612358378243 817.7343862616138 789.1282626778313
180.0 28.44341579137684 819.7823042859988 791.3388884946219
181.0 21.20904454184612 861.6632438611833 840.4541993193372
182.0 28.25019742601461 824.8513444065446 796.60114698053
183.0 31.92141811663219 795.8949992192116 763.9735811025794
184.0 24.92949059325925 842.4276705226575 817.4981799293982
185.0 8.565347457275902 1007.722119740497 999.1567722832215
186.0 29.7974318531171 816.0474283478828 786.2499964947657
187.0 15.93442102012217 887.720956439719 871.7865354195968
188.0 28.85537232612186 816.2378663579828 787.3824940318609
189.0 17.12121875002725 881.7216660709596 864.6004473209323
190.0 32.65273904283761 798.879429539509 766.2266904966714
191.0 29.94252712184945 813.6142882733849 783.6717611515354
192.0 29.1710718751048 821.2176654757681 792.0465936006633
193.0 31.03848419857362 808.1364538215078 777.0979696229341
194.0 31.70781088927857 803.1481589113604 771.4403480220818
195.0 24.09752663008702 846.9521349500367 822.8546083199497
196.0 23.30185422968263 851.6220679236159 828.3202136939333
197.0 31.63015108662873 803.2222666109593 771.5921155243306
198.0 31.65076737241885 803.4412568945694 771.7904895221505
199.0 29.53509011363124 818.9262797089277 789.3911895952965
200.0 31.70158258601333 804.5798858349028 772.8783032488895
201.0 32.8356291788883 794.8341680370822 761.9985388581939
202.0 30.86188019498767 813.0123073867542 782.1504271917665
203.0 25.41813296127692 841.5391587197111 816.1210257584342
204.0 33.51632889748266 790.7763645875392 757.2600356900565
205.0 33.87855466057017 789.6324161901292 755.753861529559
206.0 33.92418665664375 794.8010473435431 760.8768606868993
207.0 31.75081812111817 808.7892098285136 777.0383917073954
208.0 33.63853514113307 792.5595152693684 758.9209801282353
209.0 29.70344073636027 820.9227436835876 791.2193029472274
210.0 33.75530801286666 792.9812024977892 759.2258944849225
211.0 33.79348038400947 791.9483342336252 758.1548538496157
212.0 34.12083831163954 791.6624529449517 757.5416146333122
213.0 35.77511667447564 782.8477271213272 747.0726104468516
214.0 30.75790003116183 813.6191651172757 782.8612650861139
215.0 31.40198734332504 808.2194458500323 776.8174585067072
216.0 10.34107424224098 923.7221367589246 913.3810625166837
217.0 33.11781794439084 803.2387348285611 770.1209168841703
218.0 24.5681181748246 845.5536598476195 820.9855416727949
219.0 32.28508926172196 804.0366769233993 771.7515876616773
220.0 12.9835983098332 903.7221328280195 890.7385345181863
221.0 25.83146128082437 839.2871545953801 813.4556933145557
222.0 30.16446455564154 819.552880751779 789.3884161961375
223.0 34.00853231532249 799.3373075354653 765.3287752201428
224.0 19.9677084165081 867.7173217257549 847.7496133092468
225.0 29.3607797278632 819.8676454337596 790.5068657058964
226.0 34.94623086583718 789.7872684414594 754.8410375756223
227.0 35.81096085108961 782.6100713965034 746.7991105454138
228.0 35.78559317527998 785.7763729378522 749.9907797625722
229.0 32.26991932465955 807.9308668938148 775.6609475691553
230.0 30.59484257989336 817.3768094831018 786.7819669032085
231.0 33.87389349908888 793.5654689092943 759.6915754102054
232.0 38.17151570346927 768.5988961148792 730.4273804114099
233.0 36.19825539380437 783.4231292077613 747.224873813957
234.0 34.16231109225743 795.9835467476576 761.8212356554002
235.0 36.87268103992268 779.4425142472606 742.5698332073379
236.0 37.00908307286788 779.1951478204625 742.1860647475946
237.0 36.2639309450701 789.8948507128919 753.6309197678218
238.0 32.34683986091839 809.3463219683421 776.9994821074238
239.0 39.28770475410872 765.5865215724227 726.298816818314
240.0 34.94575512984188 796.3536229854092 761.4078678555673
241.0 37.14853997438184 779.6805853613489 742.532045386967
242.0 27.13646151086218 833.6587118945458 806.5222503836836
243.0 34.17684965722552 796.3771831656306 762.200333508405
244.0 32.79112019331877 807.4481968612253 774.6570766679065
245.0 34.85909979013151 795.9171569620865 761.058057171955
246.0 36.48837172561925 785.4932739400076 749.0049022143883
247.0 37.89894337204626 775.9614729165758 738.0625295445296
248.0 36.57232543074279 787.4453179488557 750.8729925181129
249.0 35.0442436039807 790.5549335394076 755.5106899354269
250.0 33.2047526996047 804.9430522344801 771.7382995348754
251.0 36.95209463595259 779.9468015881116 742.994706952159
252.0 31.04017586586874 815.6100143920225 784.5698385261538
253.0 35.06996896736044 790.021705141465 754.9517361741046
254.0 37.96686722934445 776.7836745783777 738.8168073490333
255.0 37.44254257048862 777.9654801111554 740.5229375406667
256.0 36.65520080118281 787.2390811153762 750.5838803141934
257.0 30.16901808601486 819.6779058537984 789.5088877677835
258.0 37.75951182089189 779.8899006638876 742.1303888429957
259.0 38.00933167269255 776.7406452894328 738.7313136167403
260.0 12.02863081816461 909.7221369139065 897.6935060957418
261.0 38.07453352733832 778.1608387042629 740.0863051769245
262.0 38.16397020965855 774.0370343923365 735.873064182678
263.0 35.42966906345152 795.0240498187095 759.594380755258
264.0 40.39687293333539 761.9651930731639 721.5683201398285
265.0 39.43007075236805 769.9379176675644 730.5078469151964
266.0 34.95615833323427 796.5704776455826 761.6143193123484
267.0 37.95656314235629 780.5679819028168 742.6114187604605
268.0 38.74794905995021 776.129441951814 737.3814928918638
269.0 33.66828405034574 803.3377652347542 769.6694811844084
270.0 35.5698998472576 788.0478239095519 752.4779240622943
271.0 41.57342042534282 753.9160573709834 712.3426369456406
272.0 37.61056427287068 784.2226353248474 746.6120710519767
273.0 37.73704702052863 781.1690527145304 743.4320056940017
274.0 36.22516829532734 789.5940487719663 753.368880476639
275.0 22.46380421304774 855.7212290165503 833.2574248035026
276.0 38.70482275224349 773.3011518395253 734.5963290872818
277.0 39.99884485639406 764.3935055296672 724.3946606732731
278.0 40.78455498306162 763.2064466749568 722.4218916918952
279.0 26.7085121394562 835.7209754193451 809.0124632798889
280.0 37.90018561118597 776.6664166206848 738.7662310094989
281.0 37.88318099501406 775.0488168475685 737.1656358525544
282.0 39.29995099069495 774.2097914286523 734.9098404379574
283.0 39.80366745642401 764.8960801530697 725.0924126966457
284.0 36.17219323109581 789.616823145625 753.4446299145291
285.0 32.86527255502008 801.4488505103478 768.5835779553277
286.0 41.52893307418838 753.7298303342519 712.2008972600635
287.0 25.42498193776806 841.721713339139 816.2967314013709
288.0 37.39069366764501 783.3720883326946 745.9813946650496
289.0 38.71576101340151 775.9261044280256 737.2103434146241
290.0 38.00211185175384 781.1862607694221 743.1841489176682
291.0 41.02587665288977 760.5054341084909 719.4795574556011
292.0 39.22184032242006 771.1403056636352 731.9184653412151
293.0 41.24813436014021 760.9296607930653 719.681526432925
294.0 40.26010089710706 771.1335809014136 730.8734800043065
295.0 42.53575214961124 749.8816703542937 707.3459182046825
296.0 38.07144020279373 782.1916805335738 744.1202403307801
297.0 37.09243095882582 785.4468889630392 748.3544580042134
298.0 39.41721860601547 770.8564547986402 731.4392361926247
299.0 26.27950686814064 837.7110566460647 811.431549777924
300.0 38.50473605732087 780.1637112048236 741.6589751475027
301.0 40.13939661295636 763.7541006376707 723.6147040247144
302.0 31.91976479076454 811.6930801406223 779.7733153498577
303.0 43.43328527901545 747.8340143667377 704.4007290877223
304.0 42.92174840615859 746.8987137009073 703.9769652947487
305.0 40.49065489433119 767.1917285198075 726.7010736254763
306.0 41.20135145508904 760.8037440254732 719.6023925703842
307.0 40.17954839788226 766.4695558895766 726.2900074916943
308.0 35.06317464093798 793.6306747084607 758.5675000675228
309.0 40.70853464583373 763.5724116796334 722.8638770337996
310.0 27.13817671779433 833.7207914914092 806.5826147736148
311.0 42.56830584515136 750.4203695298836 707.8520636847322
312.0 42.17200214314548 757.9851242528288 715.8131221096834
313.0 40.92643021742096 764.1716916485864 723.2452614311655
314.0 43.39996825127405 746.0677575059557 702.6677892546816
315.0 42.67899769860518 751.215288676726 708.5362909781209
316.0 41.35907873678517 763.3709404702809 722.0118617334957
317.0 37.10642746288627 783.0793972528303 745.9729697899441
318.0 42.62127446013211 754.1884877672812 711.5672133071491
319.0 43.59012990246514 744.2332193986999 700.6430894962348
320.0 41.1178571386606 766.4813624555065 725.3635053168459
321.0 40.70517467961417 765.0768116243771 724.3716369447629
322.0 40.60465619758351 768.0879467324657 727.4832905348822
323.0 38.95035012491813 778.0606669894248 739.1103168645067
324.0 42.30837577576696 756.5421478760004 714.2337721002335
325.0 41.43865971354268 763.4156755627515 721.9770158492088
326.0 39.89138292607542 774.7307020118718 734.8393190857964
327.0 37.21858036140108 787.2396442152335 750.0210638538324
328.0 43.99555806946618 743.1135917292066 699.1180336597404
329.0 42.94080595058888 753.0262881578095 710.0854822072206
330.0 42.66228653857805 757.1659572424587 714.5036707038806
331.0 38.99679482360802 778.8401301372091 739.843335313601
332.0 43.65674608829533 748.7497599477925 705.0930138594971
333.0 42.30131743358581 754.5681636851611 712.2668462515753
334.0 25.85191114946141 839.7220891311765 813.8701779817151
335.0 42.22062024468565 758.8745184899405 716.6538982452548
336.0 43.40165221947718 751.9157253800684 708.5140731605912
337.0 39.8577755742342 774.1727577407546 734.3149821665204
338.0 40.31969314459855 772.2171675104702 731.8974743658717
339.0 43.71033954442352 752.2397595094162 708.5294199649927
340.0 43.46524725356483 750.4890186895476 707.0237714359827
341.0 42.13887110460502 759.6119169059229 717.4730458013179
342.0 25.42498818752331 841.7220987828803 816.297110595357
343.0 44.78919498840915 737.9991939590832 693.2099989706741
344.0 41.58500071902186 765.1983265408144 723.6133258217925
345.0 43.31840779586988 752.2019835921208 708.8835757962509
346.0 45.8226732261867 730.8972332504647 685.074560024278
347.0 44.72550412121077 740.6836512546051 695.9581471333943
348.0 43.80231475955973 748.1019598096933 704.2996450501336
349.0 44.53801263328415 745.9395007263971 701.401488093113
350.0 45.32462622893464 736.5442937992865 691.2196675703518
351.0 44.07153036819882 748.2208607845009 704.1493304163021
352.0 46.15207510571809 728.8402252374148 682.6881501316967
353.0 45.20407820973474 737.9558047221863 692.7517265124516
354.0 44.08392507106801 746.0337911763223 701.9498661052543
355.0 45.28952205164823 741.4777268150339 696.1882047633857
356.0 43.83808089778429 754.3912653580756 710.5531844602913
357.0 42.12728253273006 764.2321924378017 722.1049099050716
358.0 45.48380945646762 735.9048485715045 690.4210391150369
359.0 44.16041567944975 750.4578189083324 706.2974032288826
360.0 46.03396911814618 731.9527426126773 685.9187734945311
361.0 43.45911017631336 757.6459152756284 714.1868050993151
362.0 45.5367760748349 739.9876248850989 694.450848810264
363.0 44.5635755581323 740.7794706090762 696.2158950509439
364.0 45.39420942694301 738.8036719037839 693.4094624768409
365.0 43.48258444040074 753.8255807889018 710.3429963485011
366.0 43.88886403869333 755.1722083831577 711.2833443444644
367.0 45.17378005459996 741.0318192834521 695.8580392288521
368.0 43.86410576791802 755.0131662568509 711.1490604889329
369.0 45.68906150163681 737.9435885084596 692.2545270068228
370.0 47.25881126232346 724.4178417628721 677.1590305005486
371.0 45.80189857971367 739.0123411146482 693.2104425349345
372.0 45.59666496702569 745.158299734181 699.5616347671553
373.0 44.21790630239238 751.4534283476415 707.2355220452492
374.0 44.32525974632315 753.1954387722701 708.8701790259469
375.0 46.41278000332792 733.9603908549424 687.5476108516145
376.0 46.11879417371243 735.2717286265521 689.1529344528397
377.0 45.86651029966961 736.0735351609031 690.2070248612335
378.0 44.51031067173166 748.2652474804677 703.7549368087361
379.0 46.74063494766682 730.5133265650839 683.7726916174171
380.0 47.43035301953457 725.3050123510493 677.8746593315147
381.0 45.39523143490261 741.4926653336012 696.0974338986986
382.0 47.71421864810098 728.7458039266948 681.0315852785938
383.0 45.4992643702876 745.2018716002706 699.702607229983
384.0 47.82988283661371 726.2934441147025 678.4635612780888
385.0 46.37942697974039 735.3495095007785 688.9700825210381
386.0 48.20982987283404 721.6447733141698 673.4349434413357
387.0 43.85983814370253 755.3018048575435 711.4419667138409
388.0 47.60472996015733 729.2726698309263 681.667939870769
389.0 45.25257601719196 749.2061118434367 703.9535358262448
390.0 43.04422867959049 760.6046078752211 717.5603791956306
391.0 47.21364815170792 733.2261710490309 686.012522897323
392.0 40.37895793093422 773.6441434451494 733.2651855142152
393.0 45.76375154135761 748.156628390785 702.3928768494274
394.0 48.48239054939562 719.4766051862789 670.9942146368833
395.0 47.90806995148232 725.2017681572994 677.2936982058171
396.0 47.63833215473688 732.4590681542382 684.8207359995013
397.0 49.68981648983678 713.9889219071315 664.2991054172947
398.0 47.50407298754567 731.2696490563578 683.7655760688122
399.0 48.69822980977281 721.8302627759827 673.1320329662099
400.0 48.21120094658204 724.79241072272 676.581209776138
401.0 47.41570584445755 731.3544781182675 683.93877227381
402.0 46.17215678492119 745.435000273339 699.2628434884178
403.0 48.3760462869779 728.1987798717411 679.8227335847632
404.0 49.95295421733076 711.3072529380009 661.3542987206702
405.0 48.47090825833399 726.5050574679446 678.0341492096106
406.0 49.11389049725657 727.1318756957048 678.0179851984483
407.0 49.19384669702791 723.7606207980318 674.5667741010039
408.0 43.91833028875819 756.2122986308007 712.2939683420425
409.0 50.8192973747901 710.0271986266405 659.2079012518504
410.0 51.67522236766149 701.2075117389386 649.5322893712771
411.0 50.60825573610886 710.5967191154211 659.9884633793123
412.0 50.92463717394312 709.6586028514652 658.7339656775221
413.0 50.07459206675112 714.1968026237662 664.1222105570151
414.0 41.28151599999754 769.6675791105885 728.386063110591
415.0 49.49319662814376 724.7273175516766 675.2341209235328
416.0 50.58516565683705 714.4710538915245 663.8858882346874
417.0 50.98539471198843 708.4847263060174 657.499331594029
418.0 51.29935893604469 707.5311569913823 656.2317980553376
419.0 50.22129615289593 717.3634951757151 667.1421990228191
420.0 48.78326313917782 729.090169660374 680.3069065211962
421.0 48.27164944802794 734.3135701449002 686.0419206968722
422.0 51.25736858677605 710.5022310332056 659.2448624464296
423.0 51.17023849873545 712.4303680826493 661.2601295839138
424.0 51.47474343167388 711.3647752075065 659.8900317758326
425.0 50.79713937111278 714.8903895043369 664.0932501332242
426.0 51.69803621817628 707.641401660023 655.9433654418467
427.0 51.43990616430856 710.3308874641557 658.8909812998471
428.0 49.53700349026138 727.726577459127 678.1895739688656
429.0 51.3444665183583 716.4892120923841 665.1447455740258
430.0 51.36598838913016 713.4888474588305 662.1228590697003
431.0 52.79803055630716 703.0760268353298 650.2779962790227
432.0 52.2682304072733 706.7005791797724 654.4323487724991
433.0 53.09552203293713 699.7755044848779 646.6799824519407
434.0 52.57788458269332 706.0147998516183 653.436915268925
435.0 51.61683625421305 711.1581976693551 659.541361415142
436.0 52.41450498645033 708.7273847298839 656.3128797434336
437.0 53.14056943775704 707.9504255216456 654.8098560838885
438.0 53.55494057607005 697.5369205570831 643.9819799810131
439.0 52.75807538985652 705.4152027523527 652.6571273624962
440.0 54.06318468911187 695.5190431457088 641.4558584565969
441.0 53.17940270016692 708.9459922057594 655.7665895055925
442.0 52.51372067416339 715.7527540132331 663.2390333390697
443.0 52.19824056693471 715.0698012860809 662.8715607191462
444.0 51.22834660787657 723.7439012219487 672.5155546140721
445.0 50.79858178415233 726.4753039616124 675.6767221774601
446.0 52.93230037111819 712.9339925889112 660.001692217793
447.0 39.48070875742048 777.7217700502709 738.2410612928504
448.0 51.93175421054745 717.605128560075 665.6733743495275
449.0 51.71289426524319 722.2733261809616 670.5604319157184
450.0 54.44249449352979 698.4465372926708 644.004042799141
451.0 54.33628166436457 702.0274284594256 647.691146795061
452.0 53.43071169324902 709.2965168258951 655.8658051326461
453.0 54.57965992022143 704.1390846616988 649.5594247414773
454.0 54.24797625267553 702.9288300190925 648.680853766417
455.0 54.23398058271433 706.595295695821 652.3613151131067
456.0 55.11035251071976 695.1238364171305 640.0134839064107
457.0 55.3563378610355 693.9365066363155 638.58016877528
458.0 56.00508411803597 696.8124208453767 640.8073367273407
459.0 51.73749829225774 723.1063716661176 671.3688733738599
460.0 56.54882975186028 686.9403902017125 630.3915604498523
461.0 56.00738348595051 692.3028535937361 636.2954701077856
462.0 55.12301180892292 703.0520137661368 647.9290019572139
463.0 57.54621363270569 680.5786020075311 623.0323883748254
464.0 53.99986240415859 712.326292969009 658.3264305648504
465.0 56.90549580661675 693.0517014327205 636.1462056261038
466.0 57.81870840590829 688.7308896050338 630.9121811991255
467.0 46.72825681057615 745.7178051987825 698.9895483882063
468.0 58.02104649188163 683.2063837886261 625.1853372967444
469.0 56.15560381836172 700.106500727021 643.9508969086593
470.0 57.79365791162079 689.161253858877 631.3675959472562
471.0 59.04438282042827 674.4803874510486 615.4360046306204
472.0 58.99519199221853 675.7215297543282 616.7263377621097
473.0 52.21414347401546 721.587394052328 669.3732505783125
474.0 56.89019197082384 695.3368323419277 638.4466403711039
475.0 56.27557798959663 702.0661251740419 645.7905471844452
476.0 59.8311895455537 674.7781926236786 614.9470030781249
477.0 59.51742080859603 675.3368532686939 615.8194324600979
478.0 59.4991370703917 679.6862095724634 620.1870725020717
479.0 61.10880190598518 670.9617144234249 609.8529125174397
480.0 61.18336162896901 668.1494645653758 606.9661029364068
481.0 61.5917421512747 664.4134994069717 602.821757255697
482.0 61.75096018169577 662.1252687339698 600.374308552274
483.0 54.97143524426436 709.6127459685271 654.6413107242628
484.0 59.0140638430703 689.228268572102 630.2142047290317
485.0 63.50103770487604 653.8001184786218 590.2990807737457
486.0 59.97452809301113 685.8504588682121 625.875930775201
487.0 64.32819843149014 648.9226761376113 584.5944777061212
488.0 62.49893112062045 666.3118143606366 603.8128832400161
489.0 61.94380479401737 666.8842065907858 604.9404017967685
490.0 63.5482208276602 658.5932266674867 595.0450058398265
491.0 62.32440929703109 667.0254021936104 604.7009928965794
492.0 63.48940401808178 661.0527171455768 597.563313127495
493.0 64.52089867208283 655.8164583399324 591.2955596678496
494.0 56.35174331057451 703.6164864413565 647.264743130782
495.0 62.39912777284271 672.5530755926387 610.153947819796
496.0 65.63720252055023 648.3827004661562 582.745497945606
497.0 63.60627658568577 668.8050664109431 605.1987898252574
498.0 65.35868769290656 652.969162446917 587.6104747540105
499.0 67.39656561737881 640.6942131991708 573.297647581792
500.0 60.91953332608126 682.9040035884777 621.9844702623965
501.0 65.36599340630484 660.1879238826695 594.8219304763647
502.0 66.26494595783072 655.099919548361 588.8349735905302
503.0 66.02189807890391 654.753525934807 588.7316278559031
504.0 68.017893222538 643.6501402387051 575.6322470161671
505.0 70.10621556069895 624.6038714728448 554.4976559121458
506.0 68.06994197668301 640.2582969753696 572.1883549986866
507.0 69.31902356135037 635.0137577907352 565.6947342293849
508.0 68.44135715330386 645.2142619210035 576.7729047676996
509.0 69.00036784751757 638.4562417264908 569.4558738789733
510.0 70.10774548593575 631.5141114936226 561.4063660076869
511.0 70.61880900163121 630.1512234502127 559.5324144485815
512.0 72.10651549798064 619.2435067864064 547.1369912884258
513.0 72.03730833725142 624.2253479413021 552.1880396040507
514.0 71.03089843562692 637.2718388132556 566.2409403776287
515.0 69.66605290572549 643.9184438810629 574.2523909753374
516.0 73.54102398584211 617.6693516718505 544.1283276860084
517.0 70.19561946871108 638.8818244475411 568.68620497883
518.0 74.75959652641143 614.8910258121501 540.1314292857387
519.0 75.64915884770234 608.7570333195688 533.1078744718664
520.0 73.34208466236742 620.1202033895273 546.7781187271599
521.0 77.99964262076107 594.8638720802083 516.8642294594473
522.0 75.53025732897347 613.986439522822 538.4561821938486
523.0 75.59619673701077 613.6757001916216 538.0795034546108
524.0 77.98705837124349 600.5935217917564 522.6064634205129
525.0 76.4226181623527 611.9257419474045 535.5031237850518
526.0 77.42040185778192 605.2631993664533 527.8427975086714
527.0 75.1148494273468 619.6627450346857 544.5478956073389
528.0 78.07151139138734 605.5054545832779 527.4339431918905
529.0 77.41973197516021 608.865088668838 531.4453566936778
530.0 79.81152102456273 594.9487439060624 515.1372228814996
531.0 80.67602946673876 594.1290075656192 513.4529780988805
532.0 81.27446556165655 593.7645873693633 512.4901218077067
533.0 83.19203223399993 582.1343978878305 498.9423656538306
534.0 81.20055225665955 587.4189117778057 506.2183595211462
535.0 83.04464964411353 585.2107931785472 502.1661435344337
536.0 84.72835283717588 573.1507604939906 488.4224076568147
537.0 86.68010380707107 562.6911337305731 476.011029923502
538.0 90.03281362009873 551.1630691876586 461.1302555675599
539.0 89.8810771010481 554.0815926234063 464.2005155223582
540.0 88.51251681279018 560.4616706995929 471.9491538868027
541.0 86.46609949072298 573.1363276627867 486.6702281720638
542.0 78.11754265608466 609.6672999699407 531.549757313856
543.0 86.95393597356206 571.4497285117746 484.4957925382126
544.0 83.09658275149099 586.1968676199099 503.1002848684189
545.0 92.50816319200437 547.0008677272707 454.4927045352663
546.0 99.62194250019621 517.7104860582418 418.0885435580456
547.0 98.64088431325184 521.4277811484118 422.78689683516
548.0 94.5586757366276 535.336743998564 440.7780682619364
549.0 87.89709320985884 567.7221006422999 479.825007432441
550.0 88.82901060757855 563.6960794059434 474.8670687983649
551.0 98.19766903937361 523.722136994881 425.5244679555073
552.0 125.2761540557668 443.5486754966537 318.272521440887
553.0 121.8408895270284 451.2355539779544 329.3946644509261
554.0 118.0670603767224 461.6950668201688 343.6280064434464
555.0 106.0254875208937 501.7221369786664 395.6966494577727
556.0 127.0536969247121 439.6369173404105 312.5832204156983
557.0 108.648240950748 491.7221369761233 383.0738960253753
558.0 122.6647234175149 449.2512344208057 326.5865110032908
559.0 124.4192231722562 445.6327728140552 321.2135496417991
560.0 135.3663271293303 421.7197660579064 286.353438928576
561.0 143.8694623460529 403.7087311114022 259.8392687653493
562.0 152.3588358807869 385.2077149037249 232.848879022938
563.0 147.2092645604556 395.09216235878 247.8828977983245
564.0 148.6251899815089 393.7077501782447 245.0825601967359
565.0 138.1918532771367 415.7205056933737 277.528652416237
566.0 152.8201658259245 382.6681114449011 229.8479456189766
567.0 155.3784992599625 379.5534272434105 224.174927983448
568.0 164.9341809312285 361.7216248508084 196.7874439195799
569.0 155.3785005665067 379.5534614898479 224.1749609233412
570.0 163.7256431580681 363.3899867964001 199.664343638332
571.0 163.7948989107596 363.7150627951736 199.920163884414
572.0 180.7902530600698 335.2051910781242 154.4149380180544
573.0 163.7954249817913 363.7221362487584 199.9267112669671
574.0 177.1448706239464 341.7153192795232 164.5704486555769
575.0 162.6497325394298 365.5380952952473 202.8883627558175
576.0 198.7357327402026 307.421365193482 108.6856324532794
577.0 199.9175140559706 305.1863936104527 105.2688795544822
578.0 164.9342080701786 361.7221369999777 196.7879289297991
579.0 184.7577257332276 329.7221369989068 144.9644112656792
580.0 230.0826463817068 262.7261437159117 32.64349733420483
581.0 206.5420392740876 295.7221369993256 89.18009772523799
582.0 219.2216755777088 277.7221277716446 58.5004521939358
583.0 230.5548860550751 263.6741746628661 33.11928860779103
584.0 238.9380289775319 253.7219538937602 14.78392491622834
585.0 260.8103908174731 227.6132812073495 -33.1971096101236
586.0 257.4576464986669 231.687959199392 -25.76968729927488
587.0 255.7755392487517 233.7108866139323 -22.06465263481935
588.0 257.456689202255 231.6886450612965 -25.76804414095856
591.0 279.3664788763243 205.722137 -73.64434187632434
