0.0 4.124867126441665 989.9726301995487 985.847763073107
1.0 2.953139830039383 990.6917370474901 987.7385972174508
2.0 2.013975491308447 991.1466086417862 989.1326331504778
3.0 1.439212577205644 989.6892932112961 988.2500806340905
4.0 1.020894686176194 990.3112576969189 989.2903630107427
5.0 0.7037157457994009 988.2792732662366 987.5755575204372
6.0 0.559249653935808 990.589723481208 990.0304738272722
7.0 0.2994363291822981 988.5261697180775 988.2267333888952
8.0 0.2732409661038276 988.3145155250405 988.0412745589367
9.0 0.1908142491178102 988.4276972494176 988.2368830002998
10.0 0.09572667524234373 987.3795850355119 987.2838583602695
11.0 0.0729537177389733 986.9203657128321 986.8474119950931
12.0 0 986.9047027905985 986.9047027905985
13.0 0.06625665245124483 986.1495986588627 986.0833420064114
14.0 0.1208577440711781 985.7736638887185 985.6528061446473
15.0 0.01966562872717502 985.4312336929562 985.411568064229
16.0 0.194605028838456 985.0405472524924 984.845942223654
17.0 0.1521426795648224 984.5308208334084 984.3786781538436
18.0 0.1939335233436626 985.2323877933017 985.038454269958
19.0 0.3424049894239603 982.5576070769954 982.2152020875715
20.0 0.3735379172148051 985.0665498319725 984.6930119147576
21.0 0.4304588546677645 984.4099564532219 983.9794975985542
22.0 0.5195282408381031 983.5189333770128 982.9994051361747
23.0 0.6128512028998591 982.9148639967138 982.302012793814
24.0 0.6837311569424284 982.5031505730594 981.8194194161169
25.0 0.7419140996798927 982.6895981985578 981.9476840988779
26.0 0.8420856108209804 981.6844433009975 980.8423576901765
27.0 0.8673390782333102 981.9456142970836 981.0782752188503
28.0 0.9877298131704308 982.7943558963791 981.8066260832087
29.0 0.9841843639139861 982.0251518341212 981.0409674702072
30.0 1.012852755980566 981.2385834304663 980.2257306744857
31.0 1.286598270811421 979.199260314835 977.9126620440236
32.0 1.299699274016876 982.4271821976621 981.1274829236452
33.0 1.407050842952625 978.4172385299739 977.0101876870213
34.0 1.37298757174562 979.2874891052918 977.9145015335462
35.0 1.671789825992893 978.2201444922204 976.5483546662275
36.0 1.677874271504004 979.6688225275209 977.9909482560169
37.0 1.793800421903653 978.4017457471324 976.6079453252288
38.0 1.929737677053399 978.6012496417125 976.6715119646591
39.0 2.023210335288579 976.4970300306525 974.4738196953639
40.0 2.122912606808342 977.1676005639032 975.0446879570948
41.0 2.191018054057445 979.4944167314394 977.303398677382
42.0 2.215297180005606 978.6846421367588 976.4693449567532
43.0 2.426226860049465 975.4669518696015 973.040725009552
44.0 2.39534002473795 977.5565711473185 975.1612311225806
45.0 2.643785365319046 971.6235556933313 968.9797703280122
46.0 2.834661370062481 977.7727407876307 974.9380794175682
47.0 2.733870968337852 977.1869691752105 974.4530982068727
48.0 2.87144571462105 975.0997727823573 972.2283270677363
49.0 3.19459026358451 977.4960691091876 974.3014788456031
50.0 3.289991511055108 973.4620745231316 970.1720830120765
51.0 3.532000259509008 971.886567903147 968.354567643638
52.0 3.391033224622594 975.6227869618996 972.231753737277
53.0 3.634433131199921 972.5834919776859 968.9490588464859
54.0 3.661965642637683 973.5750382135746 969.9130725709369
55.0 4.109174430851411 974.6019602017439 970.4927857708925
56.0 4.19814020416083 970.5825634514496 966.3844232472888
57.0 4.266089371937708 969.9688397293141 965.7027503573764
58.0 4.272246522386209 972.9638281405235 968.6915816181373
59.0 4.483492077101003 973.3764053692983 968.8929132921973
60.0 4.48376102460164 971.698110793794 967.2143497691924
61.0 4.591406782312596 967.6397010437202 963.0482942614076
62.0 5.060175218190001 971.5993037550351 966.5391285368451
63.0 4.727044337427676 973.4641682203873 968.7371238829596
64.0 5.605907786780899 963.0509793310073 957.4450715442264
65.0 5.015701292071323 972.2235266786635 967.2078253865921
66.0 5.387978912904673 966.4008164020622 961.0128374891575
67.0 5.638721162935545 964.9416560984281 959.3029349354925
68.0 6.05784064720405 962.4082029055099 956.3503622583058
69.0 6.109972731220499 962.8366110949914 956.7266383637709
70.0 5.685896242909824 969.4379502338859 963.7520539909761
71.0 6.897954015065764 980.7943761868977 973.8964221718319
72.0 6.456096901320436 961.7085325388396 955.2524356375191
73.0 6.010348883905131 973.0617883979345 967.0514395140294
74.0 7.128229565731144 972.5068996660786 965.3786701003475
75.0 7.927595186012847 955.0832893845065 947.1556941984936
76.0 7.247220812591782 983.7615815907667 976.5143607781749
77.0 7.704546586351119 965.409895468095 957.7053488817439
78.0 7.417271772602942 954.7626653910654 947.3453936184624
79.0 8.496988965174876 939.351090615978 930.8541016508031
80.0 7.870728729679107 951.0525434421082 943.1818147124291
81.0 9.342772942197254 930.6480094890139 921.3052365468167
82.0 7.772599121292965 955.7202671261207 947.9476680048277
83.0 10.20754629215775 923.1810537922648 912.973507500107
84.0 12.37306258991875 903.3208466729659 890.9477840830472
85.0 7.782974510461703 985.1584995951907 977.375525084729
86.0 10.66313935155889 915.6252114439594 904.9620720924005
87.0 13.3924089612434 891.6240645182914 878.231655557048
88.0 9.143778303956602 955.5950113187458 946.4512330147892
89.0 8.39687981615032 986.4552644917162 978.0583846755659
90.0 12.56295572835314 897.625339413847 885.0623836854938
91.0 13.77624772573798 891.3091963397054 877.5329486139675
92.0 13.28394768026592 898.4123325354578 885.1283848551918
93.0 9.501801162292732 942.9817540676391 933.4799529053464
94.0 11.92075669315791 917.0592176421851 905.1384609490271
95.0 13.68025208498879 903.9204360703662 890.2401839853774
96.0 16.41420345199768 875.7899803089625 859.3757768569648
97.0 15.07447583990362 890.8825264641757 875.8080506242721
98.0 13.92628282823007 902.7322606659217 888.8059778376916
99.0 17.89407859940633 868.2370003552828 850.3429217558764
100.0 15.78482810041907 886.2357687887254 870.4509406883063
101.0 10.83769452654025 927.800171355459 916.9624768289188
102.0 16.59508335247281 879.5833539654371 862.9882706129643
103.0 8.387373081950851 989.6329339730496 981.2455608910987
104.0 15.88236179784948 887.4276534935294 871.5452916956799
105.0 17.14815487762311 877.5586209725779 860.4104660949548
106.0 16.67962845865823 882.5326179799655 865.8529895213073
107.0 16.01147901496407 893.2938097322843 877.2823307173202
108.0 18.35209212552448 877.4759099127904 859.1238177872659
109.0 18.02118514728998 881.7822879686068 863.7611028213168
110.0 18.15901059942557 877.5221151347304 859.3631045353048
111.0 19.84753546169215 866.9137907654401 847.0662553037479
112.0 21.17588789393665 860.5167485519588 839.3408606580221
113.0 18.09148337880913 878.1116751987364 860.0201918199272
114.0 21.72976747031031 857.3628910508847 835.6331235805744
115.0 16.87473588156565 889.9436941001141 873.0689582185484
116.0 19.47346313457576 874.3855182693029 854.9120551347272
117.0 22.54226777700063 855.4114457704625 832.8691779934619
118.0 14.93445524104946 901.0978477540042 886.1633925129547
119.0 21.99305978644369 859.1352475937248 837.1421878072811
120.0 9.567166770890368 935.9575486006849 926.3903818297945
121.0 20.58551759402186 867.0397012748158 846.4541836807939
122.0 18.08229519404421 883.2148813546413 865.132586160597
123.0 22.86520470727531 854.6261409948912 831.7609362876159
124.0 16.65544682493601 889.1697763983155 872.5143295733795
125.0 16.16587634574688 895.6688636790491 879.5029873333022
126.0 25.78374423871046 839.1892248564581 813.4054806177477
127.0 21.2277906906922 867.0531530881421 845.8253623974499
128.0 22.50484105336573 861.4260851967712 838.9212441434055
129.0 24.54145019905383 850.3296021442786 825.7881519452248
130.0 22.24323814907829 866.0897248892782 843.8464867401999
131.0 20.68212010375254 870.9755446192885 850.293424515536
132.0 24.97399695575561 844.2303448472832 819.2563478915276
133.0 27.17358206820638 836.3435352459031 809.1699531776968
134.0 14.9617091761371 901.7176508630615 886.7559416869244
135.0 10.75674040223761 931.7218422919956 920.965101889758
136.0 27.0574826381101 833.7106595125122 806.6531768744021
137.0 24.04130378576501 857.7205567674056 833.6792529816406
138.0 29.02477249278003 826.8826563840299 797.8578838912499
139.0 25.45399375790267 845.6128257081506 820.1588319502479
140.0 12.27684081690983 917.7195484203255 905.4427076034157
141.0 24.7587680207758 852.9675641689997 828.2087961482239
142.0 26.94018811204793 842.2961242893064 815.3559361772584
143.0 29.01112419722379 825.2618781750636 796.2507539778398
144.0 28.96287656507684 826.7922680589462 797.8293914938694
145.0 26.96078849060372 841.3399784718282 814.3791899812245
146.0 10.02032324842367 941.7214074416136 931.7010841931899
147.0 27.49992352199241 836.1489243971357 808.6490008751433
148.0 24.57022183107497 856.7127347022345 832.1425128711595
149.0 17.43219154839619 889.7163513654903 872.2841598170941
150.0 27.21180255299847 842.8964371673756 815.6846346143772
151.0 27.91607578058659 837.6795629667556 809.763487186169
152.0 28.98245160225536 833.2068622665926 804.2244106643373
153.0 28.03224323234192 834.0212205453941 805.9889773130522
154.0 28.9319192888976 829.6431822144066 800.711262925509
155.0 30.01381083422479 823.6398118264859 793.6260009922611
156.0 29.27276652826371 831.6182997265011 802.3455331982374
157.0 30.22243893457629 822.7880573367909 792.5656184022146
158.0 10.75674265063146 931.7220150292481 920.9652723786166
159.0 28.14458923183506 836.6209507159811 808.4763614841461
160.0 27.80317584062785 839.4686128580884 811.6654370174605
161.0 31.80566858665059 813.4301200736227 781.6244514869721
162.0 26.7356338533124 845.9821778412618 819.2465439879494
163.0 8.458122905633008 982.9382636430136 974.4801407373806
164.0 28.09902072622302 838.871392926908 810.7723722006849
165.0 31.76016153138169 814.6483399464192 782.8881784150376
166.0 30.85344890744314 820.430634866479 789.5771859590359
167.0 29.06637354863603 835.2022684848032 806.1358949361672
168.0 31.9973741811183 815.0920427305315 783.0946685494132
169.0 26.36369583058334 848.1686252904442 821.8049294598609
170.0 30.80461234763207 822.5688498314202 791.7642374837881
171.0 30.0075001092851 830.9689572333172 800.961457124032
172.0 30.58363506349695 829.6128377152836 799.0292026517866
173.0 31.50295768880922 816.9159577626699 785.4130000738606
174.0 28.48017260577127 837.1224532754233 808.642280669652
175.0 26.2084381387556 844.1200865634144 817.9116484246588
176.0 32.43786311429639 814.5389906258349 782.1011275115385
177.0 8.4132456500822 987.7221338195727 979.3088881694905
178.0 12.27688356828749 917.7218573529762 905.4449737846888
179.0 31.98499908286714 818.6243754288278 786.6393763459607
180.0 31.78421412465198 820.5602862427844 788.7760721181324
181.0 23.69039223628815 861.6935271875222 838.0031349512341
182.0 31.49846876375979 825.5931892266266 794.0947204628668
183.0 35.7455108508599 796.6233492275469 760.877838376687
184.0 27.81255811573141 842.8014159023356 814.9888577866042
185.0 8.247627752200455 1007.722135782522 999.4745080303211
186.0 33.2280978354368 816.8117197987567 783.5836219633199
187.0 17.86338727245766 887.7217042802782 869.8583170078206
188.0 32.26703507343342 816.9091528897711 784.6421178163376
189.0 19.17694529121413 881.7219876186893 862.5450423274752
190.0 36.43226038664976 800.1355641357591 763.7033037491094
191.0 33.41861060504702 814.3860639131536 780.9674533081066
192.0 32.49969087315136 821.9554317228494 789.455740849698
193.0 34.62777767302472 809.2216173832318 774.5938397102071
194.0 35.39671372351165 804.2542787794226 768.857565055911
195.0 26.88799937598044 847.1272421972491 820.2392428212687
196.0 25.9970970805768 851.666992173987 825.6698950934102
197.0 35.3209647301227 803.8201292725506 768.4991645424279
198.0 35.33466615446545 804.4195823312624 769.084916176797
199.0 32.9116550194781 819.5537675654119 786.6421125459338
200.0 35.36755297466785 805.4116817721762 770.0441287975083
201.0 36.69532625887622 795.4729412836472 758.7776150247709
202.0 34.3656340885829 813.6906956720098 779.3250615834269
203.0 28.3283253146501 841.6090531092948 813.2807277946447
204.0 37.45902752237203 791.4814232012539 754.0223956788819
205.0 37.84716481872753 790.4086971817788 752.5615323630513
206.0 37.80195532518508 795.6202698511364 757.8183145259513
207.0 35.34383253769188 809.5676026225494 774.2237700848575
208.0 37.55254464417263 793.1920247092482 755.6394800650756
209.0 33.05072272599708 821.2189173344461 788.168194608449
210.0 37.66176042460333 793.8640505621963 756.202290137593
211.0 37.72047335013801 792.6388937870673 754.9184204369293
212.0 38.05636795672645 792.6070049927282 754.5506370360017
213.0 39.89499374663235 783.8313258127885 743.9363320661561
214.0 34.25237965408056 813.9493405665119 779.6969609124313
215.0 35.00116297257183 808.7583467260764 773.7571837535046
216.0 11.536359111185 923.7221369640229 912.1857778528379
217.0 36.83311593448318 803.9834288083075 767.1503128738244
218.0 27.39252873021063 845.6209517641879 818.2284230339773
219.0 35.97447477894949 804.47756525415 768.5030904752005
220.0 14.57827644687469 903.722136151632 889.1438597047573
221.0 28.78803742666707 839.425198396131 810.637160969464
222.0 33.54618534113583 819.6232997925308 786.0771144513949
223.0 37.80846880518883 800.0684001366313 762.2599313314424
224.0 22.3206453110072 867.7199449505857 845.3992996395785
225.0 32.72144840619029 820.0842053140144 787.3627569078241
226.0 38.93217275146985 790.4209478021705 751.4887750507007
227.0 39.93979756119906 783.1362807633152 743.1964832021161
228.0 39.85321513223462 786.8406394400944 746.9874243078598
229.0 35.8894248889479 808.4684816881756 772.5790567992277
230.0 34.02186186401743 817.5178750137619 783.4960131497445
231.0 37.77666603050869 793.940704205191 756.1640381746823
232.0 42.58938149482546 769.0996274608292 726.5102459660037
233.0 40.31489862869162 784.4683790946357 744.153480465944
234.0 38.02487860630318 796.6466074459337 758.6217288396305
235.0 41.07360493652549 780.2495410658793 739.1759361293538
236.0 41.2183110469104 779.8243312141047 738.6060201671943
237.0 40.2713941149484 790.4958884690533 750.2244943541049
238.0 35.94632549180142 809.4966624473095 773.5503369555081
239.0 43.77443223472636 766.5241070736044 722.749674838878
240.0 38.81765873156209 796.783580160812 757.9659214292499
241.0 41.34782191220644 780.7383740320188 739.3905521198124
242.0 30.21634549763492 833.688582213457 803.4722367158221
243.0 38.03375999689892 796.9288422534265 758.8950822565276
244.0 36.43225453255721 807.5633842686081 771.1311297360508
245.0 38.73746559877608 796.3193505274941 757.581884928718
246.0 40.57457138841058 786.4207513348881 745.8461799464775
247.0 42.17965311529369 776.7365585664806 734.5569054511869
248.0 40.62969271744613 787.9185992361424 747.2889065186963
249.0 39.01990257088387 791.0246127950623 752.0047102241784
250.0 36.896104618602 805.1951746944045 768.2990700758025
251.0 41.14477515795071 780.8317327319529 739.6869575740022
252.0 34.50710688016843 815.6580406763811 781.1509337962127
253.0 39.05549117757748 790.4903108976982 751.4348197201207
254.0 42.23388433758751 777.5945945938161 735.3607102562286
255.0 41.67840664010959 778.8965097377822 737.2181030976726
256.0 40.71559655124865 787.9335381138914 747.2179415626428
257.0 33.54907150848084 819.7004122777932 786.1513407693124
258.0 41.96797254638154 780.7020933375053 738.7341207911237
259.0 42.27808891665696 777.5170433413396 735.2389544246826
260.0 13.50062970960648 909.722136987675 896.2215072780685
261.0 42.32098554387053 778.7636460247312 736.4426604808607
262.0 42.48352855023175 774.7830172392614 732.2994886890296
263.0 39.335074055156 795.289257844209 755.954183789053
264.0 44.96491509676713 763.1397828925638 718.1748677957967
265.0 43.84093574821983 771.0455857438302 727.2046499956103
266.0 38.82499280690619 796.9386765203322 758.113683713426
267.0 42.15614042963076 781.4211491192357 739.265008689605
268.0 43.03967608483135 776.9920288066926 733.9523527218613
269.0 37.39711927167725 803.4831731269415 766.0860538552643
270.0 39.59934685946466 788.486166607568 748.8868197481033
271.0 46.30688914091902 754.7920026166942 708.4851134757752
272.0 41.74303090038863 784.6954987699419 742.9524678695533
273.0 41.92581150593091 781.6253008662515 739.6994893603206
274.0 40.23752535328347 790.173012266626 749.9354869133426
275.0 25.07239048341525 855.7217824814443 830.6493919980291
276.0 43.04809848360182 773.9096987773978 730.8616002937959
277.0 44.51796819881629 765.4643615392755 720.9463933404592
278.0 45.33615462803716 764.5234355779599 719.1872809499227
279.0 29.74475519930788 835.721713417862 805.9769582185541
280.0 42.16926181736712 777.352931474786 735.1836696574189
281.0 42.18105932296026 775.6705006579553 733.4894413349951
282.0 43.6337989543464 775.2293061404924 731.595507186146
283.0 44.31574561655637 765.3759191537194 721.060173537163
284.0 40.18437658585576 790.072863731833 749.8884871459772
285.0 36.61255637725927 801.6787848679546 765.0662284906953
286.0 46.26593068708301 754.4870807280907 708.2211500410077
287.0 28.33274190876312 841.7219944507174 813.3892525419543
288.0 41.53493013210683 783.7831923061105 742.2482621740037
289.0 43.01095028039263 776.7470886900336 733.736138409641
290.0 42.1925234208476 781.9333158329084 739.7407924120608
291.0 45.63496436110355 761.2020079421308 715.5670435810273
292.0 43.610507972894 771.9491611114767 728.3386531385827
293.0 45.85155622729398 761.8542590277806 716.0027028004866
294.0 44.66664779570632 771.9815068886215 727.3148590929151
295.0 47.35612176268799 750.8948491360623 703.5387273733743
296.0 42.24716714571457 782.7355265910908 740.4883594453762
297.0 41.19304372515629 786.0451369506538 744.8520932254975
298.0 43.81373102973992 771.7330127928898 727.9192817631499
299.0 29.27302895389923 837.7169105910979 808.4438816371987
300.0 42.72436465607878 780.6584504268111 737.9340857707323
301.0 44.67639285533929 764.3642893425982 719.6878964872589
302.0 35.4716214943047 811.7078049181248 776.2361834238201
303.0 48.3039155490463 749.0172127015821 700.7132971525358
304.0 47.80346562682107 747.6925173794502 699.8890517526291
305.0 44.96943307844129 768.2053074661719 723.2358743877306
306.0 45.80668742797519 761.6748371472953 715.8681497193201
307.0 44.66852598082567 767.1652779893797 722.496752008554
308.0 38.98699070248041 793.8743145201408 754.8873238176604
309.0 45.25797541607727 764.2597908833523 719.001815467275
310.0 30.21727968797916 833.7215799006694 803.5043002126902
311.0 47.38191326943303 751.1817224887321 703.7998092192991
312.0 46.84052792552349 759.2488870321134 712.4083591065899
313.0 45.46341727648218 765.4881950576275 720.0247777811453
314.0 48.29951501542975 747.4532888448007 699.153773829371
315.0 47.48031700168992 752.0036507987534 704.5233337970634
316.0 45.92080799085259 764.3515601674431 718.4307521765905
317.0 41.25131125589621 783.4398236851283 742.1885124292321
318.0 47.36700135116699 755.1979989325159 707.8309975813489
319.0 48.53013602783601 745.086473332378 696.556337304542
320.0 45.62025000164845 767.4766755870229 721.8564255853744
321.0 45.22661133842814 765.9210778502792 720.694466511851
322.0 45.07022930341162 769.0313741218162 723.9611448184045
323.0 43.21472791696859 778.5791709630121 735.3644430460435
324.0 47.0083885049206 757.4117836720108 710.4033951670902
325.0 46.0003571234944 764.4675416896296 718.4671845661352
326.0 44.23234244406496 775.1091806023621 730.8768381582971
327.0 41.29376225666846 787.4098312971659 746.1160690404975
328.0 48.96019563446609 744.214527325966 695.2543316914999
329.0 47.71064126186503 754.2693127807892 706.5586715189242
330.0 47.35653241048754 758.1382013653873 710.7816689548997
331.0 43.24997298911816 779.1696790775749 735.9197060884567
332.0 48.51601283560555 749.8343445878112 701.3183317522056
333.0 47.03360217601025 755.7129245828382 708.6793224068279
334.0 28.80247584341216 839.7221234768672 810.919647633455
335.0 46.87637988146009 759.9120539316782 713.0356740502181
336.0 48.19895430519456 753.172287996249 704.9733336910545
337.0 44.20695371192594 774.6676074724018 730.4606537604758
338.0 44.71105845741465 772.7560045824942 728.0449461250795
339.0 48.5043162512584 753.8187125448114 705.314396293553
340.0 48.28636435409418 752.0294560001913 703.7430916460971
341.0 46.78208112938592 760.4401690116621 713.6580878822762
342.0 28.33274409985981 841.7221264355082 813.3893823356484
343.0 49.85692511698839 739.2303540593114 689.373428942323
344.0 46.12074036186042 765.9283632211004 719.80762285924
345.0 48.11298023947165 753.0451643131243 704.9321840736527
346.0 51.03583026445741 731.9103581682588 680.8745279038014
347.0 49.74548404389664 741.816694528334 692.0712104844373
348.0 48.67224936290679 749.5625054832505 700.8902561203437
349.0 49.46238145987132 747.0225477109585 697.5601662510872
350.0 50.42661793010672 737.8607741711649 687.4341562410582
351.0 48.94788255337606 749.2547363870648 700.3068538336887
352.0 51.40675557977757 729.9213913208125 678.5146357410349
353.0 50.27963579389867 739.2016312183575 688.9219954244589
354.0 49.00165977080638 746.7882851831596 697.7866254123532
355.0 50.29822157883872 743.4037969297608 693.1055753509221
356.0 48.60098246490972 755.459412020528 706.8584295556183
357.0 46.6912844543854 764.7789754641246 718.0876910097392
358.0 50.60074137685769 737.124099256835 686.5233578799773
359.0 48.99481787114044 751.9223638057901 702.9275459346497
360.0 51.23229923313141 732.9516067298797 681.7193074967482
361.0 48.16083897422858 758.3966222577272 710.2357832834987
362.0 50.58279424835211 741.1694448716763 690.5866506233242
363.0 49.58209498904614 741.5790724432302 691.9969774541841
364.0 50.45933223690366 739.918246949847 689.4589147129434
365.0 48.25240307291672 754.561394418757 706.3089913458403
366.0 48.64068547930492 756.046401635512 707.4057161562071
367.0 50.19650083782847 742.0581074986891 691.8616066608606
368.0 48.61831149436991 755.8866103841988 707.2682988898289
369.0 50.77340640294481 739.1850744309172 688.4116680279724
370.0 52.61067132532621 725.5305382509902 672.919866925664
371.0 50.86977134654682 740.2008425765718 689.331071230025
372.0 50.55010541486326 746.5875733855722 696.0374679707089
373.0 49.03832267712638 752.6430714416797 703.6047487645533
374.0 49.1201759065413 754.0127382079257 704.8925623013844
375.0 51.57751095098876 735.4853237067701 683.9078127557814
376.0 51.26039735423269 736.2311011162808 684.9707037620481
377.0 50.99088593386247 736.8850952544666 685.8942093206041
378.0 49.39702045857756 748.9262537047689 699.5292332461914
379.0 51.9753534559934 731.674740441709 679.6993869857156
380.0 52.76778607028414 726.6218426148508 673.8540565445667
381.0 50.41441212234705 742.4457872651036 692.0313751427566
382.0 52.99101979316467 730.5844624411699 677.5934426480052
383.0 50.45305682537422 746.3344784404589 695.8814216150847
384.0 53.1558920858404 727.7041291250838 674.5482370392434
385.0 51.52330081923055 736.4122419524182 684.8889411331876
386.0 53.62538304862919 722.9745477426705 669.3491646940413
387.0 48.6107710661171 755.9810720138784 707.3703009477613
388.0 52.87275100041558 730.8444901524993 677.9717391520838
389.0 50.1337296665183 750.0742185598449 699.9404888933266
390.0 47.68987220503612 760.9970485250238 713.3071763199877
391.0 52.40950312339256 734.2950693636817 681.8855662402892
392.0 44.75092372838605 773.6841668941163 728.9332431657302
393.0 50.67441921198243 748.804534392574 698.1301151805915
394.0 53.94358783698559 720.5207167128801 666.5771288758945
395.0 53.2583150620275 726.2183287434968 672.9600136814693
396.0 52.85344404900837 733.7155586785756 680.8621146295673
397.0 55.26458788328595 715.5283007369381 660.2637128536521
398.0 52.74057096753712 732.2343881314715 679.4938171639344
399.0 54.12020312172529 723.0295159620138 668.9093128402885
400.0 53.57252010546284 725.9719881717461 672.3994680662833
401.0 52.6492778483905 732.3121939767827 679.6629161283922
402.0 51.13681685192889 746.2213311183641 695.0845142664352
403.0 53.67573826370838 729.8584169894707 676.1826787257624
404.0 55.58271544144837 712.5143840774016 656.9316686359533
405.0 53.80698012822548 727.6431425396363 673.8361624114108
406.0 54.44297967343631 729.0378947490954 674.5949150756591
407.0 54.58636806647332 725.4081898003625 670.8218217338892
408.0 48.6563598696406 756.6630050920462 708.0066452224056
409.0 56.48037252725219 711.9556181244675 655.4752455972153
410.0 57.51180585880137 702.6060565686117 645.0942507098103
411.0 56.26001834767095 712.0307664604538 655.7707481127828
412.0 56.59650221288083 711.3100380495503 654.7135358366694
413.0 55.65583394143571 715.3642681586842 659.7084342172485
414.0 45.73967046855733 769.6950302596297 723.9553597910723
415.0 54.87222019316698 726.5539128677836 671.6816926746166
416.0 56.1659713374487 716.1383602903141 659.9723889528654
417.0 56.68255166098838 709.7517481821791 653.0691965211907
418.0 57.01462339373965 709.2764040813989 652.2617806876592
419.0 55.74701170547679 718.772726858524 663.0257151530472
420.0 54.08044531967576 730.0833205491338 676.002875229458
421.0 53.46923471739074 735.1381534841328 681.6689187667421
422.0 56.92185795423115 711.9708634580959 655.0490055038648
423.0 56.79854700096223 713.9638212258101 657.1652742248479
424.0 57.1207863263822 713.6136120350316 656.4928257086494
425.0 56.3764908742117 716.3219120806358 659.9454212064241
426.0 57.42253232740036 708.915111610884 651.4925792834837
427.0 57.10961601447121 711.9164674312202 654.806851416749
428.0 54.8725135921935 728.6124671949291 673.7399536027356
429.0 56.90060614080984 718.4093177893836 661.5087116485738
430.0 56.98171615484587 714.7234882267801 657.7417720719342
431.0 58.61847997229701 704.7827294139558 646.1642494416588
432.0 58.01486059257172 708.4669239515697 650.452063358998
433.0 58.97860628964314 701.5934583869838 642.6148520973407
434.0 58.34510819602943 707.4426110951686 649.0975028991392
435.0 57.28021302286663 712.1710430259724 654.8908300031058
436.0 58.12734727482916 710.5652112786109 652.4378640037818
437.0 58.87563373421552 710.2171480257874 651.3415142915719
438.0 59.48909091872704 698.9638215167282 639.4747305980012
439.0 58.53929476315707 706.8208130037094 648.2815182405523
440.0 60.04170886507822 696.9621223438295 636.9204134787513
441.0 58.9012005607463 710.824522084106 651.9233215233597
442.0 58.10767961330332 717.1830666487377 659.0753870354344
443.0 57.80081995782825 716.2832740814575 658.4824541236292
444.0 56.66480117001855 724.5224874238224 667.8576862538038
445.0 56.18181482650392 726.9862702563569 670.804455429853
446.0 58.58160909977709 714.5624635993483 655.9808544995712
447.0 43.76529896236132 777.7220251692451 733.9567262068837
448.0 57.48689529070788 718.6202363151236 661.1333410244157
449.0 57.18523175544109 722.9005753523644 665.7153435969233
450.0 60.37459899004861 700.0495481593453 639.6749491692967
451.0 60.20198676972953 703.7672016573845 643.565214887655
452.0 59.15800897537801 710.3884666079493 651.2304576325713
453.0 60.41470930629127 705.6106919017414 645.1959825954501
454.0 60.10130300618993 704.111158656812 644.009855650622
455.0 60.01943244112476 708.0865572452503 648.0671248041256
456.0 61.1176614879174 696.1932539359692 635.0755924480518
457.0 61.38446722049604 695.5151041275225 634.1306369070264
458.0 61.98911381360719 698.8691397001975 636.8800258865903
459.0 57.19915415386541 723.3637764932911 666.1646223394257
460.0 62.72453369045194 688.1514706126797 625.4269369222278
461.0 62.07738341961098 693.6904349409025 631.6130515212915
462.0 60.98953345799587 704.2385346057 643.2490011477041
463.0 63.84905958333238 682.1046153760747 618.2555557927423
464.0 59.68896226067786 712.8583783611977 653.1694161005198
465.0 62.97324384344864 694.9492029802545 631.9759591368058
466.0 63.97729180313739 690.7822122219041 626.8049204187667
467.0 51.70518188251968 745.720550756705 694.0153688741854
468.0 64.28570936689606 684.733310808757 620.447601441861
469.0 62.09319606174956 701.1876771215583 639.0944810598088
470.0 63.94715433395798 690.9069592763315 626.9598049423735
471.0 65.48261630422346 675.8463124683822 610.3636961641588
472.0 65.41233271829971 676.8999321927051 611.4875994744054
473.0 57.71283995680163 721.6543509343526 663.9415109775509
474.0 62.92610367464208 696.2975805170406 633.3714768423986
475.0 62.18559147066615 702.6240475658399 640.4384560951738
476.0 66.27565684913793 676.4018692375872 610.1262123884492
477.0 65.95241459376239 676.3096435850286 610.3572289912662
478.0 65.85648753045325 680.7153087397316 614.8588212092784
479.0 67.63936792382495 672.9803318624929 605.3409639386679
480.0 67.76742070147478 669.9050295998124 602.1376088983376
481.0 68.24879373550526 666.1870454043573 597.938251668852
482.0 68.45824209480196 663.1217467675198 594.6635046727179
483.0 60.73010610484621 709.6677615822465 648.9376554774003
484.0 65.19591938405932 690.0957631565139 624.8998437724545
485.0 70.38113658191589 655.3378596803385 584.9567230984226
486.0 66.2341655604715 686.577928711711 620.3437631512395
487.0 71.30789373601802 650.5870248601628 579.2791311241448
488.0 69.14140975991914 667.7507810483164 598.6093712883973
489.0 68.56984153227813 667.9538331226204 599.3839915903423
490.0 70.34713930114167 659.8380279824933 589.4908886813517
491.0 68.95538678021797 668.0188746857934 599.0634879055754
492.0 70.24486140634802 662.195160608228 591.95029920188
493.0 71.3854668941265 657.1184041484241 585.7329372542976
494.0 62.24060994539636 703.6640799231357 641.4234699777394
495.0 68.93660961003005 673.2377770515176 604.3011674414876
496.0 72.65226848111051 649.7337011384933 577.0814326573828
497.0 70.22855458363887 669.7641901685773 599.5356355849384
498.0 72.28881661352198 654.2126394159595 581.9238228024375
499.0 74.57333547343617 642.6009136429248 568.0275781694886
500.0 67.25257486017147 683.1382448838843 615.8856700237128
501.0 72.17118679218789 661.1663655221619 588.995178729974
502.0 73.17301273459873 656.3801136632773 583.2071009286786
503.0 72.93456607819278 655.7398809086927 582.8053148304999
504.0 75.15944897796076 644.870521828258 569.7110728502972
505.0 77.62535956982975 625.3135946390251 547.6882350691953
506.0 75.27545686164868 641.1383082232866 565.8628513616379
507.0 76.63674738800659 636.148019606121 559.5112722181144
508.0 75.56415597912553 646.2820112218165 570.7178552426909
509.0 76.25648149306527 639.0669590986497 562.8104776055844
510.0 77.50548811575779 632.16709554308 554.6616074273222
511.0 78.04818997033434 630.9611688403495 552.9129788700151
512.0 79.75398443488899 620.1238311007269 540.369846665838
513.0 79.59544433714416 625.118267775714 545.5228234385698
514.0 78.34218352668367 638.0394218916754 559.6972383649917
515.0 76.83812963839029 644.462793441455 567.6246638030647
516.0 81.24087619326973 618.6190140966806 537.3781379034109
517.0 77.46761605036276 639.2480807382655 561.7804646879028
518.0 82.52630191723633 616.2422882340324 533.7159863167961
519.0 83.54274320618027 609.783741917462 526.2409987112817
520.0 80.99747982257336 620.8239617979574 539.8264819753841
521.0 86.18087455295696 595.7692276773552 509.5883531243983
522.0 83.33368758701481 614.5463348673633 531.2126472803484
523.0 83.4050277884827 614.3727152113099 530.9676874228272
524.0 86.067856217349 601.4011064230286 515.3332502056796
525.0 84.27580794385285 612.7399629871474 528.4641550432946
526.0 85.40933310621736 606.0144728411546 520.6051397349373
527.0 82.8128388150795 620.009484679628 537.1966458645485
528.0 86.07118099550996 605.8651247063118 519.7939437108018
529.0 85.34691738249128 609.4218098355235 524.0748924530322
530.0 88.02515636607884 595.6417996804957 507.6166433144168
531.0 88.9180430829777 594.9600712707099 506.0420281877323
532.0 89.53571186647078 594.3407276273394 504.8050157608686
533.0 91.69443247336426 582.4799314592772 490.7854989859129
534.0 89.57525913522388 587.6960025128985 498.1207433776746
535.0 91.48822126860063 585.7697731034699 494.2815518348693
536.0 93.41684962847545 573.4437371496727 480.0268875211972
537.0 95.58739209079775 563.0001968720403 467.4128047812426
538.0 99.20052579568014 551.703215857512 452.5026900618318
539.0 98.99392643620132 554.6934404633818 455.6995140271805
540.0 97.48948202553537 560.9877634661364 463.498281440601
541.0 95.18665121049528 573.2990617902767 478.1124105797815
542.0 86.04777721827732 609.6884928773142 523.6407156590369
543.0 95.71343549528078 571.5473788083386 475.8339433130579
544.0 91.52632024778957 586.4726014945879 494.9462812467983
545.0 101.7965230264114 547.1424103914194 445.345887365008
546.0 109.5536940314891 517.7143500140966 408.1606559826075
547.0 108.4893895725499 521.4728247545006 412.9834351819507
548.0 104.0878582711261 535.6019069412757 431.5140486701495
549.0 96.73990664886728 567.7221222950341 470.9822156461668
550.0 97.75916562704578 563.7076581662459 465.9484925392001
551.0 107.9982941132045 523.722136998493 415.7238428852885
552.0 136.968336391839 443.5781190237486 306.6097826319096
553.0 133.3366990054679 451.286380387892 317.9496813824241
554.0 129.3122015815514 461.7017655871263 332.3895640055748
555.0 116.3522477919969 501.7221369928837 385.3698892008869
556.0 138.8463535430784 439.6530985352943 300.8067449922159
557.0 119.1976549458902 491.7221369911352 372.524482045245
558.0 134.2100771167431 449.3008406357077 315.0907635189645
559.0 136.0596445273813 445.64942985611 309.5897853287287
560.0 147.6217942881289 421.7204584145206 274.0986641263917
561.0 156.5925880821114 403.7123263246295 247.1197382425181
562.0 165.5577189247696 385.2481539151946 219.690434990425
563.0 160.1432140736465 395.1044833313774 234.9612692577309
564.0 161.6086136701087 393.7110266523863 232.1024129822775
565.0 150.6029831853693 415.7210180178089 265.1180348324397
566.0 166.0720620686915 382.6998554294258 216.6277933607343
567.0 168.7305355033291 379.5765420135715 210.8460065102424
568.0 178.7695147250672 361.7217685697366 182.9522538446695
569.0 168.7305363473095 379.5765637674877 210.8460274201782
570.0 177.5100032775936 363.4156443151821 185.9056410375885
571.0 177.5749621333976 363.7165477265024 186.1415855931048
572.0 195.3727187675314 335.2366931732223 139.8639744056909
573.0 177.5753863308076 363.7221365554483 186.1467502246407
574.0 191.5484702071545 341.7168021909426 150.1683319837881
575.0 176.3772799458182 365.5573796096213 189.1800996638031
576.0 214.1248657743596 307.4477901178818 93.32292434352217
577.0 215.3668743121746 305.2175879053749 89.8507135932003
578.0 178.7695346465361 361.72213699999 182.9526023534539
579.0 199.5071713457178 329.7221369994296 130.2149656537118
580.0 246.8130020195551 262.7630182925154 15.95001627296026
581.0 222.2754687075105 295.72213699962 73.44666829210943
582.0 235.4962656283472 277.7221302598201 42.22586463147292
583.0 247.2771263641701 263.6797357488278 16.40260938465776
584.0 255.9837378702231 253.7219959152414 -2.261741954981685
585.0 278.7023562560033 227.6227709272321 -51.07958532877115
586.0 275.2186426652732 231.692544636589 -43.52609802868416
587.0 273.4712096436868 233.7124131603469 -39.75879648333984
588.0 275.2176651024382 231.6922821016577 -43.52538300078048
591.0 297.9719811928168 205.722137 -92.24984419281685
