0.0 88.38431317256568 755.0947481842777 666.710435011712
1.0 83.85851894454678 736.0365309701657 652.1780120256189
2.0 82.22043383463837 732.8537598956719 650.6333260610335
3.0 79.2291728192344 717.7852758600134 638.556103040779
4.0 83.24206335423142 739.8142718504802 656.5722084962488
5.0 81.17559377296097 727.5027183286658 646.3271245557048
6.0 79.15549579187975 718.9447109142297 639.78921512235
7.0 77.67087206983559 712.078896771515 634.4080247016794
8.0 78.04477708396634 715.3662831318967 637.3215060479304
9.0 78.87785664561125 721.0660061706526 642.1881495250414
10.0 78.11121017474539 718.5587132871444 640.447503112399
11.0 77.07806433649694 711.1423700607467 634.0643057242498
12.0 75.60336569411797 704.2242576348913 628.6208919407733
13.0 75.60784023230803 704.1762369189122 628.5683966866042
14.0 76.1633114948941 709.7055279463982 633.5422164515041
15.0 75.5227138276808 704.9917201011191 629.4690062734383
16.0 77.34815588814084 717.9768028170786 640.6286469289378
17.0 74.54556141917035 700.6520143000092 626.1064528808388
18.0 75.8910936568526 708.3231305966844 632.4320369398318
19.0 76.27738212703539 712.096086025033 635.8187038979976
20.0 74.8034672370448 704.0532683277229 629.2498010906781
21.0 73.53464964640987 696.356303445162 622.8216537987521
22.0 75.96642502515143 710.8963366951395 634.9299116699881
23.0 75.44416362480105 708.2964273799139 632.8522637551128
24.0 68.43185312569937 675.8049931677002 607.3731400420009
25.0 74.40569228920474 701.9248236874079 627.5191313982032
26.0 74.25310573694515 703.595524836791 629.3424190998459
27.0 72.99572453105776 694.5390799636982 621.5433554326404
28.0 74.77371155691452 704.2022566378576 629.4285450809431
29.0 74.28809466732787 702.1367015551333 627.8486068878054
30.0 75.5367598659066 710.0922529437677 634.5554930778611
31.0 75.02288140761307 707.7131283068855 632.6902468992724
32.0 74.35941164171786 702.649201372142 628.2897897304241
33.0 73.47195593032254 701.2160293114684 627.7440733811458
34.0 73.78577434673936 700.4452140300665 626.6594396833271
35.0 73.01620906137378 694.4857589306533 621.4695498692795
36.0 71.50242237149719 688.0577472284151 616.5553248569179
37.0 73.41095008919049 701.4469376298069 628.0359875406164
38.0 69.45934357197293 679.8047877492623 610.3454441772894
39.0 72.64780853857351 697.3755754881173 624.7277669495438
40.0 70.99341414473208 685.9557891302382 614.9623749855062
41.0 72.95243109232169 695.290234521544 622.3378034292223
42.0 72.24169139159134 694.5273280638537 622.2856366722623
43.0 72.95982048376423 698.9099948994449 625.9501744156806
44.0 70.39096190078447 684.6370291695822 614.2460672687977
45.0 70.46174435755438 684.2790645327852 613.8173201752308
46.0 71.80858678248431 692.0698713632196 620.2612845807353
47.0 70.8802900737112 687.0560100740246 616.1757200003134
48.0 70.83805597325899 687.4663594621344 616.6283034888754
49.0 72.75701603997688 697.5142129902206 624.7571969502437
50.0 71.42012393216716 690.9245667356425 619.5044428034753
51.0 71.1824510254878 689.595473973329 618.4130229478412
52.0 72.150009837893 695.8164203655039 623.6664105276109
53.0 70.62574862939959 687.1988553256534 616.5731066962538
54.0 71.44056061935593 692.3132106829142 620.8726500635583
55.0 73.09837896793003 702.8507280978818 629.7523491299518
56.0 67.40064863924244 671.9043897307622 604.5037410915198
57.0 72.4756899511959 696.8549205667926 624.3792306155967
58.0 72.57771170318531 701.0245538078224 628.446842104637
59.0 70.66610392626505 689.7157272756062 619.0496233493412
60.0 70.56659443011989 687.9876603327307 617.4210659026108
61.0 71.29737141356258 690.2578544110652 618.9604829975026
62.0 70.38493284277511 688.4321380770334 618.0472052342582
63.0 70.22599460466783 687.2911299867986 617.0651353821308
64.0 68.40580856079594 678.2452985404651 609.8394899796691
65.0 69.7983628916779 684.015606126974 614.2172432352961
66.0 71.04168140055133 691.5990029761151 620.5573215755638
67.0 70.35164950965033 689.4588470920643 619.107197582414
68.0 69.83025410719237 683.4821232703081 613.6518691631157
69.0 69.35256305479113 681.1711088312702 611.8185457764791
70.0 71.00394424200105 692.6277488344815 621.6238045924805
71.0 67.37566012347087 672.269694474918 604.8940343514472
72.0 69.43600907520884 680.3567688957769 610.920759820568
73.0 66.86445290425116 670.2399050065232 603.3754521022721
74.0 67.31578767411549 672.9391221977281 605.6233345236126
75.0 70.98279726183898 692.8949507032981 621.9121534414591
76.0 69.21088545902467 681.7492776730091 612.5383922139844
77.0 68.83340718585393 679.3664804294363 610.5330732435823
78.0 69.07330116426457 682.4260696246126 613.352768460348
79.0 69.55965181631631 685.0390191883986 615.4793673720823
80.0 68.754462916235 680.5901511533721 611.8356882371371
81.0 69.20639227811532 682.4284455524508 613.2220532743355
82.0 70.28814745908553 689.7735269425147 619.4853794834292
83.0 68.89231272545247 682.7924539721232 613.9001412466707
84.0 70.00440269729172 687.0339174529029 617.0295147556112
85.0 67.77319979309605 675.2407793329378 607.4675795398418
86.0 68.689665213549 680.518070297635 611.828405084086
87.0 68.27774421454462 677.6824054353211 609.4046612207765
88.0 68.81609636573305 679.5676110086542 610.7515146429211
89.0 68.24054241182909 677.0255967088462 608.7850542970171
90.0 68.37168217575729 679.4244386527333 611.052756476976
91.0 67.87888384635946 674.4856106253141 606.6067267789546
92.0 66.31813165360789 668.5921552232125 602.2740235696046
93.0 66.37683360931384 667.9032150826644 601.5263814733506
94.0 66.87686394136971 670.1741562981613 603.2972923567916
95.0 68.39276893336153 680.5630620552427 612.1702931218812
96.0 66.70564499233278 671.4161518981683 604.7105069058355
97.0 67.77083787230998 678.1538447180893 610.3830068457793
98.0 65.30705993720625 664.3189915009931 599.0119315637869
99.0 68.42038797563375 680.189168115946 611.7687801403122
100.0 66.36622419677131 668.1139632981312 601.7477391013599
101.0 64.283611712647 660.2738869544982 595.9902752418512
102.0 65.75694730375749 666.8535164263579 601.0965691226004
103.0 68.41443807558131 680.1201568225389 611.7057187469576
104.0 69.82004140154673 687.604586661646 617.7845452600993
105.0 68.69440562328359 679.7566617154868 611.0622560922032
106.0 67.70685501352971 676.0434808823084 608.3366258687787
107.0 69.83165620120319 687.7716341997549 617.9399779985517
108.0 68.20822636975765 677.6189752580138 609.4107488882562
109.0 67.96094644917263 677.6530616859373 609.6921152367647
110.0 68.16013588212994 677.7285442711633 609.5684083890333
111.0 64.84254965430813 661.7656792362088 596.9231295819007
112.0 69.03210760006196 681.7733761589908 612.7412685589289
113.0 67.84680545419882 674.6744395871862 606.8276341329874
114.0 69.16819691719743 681.9030386873419 612.7348417701445
115.0 64.84221183045421 661.7813417743522 596.939129943898
116.0 69.65913141207405 686.7409618089544 617.0818303968804
117.0 68.06919379661269 677.1275059408376 609.0583121442249
118.0 66.52056842846657 671.0659079059357 604.5453394774691
119.0 66.07598383402223 668.5358102452031 602.4598264111809
120.0 65.34761972656142 663.9181241558594 598.570504429298
121.0 67.36700609201635 672.3781143512314 605.011108259215
122.0 68.13075548035665 679.1423593851331 611.0116039047764
123.0 66.87300177654968 670.1565501270293 603.2835483504796
124.0 66.80107118180935 670.5765401628669 603.7754689810575
125.0 66.54608076922829 670.981221939695 604.4351411704667
126.0 65.3523258948412 663.8470126058531 598.4946867110119
127.0 68.05763531331919 677.9568690184557 609.8992337051365
128.0 67.40066822514156 671.9074477723899 604.5067795472484
129.0 66.74722728348481 671.075930535817 604.3287032523322
130.0 68.36678321308527 676.854224465542 608.4874412524567
131.0 68.09669842168463 678.7771421157104 610.6804436940258
132.0 69.87586808852559 686.7535172860783 616.8776491975527
133.0 69.30215873564566 681.5451711934891 612.2430124578434
134.0 69.19894062484629 682.2012568189475 613.0023161941012
135.0 67.38524822662215 672.0599354228522 604.67468719623
136.0 70.22848955613207 685.5251665593051 615.296677003173
137.0 66.28247082338583 668.6171062626441 602.3346354392582
138.0 68.9273849823238 680.1358044550734 611.2084194727496
139.0 69.51759015044618 683.6937211608187 614.1761310103726
140.0 66.96319510716583 673.2322302993951 606.2690351922292
141.0 65.85692845021572 665.9535883799276 600.0966599297118
142.0 66.0230013455597 668.8241854322666 602.8011840867069
143.0 67.222025230214 673.2967352785433 606.0747100483293
144.0 67.35908833948935 672.5341848570437 605.1750965175543
145.0 61.76818576494267 649.7223233044967 587.954137539554
146.0 69.10373226731545 682.3033954337754 613.1996631664599
147.0 65.3431517311589 663.9715601571166 598.6284084259577
148.0 67.53073742109873 675.2447756796146 607.7140382585159
149.0 65.05045865294338 664.5367484724887 599.4862898195453
150.0 59.71842027346671 641.7260853254484 582.0076650519816
151.0 64.33072426760857 659.7464757416877 595.4157514740791
152.0 67.87798043411956 676.4164944520326 608.5385140179131
153.0 67.71814907326883 675.8282423694456 608.1100932961768
154.0 69.29293129181999 683.1157436773957 613.8228123855757
155.0 66.6346795750372 671.4221280520771 604.7874484770399
156.0 66.26457861260631 668.8758555373721 602.6112769247658
157.0 63.30546804343074 655.739715753166 592.4342477097353
158.0 62.76971735497395 654.1089754291025 591.3392580741285
159.0 68.07216649409692 680.1609255068808 612.0887590127839
160.0 66.24658572406287 669.1308454566624 602.8842597325995
161.0 67.27780305869194 673.1845465118068 605.9067434531149
162.0 64.76487997173496 662.7989892891593 598.0341093174244
163.0 59.18337918537448 640.0264821599274 580.843102974553
164.0 62.27452572381627 651.8446609830821 589.5701352592658
165.0 66.78598181336935 670.8957157314187 604.1097339180493
166.0 67.15317966438595 675.5547798119041 608.4016001475181
167.0 67.23004986852478 673.5707905277728 606.340740659248
168.0 62.23371959508018 652.2492050682246 590.0154854731444
169.0 60.22980727291961 643.7557307331274 583.5259234602078
170.0 67.14190650854005 675.4760678955588 608.3341613870188
171.0 64.81228238978619 662.2406730375314 597.4283906477452
172.0 65.32116689333021 668.1368470147667 602.8156801214365
173.0 63.29935481882356 655.8599656159051 592.5606107970816
174.0 62.78833440185904 655.8214477118918 593.0331133100328
175.0 58.1817676217558 635.7224292336266 577.5406616118708
176.0 62.96844533574074 656.946839732472 593.9783943967312
177.0 66.11611132956652 670.0205063380745 603.904395008508
178.0 62.18374448689165 652.5923440921973 590.4085996053057
179.0 64.20327986725477 663.0123223260879 598.8090424588332
180.0 62.98236847018647 657.4561891015026 594.4738206313161
181.0 62.61698298650091 654.7123453384915 592.0953623519906
182.0 65.06472822236419 667.5724578329397 602.5077296105756
183.0 59.20225795132168 639.8164412116711 580.6141832603495
184.0 65.81767430496729 666.6204764721411 600.8028021671738
185.0 56.04595790527754 628.3908656318921 572.3449077266146
186.0 61.21424356623274 648.3581272805212 587.1438837142885
187.0 63.63058798108923 659.6411827013751 596.0105947202859
188.0 59.58854360252437 642.8309517494651 583.2424081469408
189.0 56.64540754305642 629.722676519123 573.0772689760665
190.0 61.66782191881016 650.6215700924932 588.953748173683
191.0 58.69141590916545 637.7918307700223 579.1004148608568
192.0 62.7573372509044 654.353137067504 591.5957998165996
193.0 62.25063177779057 652.3169757386702 590.0663439608796
194.0 55.6184083848254 625.7880602874347 570.1696519026093
195.0 62.48901914344663 656.2143984881256 593.725379344679
196.0 60.71381440751653 646.190400950409 585.4765865428924
197.0 63.17720598761268 658.7220895184706 595.5448835308579
198.0 60.14249992410657 644.9195475213345 584.7770475972279
199.0 60.57552104378628 647.3843103338763 586.80878929009
200.0 61.72108759439378 650.436244711812 588.7151571174182
201.0 54.57421072574124 622.0398759706023 567.465665244861
202.0 62.71642429641327 654.8047603604506 592.0883360640373
203.0 58.17773157424457 635.829086517867 577.6513549436225
204.0 60.98805944630553 649.6680165135665 588.679957067261
205.0 63.29315084570793 659.909580056433 596.616429210725
206.0 58.69063854015926 637.8108104336761 579.1201718935168
207.0 59.63312194763018 642.7898271168109 583.1567051691808
208.0 60.49300035674651 647.9844614303242 587.4914610735777
209.0 57.35182583580909 635.285666121935 577.9338402861259
210.0 54.08461263662437 619.7531823925265 565.6685697559021
211.0 58.17083072473358 635.9547702263491 577.7839395016155
212.0 53.5708863722474 617.7865832737147 564.2156969014673
213.0 59.67971905658477 642.3237620488794 582.6440429922946
214.0 62.80377469195074 659.4888797412828 596.6851050493321
215.0 58.17911079348727 635.7945836918473 577.61547289836
216.0 60.22571110085109 647.8059461991303 587.5802350982792
217.0 55.10793085580918 623.7660219272143 568.6580910714051
218.0 59.39251444941638 643.7653702149123 584.3728557654959
219.0 56.57037339437855 630.6997415554176 574.129368161039
220.0 61.0593243904188 649.7629848142197 588.7036604238009
221.0 60.68502943486767 648.5851024594667 587.900073024599
222.0 56.13151961377047 627.7730143376211 571.6414947238506
223.0 60.01369392090506 646.798188687845 586.7844947669399
224.0 52.55023916325151 613.7243146444034 561.1740754811519
225.0 61.59548266483889 653.2508438127802 591.6553611479413
226.0 58.9773644632161 641.4390458080523 582.4616813448362
227.0 58.93973010958791 641.7350276923622 582.7952975827743
228.0 58.07624840534337 637.0383083669485 578.9620599616051
229.0 55.96578594639972 628.5831972343388 572.6174112879391
230.0 51.43900159894793 610.4023148215536 558.9633132226056
231.0 56.51569773365688 630.834396190029 574.3186984563722
232.0 54.99863058202834 624.9356593385049 569.9370287564766
233.0 53.57155948360279 617.784493143862 564.2129336602592
234.0 57.13488499509078 634.0720056663608 576.93712067127
235.0 59.45142560076868 645.5480939239208 586.0966683231521
236.0 55.44602151408867 627.1007932630664 571.6547717489777
237.0 58.68053397356359 641.8848002988189 583.2042663252553
238.0 59.7836268834401 645.9721355167675 586.1885086333274
239.0 53.06184602989354 615.7299272547473 562.6680812248538
240.0 55.10102875885138 623.9038557219222 568.8028269630708
241.0 56.60925417527438 630.3807556674376 573.7715014921632
242.0 54.54644646587007 622.487774746155 567.941328280285
243.0 56.42217632036044 631.2154266273622 574.7932503070017
244.0 58.28043891967922 639.5356483617658 581.2552094420866
245.0 58.808306576663 642.4382549671635 583.6299483905005
246.0 51.01461022500942 607.7446634281022 556.7300532030928
247.0 55.53296954636723 626.7538433997716 571.2208738534044
248.0 56.86613524991857 633.6391607467887 576.7730254968701
249.0 51.36109815098325 610.5314630608237 559.1703649098404
250.0 55.78830225068085 628.9440502224814 573.1557479718005
251.0 56.30009145654975 633.7560611323348 577.4559696757851
252.0 57.50264649853446 638.1107007303699 580.6080542318355
253.0 58.3196662536572 641.7253418295806 583.4056755759234
254.0 54.13743119253707 623.3888902444724 569.2514590519354
255.0 53.5177572318101 622.569006885773 569.0512496539629
256.0 54.07163242599112 620.0319120427014 565.9602796167103
257.0 51.9590832134843 612.6870647309435 560.7279815174592
258.0 50.95551366981187 608.462147031009 557.5066333611972
259.0 54.49016893334228 622.7502782801635 568.2601093468212
260.0 56.37203786928976 633.9931381429823 577.6211002736926
261.0 52.40643852292527 615.1783774094183 562.771938886493
262.0 50.4787492636374 606.083058461077 555.6043091974396
263.0 51.83433655764749 614.5233651968983 562.6890286392508
264.0 48.45734589315946 597.7321941443996 549.2748482512402
265.0 53.28953261933412 620.8907748471738 567.6012422278397
266.0 54.41667160243688 623.5126607937593 569.0959891913224
267.0 51.93651433638924 612.6932083441078 560.7566940077186
268.0 50.92434942083943 608.4821098330774 557.557760412238
269.0 52.4395176690925 614.7268839807285 562.287366311636
270.0 47.43318847628008 593.7644740266258 546.3312855503457
271.0 53.55235050250302 618.1604070904797 564.6080565879767
272.0 53.25647521609598 619.981341505144 566.724866289048
273.0 52.11020366182412 616.3383033571852 564.2280996953611
274.0 48.96504796786465 599.8286277571594 550.8635797892947
275.0 50.26278363833215 607.1091055347918 556.8463218964596
276.0 46.89396502690551 592.1575157462756 545.2635507193701
277.0 49.47934246713133 601.7615865677185 552.2822441005871
278.0 51.99123143964346 612.5158178566703 560.5245864170268
279.0 50.66756972718517 609.953769558203 559.2861998310178
280.0 50.06303767920572 607.5249482573911 557.4619105781853
281.0 49.35287478025346 603.3078660077453 553.9549912274918
282.0 50.92821762056184 609.0577212047996 558.1295035842378
283.0 45.89909695778601 587.7701960889098 541.8710991311238
284.0 48.91293855050704 600.429023839241 551.5160852887339
285.0 51.30568461529205 611.4510687040502 560.1453840887581
286.0 49.55336084021338 605.2716350614454 555.7182742212321
287.0 48.64332516799674 600.7640636569788 552.120738488982
288.0 48.39401372948578 598.5542239652366 550.1602102357509
289.0 45.80876323085229 590.2398173959121 544.4310541650598
290.0 50.18389240572077 609.3147103782213 559.1308179725005
291.0 47.83651482348575 596.8025839325265 548.9660691090407
292.0 45.38544441701163 585.822936002484 540.4374915854723
293.0 43.85271438311655 579.8017416430151 535.9490272598985
294.0 48.67077041893992 601.7463995659871 553.0756291470472
295.0 47.8837156442591 596.8027365214978 548.9190208772387
296.0 41.30102312768586 569.7241200465959 528.42309691891
297.0 47.50672368270413 598.5805146732439 551.0737909905398
298.0 48.21224523565299 599.942674548371 551.730429312718
299.0 46.91019386587647 592.0262283654817 545.1160344996052
300.0 44.35342752841025 581.9702422915823 537.616814763172
301.0 43.84188393466811 580.0489399301712 536.2070559955031
302.0 47.51900679095749 597.1430749822215 549.624068191264
303.0 45.27547054361857 587.0595183542439 541.7840478106253
304.0 45.459707636635 589.5409291969661 544.0812215603311
305.0 47.99762559426666 602.3852463840592 554.3876207897925
306.0 47.01203062238064 598.2412436926848 551.2292130703041
307.0 44.35850466904177 581.9386707036684 537.5801660346266
308.0 47.20715593647657 596.6824746335423 549.4753186970657
309.0 45.50899219002707 590.3711875319976 544.8621953419705
310.0 38.74701732937571 559.7247979750031 520.9777806456274
311.0 42.22969727601033 574.4986712769255 532.2689740009152
312.0 45.50537736774702 589.5933611952738 544.0879838275268
313.0 41.2539941271625 570.2442402671737 528.9902461400112
314.0 43.24416916033021 580.3942019597454 537.1500327994152
315.0 45.2058108620829 587.7739921803894 542.5681813183065
316.0 40.54745431556774 569.1136369703099 528.5661826547422
317.0 39.76112239896594 563.8868758652342 524.1257534662683
318.0 44.57681128495111 586.0611757940894 541.4843645091383
319.0 39.25548663433282 561.7863644651174 522.5308778307846
320.0 42.48722878424404 577.1284602891999 534.6412315049558
321.0 42.29617924580508 574.227968416462 531.9317891706569
322.0 35.67227952827794 547.9216219545942 512.2493424263162
323.0 37.92938849598598 558.514248631676 520.58486013569
324.0 38.2360566847268 557.7375262282629 519.5014695435361
325.0 40.37560082338155 569.4766997238001 529.1010989004186
326.0 42.11961351704606 575.8488830898502 533.7292695728041
327.0 40.92103322529792 571.4443209793757 530.5232877540778
328.0 39.52179321311617 565.2172748371821 525.6954816240659
329.0 41.33351180926352 574.0977188056451 532.7642069963816
330.0 38.14988769757914 558.8752369434047 520.7253492458256
331.0 40.94526748613701 572.3921314502156 531.4468639640786
332.0 39.60580685797448 565.2831280602649 525.6773212022904
333.0 38.71275025050875 560.3900038025701 521.6772535520614
334.0 39.67515084355211 565.1305151912462 525.4553643476941
335.0 34.61720135996372 544.2397457891776 509.6225444292139
336.0 37.20939676714245 553.8759634497343 516.6665666825919
337.0 32.61961387603764 535.8418832171566 503.222269341119
338.0 38.87202425942938 564.2068824003886 525.3348581409593
339.0 35.68127053879721 547.7995163542288 512.1182458154316
340.0 36.67465283871504 552.1805079691347 515.5058551304197
341.0 38.48494229234495 561.6279227819651 523.1429804896201
342.0 37.66399441908125 556.7715861953742 519.1075917762929
343.0 38.13315540478007 559.1662152449289 521.0330598401488
344.0 37.19896971098666 554.109329347514 516.9103596365274
345.0 37.66258994947658 556.8237699163495 519.1611799668729
346.0 35.51055769230812 549.2921279333182 513.78157024101
347.0 35.58107566173392 550.416772208184 514.8356965464501
348.0 38.11756789797453 559.4163344130927 521.2987665151182
349.0 36.85278920089901 555.3699048758982 518.5171156749992
350.0 34.14853423969 541.8797740319845 507.7312397922945
351.0 36.21801176993821 553.5881714611743 517.3701596912361
352.0 35.99067566742714 551.1735056872003 515.1828300197732
353.0 36.32292070732695 555.2269139566227 518.9039932492958
354.0 36.38694145633559 554.6398797784646 518.252938322129
355.0 35.57631834393908 548.8543411046676 513.2780227607286
356.0 34.59585865928373 544.7572493127846 510.1613906535008
357.0 33.10525698404717 538.2588036441747 505.1535466601275
358.0 35.3108705318853 549.5013314948663 514.190460962981
359.0 32.62095937221086 535.844673338286 503.2237139660752
360.0 33.34716358517164 541.9639080292804 508.6167444441088
361.0 32.90060196284 539.3780119516916 506.4774099888516
362.0 32.29280675950018 536.9079125199345 504.6151057604343
363.0 33.50834511424672 541.2763360375475 507.7679909233008
364.0 29.57459327941029 523.783106076331 494.2085127969207
365.0 34.06709758413669 546.5148304290391 512.4477328449024
366.0 30.58540994614636 527.8708627215559 497.2854527754095
367.0 27.55585730195037 515.7301665628696 488.1743092609192
368.0 29.56874199270653 523.8924301849098 494.3236881922032
369.0 33.20753135069775 544.3215216059162 511.1139902552184
370.0 31.05198932672209 530.4907948516201 499.4388055248981
371.0 32.32611545550304 538.1154210990974 505.7893056435943
372.0 31.27693419685092 532.9207578558371 501.6438236589862
373.0 31.70367158073616 536.3948759635902 504.691204382854
374.0 31.66349542019527 535.8366068544284 504.1731114342332
375.0 27.54658073275983 509.9553147829647 482.4087340502049
376.0 31.77067882078045 535.2434172431707 503.4727384223902
377.0 31.96999592309424 538.3043883150882 506.334392391994
378.0 31.55470390334287 537.0581986582414 505.5034947548986
379.0 31.38174143943673 535.7555531670276 504.3738117275909
380.0 30.92151362170294 533.345857937918 502.424344316215
381.0 31.58855129953043 537.7071656164166 506.1186143168861
382.0 29.10693923160014 525.5655228148512 496.4585835832511
383.0 30.77674112840709 532.4103494796104 501.6336083512033
384.0 30.63869357530438 532.2350473430088 501.5963537677045
385.0 30.50385399267153 532.4740411821335 501.9701871894619
386.0 28.00859837922452 518.5794205601298 490.5708221809053
387.0 30.68087046466334 535.2425426390338 504.5616721743705
388.0 28.29687159600492 521.5992870200029 493.302415423998
389.0 28.73652177342693 524.3706842350128 495.6341624615859
390.0 28.53252422893577 523.6431519743817 495.1106277454459
391.0 29.08536579342952 528.3656032797309 499.2802374863013
392.0 28.84032227753349 524.4502622891708 495.6099400116373
393.0 27.91421587464991 521.9838966371892 494.0696807625393
394.0 27.66168560914548 519.4262296674065 491.764544058261
395.0 27.44048595969278 512.2158344449761 484.7753484852834
396.0 27.3000775697706 518.1378528258018 490.8377752560312
397.0 28.04850262182426 522.6151279108496 494.5666252890253
398.0 27.10202417320274 513.266789668757 486.1647654955543
399.0 26.92017730692374 514.6242233864564 487.7040460795327
400.0 24.95645977194378 501.6118668068426 476.6554070348989
401.0 27.48493090061005 522.4354827582746 494.9505518576646
402.0 26.13938870500841 514.5836617505515 488.4442730455431
403.0 26.85998060835307 517.5191717244387 490.6591911160856
404.0 26.3628595885232 509.4162823700239 483.0534227815007
405.0 26.25199224782447 516.6403293388815 490.388337091057
406.0 25.59443421691854 508.9128749190368 483.3184407021183
407.0 25.04909082653658 508.034910063618 482.9858192370814
408.0 26.46528205550936 517.204127262178 490.7388452066687
409.0 25.74544966833704 512.4689260097902 486.7234763414532
410.0 26.11260285522742 516.3637089899466 490.2511061347192
411.0 25.50290071603464 513.0652628259053 487.5623621098707
412.0 25.41053664750807 515.2547382086149 489.8442015611068
413.0 24.48848044276599 500.6151300386985 476.1266495959325
414.0 25.49761938561114 513.9230095607892 488.425390175178
415.0 25.10369420199278 508.5962689728893 483.4925747708965
416.0 25.28977367346934 515.0025303073065 489.7127566338371
417.0 24.03202381689105 498.4171509517627 474.3851271348716
418.0 20.10720357348229 477.8807282123861 457.7735246389038
419.0 21.956193357889 488.8806280515542 466.9244346936652
420.0 22.51793686968219 491.6761027188307 469.1581658491485
421.0 24.98629733493092 514.1846501681096 489.1983528331787
422.0 21.831931988608 486.1199860997125 464.2880541111045
423.0 21.67000464067791 487.4513607952448 465.7813561545669
424.0 22.2527244892044 488.8679299666286 466.6152054774242
425.0 15.67873473787946 453.7301251832495 438.0513904453701
426.0 21.35276294354506 484.6497207090572 463.2969577655121
427.0 23.8945797893679 505.824159612546 481.9295798231781
428.0 22.05152071189186 489.9421896030244 467.8906688911325
429.0 21.35339789376753 484.8142069347173 463.4608090409497
430.0 23.15138633867898 499.3207867198439 476.1694003811649
431.0 19.28120050271059 473.9901010436356 454.708900540925
432.0 19.26788884822734 474.1990840751594 454.931195226932
433.0 20.31011999428262 481.2019430780036 460.891823083721
434.0 20.0473954295213 478.9522575004453 458.904862070924
435.0 16.99000151699195 462.1273311616202 445.1373296446283
436.0 17.73071353006663 465.8838916887032 448.1531781586366
437.0 21.25593657503712 488.6302673819714 467.3743308069343
438.0 17.72225388853261 466.0560299008012 448.3337760122686
439.0 19.93468680968101 479.9867573506273 460.0520705409463
440.0 19.04637468739663 476.2655262093854 457.2191515219888
441.0 20.47155624817514 485.5616043473299 465.0900480991548
442.0 17.00597392768789 461.8901948045898 444.8842208769019
443.0 16.48700703229494 461.230380411234 444.743373378939
444.0 19.36178982649243 478.1458492615523 458.7840594350598
445.0 16.99893074797242 462.0747486975856 445.0758179496132
446.0 18.055006839245 471.3330102749564 453.2780034357114
447.0 17.86018501297514 469.3541777884652 451.4939927754901
448.0 12.28859535190532 427.7261685112867 415.4375731593814
449.0 15.05831919476006 450.188043076792 435.129723882032
450.0 19.1014237559041 476.7864702562519 457.6850465003478
451.0 16.95317576744546 467.3410770335179 450.3879012660724
452.0 16.05680774467205 460.4241024589617 444.3672947142897
453.0 12.9854272799985 433.9052957732781 420.9198684932796
454.0 13.66726273891088 440.8482432311013 427.1809804921905
455.0 13.87048771985473 443.186405840213 429.3159181203583
456.0 10.87060071817228 417.1665293770201 406.2959286588479
457.0 14.99018118917449 451.4226535815404 436.4324723923659
458.0 9.826878416139415 405.8550767409775 396.028198324838
459.0 10.25177022243446 410.3352751158572 400.0835048934227
460.0 12.93560471314628 435.0415950928676 422.1059903797213
461.0 11.17043058101017 422.2642712435664 411.0938406625562
462.0 14.09368099673347 446.2322600049386 432.1385790082051
463.0 13.36533902725107 439.7655259213836 426.4001868941325
464.0 11.7315751510149 426.2307111916377 414.4991360406228
465.0 11.52540738998921 427.475963727482 415.9505563374928
466.0 12.54924865156119 438.3943722757154 425.8451236241542
467.0 10.89213744421689 421.2593408261958 410.3672033819789
468.0 9.311770601967007 407.6318147238469 398.3200441218799
469.0 10.26665670585403 418.5813154988235 408.3146587929695
470.0 11.27492742567399 429.3548583395254 418.0799309138514
471.0 10.6916361071587 423.966448076256 413.2748119690973
472.0 9.053642780058849 402.8942523717502 393.8406095916913
473.0 7.653506450864479 386.4322736749207 378.7787672240562
474.0 9.39697886605617 407.836433696396 398.4394548303398
475.0 7.640396516714449 386.8465065470155 379.2061100303011
476.0 9.151795818725303 412.1812496328602 403.0294538141349
477.0 9.666084357774078 414.0303841018154 404.3642997440413
478.0 9.531527466585976 415.4864535346406 405.9549260680546
479.0 7.498143566412354 389.8931714655194 382.3950278991071
480.0 8.019548374809737 403.9564961901378 395.9369478153281
481.0 5.583640082069888 360.4212306762393 354.8375905941694
482.0 6.819884837064056 379.9027165568572 373.0828317197931
483.0 7.868285927942488 402.4909315352267 394.6226456072842
484.0 6.90827954883424 388.3087414101797 381.4004618613454
485.0 6.14738266140345 376.9903756746887 370.8429930132853
486.0 5.480631625645462 367.446365720631 361.9657340949855
487.0 6.832293588988031 390.0584309187667 383.2261373297787
488.0 6.913968522364869 394.9273909418833 388.0134224195184
489.0 6.309496701828038 389.9322990233947 383.6228023215667
490.0 6.572853545568776 391.3779826703248 384.805129124756
491.0 6.951150002727803 397.6262603036696 390.6751103009418
492.0 4.618916790789867 356.3328789456356 351.7139621548457
493.0 5.04381057157294 372.1544714495801 367.1106608780072
494.0 4.600388776339001 365.5757820799282 360.9753933035892
495.0 4.916964503054727 359.6439513381097 354.7269868350549
496.0 4.4782410880633 361.8726123483592 357.3943712602959
497.0 5.020138635549843 375.0769740530042 370.0568354174543
498.0 4.686001060850984 362.5513427339583 357.8653416731074
499.0 4.273775065466291 349.4929418886204 345.2191668231541
500.0 3.969070971526139 346.4251767247187 342.4561057531925
501.0 3.608198756744019 346.3845460029661 342.7763472462221
502.0 4.18317800866754 360.2946162417021 356.1114382330345
503.0 4.149391732840344 369.0490169611381 364.8996252282977
504.0 3.658587342937265 361.7448457559265 358.0862584129892
505.0 3.029165518775239 343.0644933265591 340.0353278077839
506.0 3.469123170331428 357.5507027857614 354.08157961543
507.0 3.314373985383954 345.557942034585 342.2435680492011
508.0 2.826522797448868 347.1893586904798 344.3628358930309
509.0 2.667878892519896 337.8191156353421 335.1512367428222
510.0 3.049971778302943 352.6006805886741 349.5507088103712
511.0 2.827383670733553 353.1299877392492 350.3026040685156
512.0 2.657997447654867 348.4116608281444 345.7536633804896
513.0 2.297083998774588 341.364580853362 339.0674968545874
514.0 2.224365498175825 341.7319153505143 339.5075498523385
515.0 2.110355832034685 339.6156247080176 337.5052688759829
516.0 2.026719741672911 340.7421582952401 338.7154385535671
517.0 1.910912678665454 338.3640404462168 336.4531277675513
518.0 1.94450493942293 342.2852728097207 340.3407678702978
519.0 1.676315527624454 334.4835456729429 332.8072301453185
520.0 1.612435991264738 336.4570912329656 334.8446552417008
521.0 1.419878781909838 335.2894739504687 333.8695951685589
522.0 1.441928335944 335.0430348868956 333.6011065509516
523.0 1.376751625009749 337.054165210173 335.6774135851632
524.0 1.361727538420854 334.6257478273325 333.2640202889116
525.0 1.21891096032261 333.0753266064724 331.8564156461498
526.0 1.069089933099342 331.5264740018311 330.4573840687318
527.0 0.9880417045704124 331.3280922525196 330.3400505479492
528.0 0.9142232197628644 330.7570215675486 329.8427983477857
529.0 0.8158876244479241 330.2307055569998 329.4148179325519
530.0 0.7169351312747592 327.9808007723744 327.2638656410996
531.0 0.7653866972727894 330.6904398584689 329.9250531611961
532.0 0.6366731271166534 326.9362697127775 326.2995965856608
533.0 0.5070912787044509 327.7900230456775 327.2829317669731
534.0 0.4803317786714208 324.7772085271519 324.2968767484804
535.0 0.3912004232621643 324.8180869762735 324.4268865530114
536.0 0.4569600451247497 324.0018678985032 323.5449078533784
537.0 0.2880795541658422 323.2571348926482 322.9690553384824
538.0 0.2909925628755771 321.8306946269095 321.5397020640339
539.0 0.2776893852355681 323.0346856490047 322.7569962637692
540.0 0.183159218329489 321.1018206183889 320.9186614000594
541.0 0.1193606686842935 320.2798684328434 320.1605077641591
542.0 0.1214862087226729 319.6811704625133 319.5596842537906
543.0 0.09188323057446723 317.4952164658746 317.4033332353001
544.0 0.04674721165928733 316.7077949125923 316.661047700933
545.0 0.07694905737887298 316.1516570249982 316.0747079676193
546.0 0.08612410170424203 316.1620218264304 316.0758977247261
547.0 0 314.5567729624918 314.5567729624918
548.0 0.08109708259708789 314.8091030788801 314.728005996283
549.0 0.0571939999445947 312.458705472014 312.4015114720694
550.0 0.06705213846575309 311.8140991408528 311.747047002387
551.0 0.1096127033780467 311.7428984909623 311.6332857875842
552.0 0.06580969604971282 310.5298534516103 310.4640437555606
553.0 0.1107970774043869 307.8982607704223 307.7874636930179
554.0 0.1623072657955316 309.3120680348241 309.1497607690285
555.0 0.2490894889707557 307.8351104028578 307.5860209138871
556.0 0.2106313976524377 306.8081685997808 306.5975372021284
557.0 0.2855103798727751 306.3776713123357 306.0921609324629
558.0 0.3640288432354135 304.9711617074037 304.6071328641683
559.0 0.3908919425614209 304.9926221099747 304.6017301674133
560.0 0.532486618866561 303.6931240535783 303.1606374347117
561.0 0.499819034597222 303.2567569016572 302.75693786706
562.0 0.6479872637193018 302.0283723060576 301.3803850423383
563.0 0.7853239697066207 301.1549561688237 300.3696321991171
564.0 0.9565391342707569 299.5481360893396 298.5915969550688
565.0 1.078274032534906 300.422287944489 299.3440139119541
566.0 1.202264533444984 298.1131537279183 296.9108891944733
567.0 1.294802269274746 298.5388558532118 297.244053583937
568.0 1.512910812912173 296.3369030272776 294.8239922143654
569.0 1.564678673311273 294.5505297927531 292.9858511194418
570.0 1.681431533292823 292.0831936116013 290.4017620783084
571.0 2.004909210473465 297.169747162541 295.1648379520676
572.0 2.059401197740189 294.102467643423 292.0430664456828
573.0 2.394586873250331 294.4834968195044 292.0889099462541
574.0 2.719963686705972 294.9970975885296 292.2771339018236
575.0 2.904663847583263 292.4344027649452 289.5297389173619
576.0 3.005272755101208 284.1099333980069 281.1046606429057
577.0 3.41754170382186 285.561800058981 282.1442583551591
578.0 3.643899762071474 291.3497798571365 287.705880095065
579.0 4.239248556149591 294.4007290333837 290.1614804772341
580.0 5.214905717477364 257.044007801509 251.8291020840317
581.0 4.586143936712809 291.0633773617182 286.4772334250054
582.0 5.085071565840381 274.0013108298635 268.9162392640231
583.0 6.000469007081025 257.7495470894751 251.7490780823941
584.0 7.395721402826553 248.9454764077252 241.5497550048986
585.0 10.01028134938742 222.7776606356789 212.7673792862915
586.0 9.499869368995913 224.8167120275458 215.3168426585499
587.0 9.609477581123372 230.8414863015196 221.2320087203962
588.0 9.779160397848372 228.4877689728922 218.7086085750439
591.0 12.97453995646805 205.722137 192.7475970435319
