0.0 80.61984521837799 755.4781198414241 674.8582746230461
1.0 76.42251809144 736.2511582797163 659.8286401882763
2.0 74.81772829760743 733.1922374857586 658.3745091881511
3.0 72.10088735338479 717.844267303728 645.7433799503432
4.0 75.70421840117599 740.309406375142 664.605187973966
5.0 73.86497906413915 728.2907909306134 654.4258118664742
6.0 71.99415834700116 719.5106202057157 647.5164618587145
7.0 70.63385219665047 712.3278034655915 641.693951268941
8.0 70.93919185058606 715.8983501956108 644.9591583450247
9.0 71.65995385365711 721.8603431059605 650.2003892523033
10.0 70.93556321123019 719.0671695495349 648.1316063383047
11.0 70.04491328529251 711.7505222076851 641.7056089223925
12.0 68.69571525055965 704.5381210128703 635.8424057623106
13.0 68.70142261750134 704.4862097570106 635.7847871395092
14.0 69.14432310042601 710.0799583271394 640.9356352267134
15.0 68.59448464906812 705.4410037055368 636.8465190564687
16.0 70.16822928570573 718.5061779479197 648.337948662214
17.0 67.69295873538087 701.0985990495778 633.4056403141969
18.0 68.89261828092177 709.1107976253788 640.2181793444571
19.0 69.20480911721475 712.6968099052056 643.4920007879908
20.0 67.87865866217928 704.6399912699687 636.7613326077894
21.0 66.75702350130602 696.6962057261869 629.9391822248809
22.0 68.91385300358758 711.4935231542495 642.5796701506619
23.0 68.43849034190624 708.8811724113714 640.4426820694651
24.0 62.00432016044848 675.8610713921237 613.8567512316752
25.0 67.51813272187349 702.6677738571855 635.1496411353121
26.0 67.32974634516629 703.8549274267546 636.5251810815883
27.0 66.24670842879203 694.8883920472296 628.6416836184376
28.0 67.84413657128907 704.8658921461121 637.021755574823
29.0 67.39389625891125 702.8102688253148 635.4163725664035
30.0 68.48992404236007 710.9293941507035 642.4394701083434
31.0 68.01847473509799 708.5069038110363 640.4884290759383
32.0 67.45145800947546 703.6794909205238 636.2280329110484
33.0 66.58328116689995 701.5905775786132 635.0072964117133
34.0 66.91647314858196 701.2866236896502 634.3701505410682
35.0 66.26774065055938 694.9488947748524 628.6811541242931
36.0 64.86656989941506 688.309521390287 623.4429514908719
37.0 66.51489203840598 701.8980704275267 635.3831783891207
38.0 62.96476486525638 679.8885751431589 616.9238102779026
39.0 65.82701272050899 697.740658407464 631.913645686955
40.0 64.39397455959495 686.1487935241176 621.7548189645227
41.0 66.18163665537797 696.0143850877854 629.8327484324074
42.0 65.47206995351206 695.2321979065854 629.7601279530734
43.0 66.10808684664765 699.5941133840801 633.4860265374325
44.0 63.80650129087556 684.9291350055464 621.1226337146708
45.0 63.88639146427308 684.6282536167028 620.7418621524297
46.0 65.08457857118444 692.7664959424633 627.6819173712788
47.0 64.2503345079613 687.5514299809847 623.3010954730234
48.0 64.19725856062173 688.0184611436448 623.821202583023
49.0 65.93335649382717 698.0923891819132 632.1590326880861
50.0 64.7153065674777 691.4269250218444 626.7116184543667
51.0 64.50343056388283 689.9713537018605 625.4679231379777
52.0 65.35012524887402 696.4597542654751 631.1096290166011
53.0 63.98826969536874 687.5620544928522 623.5737847974834
54.0 64.70440195410854 692.8651451641912 628.1607432100827
55.0 66.16271653048203 703.3953907709638 637.2326742404817
56.0 61.03693488852077 672.0254764353842 610.9885415468635
57.0 65.65785728082 697.6785070442033 632.0206497633833
58.0 65.67229041833551 701.4822072540489 635.8099168357134
59.0 63.97118890179332 690.2401003722136 626.2689114704203
60.0 63.9074086238542 688.5954839886021 624.6880753647479
61.0 64.60093288346399 691.1145518436771 626.5136189602131
62.0 63.71237409177828 688.9720061907371 625.2596320989588
63.0 63.57648910375524 687.7413885320085 624.1648994282533
64.0 61.92053052730255 678.525424964196 616.6048944368935
65.0 63.20931859998713 684.7915192334434 621.5822006334563
66.0 64.31218631126679 692.188870048161 627.8766837368942
67.0 63.65672390957626 689.8629108964259 626.2061869868497
68.0 63.25466181464949 684.2016957942066 620.9470339795571
69.0 62.819934433972 681.7187957313477 618.8988612973757
70.0 64.25052648638796 693.2090111569451 628.9584846705571
71.0 61.00155044302093 672.5458136666095 611.5442632235886
72.0 62.92450890770314 680.8310270992853 617.9065181915822
73.0 60.52460559558614 670.5028354436279 609.9782298480418
74.0 60.92352052844933 673.375756233544 612.4522357050946
75.0 64.22214433983791 693.5461456752186 629.3240013353807
76.0 62.66157580627942 682.3424299361663 619.6808541298869
77.0 62.32845964087604 680.0276998783063 617.6992402374302
78.0 62.50601207059585 682.982832459928 620.4768203893322
79.0 62.94252540360544 685.7817250414979 622.8391996378924
80.0 62.22431404277345 680.8722136447098 618.6478996019363
81.0 62.6398160328039 683.191721552144 620.5519055193401
82.0 63.58044829057095 690.5644779184207 626.9840296278498
83.0 62.31368293744217 683.2560783043745 620.9423953669323
84.0 63.3524578907157 687.7807430267207 624.428285136005
85.0 61.33902017865725 675.7231672511075 614.3841470724502
86.0 62.15410342822368 681.3075762641152 619.1534728358915
87.0 61.79813499622791 678.3398382364505 616.5417032402226
88.0 62.30569569686265 680.2785815737012 617.9728858768386
89.0 61.77812228982444 677.3826016706112 615.6044793807868
90.0 61.85851349438824 679.7627269923475 617.9042134979593
91.0 61.46482311581513 674.904644061781 613.4398209459659
92.0 60.00197857174204 668.9536534352596 608.9516748635175
93.0 60.07952871873999 668.0775602378342 607.9980315190942
94.0 60.53815801489228 670.5023073960142 609.9641493811219
95.0 61.85142427701622 681.1770457999895 619.3256215229733
96.0 60.33358173001443 671.8815610316649 611.5479793016504
97.0 61.27198945095383 678.5491910669862 617.2772016160324
98.0 59.06574158701413 664.53320266107 605.4674610740559
99.0 61.88938024131352 680.6822099312348 618.7928296899213
100.0 60.06287551377264 668.3883629873004 608.3254874735278
101.0 58.1104668054538 660.4617966626092 602.3513298571554
102.0 59.46738665065351 667.1966976499127 607.7293109992592
103.0 61.88510969470623 680.5893545452405 618.7042448505342
104.0 63.15246288884545 688.2187963505979 625.0663334617525
105.0 62.17843943659149 680.3317756947742 618.1533362581827
106.0 61.25100720619464 676.7186622729632 615.4676550667685
107.0 63.15991082161437 688.4451375532346 625.2852267316202
108.0 61.72915685043822 678.215575526718 616.4864186762798
109.0 61.47798298621975 678.018595772983 616.5406127867633
110.0 61.67829221489603 678.2519001341463 616.5736079192503
111.0 58.65004779369638 661.8032060356153 603.153158241919
112.0 62.47938970061661 682.2557339043832 619.7763442037666
113.0 61.4284254854626 675.0236712209781 613.5952457355155
114.0 62.615132158238 682.4282735580842 619.8131413998462
115.0 58.64915233536345 661.8390583185465 603.189905983183
116.0 63.01110097395926 687.0142707681303 624.0031697941711
117.0 61.60143110971325 677.4044675345708 615.8030364248576
118.0 60.15485972641778 671.2805246634719 611.1256649370542
119.0 59.75816702928499 668.6573832662931 608.8992162370081
120.0 59.11724421975017 664.0373813559339 604.9201371361837
121.0 60.99009224475826 672.6673783064072 611.677286061649
122.0 61.61925178507454 679.4022377904466 617.7829860053721
123.0 60.53547147466635 670.3948820291683 609.8594105545019
124.0 60.45231893597695 670.8269659836999 610.3746470477229
125.0 60.18269385928127 671.2112725048996 611.0285786456184
126.0 59.12386483996631 663.9476662767225 604.8238014367562
127.0 61.56984954210975 678.3311663652876 616.7613168231779
128.0 61.03681830497309 672.0356118063119 610.9987935013388
129.0 60.38525631923717 671.3942027738148 611.0089464545777
130.0 61.90951449471159 677.3528583394317 615.4433438447201
131.0 61.59371944305561 678.9370914109142 617.3433719678586
132.0 63.23084065927175 687.1673830130734 623.9365423538017
133.0 62.76011504401925 682.0703831454162 619.3102681013969
134.0 62.63940916863652 682.7610863207684 620.1216771521319
135.0 61.01747803135268 672.198460294319 611.1809822629663
136.0 63.61863274419847 685.9824438108476 622.3638110666492
137.0 59.9663463265672 668.8401053901628 608.8737590635956
138.0 62.41185140815104 680.3665357760594 617.9546843679084
139.0 62.93426596158867 684.0170507193957 621.082784757807
140.0 60.55895708932719 673.4267759891704 612.8678188998432
141.0 59.59222318804985 666.0754519082568 606.4832287202069
142.0 59.69754176864019 668.939222824959 609.2416810563188
143.0 60.82046061699486 673.6474530607433 612.8269924437484
144.0 60.97766560921945 672.9011245631806 611.9234589539611
145.0 55.77760499437242 649.7227673577926 593.9451623634202
146.0 62.54064047021796 682.7809718138032 620.2403313435852
147.0 59.11134292715024 664.102664705815 604.9913217786648
148.0 61.09323700332581 675.5147039162939 614.4214669129681
149.0 58.79944140967208 664.6599437421484 605.8605023324764
150.0 53.86142306650266 641.731150417824 587.8697273513214
151.0 58.17217789884553 659.7765953310807 601.6044174322352
152.0 61.42165679284885 676.7185535742452 615.2968967813964
153.0 61.26877868683689 676.3688934560579 615.100114769221
154.0 62.71708010086744 683.4861727044066 620.7690926035391
155.0 60.26221903260889 671.7576444826622 611.4954254500533
156.0 59.94107257827434 669.210054572936 609.2689819946616
157.0 57.21400197456818 655.7616324420827 598.5476304675145
158.0 56.70128124619992 654.278659051447 597.5773778052471
159.0 61.53625726649071 680.4375359886476 618.9012787221569
160.0 59.91609382986433 669.5430736566214 609.626979826757
161.0 60.87846809430496 673.6870343871024 612.8085662927974
162.0 58.54348446394643 663.2045341192769 604.6610496553304
163.0 53.35151322011727 640.1280527766195 586.7765395565023
164.0 56.24690874387532 651.9148444765207 595.6679357326453
165.0 60.42781176523025 671.3286903056604 610.9008785404301
166.0 60.69950396749398 675.8869023975585 615.1873984300645
167.0 60.82069806977264 674.0926703998428 613.2719723300702
168.0 56.19508136217602 652.4128046396535 596.2177232774775
169.0 54.33839805581648 643.7903886956009 589.4519906397844
170.0 60.68973661645327 675.8109705923454 615.1212339758921
171.0 58.60618326822196 662.4918233481513 603.8856400799294
172.0 58.99241656662356 668.525479142423 609.5330625757994
173.0 57.20434524810151 655.9498006056731 598.7454553575716
174.0 56.68298018402906 655.8841669855695 599.2011868015404
175.0 52.42519583516188 635.7230543339981 583.2978584988362
176.0 56.83983010172569 657.1967778154663 600.3569477137407
177.0 59.76179186965056 670.5108336113422 610.7490417416917
178.0 56.13550322779494 652.8280147167733 596.6925114889783
179.0 57.9652535264281 663.3380030452323 605.3727495188042
180.0 56.84214565444661 657.747730808724 600.9055851542774
181.0 56.53148187611956 654.886181543621 598.3546996675014
182.0 58.74358127767342 667.8984638631634 609.15488258549
183.0 53.37593126111767 639.8844824261835 586.5085511650658
184.0 59.53363644062097 667.0740433643105 607.5404069236895
185.0 50.40490242259928 628.5045301800303 578.099627757431
186.0 55.23905941578149 648.6249255552153 593.3858661394338
187.0 57.45340938171689 660.1578081022097 602.7043987204928
188.0 53.70138644384921 643.0573059760502 589.355919532201
189.0 50.98913198835914 629.723817949425 578.7346859610659
190.0 55.65228653372568 650.8553517960237 595.203065262298
191.0 52.89920601165332 637.8507358277093 584.951529816056
192.0 56.68171082784543 654.6601717459708 597.9784609181253
193.0 56.20918307425777 652.6441203920576 596.4349373177998
194.0 50.02704511773661 625.8307080800432 575.8036629623066
195.0 56.36354900441629 656.6911704804209 600.3276214760046
196.0 54.77657476224582 646.4148705063528 591.638295744107
197.0 57.01321385390889 658.9888411529723 601.9756272990634
198.0 54.21868542997256 645.3546588641363 591.1359734341637
199.0 54.60605386214408 647.8134010668307 593.2073472046867
200.0 55.71027559960594 650.7335792713457 595.0233036717397
201.0 49.04283743285387 622.1538411215372 573.1110036886834
202.0 56.62827098921568 655.2479443251727 598.619673335957
203.0 52.41779381065593 635.9166938228753 583.4989000122194
204.0 54.9767892996592 650.07338488669 595.0965955870308
205.0 57.10426426657427 660.2475860296737 603.1433217630994
206.0 52.89784638413569 637.8832817854075 584.9854354012718
207.0 53.74666215952677 643.1345861568612 589.3879239973344
208.0 54.50717185005838 648.506113128234 593.9989412781756
209.0 51.58429883371139 635.4811808737954 583.896882040084
210.0 48.59454047721886 619.7827972149796 571.1882567377608
211.0 52.4073034061054 636.0999140259637 583.6926106198583
212.0 48.11334004872355 617.8271267864524 569.7137867377289
213.0 53.80566695807685 642.5912692836591 588.7856023255822
214.0 56.61454878713942 659.7162633255347 603.1017145383953
215.0 52.42023450712574 635.8573150626257 583.4370805555
216.0 54.24021675494307 648.1131759126744 593.8729591577314
217.0 49.55056999108126 623.8063611485988 574.2557911575176
218.0 53.47877407564162 644.1010641548383 590.6222900791967
219.0 50.88682072439286 631.0416388921962 580.1548181678034
220.0 55.04615062871329 650.2947718156354 595.2486211869221
221.0 54.69202503142903 648.9289366189891 594.23691158756
222.0 50.50706591790867 627.8184160394076 577.3113501214989
223.0 54.04661602423952 647.0594682890477 593.0128522648082
224.0 47.16143195357155 613.7274024089542 566.5659704553827
225.0 55.5172949361178 653.6646331766842 598.1473382405664
226.0 53.10566581414233 641.8632018880558 588.7575360739135
227.0 53.06038242359663 642.1688294707942 589.1084470471976
228.0 52.28327458403335 637.4547979422307 585.1715233581974
229.0 50.31846749151886 628.7128161496706 578.3943486581518
230.0 46.09855629259453 610.5259396692638 564.4273833766693
231.0 50.82895346119597 631.0732154752416 580.2442620140456
232.0 49.4094018508464 625.2631660867142 575.8537642358678
233.0 48.11394917333568 617.8386827021656 569.7247335288299
234.0 51.39017680178331 634.2351997980336 582.8450229962503
235.0 53.4987194691667 645.9058585219738 592.4071390528071
236.0 49.81882743724524 627.3674662721882 577.548638834943
237.0 52.79323939094492 642.2038937940745 589.4106544031295
238.0 53.82797873238085 646.4103629114573 592.5823841790764
239.0 47.63939046611531 615.7408588623048 568.1014683961895
240.0 49.53959688450261 624.0232146967388 574.4836178122362
241.0 50.93385646879419 630.719040143718 579.7851836749238
242.0 49.00243923257347 622.7847059488725 573.782266716299
243.0 50.72407115067306 631.5200478155397 580.7959766648666
244.0 52.43669126612127 639.8799364877104 587.4432452215891
245.0 52.90976026121141 642.9109133701274 590.001153108916
246.0 45.72544608164802 607.7703683779113 562.0449222962633
247.0 49.91522709569497 627.0506533374498 577.1354262417548
248.0 51.12311790400041 633.9805939090741 582.8574760050737
249.0 46.01638986914869 610.6186951954366 564.6023053262879
250.0 50.12782929925722 629.1741132940914 579.0462839948341
251.0 50.54370835902388 633.915286338361 583.3715779793371
252.0 51.67340348438863 638.4573043618168 586.7839008774282
253.0 52.42726721995906 642.0994588041216 589.6721915841625
254.0 48.56461036404899 623.6237630948615 575.0591527308125
255.0 47.95079640262419 622.6781775290691 574.7273811264449
256.0 48.57321893231605 620.2346377138655 571.6614187815495
257.0 46.57708416057216 612.9903772346353 566.4132930740632
258.0 45.64640286179094 608.7213000043045 563.0748971425135
259.0 48.93896522754539 623.0506395989355 574.1116743713901
260.0 50.61100146925574 634.2410713857618 583.630069916506
261.0 46.97744572550067 615.5796610203453 568.6022152948447
262.0 45.21355768424071 606.2333073273661 561.0197496431253
263.0 46.41006694734682 614.6582618851373 568.2481949377905
264.0 43.33584873749229 597.7442779806113 554.408429243119
265.0 47.75443280491576 621.0665199337327 573.312087128817
266.0 48.84481963618407 623.9834017604617 575.1385821242776
267.0 46.55401558710069 612.9859870670673 566.4319714799666
268.0 45.61482943846038 608.6711479655458 563.0563185270855
269.0 47.02294494291293 614.9872709938828 567.9643260509699
270.0 42.37760880043227 593.7990526063445 551.4214438059122
271.0 48.08359442629834 618.4340163127997 570.3504218865013
272.0 47.73813442213618 620.4265169182688 572.6883824961326
273.0 46.65121674284121 616.4881869658264 569.8369702229852
274.0 43.80708704789438 599.9158492463158 556.1087621984215
275.0 44.96886638331109 607.3313056248989 562.3624392415878
276.0 41.86087075072162 592.3333372819473 550.4724665312257
277.0 44.28996813736548 601.8035168666152 557.5135487292498
278.0 46.61297461971135 612.9065312813334 566.2935566616221
279.0 45.31699856815817 610.3447358881633 565.0277373200051
280.0 44.75460349724459 607.8105490992612 563.0559456020166
281.0 44.12112274989432 603.7911041526073 559.669981402713
282.0 45.60210738555379 609.6000639901653 563.9979566046115
283.0 40.94367733321776 587.81183701984 546.8681596866222
284.0 43.73841900421683 600.6922857806618 556.9538667764449
285.0 45.93464002237221 611.9587540951725 566.0241140728003
286.0 44.28445490491276 605.5281831130472 561.2437282081344
287.0 43.4559458699134 600.9586525188743 557.5027066489609
288.0 43.24933324895885 598.8776443348661 555.6283110859072
289.0 40.79516446565331 590.3404834434784 549.5453189778251
290.0 44.83750344592226 609.6453184714114 564.8078150254891
291.0 42.71854046559539 597.1362089095065 554.4176684439112
292.0 40.46190442636588 585.8970786133332 545.4351741869673
293.0 39.03021781600658 579.8581332944523 540.8279154784457
294.0 43.45963658203625 602.1501924847782 558.6905559027419
295.0 42.76484848276642 597.3254699795466 554.5606214967802
296.0 36.64819137687798 569.7274386292584 533.0792472523805
297.0 42.34014370745512 599.0174584884468 556.6773147809917
298.0 43.0298687584707 600.4831864568793 557.4533176984086
299.0 41.88007418192138 592.2420744032133 550.3620002212919
300.0 39.49265874920381 582.10231020228 542.6096514530762
301.0 39.01190852355681 580.2686879202993 541.2567793967425
302.0 42.38718720435498 597.3901153609183 555.0029281565633
303.0 40.31804307110783 587.4687039200286 547.1506608489208
304.0 40.45183727679597 589.8387845081757 549.3869472313797
305.0 42.75598867076818 602.8808637826914 560.1248751119232
306.0 41.84376352996833 598.5171119286009 556.6733483986326
307.0 39.49823080420506 582.1064327057178 542.6082019015128
308.0 42.07149495688774 597.5865876845156 555.5150927276278
309.0 40.48172068568099 590.8373634527628 550.3556427670818
310.0 34.26149019852404 559.7286772330789 525.4671870345548
311.0 37.48860656917797 574.67228670427 537.1836801350921
312.0 40.49560332858102 590.0595277975183 549.5639244689373
313.0 36.58676472014846 570.4025551427742 533.8157904226258
314.0 38.39331331491647 580.5797850901547 542.1864717752382
315.0 40.22828282316415 588.4169351362801 548.188652313116
316.0 35.88921978541999 569.3177794097625 533.4285596243425
317.0 35.20380722633946 563.9921425565647 528.7883353302253
318.0 39.62396698092704 586.6731931144668 547.0492261335397
319.0 34.73450897459208 561.8452052603688 527.1106962857767
320.0 37.69089923589992 577.4882876510177 539.7973884151178
321.0 37.56163172877623 574.5080475761967 536.9464158474205
322.0 31.38199243263979 548.0111388276035 516.6291463949637
323.0 33.45169235883598 558.6122410881694 525.1605487293335
324.0 33.78353298730443 557.7593568874518 523.9758239001474
325.0 35.70400126671853 569.8095763643162 534.1055750975977
326.0 37.34128999952785 576.4335836715847 539.0922936720568
327.0 36.21645575141541 571.8765895057414 535.660133754326
328.0 34.92729441914058 565.4971280307832 530.5698336116426
329.0 36.57757667313006 574.620222792249 538.0426461191189
330.0 33.66570219834413 559.2852889841515 525.6195867858073
331.0 36.21831027410268 572.9676159604093 536.7493056863066
332.0 35.01046082774069 565.6783866352992 530.6679258075585
333.0 34.20768751400683 560.7609380016477 526.5532504876408
334.0 35.08247402628932 565.7557366180618 530.6732625917725
335.0 30.38526683759665 544.391098412208 514.0058315746113
336.0 32.8195273576403 554.0010341896579 521.1815068320176
337.0 28.532433909988 535.9084580865633 507.3760241765753
338.0 34.28310355153369 564.7199655860345 530.4368620345008
339.0 31.3942629050728 547.8597441727402 516.4654812676674
340.0 32.31002989892674 552.3808820160579 520.0708521171312
341.0 33.94605081868815 562.0728121881615 528.1267613694733
342.0 33.21515253013268 557.2865165639596 524.071364033827
343.0 33.6404219889527 559.7335858397187 526.093163850766
344.0 32.80199227655935 554.3938556427749 521.5918633662155
345.0 33.21213684867364 557.3781369972746 524.166000148601
346.0 31.18287978016983 549.6540746007378 518.4711948205679
347.0 31.23159567480725 550.6084030958128 519.3768074210056
348.0 33.61760184071954 560.1051380954139 526.4875362546943
349.0 32.41762078332773 555.8424958912395 523.4248751079118
350.0 29.95935860814318 542.015303091351 512.0559444832078
351.0 31.81007836582268 553.9198755360052 522.1097971701825
352.0 31.63099077294284 551.5944770331901 519.9634862602472
353.0 31.87645320131034 555.9200865748848 524.0436333735745
354.0 31.95561282504516 555.2921397342753 523.3365269092302
355.0 31.25934542172576 549.2872960778636 518.0279506561379
356.0 30.34880036780905 545.1977661690919 514.8489658012828
357.0 28.97242952398756 538.5420145918765 509.5695850678889
358.0 30.97239386877984 550.0254958029887 519.0531019342089
359.0 28.53341302302472 535.9469339388482 507.4135209158235
360.0 29.13354635250719 542.5152817441289 513.3817353916218
361.0 28.73679064210423 539.7694355904461 511.0326449483419
362.0 28.17206779908245 537.1894417855919 509.0173739865094
363.0 29.31381574852898 541.8330940066787 512.5192782581497
364.0 25.69011727794293 523.8374394045999 498.147322126657
365.0 29.7682596940343 546.9818052303529 517.2135455363186
366.0 26.63117482469641 527.9852951773664 501.35412035267
367.0 23.80742104362106 515.7408370700532 491.9334160264321
368.0 25.68109747763839 524.0022265046957 498.3211290270573
369.0 28.94048448013644 544.6221754442641 515.6816909641277
370.0 27.04679130031579 530.8472415806957 503.80045028038
371.0 28.17574214416849 538.6923472798516 510.5166051356831
372.0 27.22251716733849 533.2480925304284 506.0255753630899
373.0 27.57838799265169 536.9326098016949 509.3542218090432
374.0 27.55112451909758 536.2591842604375 508.70805974134
375.0 23.92556813611386 510.1811717825353 486.2556036464215
376.0 27.67305288386303 535.7754102994944 508.1023574156313
377.0 27.8076013203445 538.8658774270571 511.0582761067126
378.0 27.4112581922295 537.5845064586995 510.17324826647
379.0 27.26401441844098 536.25549948691 508.991485068469
380.0 26.84756450343446 533.8538042615417 507.0062397581073
381.0 27.43132445101156 538.2363623767123 510.8050379257007
382.0 25.16881318439642 525.90726773877 500.7384545543736
383.0 26.718491120131 533.1079524453458 506.3894613252148
384.0 26.58167137036497 532.8996524387775 506.3179810684126
385.0 26.43996325445498 532.9927644253647 506.5528011709097
386.0 24.20198963057234 519.0042808088988 494.8022911783265
387.0 26.55777620681958 535.8465125342091 509.2887363273896
388.0 24.42810581227325 522.0911271543645 497.6630213420912
389.0 24.81319745909011 525.0591696821002 500.2459722230101
390.0 24.62476708585619 523.9818010504306 499.3570339645744
391.0 25.08162457764885 528.9103207936814 503.8286962160325
392.0 24.91514479268773 525.3644159411609 500.4492711484732
393.0 24.02931009688148 522.367796853918 498.3384867570365
394.0 23.82821628014654 519.8511111662488 496.0228948861023
395.0 23.75299766895009 513.7050750827232 489.9520774137732
396.0 23.48492733261992 518.7894405489385 495.3045132163186
397.0 24.14953181544787 523.266775563273 499.1172437478251
398.0 23.38285946021092 514.7826020268886 491.3997425666777
399.0 23.16845130508013 515.9153735497262 492.7469222446461
400.0 21.45775919214398 502.4985651186615 481.0408059265175
401.0 23.57908171885714 522.9233041062674 499.3442223874103
402.0 22.3790804700202 515.1322595969131 492.7531791268929
403.0 23.04942690686594 518.1223236667103 495.0728967598444
404.0 22.71129616587108 511.1422154067348 488.4309192408638
405.0 22.44770872271154 517.2145672544211 494.7668585317095
406.0 21.9411110487934 510.2152780961023 488.2741670473089
407.0 21.40154535427012 509.4657308521677 488.0641854978976
408.0 22.65100578755915 517.9766904025659 495.3256846150068
409.0 22.0203416471567 513.3367295246511 491.3163878774944
410.0 22.30252256455548 517.7163276206724 495.4138050561169
411.0 21.75998410876318 513.8379249273967 492.0779408186336
412.0 21.61874852025817 515.8022762841988 494.1835277639406
413.0 20.9923394202741 502.3962538587563 481.4039144384822
414.0 21.73470763409994 514.7511033986537 493.0163957645538
415.0 21.44619679572477 509.9278556079183 488.4816588121935
416.0 21.50098258586293 515.5483524921816 494.0473699063187
417.0 20.57502123357914 500.2060961181516 479.6310748845725
418.0 17.04046649247065 478.040654029885 461.0001875374144
419.0 18.68062237989588 489.3596540986499 470.679031718754
420.0 19.18705822961944 492.6505568524947 473.4634986228753
421.0 21.20592037774272 515.008688308774 493.8027679310313
422.0 18.61543019535307 486.632396889162 468.016966693809
423.0 18.41761345156939 488.1662615244257 469.7486480728563
424.0 18.97773408430864 489.9880585676787 471.01032448337
425.0 13.05663230452829 453.7436859193696 440.6870536148413
426.0 18.15604067506687 485.4019699834206 467.2459293083537
427.0 20.26505881615208 507.7728445654021 487.50778574925
428.0 18.74690358397948 491.1356928980771 472.3887893140976
429.0 18.151331628028 485.7271315813271 467.5757999532991
430.0 19.6503525994961 501.4357237183166 481.7853711188205
431.0 16.28182487313872 474.3086788591064 458.0268539859677
432.0 16.26289266478801 474.5721249631198 458.3092322983318
433.0 17.16944942374561 481.7422658980311 464.5728164742855
434.0 16.94905292512367 479.7168461741741 462.7677932490504
435.0 14.20630656479306 462.3700642299316 448.1637576651385
436.0 14.87990655794055 466.072413580135 451.1925070221945
437.0 17.96403545075537 489.7156560091875 471.7516205584321
438.0 14.866390917788 466.3410993130694 451.4747083952814
439.0 16.80838567543621 480.9498567517324 464.1414710762961
440.0 15.98584663198652 477.0100073707901 461.0241607388036
441.0 17.23038586252843 486.6738986667505 469.4435128042221
442.0 14.22826059063343 462.1193193568734 447.8910587662399
443.0 13.71054978933335 461.6176579205673 447.9071081312339
444.0 16.26521460499979 478.9971570201017 462.7319424151019
445.0 14.21551309630408 462.4400824117011 448.224569315397
446.0 15.087055288545 471.7086207745776 456.6215654860326
447.0 14.93068097131786 469.8900286066109 454.9593476352931
448.0 10.17466753516326 427.7414381553399 417.5667706201766
449.0 12.49777841131728 450.612409841863 438.1146314305457
450.0 16.0231619082465 478.2353796180999 462.2122177098534
451.0 14.04811832429711 467.9048467455899 453.8567284212928
452.0 13.28468044890216 461.1956309659474 447.9109505170452
453.0 10.74549069350805 434.2194834673129 423.4739927738049
454.0 11.28260823436128 441.5255808097184 430.2429725753571
455.0 11.43863555669784 443.7830722376589 432.344436680961
456.0 8.952355320145259 418.1349625738821 409.1826072537369
457.0 12.39396983034476 452.4530156323858 440.059045802041
458.0 8.146862000203555 406.1128448982174 397.9659828980139
459.0 8.476539254270199 410.9923545097556 402.5158152554854
460.0 10.66144348823885 436.0850449775652 425.4236014893264
461.0 9.142238258588359 423.4428277201566 414.3005894615682
462.0 11.59089518841823 447.5494158042064 435.9585206157882
463.0 10.99312794703393 440.9357472459373 429.9426192989034
464.0 9.619748864642655 428.1038844532639 418.4841355886213
465.0 9.387060341617693 428.7098085076908 419.3227481660731
466.0 10.18759064762468 439.6962699558114 429.5086793081867
467.0 8.876662429967663 422.7596468577964 413.8829844278288
468.0 7.565897881136113 409.2411216326275 401.6752237514914
469.0 8.297005637678642 420.1181190059396 411.8211133682609
470.0 9.087503904072253 430.681972039482 421.5944681354097
471.0 8.614355961747446 425.106681952104 416.4923259903566
472.0 7.39724015928482 405.6711240635489 398.2738839042641
473.0 6.350823662666356 387.8139806621288 381.4631569994624
474.0 7.640763574294764 410.1970622849138 402.5562987106191
475.0 6.324542269938521 388.5696182595231 382.2450759895846
476.0 7.29868032780473 413.9237888870452 406.6251085592405
477.0 7.772600012458392 416.7203166946006 408.9477166821422
478.0 7.615261054688862 416.9621485699993 409.3468875153105
479.0 6.093511312804695 393.1887279004045 387.0952165875998
480.0 6.322956047866944 405.9767461322313 399.6537900843644
481.0 4.813555110866901 362.512467296599 357.6989121857321
482.0 5.623732670583325 383.5070167427669 377.8832840721835
483.0 6.198696364997195 404.7473797071214 398.5486833421242
484.0 5.523673561089567 391.7272052501318 386.2035316890422
485.0 4.984563412354948 382.1000604872103 377.1154970748554
486.0 4.518211301484194 372.458893792446 367.9406824909618
487.0 5.407925287051313 393.4545709704107 388.0466456833594
488.0 5.391807492943726 397.2961804124409 391.9043729194972
489.0 4.887835939609583 392.1652651053948 387.2774291657852
490.0 5.105262584371391 395.3415828176256 390.2363202332542
491.0 5.369110666470898 400.0120390871073 394.6429284206364
492.0 3.903055112648483 360.1801263352466 356.2770712225981
493.0 3.964689504103157 377.2072969221956 373.2426074180925
494.0 3.655426371445381 370.8855724927576 367.2301461213122
495.0 4.065861763489045 369.7935623997945 365.7277006363054
496.0 3.579951004571343 370.4003304266223 366.820379422051
497.0 3.877084292262927 379.8389345887835 375.9618502965205
498.0 3.758798784172961 372.8846059427519 369.1258071585789
499.0 3.537681158182362 367.2699269706791 363.7322458124967
500.0 3.281795233952593 365.2172380193017 361.9354427853491
501.0 2.996798101777288 358.6469362821114 355.6501381803341
502.0 3.289747714057597 370.9150477479131 367.6253000338555
503.0 3.122310934010236 373.8068367759426 370.6845258419324
504.0 2.747975082924856 369.5618864448216 366.8139113618968
505.0 2.453194802375185 357.2995992304463 354.8464044280711
506.0 2.627013781455835 367.0615088112304 364.4344950297746
507.0 2.647120743105338 363.0815294672896 360.4344087241842
508.0 2.169639004592029 359.3933601357206 357.2237211311285
509.0 2.165900664429037 355.0148601942986 352.8489595298695
510.0 2.311687267094103 362.5448390993607 360.2331518322666
511.0 2.075081821172709 362.1444374020356 360.0693555808629
512.0 1.983034922146644 360.1367179929123 358.1536830707657
513.0 1.750849699778373 354.6790046504878 352.9281549507094
514.0 1.666031976195361 355.4098693064809 353.7438373302855
515.0 1.603142311633963 352.8650786505539 351.26193633892
516.0 1.51583120837201 352.0919643015322 350.5761330931602
517.0 1.418155269470296 352.0424228287745 350.6242675593042
518.0 1.387345825420528 354.0387181723257 352.6513723469051
519.0 1.262905010829709 348.7714133258539 347.5085083150242
520.0 1.149754517552602 350.5422121154957 349.3924575979431
521.0 1.009988336307915 347.0474291997901 346.0374408634822
522.0 1.027202015947369 347.8372863549169 346.8100843389696
523.0 0.9116385038036444 349.9087298915995 348.9970913877958
524.0 0.9337246478792236 348.7881948442427 347.8544701963635
525.0 0.8230032802195462 347.4925994842984 346.6695962040789
526.0 0.7059317314387623 345.7157066839201 345.0097749524813
527.0 0.6252299322982328 345.4593791218945 344.8341491895963
528.0 0.587581857068717 343.0382617729078 342.4506799158391
529.0 0.4843192431191947 343.7146431382001 343.2303238950809
530.0 0.4404535102277083 341.0721161714839 340.6316626612562
531.0 0.4331427505513738 343.1848251546999 342.7516824041486
532.0 0.3669567148666349 341.2578424497953 340.8908857349287
533.0 0.2288876191851804 340.7019584282303 340.4730708090451
534.0 0.2597559809031892 338.5989851953788 338.3392292144756
535.0 0.1755793070258404 337.971348467644 337.7957691606181
536.0 0.2474814422435246 338.3249082200464 338.0774267778029
537.0 0.1017613254606185 336.7434479945269 336.6416866690663
538.0 0.130992342305045 335.8927030784252 335.7617107361202
539.0 0.09938502915951211 336.1213008018085 336.021915772649
540.0 0.05918074070828355 333.2088677651046 333.1496870243963
541.0 0 333.4274458071521 333.4274458071521
542.0 0.0117538579450587 333.192072651519 333.180318793574
543.0 0.03355884313618052 330.7445127892568 330.7109539461207
544.0 0.01069030993775971 329.3845354177325 329.3738451077948
545.0 0.04543972546688935 329.6035636903066 329.5581239648397
546.0 0.05182833380999982 329.8333770244604 329.7815486906504
547.0 0.006585759814473485 327.7389791366424 327.7323933768279
548.0 0.0715413702484462 328.9653249876407 328.8937836173923
549.0 0.1042344114312749 326.2383744560069 326.1341400445756
550.0 0.1449541519275842 324.1762732927537 324.0313191408262
551.0 0.1759874923914473 325.4357013297492 325.2597138373577
552.0 0.1625121927835282 323.8783789385465 323.715866745763
553.0 0.2670087174254405 321.2928874446689 321.0258787272434
554.0 0.2778707077571389 323.4711445541422 323.1932738463851
555.0 0.407911449183594 321.3651500898807 320.9572386406971
556.0 0.393631883982845 320.220793322586 319.8271614386032
557.0 0.475489915491785 320.0819238545361 319.6064339390444
558.0 0.595498916276686 318.0050492179547 317.409550301678
559.0 0.6176336564108263 318.4285502305768 317.810916574166
560.0 0.8011882804022105 316.5038487302129 315.7026604498107
561.0 0.7849245660708218 315.1909822202159 314.4060576541451
562.0 0.9655842519828761 313.8072510891941 312.8416668372112
563.0 1.107535783382027 314.5338328273509 313.4262970439689
564.0 1.305127732573341 314.3120133793809 313.0068856468075
565.0 1.415071861966608 314.4358685740866 313.02079671212
566.0 1.59799870407623 312.2918457381418 310.6938470340656
567.0 1.680961153306336 312.4979812889983 310.8170201356919
568.0 1.968941290575699 308.6391719089519 306.6702306183762
569.0 2.063432086096466 307.5343115230557 305.4708794369593
570.0 2.231581538987931 305.7626237829981 303.5310422440102
571.0 2.392180804421718 315.0198121366495 312.6276313322278
572.0 2.588814744885093 305.1778301814098 302.5890154365247
573.0 2.898552259160047 308.3673175401729 305.4687652810129
574.0 3.173113433019351 311.8441773856081 308.6710639525887
575.0 3.372772636872792 316.0090855729946 312.6363129361218
576.0 3.829092471642308 290.9746962340173 287.145603762375
577.0 4.195129946516439 294.1202066062785 289.9250766597621
578.0 4.121275605278247 318.7674781312973 314.6462025260191
579.0 4.672422119590709 316.4390676540515 311.7666455344608
580.0 6.761345873839259 258.399962077784 251.6386162039447
581.0 5.322846741614112 294.5358950327785 289.2130482911643
582.0 6.237213736076737 276.0910966924341 269.8538829563573
583.0 7.548146531555766 259.1836730464323 251.6355265148766
584.0 9.164875543031261 250.9707110001542 241.8058354571229
585.0 12.43869636935347 223.8130309919443 211.3743346225908
586.0 11.86529311029766 226.3572131203895 214.4919200100918
587.0 11.85187980553178 231.5267428449984 219.6748630394667
588.0 12.07728358294678 229.25018370836 217.1729001254132
591.0 15.86500902926001 205.722137 189.85712797074
