0.0 75.43436825995631 755.8151744631631 680.3808062032068
1.0 71.46910827557928 736.480804516673 665.0116962410938
2.0 69.88613945184444 733.4899122836271 663.6037728317826
3.0 67.36532126579987 717.9160061317067 650.5506848659069
4.0 70.67578354062906 740.7399208800794 670.0641373394503
5.0 68.99095928950193 729.022300688737 660.031341399235
6.0 67.22788341633672 720.0476480294582 652.8197646131215
7.0 65.95915563127506 712.597128628476 646.6379729972009
8.0 66.21262487227613 716.3833201882389 650.1706953159628
9.0 66.85144732953426 722.5123976609683 655.660950331434
10.0 66.16049414326863 719.5080777189347 653.347583575666
11.0 65.36778870530234 712.3205448276728 646.9527561223704
12.0 64.11058203587368 704.870581529867 640.7599994939933
13.0 64.11716998572443 704.8202339973826 640.7030640116581
14.0 64.48069450985064 710.4250924065027 645.9443978966521
15.0 63.9932225514524 705.8605868676319 641.8673643161795
16.0 65.38982815870991 718.9683674785513 653.5785393198414
17.0 63.14457833768895 701.5266943158756 638.3821159781866
18.0 64.23744262579335 709.8015328841505 645.5640902583572
19.0 64.50043396027118 713.2315357206511 648.7311017603799
20.0 63.27791966002164 705.1631855826729 641.8852659226512
21.0 62.26259004832167 697.0434275766706 634.7808375283489
22.0 64.22354817864067 712.0237565821225 647.8002084034818
23.0 63.7809618592491 709.4285756549756 645.6476137957265
24.0 57.75939662442267 675.9203164635633 618.1609198391406
25.0 62.94113513133335 703.3334041583526 640.3922690270193
26.0 62.73465516241494 704.1091619466742 641.3745067842592
27.0 61.77220195234279 695.240147952407 633.4679460000642
28.0 63.23870155438802 705.4868635280225 642.2481619736344
29.0 62.81316129118256 703.4290887007507 640.6159274095682
30.0 63.80050989395354 711.6240774446831 647.8235675507296
31.0 63.35924399793478 709.1810814114775 645.8218374135427
32.0 62.85606884158705 704.5853937868109 641.7293249452238
33.0 62.01081368907835 701.9424369684055 639.9316232793271
34.0 62.35086367002964 702.0326365684641 639.6817728984345
35.0 61.79162108603718 695.4426949141136 633.6510738280765
36.0 60.4725990797241 688.5879412717248 628.1153421920007
37.0 61.93617175554837 702.3123655649494 640.376193809401
38.0 58.6723467346535 679.9932895193923 621.3209427847388
39.0 61.30221090432153 698.082747356193 636.7805364518715
40.0 60.02637440846066 686.3732553295822 626.3468809211216
41.0 61.68621788994982 696.7178563338065 635.0316384438567
42.0 60.97839813900897 695.8396161476889 634.8612180086799
43.0 61.55719920324174 700.187556450559 638.6303572473173
44.0 59.44814348753365 685.2149553620679 625.7668118745342
45.0 59.53332427366533 684.9947700338846 625.4614457602193
46.0 60.62285587519527 693.3785461053545 632.7556902301593
47.0 59.85706355026463 688.0272088869604 628.1701453366958
48.0 59.795795792356 688.5155479270763 628.7197521347203
49.0 61.40322582984806 698.6477460372389 637.2445202073909
50.0 60.26949086575356 691.9132393294853 631.6437484637317
51.0 60.07774223584703 690.3205814761645 630.2428392403175
52.0 60.83584438063304 697.051209678319 636.2153652976859
53.0 59.59165824542877 687.9230277202321 628.3313694748034
54.0 60.23613360298661 693.3692234630685 633.1330898600819
55.0 61.55502811880415 703.876940857535 642.3219127387309
56.0 56.83562704460661 672.156018400957 615.3203913563504
57.0 61.12840824535148 698.4250297320254 637.2966214866739
58.0 61.08710313814027 701.8804469843494 640.7933438462091
59.0 59.53225666425605 690.7115348500516 631.1792781857956
60.0 59.4921979123156 689.1490918681348 629.6568939558192
61.0 60.15604417952001 691.882200344722 631.7261561652019
62.0 59.28887383049039 689.4563921824835 630.1675183519931
63.0 59.17033814848958 688.1591721379845 628.9888339894949
64.0 57.63169316110228 678.8097433361395 621.1780501750373
65.0 58.8409762392196 685.4638168361733 626.6228405969537
66.0 59.84809441895373 692.7176576632411 632.8695632442873
67.0 59.21952929107599 690.2305503161017 631.0110210250257
68.0 58.89608182636928 684.8839025415352 625.9878207151659
69.0 58.49413140402935 682.2274921070533 623.733360703024
70.0 59.76995840944802 693.7130743908389 633.9431159813909
71.0 56.7906143068558 672.8236392778416 616.0330249709858
72.0 58.61400283191934 681.3463561882338 622.7323533563145
73.0 56.33785961775286 670.767157043882 614.4292974261292
74.0 56.69773084883169 673.7688821709351 617.0711513221034
75.0 59.73553032696023 694.1062453758291 634.3707150488689
76.0 58.32350249080119 682.8819300183805 624.5584275275793
77.0 58.02038361145411 680.6337808224848 622.6133972110307
78.0 58.15607704598776 683.4678640578766 625.3117870118888
79.0 58.55522081958826 686.4003993647026 627.8451785451143
80.0 57.90400318647625 681.1632902360701 623.2592870495939
81.0 58.28746867396536 683.8435786182839 625.5561099443186
82.0 59.1291569575879 691.2105952650243 632.0814383074364
83.0 57.957272715229 683.6464675283243 625.6891948130953
84.0 58.94053516278948 688.4253948477155 629.484859684926
85.0 57.08315384659862 676.1658080388008 619.0826541922021
86.0 57.82316768376814 681.9715072873288 624.1483396035607
87.0 57.50803721967862 678.9198415840562 621.4118043643776
88.0 57.99312311893561 680.9224488023032 622.9293256833676
89.0 57.5042054465159 677.7302955611107 620.2260901145948
90.0 57.54931492994195 680.0973426425223 622.5480277125803
91.0 57.22364096680083 675.332330992532 618.1086900257312
92.0 55.8304021541386 669.3016826912884 613.4712805371498
93.0 55.92368600742419 668.2865916151826 612.3629056077584
94.0 56.35099321067644 670.8575054457474 614.506512235071
95.0 57.51890375449268 681.699282580023 624.1803788255304
96.0 56.12151219217876 672.3009213342133 616.1794091420346
97.0 56.97238274746784 678.8836310778908 621.9112483304229
98.0 54.94882857469216 664.7358245777007 609.7869960030086
99.0 57.56576601418715 681.1109279663435 623.5451619521564
100.0 55.90137270144565 668.6799350247213 612.7785623232756
101.0 54.0416910260917 660.6371776117913 606.5954865856996
102.0 55.31490079249173 667.502172555199 612.1872717627073
103.0 57.56299515027499 680.9999337181023 623.4369385678273
104.0 58.73177010201496 688.7186990996971 629.9869289976822
105.0 57.86404286787923 680.8458002529176 622.9817573850384
106.0 56.97744973900641 677.2932125460236 620.3157628070172
107.0 58.73557535079159 688.9795252327262 630.2439498819347
108.0 57.44024461992402 678.7513098500806 621.3110652301566
109.0 57.18980259842283 678.3424085827244 621.1526059843015
110.0 57.38853028147917 678.7214087211562 621.332878439677
111.0 54.56990558936452 661.8479760004438 607.2780704110792
112.0 58.14064970461777 682.6848261249328 624.544176420315
113.0 57.18556351230934 675.3492166204691 618.1636531081598
114.0 58.27563294070192 682.8815048372204 624.6058718965185
115.0 54.56826641094837 661.9091136055899 607.3408471946415
116.0 58.60868748275509 687.260845191297 628.6521577085419
117.0 57.32513509617042 677.6568308090769 620.3316957129065
118.0 55.95099822246007 671.467013919851 615.5160156973909
119.0 55.58907316447613 668.7766090692352 613.1875359047591
120.0 55.00934734228527 664.1598462059951 609.1504988637098
121.0 56.77711968216932 672.9412057848942 616.1640861027249
122.0 57.31268283608427 679.6273420692559 622.3146592331716
123.0 56.35074938740906 670.6315584016031 614.2808090141941
124.0 56.25967989168607 671.0606206078378 614.8009407161517
125.0 55.98020293374784 671.4148049213341 615.4346019875863
126.0 55.01753562001987 664.0595289298333 609.0419933098135
127.0 57.27840337720544 678.6332496931749 621.3548463159695
128.0 56.83528681435594 672.1755130292744 615.3402262149184
129.0 56.18257910973009 671.6618672521924 615.4792881424623
130.0 57.6372777742387 677.8036123722862 620.1663345980475
131.0 57.2945209906409 679.0811383315892 621.7866173409483
132.0 58.8287473971058 687.504605991795 628.6758585946892
133.0 58.42844189444128 682.5091795697961 624.0807376753548
134.0 58.29515439022054 683.2107408133529 624.9155864231324
135.0 56.8131741041697 672.3318207374489 615.5186466332792
136.0 59.2401975599274 686.3976917771785 627.1574942172512
137.0 55.79709158299563 669.0312307304884 613.2341391474928
138.0 58.10262738290628 680.5979756560277 622.4953482731214
139.0 58.5765970743828 684.2854040153382 625.7088069409554
140.0 56.32844434356709 673.5924102232893 617.2639658797222
141.0 55.46027728950476 666.1977800989453 610.7375028094406
142.0 55.52332510264923 669.0364242614395 613.5130991587903
143.0 56.5896362681891 673.9380987798368 617.3484625116477
144.0 56.76040288617019 673.2422754848876 616.4818725987174
145.0 51.83943555508049 649.7235850192419 597.8841494641614
146.0 58.19509638950121 683.1583743965965 624.9632780070953
147.0 55.00228953601852 664.2330130788022 609.2307235427836
148.0 56.83829753498555 675.7519602521115 618.913662717126
149.0 54.67710228311762 664.7778829909757 610.1007807078581
150.0 50.01667969422527 641.7379913486143 591.721311654389
151.0 54.11590147162898 659.8163707147777 605.7004692431487
152.0 57.15293596840326 676.9999930356957 619.8470570672925
153.0 57.00186680845823 676.8071237492829 619.8052569408246
154.0 58.36385205724676 683.8079670103792 625.4441149531324
155.0 56.05193987462663 672.041196174225 615.9892562995984
156.0 55.76496287632197 669.5068980031082 613.7419351267862
157.0 53.20482668811703 655.7909271394882 602.5861004513711
158.0 52.7060887558892 654.4345229648584 601.7284342089692
159.0 57.21242886569368 680.668808554738 623.4563796890443
160.0 55.73402617170727 669.8991353681157 614.1651091964084
161.0 56.64677454926134 674.1363826225005 617.4896080732391
162.0 54.43778618073778 663.5658720641664 609.1280858834286
163.0 49.52299103900811 640.2146038790653 590.6916128400572
164.0 52.28172514997187 651.9858530830211 599.7041279330492
165.0 56.22580508221756 671.7353294878114 615.5095244055938
166.0 56.43252876663211 676.1548084914123 619.7222797247802
167.0 56.5818856912902 674.5377966717744 617.9559109804842
168.0 52.22087551683131 652.5589779277845 600.3381024109531
169.0 50.46905964166705 643.832901318327 593.3638416766599
170.0 56.42371718638388 676.0880516375515 619.6643344511676
171.0 54.51330434577203 662.7362092261398 608.2229048803678
172.0 54.81206725131551 668.8421586950339 614.0300914437184
173.0 53.19163385656973 656.0467664019105 602.8551325453408
174.0 52.66347817589976 655.9501510606277 603.2866728847279
175.0 48.65082924698123 635.7241363555977 587.0733071086164
176.0 52.80139435943953 657.4166412801288 604.6152469206893
177.0 55.5621195401866 670.9097153931595 615.3475958529729
178.0 52.15352611733026 653.0371383401699 600.8836122228396
179.0 53.84928389516474 663.6046978144003 609.7554139192355
180.0 52.79506894699965 657.9932861212241 605.1982171742245
181.0 52.5243654999035 655.0363548351047 602.5119893352012
182.0 54.56941336295337 668.1672797674808 613.5978664045274
183.0 49.55164715890427 639.9581255022218 590.4064783433175
184.0 55.38310027221982 667.5137029755454 612.1306027033256
185.0 46.70986558925049 628.5903624440347 581.8804968547842
186.0 51.30769927426031 648.8692596882574 597.5615604139971
187.0 53.37726346301788 660.5897124122284 607.2124489492105
188.0 49.83247387654116 643.2372559085555 593.4047820320143
189.0 47.28496215941621 629.7257781469377 582.4408159875215
190.0 51.69325356826074 651.0601630562402 599.3669094879795
191.0 49.0989285655943 637.9175065397197 588.8185779741254
192.0 52.67935815477551 654.9517703314161 602.2724121766406
193.0 52.23039259716824 652.9617058716917 600.7313132745234
194.0 46.36765953364586 625.8752011975312 579.5075416638853
195.0 52.32438725207003 657.0635200983778 604.7391328463078
196.0 50.8723010732707 646.6341253387634 595.7618242654927
197.0 52.94975101164839 659.2259694011799 606.2762183895315
198.0 50.32091455738486 645.7352965219703 595.4143819645854
199.0 50.67659411289417 648.1671884926085 597.4905943797143
200.0 51.75350333744398 651.0083810430898 599.2548777056458
201.0 45.42445137787006 622.2548449998149 576.8303936219448
202.0 52.61519435175014 655.6546157060573 603.0394213543071
203.0 48.63963800624396 636.0150283321688 587.3753903259249
204.0 51.01842788855833 650.4051404067856 599.3867125182273
205.0 53.02250680643395 660.5264239036571 607.5039170972231
206.0 49.09694175734876 637.964754919239 588.8678131618902
207.0 49.87641468710603 643.4295126503143 593.5530979632082
208.0 50.56501513019733 648.9280417502889 598.3630266200915
209.0 47.79954385987941 635.6387704411993 587.8392265813199
210.0 45.00623120644311 619.8183174381133 574.8120862316702
211.0 48.62579035566835 636.2490280420159 587.6232376863475
212.0 44.54766517495526 617.8686875885767 573.3210224136214
213.0 49.94501907732384 642.8453812006091 592.9003621232852
214.0 52.5340871075659 659.9080878578244 607.3740007502585
215.0 48.64321592016695 635.9300119344463 587.2867960142793
216.0 50.30127114657761 648.3664565348068 598.0651853882292
217.0 45.91498264659145 623.8537656808797 577.9387830342883
218.0 49.58969666552711 644.3726610460571 594.78296438053
219.0 47.15860634197295 631.3391084392014 584.1805020972284
220.0 51.08469998052474 650.7257735763598 599.6410735958351
221.0 50.7470901801486 649.2377149010684 598.4906247209198
222.0 46.82442499355667 627.8722555070996 581.0478305135429
223.0 50.12109792815938 647.2884823702862 597.1673844421268
224.0 43.64445616242453 613.7317600290643 570.0873038666397
225.0 51.51186606704758 654.0157560495972 602.5038899825496
226.0 49.24462699764919 642.2236059504241 592.9789789527749
227.0 49.19400217606376 642.5189404475162 593.3249382714524
228.0 48.47745964147288 637.807626830656 589.3301671891831
229.0 46.61870697837007 628.8264722237157 582.2077652453457
230.0 42.61377962790238 610.6232876038933 568.009507975991
231.0 47.10010378880797 631.2697899596415 584.1696861708335
232.0 45.74753984168591 625.534388549692 579.7868487080061
233.0 44.54796197335323 617.9011621929456 573.3532002195924
234.0 47.62163364108533 634.3926070511697 586.7709734100844
235.0 49.5820300739198 646.1980288098673 596.6159987359475
236.0 46.13130902566142 627.5819710685531 581.4506620428916
237.0 48.92289401137481 642.4633665152913 593.5404725039165
238.0 49.90812579038014 646.7642370751641 596.8561112847839
239.0 44.09871536572819 615.7562489354531 571.6575335697249
240.0 45.89993053627209 624.1494690542095 578.2495385179374
241.0 47.21116015467661 631.0437817268586 583.832621572182
242.0 45.37253197654322 623.0466594889988 577.6741275124556
243.0 46.98629528699012 631.7759645563649 584.7896692693748
244.0 48.59641536645377 640.1667535505483 591.5703381840945
245.0 49.02945063479569 643.2865416425819 594.2570910077862
246.0 42.27782577488524 607.8029934693969 565.5251676945116
247.0 46.23382307990698 627.2986850382205 581.0648619583135
248.0 47.35345957385899 634.2575592719218 586.9040996980628
249.0 42.52914945699931 610.6857165718342 568.1565671148348
250.0 46.41735754426686 629.380191478605 582.9628339343381
251.0 46.76722720756408 634.0478367939571 587.280609586393
252.0 47.84328496979543 638.7417811563849 590.8984961865895
253.0 48.55252233815704 642.4099853802807 593.8574630421236
254.0 44.91553039475222 623.8210689393615 578.9055385446093
255.0 44.30758664780896 622.7732183119343 578.4656316641254
256.0 44.97635544189652 620.4456073345002 575.4692518926036
257.0 43.06055167457432 613.250686311717 570.1901346371427
258.0 42.1814462832886 608.9541052263363 566.7726589430477
259.0 45.30394262448355 623.3201356321051 578.0161930076216
260.0 46.82996070821922 634.4523465722776 587.6223858640584
261.0 43.42664651881894 615.9186270791271 572.4919805603082
262.0 41.78089772104187 606.3753433057455 564.5944455847037
263.0 42.86638429934756 614.7735928110484 571.9072085117008
264.0 40.00583200905304 597.7600233005999 557.7541912915469
265.0 44.13259554266241 621.215111304351 577.0825157616886
266.0 45.19301447265648 624.3827959608008 579.1897814881443
267.0 43.03717234337284 613.2518162258328 570.21464388246
268.0 42.15062052920308 608.841965333078 566.6913448038749
269.0 43.48278819958446 615.2168882349523 571.7341000353678
270.0 39.09337344607244 593.838693014274 554.7453195682015
271.0 44.50637044003895 618.7181599690029 574.2117895289639
272.0 44.12430348874207 620.7857259372372 576.6614224484952
273.0 43.08292251692034 616.6279491987517 573.5450266818314
274.0 40.45031900615648 600.0141163255823 559.5637973194258
275.0 41.51519260653487 607.5193541249339 566.004161518399
276.0 38.59033129228638 592.4943781341617 553.9040468418753
277.0 40.91192121050122 601.8560110000282 560.944089789527
278.0 43.09745302757637 613.2850922902191 570.1876392626427
279.0 41.82128629192858 610.6709490650579 568.8496627731293
280.0 41.28987168432472 608.0503746708853 566.7605029865606
281.0 40.70726621444223 604.192828277904 563.4855620634617
282.0 42.12108760057184 610.0840033519483 567.9629157513765
283.0 37.72942819658045 587.8606610482265 550.1312328516461
284.0 40.36756059957901 600.9359408005573 560.5683802009783
285.0 42.42266969512739 612.4133171150106 569.9906474198832
286.0 40.8477061746238 605.7559628842592 564.9082567096354
287.0 40.07709088747208 601.1422943987159 561.0652035112438
288.0 39.89845081011542 599.1781159615006 559.2796651513852
289.0 37.53940323391323 590.4317709185078 552.8923676845946
290.0 41.34545942159322 609.9351839136141 568.5897244920209
291.0 39.38626275304467 597.4385480539472 558.0522853009025
292.0 37.26946474762053 585.9783734895812 548.7089087419607
293.0 35.90880185739185 579.9194585294995 544.0106566721076
294.0 40.06131580555474 602.4906382529046 562.4293224473499
295.0 39.42900271071993 597.8147348822583 558.3857321715383
296.0 33.64639128359881 569.7325391391109 536.0861478555121
297.0 38.97276447508887 599.3583470602807 560.3855825851918
298.0 39.64973779911381 600.9363622406337 561.2866244415198
299.0 38.61073910080877 592.4759245506922 553.8651854498834
300.0 36.34330686871111 582.2351998848152 545.8918930161041
301.0 35.88267996386173 580.4973827433232 544.6147027794615
302.0 39.04641321060899 597.6254899146682 558.5790767040592
303.0 37.09718678084595 587.8193187564832 550.7221319756373
304.0 37.19730535188055 590.0914009212403 552.8940955693597
305.0 39.33511271279561 603.2846514897414 563.9495387769458
306.0 38.47728218029895 598.7494249215443 560.2721427412454
307.0 36.348526375528 582.2936112274556 545.9450848519276
308.0 38.71907470201184 598.3171618935479 559.598087191536
309.0 37.21132629533828 591.216680988519 554.0053546931807
310.0 31.37679512055594 559.7342473117839 528.357452191228
311.0 34.42259802922965 574.8200943482442 540.3974963190145
312.0 37.23716307125774 590.4736872802272 553.2365242089695
313.0 33.57262362328688 570.544092135078 536.9714685117912
314.0 35.25013277770166 580.7584655503167 545.5083327726151
315.0 36.9899119612032 588.9765228417563 551.9866108805531
316.0 32.88084851447664 569.4822726915223 536.6014241770456
317.0 32.26727373122114 564.1000326927419 531.8327589615208
318.0 36.40333063627523 587.2049847378663 550.801654101591
319.0 31.82407062523323 561.9153332718058 530.0912626465726
320.0 34.58333830529098 577.8198162559334 543.2364779506424
321.0 34.49832778597065 574.7892486464373 540.2909208604667
322.0 28.6326934015736 548.0944103266977 519.4617169251241
323.0 30.57108783610564 558.7028973936755 528.1318095575699
324.0 30.92160767469112 557.790124855775 526.8685171810839
325.0 32.68431499443076 570.0966068482691 537.4122918538383
326.0 34.24334311498148 576.9264101016584 542.6830669866769
327.0 33.17211136371948 572.2656580789086 539.0935467151891
328.0 31.96232735565035 565.74136319107 533.7790358354196
329.0 33.49608472568002 575.0738616083726 541.5777768826926
330.0 30.77603926769361 559.6440288377309 528.8679895700373
331.0 33.15651979215515 573.4444951597963 540.2879753676411
332.0 32.04330404909136 566.012719303568 533.9694152544766
333.0 31.30366393607402 561.1251371935951 529.8214732575211
334.0 32.11343184352335 566.3394578033692 534.2260259598458
335.0 27.67596629575397 544.5221089639458 516.8461426681918
336.0 29.99979247557196 554.1427031915278 524.1429107159558
337.0 25.92561900444512 535.9749903643028 510.0493713598577
338.0 31.31877545226457 565.1512282301518 533.8324527778872
339.0 28.6476080469519 547.9278592176115 519.2802511706596
340.0 29.50698772349856 552.5732830979922 523.0662953744936
341.0 31.01757653234058 562.4651197953762 531.4475432630356
342.0 30.34835160874584 557.7807541614471 527.4324025527013
343.0 30.74234231258873 560.2473333994811 529.5049910868924
344.0 29.97472415178747 554.7045861142178 524.7298619624304
345.0 30.34359200961331 557.9118764468423 527.568284437229
346.0 28.4035957937995 549.9570657604691 521.5534699666696
347.0 28.43931122489105 550.7894856291807 522.3501744042897
348.0 30.71258195695168 560.7386052986455 530.0260233416938
349.0 29.56115459666148 556.2818650112545 526.720710414593
350.0 27.2799162591827 542.1714724555707 514.891556196388
351.0 28.97484665973909 554.2225710088507 525.2477243491116
352.0 28.8280815322922 551.9940070391042 523.165925506812
353.0 29.00964654552055 556.4572607742692 527.4476142287487
354.0 29.09978172052846 555.8196320284677 526.7198503079393
355.0 28.48604617477113 549.7115124816344 521.2254663068633
356.0 27.62448146218095 545.6087856633544 517.9843042011735
357.0 26.33029776808442 538.8243784568662 512.4940806887818
358.0 28.18281472864864 550.5158142900021 522.3329995613535
359.0 25.92565301220322 536.0670329996963 510.1413799874931
360.0 26.43130577017349 542.9877066249537 516.5564008547802
361.0 26.07164960777393 540.1146990843075 514.0430494765336
362.0 25.53851667863547 537.4585674739321 511.9200507952966
363.0 26.62463245767885 542.3378664975908 515.7132340399119
364.0 23.22530958419605 523.9018545908815 500.6765450066855
365.0 27.00766990118221 547.3726727627328 520.3650028615506
366.0 24.11657110530493 528.1136359522974 503.9970648469925
367.0 21.43856642684167 515.7555703488401 494.3170039219984
368.0 23.21322865256545 524.1194799021896 500.9062512496242
369.0 26.20442667891326 544.8854336525658 518.6810069736525
370.0 24.49297369769029 531.1882058540837 506.6952321563934
371.0 25.5174579019781 539.1807659743357 513.6633080723576
372.0 24.63459037009774 533.5742392261687 508.939648856071
373.0 24.93824801815156 537.3857066698558 512.4474586517043
374.0 24.92156146373346 536.6292249115553 511.7076634478219
375.0 21.64223452521318 510.4543604685813 488.8121259433681
376.0 25.05167028058209 536.3083829609054 511.2567126803233
377.0 25.14092736325647 539.3653209440098 514.2243935807533
378.0 24.75864977744728 538.0190835237009 513.2604337462536
379.0 24.62964078826269 536.6851390211016 512.055498232839
380.0 24.24356046226775 534.3088664977637 510.0653060354959
381.0 24.76881799447111 538.6978554486637 513.9290374541926
382.0 22.66232892013416 526.2151571591442 503.5528282390101
383.0 24.12286142903115 533.71085032545 509.5879888964189
384.0 23.98727002237001 533.4867268435109 509.4994568211409
385.0 23.84293052711246 533.4475056565325 509.60457512942
386.0 21.78605909659258 519.4214516965325 497.6353925999399
387.0 23.91825097979998 536.3517752099421 512.4335242301421
388.0 21.96787464352929 522.5440510260888 500.5761763825595
389.0 22.31212605921212 525.6563369097119 503.3442108504998
390.0 22.13943329883657 524.3065812930616 502.1671479942251
391.0 22.52639693178463 529.3772989000331 506.8509019682484
392.0 22.40948572021142 526.1575293748907 503.7480436546793
393.0 21.559504763431 522.7080108185219 501.1485060550909
394.0 21.39358697341425 520.2559819357508 498.8623949623365
395.0 21.40434711535266 515.1159074233591 493.7115603080065
396.0 21.06011537848948 519.3551055507072 498.2949901722177
397.0 21.6661252855286 523.8225709552049 502.1564456696763
398.0 21.01220915194404 516.1463190001041 495.1341098481601
399.0 20.7793134583174 516.9647801174795 496.1854666591621
400.0 19.25024063818699 503.367732018727 484.1174913805401
401.0 21.0932298842093 523.338622383318 502.2453924991087
402.0 19.99427673032079 515.5944394752696 495.6001627449488
403.0 20.62833444458785 518.6701602315187 498.0418257869309
404.0 20.3851573019138 512.6581235382022 492.2729662362884
405.0 20.03179536271562 517.6934628660956 497.66166750338
406.0 19.62075276085914 511.2691893467156 491.6484365858565
407.0 19.08437586424332 510.5087136788791 491.4243378146358
408.0 20.22523434155484 518.624330536599 498.3990961950442
409.0 19.65572601777535 514.0542108573028 494.3984848395275
410.0 19.87295059193276 518.6682999522064 498.7953493602737
411.0 19.38420844500062 514.4813722295969 495.0971637845962
412.0 19.21202777828616 516.2506037029847 497.0385759246986
413.0 18.77309861581668 504.0925047944554 485.3194061786387
414.0 19.34416239220307 515.4385806561168 496.0944182639138
415.0 19.12235117154841 511.023334729451 491.9009835579025
416.0 19.09630124868017 516.0057786067364 496.9094773580562
417.0 18.38277817701166 501.9448963021885 483.5621181251768
418.0 15.14615437068639 478.2495015295553 463.1033471588689
419.0 16.63475867585226 489.9403474323074 473.3055887564551
420.0 17.09474341183543 493.7257669830529 476.6310235712174
421.0 18.80360846225048 515.6458637553241 496.8422552930737
422.0 16.60973957873557 487.3357923893101 470.7260528105745
423.0 16.38448666964701 488.9615769106443 472.5770902409973
424.0 16.92141810966245 491.3178004572705 474.3963823476081
425.0 11.47613901503877 453.765358554459 442.2892195394203
426.0 16.1604996432069 486.3392464693635 470.1787468261566
427.0 17.95358567539264 509.1905005601481 491.2369148847555
428.0 16.66942447353859 492.4455840334076 475.776159559869
429.0 16.14958042403098 486.8180643607504 470.6684839367194
430.0 17.42405879623405 503.2685236093227 485.8444648130886
431.0 14.4316499160066 474.7519780652849 460.3203281492783
432.0 14.4081513332128 475.0417111310601 460.6335597978473
433.0 15.21708489270455 482.386762362754 467.1696774700495
434.0 15.02285666663008 480.5796658814259 465.5568092147958
435.0 12.50905174711767 462.6330210700036 450.1239693228859
436.0 13.13614018863922 466.3325739515561 453.1964337629168
437.0 15.89710424802663 490.9261509097494 475.0290466617227
438.0 13.11755880867095 466.7020269354598 453.5844681267889
439.0 14.85993158371551 481.9600714172829 467.1001398335674
440.0 14.08732888716186 477.7407079937524 463.6533791065905
441.0 15.1995821407373 487.7835963702066 472.5840142294693
442.0 12.5348109801221 462.4501395555981 449.915328575476
443.0 12.0164764707293 461.9807836439847 449.9643071732554
444.0 14.33906127314071 479.9272186907493 465.5881574176085
445.0 12.51592096411578 462.9099509817175 450.3940300176017
446.0 13.25845330835414 472.1503850077203 458.8919316993662
447.0 13.12644576166967 470.4981121444871 457.3716663828174
448.0 8.949779175775159 427.7792592405768 418.8294800648016
449.0 10.95337370617572 451.1273719824529 440.1739982762772
450.0 14.10122283107175 479.6708765407153 465.5696537096435
451.0 12.26103487134523 468.4755624485399 456.2145275771947
452.0 11.58812091162689 461.8844863699828 450.2963654583559
453.0 9.426620277227625 434.7108580483161 425.2842377710885
454.0 9.857815048180934 442.2362313932201 432.3784163450391
455.0 9.982178157891714 444.403247470576 434.4210693126843
456.0 7.84913824851726 419.1888231871421 411.3396849386248
457.0 10.81563709277981 453.507803119853 442.6921660270732
458.0 7.220908172963322 406.5359628873736 399.3150547144103
459.0 7.477587673224592 411.8285118012933 404.3509241280687
460.0 9.307448252766203 437.2720079309701 427.9645596782039
461.0 7.958581332320778 424.7348786829364 416.7762973506156
462.0 10.07384591892299 448.8442695527617 438.7704236338387
463.0 9.569363119074208 442.1402411734988 432.5708780544246
464.0 8.36670119524905 430.076796926959 421.71009573171
465.0 8.126864469124947 429.8798772527695 421.7530127836446
466.0 8.770973051106302 440.8060785258436 432.0351054747373
467.0 7.697848242222923 424.2525896336183 416.5547413913953
468.0 6.573994145533641 410.8640272160905 404.2900330705569
469.0 7.149501005726645 421.6686799852616 414.5191789795349
470.0 7.792375761280788 431.8333400802224 424.0409643189416
471.0 7.398514566719247 426.1610781760836 418.7625636093644
472.0 6.447145373680042 408.7658398855396 402.3186945118596
473.0 5.665916307413685 390.1484843032532 384.4825679958396
474.0 6.629714850926029 412.5826708474803 405.9529559965542
475.0 5.625461566002196 391.1793602845374 385.5538987185352
476.0 6.229908883306783 415.631827878375 409.4019189950682
477.0 6.662716062370338 419.135288681033 412.4725726186626
478.0 6.506883807167591 418.3568432463886 411.849959439221
479.0 5.311805941971401 396.7721389375027 391.4603329955313
480.0 5.359309531173807 407.9814192068587 402.6221096756849
481.0 4.481203087491268 366.926297809476 362.4450947219847
482.0 4.97421499722575 388.5762389377114 383.6020239404857
483.0 5.250583499024219 406.9477093078062 401.697125808782
484.0 4.757444492432769 395.0201121409781 390.2626676485454
485.0 4.341501885367022 387.7204301964204 383.3789283110534
486.0 4.015809754146258 378.2333977370255 374.2175879828793
487.0 4.610837094154073 397.1407465286383 392.5299094344843
488.0 4.544660334516491 399.6877882160055 395.143127881489
489.0 4.111736942496395 394.5994109809637 390.4876740384673
490.0 4.275521218142983 398.7727707365802 394.4972495184372
491.0 4.479656550690501 402.4201012951453 397.9404447444548
492.0 3.572898572577622 367.4337074241024 363.8608088515248
493.0 3.383206826935739 382.5406378477213 379.1574310207855
494.0 3.166435756547013 376.2161636895675 373.0497279330205
495.0 3.561446362493097 380.226081583714 376.6646352212209
496.0 3.077990257504635 378.1914448569096 375.113454599405
497.0 3.257481749610964 384.6449225382202 381.3874407886092
498.0 3.210627602856525 381.9912174506592 378.7805898478027
499.0 3.05460063065427 378.3735300275895 375.3189293969353
500.0 2.829036350918854 375.807528265984 372.9784919150652
501.0 2.645696507075147 369.2207295252795 366.5750330182043
502.0 2.767633061508685 379.5879041184353 376.8202710569266
503.0 2.583916169932502 378.6098382072858 376.0259220373533
504.0 2.258782390750711 375.579629410608 373.3208470198573
505.0 2.11571488937938 367.4382920098063 365.3225771204269
506.0 2.170259385572842 373.5539801439209 371.383720758348
507.0 2.217373788580094 373.8052624345229 371.5878886459428
508.0 1.81301736025012 367.2927001192374 365.4796827589873
509.0 1.846120327717948 366.8398525975778 364.9937322698598
510.0 1.905038749269582 371.0715478208296 369.16650907156
511.0 1.686936109925394 368.5224041728176 366.8354680628922
512.0 1.604284645708053 369.0781071872888 367.4738225415808
513.0 1.448762360627492 364.0993882763516 362.6506259157241
514.0 1.349879748828691 364.9272557100043 363.5773759611756
515.0 1.322044444042342 362.9345791986328 361.6125347545904
516.0 1.249949227296061 361.6859513999238 360.4360021726278
517.0 1.15074120741724 361.5834142497241 360.4326730423068
518.0 1.096761440350838 362.5492743810125 361.4525129406616
519.0 1.035137356588521 359.3628343768423 358.3276970202538
520.0 0.9022638730049559 359.8889218795174 358.9866580065124
521.0 0.8165884342200193 356.2676711792944 355.4510827450744
522.0 0.8172795997834094 357.5683343420586 356.7510547422752
523.0 0.6735118295885348 358.8390119113983 358.1655000818097
524.0 0.7095116417829537 358.1829579932331 357.4734463514502
525.0 0.6136223405836368 357.257477111462 356.6438547708784
526.0 0.5240060616012215 355.2631425670063 354.7391365054051
527.0 0.4504295107481599 354.4079405300438 353.9575110192956
528.0 0.4490719664375168 352.2573437104889 351.8082717440514
529.0 0.3327951479271043 352.8873067802978 352.5545116323707
530.0 0.3259381281472807 350.7193788871074 350.3934407589602
531.0 0.2933299132974247 351.837329663311 351.5439997500136
532.0 0.2452946971568161 351.2139491374066 350.9686544402498
533.0 0.1230217009997726 349.4853155540351 349.3622938530353
534.0 0.1807546325744744 348.1759418193648 347.9951871867903
535.0 0.1081299029310197 347.129415650379 347.021285747448
536.0 0.1712273731334117 348.011274210979 347.8400468378456
537.0 0.05008508631623373 346.1419196539244 346.0918345676081
538.0 0.0889777893081112 345.8009257077968 345.7119479184887
539.0 0.06110620547806428 345.0050955541957 344.9439893487177
540.0 0.06546105031157534 342.1601723064945 342.094711256183
541.0 0 342.5100502781931 342.5100502781931
542.0 0.01290309272294674 342.6498421581629 342.6369390654399
543.0 0.07185890877480969 340.4214852492858 340.349626340511
544.0 0.07474535757461997 338.3397428158323 338.2649974582577
545.0 0.1039068983543699 338.8384962897548 338.7345893914004
546.0 0.1064377978575324 339.1062418916836 338.9998040938261
547.0 0.09300964983754922 337.0077277596892 336.9147181098516
548.0 0.1376285998828488 338.5039443170503 338.3663157171675
549.0 0.2143314191627214 335.6026022322241 335.3882708130613
550.0 0.2926221114052178 332.9532484432026 332.6606263317974
551.0 0.2981228158765857 334.9948849302237 334.6967621143471
552.0 0.3095295507351751 333.3140615799557 333.0045320292205
553.0 0.455419646647776 330.7312711314242 330.2758514847765
554.0 0.4325118685735446 332.8862700885346 332.453758219961
555.0 0.5977764794357393 330.7099817721519 330.1122052927162
556.0 0.5997832509235253 329.7627166006753 329.1629333497517
557.0 0.6871582256375568 329.24175511114 328.5545968855025
558.0 0.843111842360866 326.9023970701889 326.059285227828
559.0 0.8568831780084922 327.6398575646438 326.7829743866353
560.0 1.068380051312008 326.5043398210923 325.4359597697803
561.0 1.08273428409835 323.6847312344948 322.6019969503964
562.0 1.288378271931472 322.1764612022783 320.8880829303468
563.0 1.415565949330517 323.5345110252795 322.118945075949
564.0 1.608540682599361 324.8053090625013 323.1967683799019
565.0 1.728874699428489 323.4485142365528 321.7196395371243
566.0 1.931395501659444 323.7816681704007 321.8502726687412
567.0 2.023592258361516 322.3406168503036 320.3170245919421
568.0 2.390708466110258 316.360781159302 313.9700726931917
569.0 2.475740936839548 319.5166060254512 317.0408650886116
570.0 2.672988824804642 317.588505302539 314.9155164777343
571.0 2.697775300859024 325.6459812093016 322.9482059084426
572.0 3.086168624242621 311.076788650445 307.9906200262024
573.0 3.316055907575431 319.4855336701406 316.1694777625652
574.0 3.562057906000304 319.3759801759024 315.8139222699021
575.0 3.615147691637141 334.9772836923899 331.3621360007527
576.0 4.583025242823951 294.4578563528055 289.8748311099815
577.0 4.90506041386993 297.6413513816292 292.7362909677593
578.0 4.305407384553649 340.6859292424516 336.380521857898
579.0 5.009863742134449 324.043600474868 319.0337367327335
580.0 8.084297761178355 259.0395303093133 250.955232548135
581.0 6.066521087347309 295.2513052456471 289.1847841582998
582.0 7.279255061633379 276.78228970785 269.5030346462167
583.0 8.870281929952935 259.9400039902724 251.0697220603195
584.0 10.63707153463077 251.8490914136007 241.21201987897
585.0 14.38181959040375 224.3716099625537 209.9897903721499
586.0 13.7579845722658 227.2312288901038 213.473244317838
587.0 13.66869457905235 231.9099020075586 218.2412074285063
588.0 13.93237615914177 229.6587926346458 215.7264164755041
591.0 18.14358399732103 205.722137 187.578553002679
